STATEFP,COUNTYFP,TRACTCE,POPULATION,LATITUDE,LONGITUDE
37,001,020100,3908,+36.093222,-079.446300
37,001,020200,4152,+36.093270,-079.420799
37,001,020300,8063,+36.098388,-079.398934
37,001,020400,6059,+36.114582,-079.430586
37,001,020501,3575,+36.113958,-079.476588
37,001,020502,3782,+36.111115,-079.449398
37,001,020601,3234,+36.088531,-079.482010
37,001,020602,2414,+36.097635,-079.461676
37,001,020701,4519,+36.071156,-079.481592
37,001,020702,4742,+36.071833,-079.456837
37,001,020801,1450,+36.055944,-079.436868
37,001,020802,5857,+36.078822,-079.428460
37,001,020901,3583,+36.056031,-079.414575
37,001,020902,3380,+36.035903,-079.412021
37,001,021000,3720,+36.076700,-079.399495
37,001,021101,2668,+36.067643,-079.382563
37,001,021102,3318,+36.046816,-079.385445
37,001,021201,5252,+36.108811,-079.351954
37,001,021204,4280,+36.042203,-079.317818
37,001,021205,4636,+36.073409,-079.283417
37,001,021206,4320,+36.083912,-079.298504
37,001,021207,3086,+36.104243,-079.280110
37,001,021300,6057,+36.175589,-079.305300
37,001,021400,2650,+36.169268,-079.410392
37,001,021500,4681,+36.186482,-079.479579
37,001,021600,6934,+36.122169,-079.509860
37,001,021701,3237,+36.093606,-079.527965
37,001,021702,5282,+36.093900,-079.507516
37,001,021703,4866,+36.064029,-079.514522
37,001,021801,4441,+35.996193,-079.490297
37,001,021802,3553,+35.948994,-079.445459
37,001,021803,2879,+35.884612,-079.484161
37,001,021901,4535,+35.988884,-079.387069
37,001,021902,4423,+35.896669,-079.333918
37,001,022001,3319,+36.001554,-079.338527
37,001,022002,4276,+35.987451,-079.294362
37,003,040100,3476,+35.964272,-081.076613
37,003,040200,3994,+35.967550,-081.231339
37,003,040300,3202,+35.884137,-081.282103
37,003,040400,6552,+35.921492,-081.176120
37,003,040500,6982,+35.872954,-081.090423
37,003,040600,6347,+35.857577,-081.195174
37,003,040700,6645,+35.826865,-081.302514
37,005,950100,4079,+36.490889,-081.005660
37,005,950200,3870,+36.507908,-081.118334
37,005,950300,3206,+36.496243,-081.217850
37,007,920100,3411,+34.962534,-079.979602
37,007,920200,1738,+35.101290,-080.117869
37,007,920300,8178,+35.020483,-080.222405
37,007,920400,3032,+34.987564,-080.078512
37,007,920500,6138,+34.954206,-080.076018
37,007,920600,4451,+34.858613,-080.069723
37,009,970200,2884,+36.518471,-081.533898
37,009,970300,2470,+36.464480,-081.649876
37,009,970400,4525,+36.402283,-081.513401
37,009,970500,6528,+36.420861,-081.456525
37,009,970700,5926,+36.319140,-081.511997
37,009,970800,4948,+36.449122,-081.379691
37,011,930100,3100,+36.181188,-081.885400
37,011,930200,2723,+36.072797,-081.878738
37,011,930301,3515,+36.104714,-081.937473
37,011,930302,3130,+36.108615,-081.995980
37,011,930400,5329,+35.979418,-081.984816
37,013,930100,5351,+35.575113,-076.669657
37,013,930200,6185,+35.609737,-077.071512
37,013,930300,4071,+35.547744,-077.053209
37,013,930400,5189,+35.557609,-077.042948
37,013,930501,4845,+35.513761,-076.997695
37,013,930502,3469,+35.547645,-076.981429
37,013,930600,3224,+35.514858,-076.877604
37,013,930700,3023,+35.459349,-076.716213
37,013,930800,2447,+35.300616,-076.796934
37,013,930900,3904,+35.436180,-076.988721
37,013,931000,6051,+35.489533,-077.112711
37,015,960100,5677,+36.151934,-076.853195
37,015,960200,3953,+36.163769,-077.049699
37,015,960300,3667,+36.112201,-077.169168
37,015,960400,7985,+35.982663,-076.919212
37,017,950100,5693,+34.641901,-078.434744
37,017,950200,3366,+34.736767,-078.670740
37,017,950300,6719,+34.693337,-078.770988
37,017,950400,6252,+34.614915,-078.622836
37,017,950500,6707,+34.549645,-078.788797
37,017,950600,6453,+34.475175,-078.536726
37,019,020101,2706,+34.324118,-078.095260
37,019,020102,2839,+34.282537,-078.074836
37,019,020103,7052,+34.227261,-078.043771
37,019,020104,5305,+34.248773,-078.021109
37,019,020201,3300,+34.213416,-078.000943
37,019,020202,5719,+34.138546,-078.011903
37,019,020203,2517,+34.144970,-078.077462
37,019,020204,5391,+34.034761,-078.064766
37,019,020303,2712,+33.965282,-078.220861
37,019,020304,4846,+33.941649,-078.100071
37,019,020305,2774,+33.931633,-078.043422
37,019,020306,2352,+33.935471,-078.014776
37,019,020307,158,+33.862281,-077.989716
37,019,020308,1648,+33.922526,-078.176594
37,019,020309,2734,+33.920052,-078.136172
37,019,020310,2149,+33.910073,-078.081604
37,019,020402,2359,+33.922511,-078.288902
37,019,020403,4571,+33.938016,-078.335820
37,019,020404,3092,+33.960848,-078.305799
37,019,020405,2949,+33.962273,-078.256152
37,019,020504,1443,+33.945777,-078.577628
37,019,020505,4185,+33.993396,-078.512194
37,019,020506,4175,+33.946682,-078.399726
37,019,020507,6043,+33.912037,-078.580048
37,019,020508,2252,+33.928355,-078.499903
37,019,020509,4402,+33.894273,-078.523355
37,019,020510,2160,+33.893856,-078.476936
37,019,020511,2502,+33.912611,-078.403381
37,019,020512,655,+33.886977,-078.447926
37,019,020601,4785,+34.033982,-078.414686
37,019,020602,5147,+34.194931,-078.136979
37,019,020603,2509,+34.030949,-078.199055
37,019,990100,0,+33.884286,-078.384643
37,021,000100,1398,+35.595600,-082.552340
37,021,000200,1797,+35.597836,-082.565238
37,021,000300,2159,+35.605524,-082.569208
37,021,000400,3775,+35.613755,-082.560303
37,021,000500,3615,+35.620680,-082.545770
37,021,000600,2127,+35.604553,-082.549796
37,021,000700,1139,+35.591414,-082.544819
37,021,000800,3530,+35.578530,-082.540633
37,021,000900,3291,+35.582168,-082.558930
37,021,001000,3977,+35.575698,-082.576790
37,021,001100,4398,+35.574939,-082.591496
37,021,001200,4592,+35.574272,-082.607668
37,021,001300,3955,+35.581316,-082.622410
37,021,001400,7191,+35.602527,-082.598438
37,021,001500,2158,+35.632023,-082.585335
37,021,001600,6019,+35.643928,-082.566489
37,021,001700,2423,+35.643725,-082.525262
37,021,001801,3187,+35.596906,-082.519544
37,021,001802,4458,+35.602044,-082.498738
37,021,001900,3054,+35.580869,-082.498229
37,021,002000,6032,+35.562011,-082.522860
37,021,002101,1375,+35.533420,-082.538347
37,021,002102,5084,+35.540559,-082.519134
37,021,002203,4739,+35.457102,-082.526439
37,021,002204,7926,+35.495796,-082.534390
37,021,002205,6412,+35.468255,-082.501257
37,021,002206,4734,+35.496346,-082.507799
37,021,002301,5301,+35.463853,-082.579138
37,021,002302,7558,+35.530518,-082.630343
37,021,002401,3480,+35.500603,-082.742396
37,021,002402,4666,+35.511316,-082.693922
37,021,002503,3954,+35.544189,-082.717038
37,021,002504,4536,+35.566107,-082.720176
37,021,002505,4658,+35.564724,-082.666497
37,021,002506,3741,+35.579712,-082.641915
37,021,002603,3497,+35.643586,-082.767011
37,021,002604,5889,+35.687692,-082.684048
37,021,002605,5531,+35.620464,-082.673434
37,021,002606,3805,+35.639445,-082.654753
37,021,002607,4155,+35.629406,-082.619722
37,021,002701,3491,+35.671708,-082.593964
37,021,002702,4079,+35.702787,-082.571499
37,021,002703,5477,+35.695040,-082.519410
37,021,002803,4044,+35.737304,-082.609658
37,021,002804,4998,+35.750388,-082.554139
37,021,002900,3551,+35.776762,-082.460714
37,021,003001,8609,+35.610386,-082.462414
37,021,003002,7200,+35.607209,-082.406850
37,021,003102,5663,+35.628246,-082.307649
37,021,003103,1879,+35.598882,-082.334985
37,021,003104,5899,+35.619402,-082.347137
37,021,003201,1733,+35.547061,-082.483544
37,021,003202,4407,+35.491144,-082.463137
37,021,003203,5016,+35.537190,-082.438240
37,021,003204,5431,+35.517878,-082.380608
37,021,003205,1525,+35.528846,-082.272286
37,023,020100,4320,+35.824008,-081.662890
37,023,020201,5953,+35.807036,-081.818880
37,023,020202,4287,+35.772518,-081.732784
37,023,020301,4898,+35.708792,-081.804890
37,023,020302,7603,+35.679970,-081.773060
37,023,020500,2900,+35.749348,-081.696887
37,023,020600,5890,+35.752656,-081.674808
37,023,020801,5557,+35.759904,-081.609297
37,023,020802,3268,+35.738029,-081.628571
37,023,020900,6929,+35.745701,-081.553253
37,023,021000,5735,+35.742573,-081.469188
37,023,021100,6431,+35.738615,-081.417997
37,023,021201,3834,+35.707005,-081.601539
37,023,021202,4367,+35.703109,-081.467587
37,023,021203,4409,+35.643650,-081.513996
37,023,021301,5977,+35.689619,-081.685520
37,023,021302,3530,+35.639822,-081.693984
37,023,021400,5024,+35.731617,-081.701551
37,025,040500,11911,+35.361430,-080.548335
37,025,040600,6110,+35.463136,-080.522438
37,025,040701,1654,+35.501249,-080.592413
37,025,040702,6495,+35.485554,-080.596106
37,025,040703,2749,+35.462375,-080.603078
37,025,040800,3944,+35.489820,-080.619202
37,025,040900,1845,+35.466186,-080.615577
37,025,041000,6010,+35.489846,-080.637660
37,025,041100,6841,+35.460841,-080.634146
37,025,041200,5779,+35.475599,-080.674796
37,025,041301,3738,+35.471741,-080.752724
37,025,041302,7567,+35.429933,-080.737714
37,025,041303,6994,+35.394571,-080.743891
37,025,041501,9568,+35.307721,-080.638326
37,025,041502,6062,+35.278568,-080.628774
37,025,041503,2986,+35.335171,-080.587130
37,025,041601,6950,+35.259798,-080.525198
37,025,041602,3172,+35.345212,-080.469067
37,025,041701,4289,+35.396377,-080.422798
37,025,041702,3270,+35.447361,-080.420530
37,025,041901,2052,+35.409742,-080.605175
37,025,041902,4057,+35.413755,-080.593332
37,025,042000,4663,+35.379002,-080.608902
37,025,042101,3264,+35.397737,-080.581650
37,025,042102,3477,+35.373714,-080.589083
37,025,042200,6263,+35.393823,-080.563546
37,025,042300,4839,+35.420393,-080.581504
37,025,042401,3349,+35.439489,-080.592456
37,025,042402,4945,+35.434378,-080.621576
37,025,042501,4365,+35.422773,-080.649324
37,025,042502,2379,+35.404891,-080.622100
37,025,042503,3714,+35.405685,-080.648696
37,025,042504,1575,+35.392434,-080.650748
37,025,042601,5282,+35.389311,-080.676536
37,025,042602,3796,+35.371866,-080.684729
37,025,042603,7031,+35.355654,-080.643763
37,025,042604,5026,+35.330656,-080.651745
37,027,030100,5479,+35.915532,-081.541259
37,027,030200,5634,+35.915444,-081.576019
37,027,030300,4204,+35.877465,-081.555073
37,027,030400,4636,+35.869344,-081.519872
37,027,030500,4666,+35.925215,-081.511960
37,027,030600,4303,+35.856335,-081.479571
37,027,030700,7056,+35.831233,-081.506760
37,027,030800,8169,+35.830164,-081.570009
37,027,030900,4971,+35.898465,-081.641659
37,027,031000,3042,+36.032429,-081.579521
37,027,031100,4318,+35.983463,-081.482629
37,027,031201,4672,+35.916663,-081.402260
37,027,031202,4587,+35.860763,-081.443592
37,027,031300,8094,+35.808466,-081.377206
37,027,031401,3193,+35.801823,-081.485216
37,027,031402,3580,+35.789141,-081.429340
37,027,031403,2425,+35.816561,-081.452636
37,029,950101,5324,+36.426012,-076.271833
37,029,950102,4656,+36.290241,-076.100358
37,031,970101,1216,+34.882101,-076.365451
37,031,970102,2608,+34.856629,-076.516723
37,031,970103,3046,+34.747085,-076.544550
37,031,970200,1207,+34.697302,-076.558209
37,031,970301,4623,+34.772444,-076.652031
37,031,970302,1092,+34.728989,-076.656575
37,031,970303,688,+34.718111,-076.664171
37,031,970304,2241,+34.719533,-076.641309
37,031,970401,1520,+34.728833,-076.752915
37,031,970402,1582,+34.725184,-076.726576
37,031,970403,1191,+34.722588,-076.739036
37,031,970501,2436,+34.748184,-076.807906
37,031,970502,1935,+34.744590,-076.745751
37,031,970503,2218,+34.734551,-076.747497
37,031,970504,1771,+34.741543,-076.723188
37,031,970601,1306,+34.723512,-076.925601
37,031,970602,1025,+34.730411,-076.866775
37,031,970603,1640,+34.740285,-076.863401
37,031,970604,2095,+34.734303,-076.828005
37,031,970605,1247,+34.729840,-076.792608
37,031,970701,1409,+34.738013,-076.912327
37,031,970702,3529,+34.793198,-076.902431
37,031,970703,5452,+34.793809,-076.863888
37,031,970704,2379,+34.806559,-076.764879
37,031,970801,2363,+34.749970,-077.106280
37,031,970802,1626,+34.688130,-077.081124
37,031,970803,1471,+34.693867,-077.057459
37,031,970804,3052,+34.708885,-077.004242
37,031,970805,1634,+34.752446,-077.013516
37,031,970901,1156,+34.655722,-077.074449
37,031,970902,1282,+34.665192,-077.043104
37,031,970903,1217,+34.671726,-076.990412
37,031,971001,356,+34.688382,-076.884977
37,031,971002,1339,+34.698594,-076.812852
37,031,971101,962,+34.701542,-076.751960
37,031,971102,555,+34.698953,-076.717770
37,031,980100,0,+34.800752,-076.375177
37,031,990100,0,+34.665197,-076.839538
37,031,990200,0,+35.098239,-076.257212
37,033,930100,2436,+36.507614,-079.204732
37,033,930200,5838,+36.422872,-079.342611
37,033,930300,4165,+36.509447,-079.438232
37,033,930400,2643,+36.411126,-079.464248
37,033,930500,3847,+36.292253,-079.467072
37,033,930600,4790,+36.315532,-079.258160
37,035,010101,6112,+35.763072,-081.145010
37,035,010102,4057,+35.714856,-081.188172
37,035,010201,4815,+35.781799,-081.201981
37,035,010202,8365,+35.736695,-081.228647
37,035,010301,4821,+35.785350,-081.260185
37,035,010302,5467,+35.778952,-081.302557
37,035,010303,4027,+35.754071,-081.269481
37,035,010304,4344,+35.737075,-081.278330
37,035,010401,6593,+35.756247,-081.309963
37,035,010402,4948,+35.746556,-081.325089
37,035,010501,3753,+35.750278,-081.342943
37,035,010502,3226,+35.783115,-081.330885
37,035,010600,6421,+35.743499,-081.365204
37,035,010700,2426,+35.725748,-081.374795
37,035,010900,3762,+35.723557,-081.336748
37,035,011000,2644,+35.722102,-081.295476
37,035,011101,3497,+35.702298,-081.381899
37,035,011102,6873,+35.687244,-081.327270
37,035,011200,5983,+35.666649,-081.228424
37,035,011300,7187,+35.673435,-081.199094
37,035,011401,3525,+35.694811,-081.138952
37,035,011402,4030,+35.651752,-081.135503
37,035,011501,4821,+35.640406,-081.061693
37,035,011503,3715,+35.649790,-080.987033
37,035,011504,5616,+35.573649,-081.002872
37,035,011601,4487,+35.615863,-081.178069
37,035,011602,5546,+35.572323,-081.152218
37,035,011701,4280,+35.662804,-081.267441
37,035,011702,6847,+35.599919,-081.250802
37,035,011801,6218,+35.659482,-081.376584
37,035,011802,5952,+35.603262,-081.399040
37,037,020103,4335,+35.844730,-079.049865
37,037,020104,4667,+35.791254,-079.069053
37,037,020105,2920,+35.843192,-079.104378
37,037,020106,3861,+35.826160,-079.156072
37,037,020200,7666,+35.780396,-079.352124
37,037,020300,2929,+35.693785,-079.479039
37,037,020401,5775,+35.722282,-079.458996
37,037,020402,4693,+35.737642,-079.466799
37,037,020500,3751,+35.588031,-079.462130
37,037,020600,5351,+35.610475,-079.288653
37,037,020701,4910,+35.840193,-078.970543
37,037,020702,3887,+35.682573,-079.016776
37,037,020800,8760,+35.724949,-079.163189
37,039,930100,4571,+35.198561,-083.807441
37,039,930200,2410,+35.179516,-083.897315
37,039,930300,2439,+35.166547,-084.087410
37,039,930400,6120,+35.105956,-083.976597
37,039,930500,4693,+35.043546,-084.035472
37,039,930601,3280,+35.057809,-084.144892
37,039,930602,3931,+35.033953,-084.220247
37,041,930101,5424,+36.064465,-076.614463
37,041,930102,2335,+36.038889,-076.552275
37,041,930200,7034,+36.182922,-076.659963
37,043,950100,5062,+35.045590,-083.739597
37,043,950200,5525,+35.025772,-083.869722
37,045,950101,5300,+35.506916,-081.576627
37,045,950102,2786,+35.417823,-081.640756
37,045,950200,4878,+35.411293,-081.530371
37,045,950301,4515,+35.339871,-081.438931
37,045,950302,5820,+35.292752,-081.401321
37,045,950400,6877,+35.237387,-081.362724
37,045,950500,3606,+35.241684,-081.337523
37,045,950601,3918,+35.238323,-081.416820
37,045,950602,6014,+35.188966,-081.426385
37,045,950700,6976,+35.282394,-081.494862
37,045,950800,4380,+35.333320,-081.509460
37,045,950900,2952,+35.307119,-081.532042
37,045,951000,3573,+35.290190,-081.527593
37,045,951100,2842,+35.289644,-081.551214
37,045,951200,5253,+35.270857,-081.558927
37,045,951300,2914,+35.311130,-081.591456
37,045,951400,6726,+35.319054,-081.653979
37,045,951501,5775,+35.251631,-081.678161
37,045,951502,1298,+35.194907,-081.697326
37,045,951503,2463,+35.242887,-081.623944
37,045,951601,4391,+35.207950,-081.561169
37,045,951602,4821,+35.234060,-081.512206
37,047,930100,4198,+34.330126,-078.252468
37,047,930200,2175,+34.313221,-078.368217
37,047,930300,2620,+34.326781,-078.517522
37,047,930400,4062,+34.363256,-078.623895
37,047,930500,4536,+34.414213,-078.849180
37,047,930600,3878,+34.291924,-078.968508
37,047,930700,4815,+34.320224,-078.826267
37,047,930800,4170,+34.363973,-078.722138
37,047,930900,4749,+34.328192,-078.716510
37,047,931000,5687,+34.275756,-078.730297
37,047,931100,3752,+34.200173,-078.779345
37,047,931200,7803,+34.151454,-078.853881
37,047,931300,5653,+34.123107,-078.656478
37,049,960101,3924,+35.080399,-076.964647
37,049,960102,4790,+35.168422,-077.031645
37,049,960200,8637,+35.303537,-077.165923
37,049,960300,6858,+35.219150,-077.275527
37,049,960401,4317,+35.103601,-077.126657
37,049,960402,3842,+35.093183,-077.086842
37,049,960403,4158,+35.083242,-077.092491
37,049,960404,3165,+35.073385,-077.149556
37,049,960500,7977,+35.136884,-077.099206
37,049,960600,4980,+35.114922,-077.076241
37,049,960700,1850,+35.105264,-077.067107
37,049,960800,3321,+35.115509,-077.051461
37,049,960900,2255,+35.108244,-077.043602
37,049,961001,9336,+35.048739,-077.044574
37,049,961002,4170,+35.049537,-077.005856
37,049,961100,8979,+34.932732,-076.940286
37,049,961201,4095,+34.905891,-076.921931
37,049,961202,3748,+34.909869,-076.894075
37,049,961301,3640,+34.873994,-076.912005
37,049,961302,5673,+34.872302,-076.887178
37,049,961303,3790,+34.905360,-076.773258
37,051,000200,1633,+35.045522,-078.871099
37,051,000500,2194,+35.026176,-078.899520
37,051,000600,5526,+35.034076,-078.919654
37,051,000701,5685,+35.055728,-078.934796
37,051,000702,2330,+35.051919,-078.910007
37,051,000800,2654,+35.059979,-078.897779
37,051,000900,4733,+35.071662,-078.915954
37,051,001000,2605,+35.082569,-078.907202
37,051,001100,4251,+35.086784,-078.897477
37,051,001200,5617,+35.089629,-078.879370
37,051,001400,6146,+35.030923,-078.826527
37,051,001500,2863,+34.984619,-078.889762
37,051,001601,7128,+34.971115,-078.945950
37,051,001603,4344,+34.996557,-078.929231
37,051,001604,7356,+34.989872,-078.913723
37,051,001700,8716,+35.009908,-078.942852
37,051,001800,2237,+35.033580,-078.941455
37,051,001901,2204,+34.997911,-078.967113
37,051,001902,4774,+35.023125,-078.957021
37,051,001903,4326,+35.024664,-078.968089
37,051,002001,2734,+35.065766,-078.968412
37,051,002002,5022,+35.051209,-078.962532
37,051,002100,4258,+35.075118,-078.941886
37,051,002200,1786,+35.095146,-078.962526
37,051,002300,4846,+35.093520,-078.939722
37,051,002401,2005,+35.108017,-078.931590
37,051,002402,3379,+35.109982,-078.912506
37,051,002501,7267,+35.118847,-078.901465
37,051,002502,7080,+35.130834,-078.868134
37,051,002503,5262,+35.137125,-078.884941
37,051,002504,6127,+35.153382,-078.898448
37,051,002600,4218,+35.135686,-078.766779
37,051,002700,8114,+35.087771,-078.737879
37,051,002800,6253,+35.022832,-078.703804
37,051,002900,4559,+34.918661,-078.702164
37,051,003001,10808,+34.912612,-078.891136
37,051,003002,2751,+34.918278,-078.830277
37,051,003102,4019,+34.965822,-079.020147
37,051,003103,5325,+34.966458,-078.979946
37,051,003104,6524,+34.949504,-078.956326
37,051,003201,11431,+34.998323,-079.017942
37,051,003203,5884,+35.026525,-078.979035
37,051,003204,8569,+35.020402,-078.993230
37,051,003205,5316,+35.025566,-079.013737
37,051,003302,4985,+35.051654,-078.991083
37,051,003304,7404,+35.088296,-078.979961
37,051,003305,6350,+35.094525,-079.005406
37,051,003307,4467,+35.047839,-079.015789
37,051,003309,6134,+35.074446,-078.996472
37,051,003310,5500,+35.067078,-079.008079
37,051,003311,2752,+35.060089,-079.002452
37,051,003312,6980,+35.066585,-079.056668
37,051,003313,5335,+35.042692,-079.076725
37,051,003314,7126,+35.046486,-079.050523
37,051,003401,3936,+35.164734,-078.989021
37,051,003402,1947,+35.152048,-079.013433
37,051,003403,3618,+35.141608,-079.013747
37,051,003404,1093,+35.128443,-079.015600
37,051,003405,1975,+35.131842,-079.010757
37,051,003406,1523,+35.149258,-078.993164
37,051,003407,2316,+35.117134,-078.991006
37,051,003408,4725,+35.141984,-078.970691
37,051,003500,4621,+35.173362,-078.980971
37,051,003600,4981,+35.194744,-078.975790
37,051,003700,7322,+35.215019,-078.833337
37,051,003800,2977,+35.055233,-078.884231
37,051,980100,0,+35.116571,-079.060167
37,051,980200,505,+35.181181,-078.938921
37,053,110101,542,+36.332927,-075.816212
37,053,110102,1545,+36.517166,-075.942951
37,053,110200,6922,+36.511443,-076.164246
37,053,110301,4243,+36.466819,-076.034553
37,053,110302,2922,+36.394369,-076.033436
37,053,110401,3425,+36.279038,-075.891124
37,053,110402,3948,+36.157222,-075.847136
37,053,990100,0,+36.393292,-075.792326
37,055,970101,3675,+36.122826,-075.736736
37,055,970102,3220,+36.075403,-075.715347
37,055,970200,4636,+36.034874,-075.680067
37,055,970300,6278,+36.008025,-075.692569
37,055,970400,2789,+35.954832,-075.630503
37,055,970501,1246,+35.860341,-075.792026
37,055,970502,4322,+35.314874,-075.556237
37,055,970601,5995,+35.915722,-075.684995
37,055,970602,1759,+35.843477,-075.641800
37,055,990100,0,+35.554722,-075.446758
37,055,990200,0,+35.505993,-075.650096
37,057,060101,5633,+35.994622,-080.054666
37,057,060102,7213,+35.995975,-080.128715
37,057,060201,4909,+35.967338,-080.185077
37,057,060202,2424,+36.008943,-080.199958
37,057,060203,5528,+35.957876,-080.232640
37,057,060301,4534,+35.970734,-080.271787
37,057,060302,3620,+35.985178,-080.302184
37,057,060303,4372,+35.938691,-080.343261
37,057,060304,3445,+35.922229,-080.300525
37,057,060400,5533,+35.893085,-080.241513
37,057,060500,5499,+35.878246,-080.141095
37,057,060601,4342,+35.923546,-080.083510
37,057,060602,2563,+35.936657,-080.058193
37,057,060700,4915,+35.895141,-080.072299
37,057,060800,4538,+35.886577,-080.101694
37,057,060900,5471,+35.869179,-080.092067
37,057,061000,5158,+35.884765,-080.062301
37,057,061100,6744,+35.840578,-080.082828
37,057,061201,5844,+35.844821,-080.254079
37,057,061202,2857,+35.863543,-080.294812
37,057,061300,2176,+35.828459,-080.258998
37,057,061400,3398,+35.820135,-080.239643
37,057,061500,6214,+35.802624,-080.259138
37,057,061600,2926,+35.815696,-080.276173
37,057,061701,4857,+35.804836,-080.325050
37,057,061702,6730,+35.820331,-080.385277
37,057,061703,4349,+35.779327,-080.377974
37,057,061802,6740,+35.744983,-080.214372
37,057,061803,3503,+35.765609,-080.282758
37,057,061804,6536,+35.691116,-080.280905
37,057,061901,6301,+35.801786,-080.124925
37,057,061902,5308,+35.753409,-080.129469
37,057,062001,4677,+35.635133,-080.164422
37,057,062002,4021,+35.624157,-080.109805
37,059,080100,7745,+35.944726,-080.635305
37,059,080200,5207,+36.012871,-080.490556
37,059,080300,8657,+35.977941,-080.447771
37,059,080400,5151,+35.907137,-080.439526
37,059,080500,4428,+35.900764,-080.536268
37,059,080600,3659,+35.909800,-080.571327
37,059,080700,6393,+35.828773,-080.536416
37,061,090100,10062,+35.118637,-077.898112
37,061,090200,4341,+35.111388,-078.106498
37,061,090300,5783,+35.001344,-078.084405
37,061,090400,5962,+34.961842,-077.961321
37,061,090501,5518,+34.968037,-077.767064
37,061,090502,4608,+34.895116,-077.769781
37,061,090600,3541,+34.794886,-077.768966
37,061,090701,3933,+34.795880,-077.924198
37,061,090702,6346,+34.745235,-077.996757
37,061,090801,3220,+34.882523,-078.077651
37,061,090802,5191,+34.804959,-078.043298
37,063,000101,3152,+36.026925,-078.887119
37,063,000102,4535,+36.028517,-078.904918
37,063,000200,2946,+36.008003,-078.891972
37,063,000301,2504,+36.016280,-078.914328
37,063,000302,3426,+36.010300,-078.905038
37,063,000401,2523,+36.021113,-078.927543
37,063,000402,1963,+36.011950,-078.925732
37,063,000500,4093,+35.996395,-078.921546
37,063,000600,5177,+35.983187,-078.930960
37,063,000700,2830,+35.981100,-078.915223
37,063,000900,1668,+36.000115,-078.886247
37,063,001001,3466,+35.986415,-078.876627
37,063,001002,5974,+35.997158,-078.871023
37,063,001100,3225,+35.990722,-078.890295
37,063,001301,1128,+35.980051,-078.899477
37,063,001303,3676,+35.973398,-078.900498
37,063,001304,2557,+35.966356,-078.911051
37,063,001400,2609,+35.975166,-078.888307
37,063,001501,3070,+36.002767,-078.938979
37,063,001502,5986,+36.010065,-078.947060
37,063,001503,1941,+36.006958,-078.915681
37,063,001601,5806,+36.091220,-078.892042
37,063,001603,6271,+36.106800,-078.929352
37,063,001604,6645,+36.084910,-078.954531
37,063,001705,4519,+36.037932,-078.925090
37,063,001706,4179,+36.019185,-078.965323
37,063,001707,6485,+36.045924,-078.961562
37,063,001708,3989,+36.065172,-078.889976
37,063,001709,6109,+36.042258,-078.886804
37,063,001710,4705,+36.054921,-078.914357
37,063,001711,4503,+36.054241,-078.928459
37,063,001801,7123,+36.033486,-078.843652
37,063,001802,6736,+35.987523,-078.848941
37,063,001806,5672,+36.013994,-078.808551
37,063,001807,9416,+35.984737,-078.823271
37,063,001808,5046,+35.967091,-078.811525
37,063,001809,5148,+35.939046,-078.837112
37,063,001900,2847,+35.950541,-078.752194
37,063,002007,4854,+35.950437,-078.938875
37,063,002008,2907,+35.941428,-078.957434
37,063,002009,4685,+35.960195,-078.899843
37,063,002013,4481,+35.889759,-078.910470
37,063,002015,5127,+35.967719,-078.946216
37,063,002016,5384,+35.958596,-078.968409
37,063,002017,6654,+35.976668,-078.978014
37,063,002018,7483,+35.934036,-078.988091
37,063,002019,4408,+35.900199,-078.989776
37,063,002020,5894,+35.887237,-078.933989
37,063,002021,4432,+35.904979,-078.941459
37,063,002022,4307,+35.918552,-078.923618
37,063,002023,2808,+35.917919,-078.940867
37,063,002024,5848,+35.931531,-078.934507
37,063,002025,5938,+35.930097,-078.906603
37,063,002026,5813,+35.943256,-078.900885
37,063,002027,7272,+35.915025,-078.899909
37,063,002028,6001,+35.905419,-078.832091
37,063,002100,6362,+36.172630,-078.884712
37,063,002200,1946,+35.999772,-078.901877
37,063,002300,1331,+35.987957,-078.902953
37,063,980100,4,+35.892404,-078.885630
37,065,020200,6059,+35.922932,-077.787089
37,065,020300,5370,+35.936934,-077.769330
37,065,020400,4958,+35.951938,-077.769451
37,065,020600,3525,+36.001110,-077.727615
37,065,020700,2201,+36.066989,-077.644613
37,065,020800,3716,+35.885579,-077.469924
37,065,020900,2939,+35.881952,-077.517009
37,065,021000,3409,+35.902729,-077.533652
37,065,021100,3957,+35.925243,-077.556276
37,065,021200,5207,+35.899702,-077.562552
37,065,021300,4860,+35.875474,-077.636754
37,065,021400,4141,+35.857865,-077.748356
37,065,021500,3313,+35.790294,-077.652301
37,065,021600,2897,+35.744214,-077.637651
37,067,000100,2052,+36.097483,-080.246006
37,067,000200,1103,+36.104388,-080.249417
37,067,000301,1799,+36.111669,-080.251733
37,067,000302,1859,+36.119256,-080.256604
37,067,000400,3251,+36.121135,-080.243073
37,067,000500,2391,+36.117021,-080.227918
37,067,000600,2056,+36.108004,-080.228509
37,067,000700,1764,+36.098532,-080.229595
37,067,000801,3062,+36.086248,-080.225364
37,067,000802,2100,+36.076516,-080.232043
37,067,000900,3508,+36.084265,-080.250419
37,067,001000,4652,+36.080393,-080.264394
37,067,001100,2254,+36.094688,-080.263708
37,067,001200,1959,+36.108355,-080.270240
37,067,001300,4535,+36.132165,-080.277728
37,067,001400,3710,+36.143063,-080.256071
37,067,001500,4095,+36.152336,-080.237177
37,067,001601,3652,+36.140250,-080.210352
37,067,001602,3077,+36.118649,-080.220745
37,067,001700,5231,+36.112319,-080.202064
37,067,001800,4207,+36.074270,-080.209578
37,067,001901,1549,+36.065626,-080.225493
37,067,001902,1917,+36.070612,-080.243962
37,067,002001,2367,+36.057055,-080.238140
37,067,002002,3072,+36.055262,-080.251087
37,067,002100,2151,+36.074626,-080.282827
37,067,002200,3742,+36.085157,-080.281152
37,067,002501,2590,+36.106048,-080.282822
37,067,002502,2770,+36.098393,-080.299043
37,067,002601,2481,+36.120664,-080.296197
37,067,002603,6553,+36.132854,-080.313125
37,067,002604,6441,+36.150339,-080.335961
37,067,002701,5864,+36.164749,-080.310608
37,067,002702,5675,+36.161700,-080.282078
37,067,002703,6039,+36.146404,-080.284747
37,067,002801,4236,+36.219566,-080.381159
37,067,002804,4150,+36.180473,-080.313407
37,067,002806,3274,+36.190486,-080.277161
37,067,002807,5031,+36.226177,-080.270035
37,067,002808,3531,+36.238222,-080.313973
37,067,002809,2238,+36.207857,-080.330580
37,067,002901,4784,+36.189989,-080.235944
37,067,002903,3828,+36.169180,-080.201683
37,067,002904,2151,+36.207675,-080.183010
37,067,003002,3932,+36.149283,-080.178952
37,067,003003,3272,+36.136568,-080.152073
37,067,003004,3618,+36.120388,-080.123692
37,067,003103,5468,+36.173669,-080.088602
37,067,003105,3649,+36.190573,-080.136224
37,067,003106,3099,+36.229877,-080.098413
37,067,003107,4391,+36.145563,-080.083062
37,067,003108,3495,+36.142311,-080.058067
37,067,003201,4774,+36.124388,-080.093867
37,067,003202,3904,+36.121025,-080.062311
37,067,003307,3405,+36.102879,-080.098028
37,067,003308,7880,+36.090184,-080.126053
37,067,003309,4956,+36.089245,-080.176337
37,067,003310,4061,+36.078651,-080.152661
37,067,003311,1926,+36.062402,-080.134599
37,067,003312,2692,+36.065170,-080.088459
37,067,003313,1458,+36.025611,-080.068010
37,067,003314,3171,+36.066988,-080.057601
37,067,003315,3424,+36.100385,-080.073493
37,067,003402,2182,+36.041078,-080.145422
37,067,003403,3412,+36.056887,-080.185269
37,067,003404,3917,+36.067889,-080.189799
37,067,003500,6562,+36.040747,-080.214748
37,067,003600,5968,+36.025767,-080.244927
37,067,003701,4830,+36.055478,-080.269006
37,067,003702,4514,+36.040048,-080.279924
37,067,003703,6032,+36.013294,-080.278941
37,067,003803,4567,+36.049448,-080.292723
37,067,003804,4100,+36.050677,-080.307318
37,067,003805,5573,+36.063139,-080.325062
37,067,003806,3012,+36.043063,-080.346516
37,067,003903,4477,+36.079266,-080.323170
37,067,003904,5907,+36.072980,-080.354165
37,067,003905,3607,+36.087303,-080.330852
37,067,003906,3436,+36.099964,-080.324694
37,067,003908,3085,+36.112511,-080.331952
37,067,003909,4356,+36.095220,-080.348405
37,067,004005,4695,+36.012004,-080.394186
37,067,004007,7104,+36.061120,-080.430204
37,067,004009,3802,+36.113016,-080.426853
37,067,004010,3392,+36.107402,-080.373666
37,067,004011,5645,+36.089789,-080.396672
37,067,004012,5611,+36.059044,-080.384315
37,067,004013,3083,+36.040062,-080.386654
37,067,004014,3016,+36.025207,-080.371888
37,067,004015,3296,+36.000016,-080.365986
37,067,004102,3256,+36.160999,-080.409666
37,067,004103,3478,+36.133300,-080.374687
37,067,004104,3429,+36.165149,-080.365833
37,069,060100,4663,+36.205829,-078.282444
37,069,060200,3711,+36.146149,-078.140182
37,069,060301,5975,+36.114264,-078.281460
37,069,060302,2563,+36.082192,-078.312036
37,069,060401,2441,+36.122399,-078.492437
37,069,060402,4944,+36.110664,-078.430632
37,069,060501,5955,+36.041677,-078.515861
37,069,060502,7918,+36.031684,-078.443511
37,069,060600,8582,+35.987653,-078.358082
37,069,060700,4709,+35.997532,-078.190024
37,069,060801,4204,+35.950433,-078.256331
37,069,060802,4954,+35.895967,-078.279275
37,071,030101,3383,+35.375780,-080.998391
37,071,030102,3315,+35.314871,-081.012444
37,071,030203,2345,+35.382342,-081.083530
37,071,030204,3000,+35.349360,-081.043605
37,071,030205,3852,+35.376094,-081.119519
37,071,030301,2587,+35.384294,-081.188523
37,071,030302,2665,+35.334571,-081.155997
37,071,030401,4126,+35.371361,-081.234425
37,071,030402,4368,+35.324629,-081.229934
37,071,030501,2569,+35.387417,-081.294314
37,071,030502,3784,+35.335074,-081.328956
37,071,030601,2710,+35.395720,-081.367925
37,071,030602,2507,+35.388196,-081.400397
37,071,030700,2955,+35.371854,-081.375888
37,071,030801,1476,+35.286411,-081.319759
37,071,030802,4215,+35.295142,-081.269527
37,071,030901,2273,+35.314039,-081.180909
37,071,030902,2927,+35.308906,-081.164787
37,071,031001,2865,+35.284727,-081.073362
37,071,031003,3803,+35.309366,-081.057150
37,071,031004,2561,+35.288756,-081.051732
37,071,031101,2767,+35.314181,-081.029602
37,071,031102,2201,+35.289809,-081.020336
37,071,031201,3080,+35.274499,-081.024561
37,071,031202,2404,+35.267853,-081.040026
37,071,031301,3383,+35.287600,-081.126205
37,071,031302,4535,+35.272540,-081.105513
37,071,031401,2986,+35.285841,-081.161826
37,071,031402,2356,+35.293499,-081.147696
37,071,031500,3381,+35.272489,-081.206794
37,071,031600,3489,+35.271510,-081.290974
37,071,031701,3670,+35.189859,-081.273396
37,071,031703,2709,+35.245004,-081.254742
37,071,031704,3690,+35.207149,-081.246820
37,071,031800,3532,+35.265135,-081.231480
37,071,031900,2973,+35.272239,-081.192392
37,071,032000,2655,+35.272376,-081.176843
37,071,032100,2923,+35.268757,-081.154016
37,071,032200,3906,+35.247803,-081.084264
37,071,032301,2308,+35.250354,-081.054354
37,071,032302,2626,+35.246152,-081.023684
37,071,032401,4577,+35.232577,-081.045232
37,071,032402,4288,+35.200770,-081.027757
37,071,032502,3153,+35.198962,-081.074885
37,071,032505,3299,+35.238975,-081.143465
37,071,032506,3375,+35.232416,-081.124447
37,071,032507,3405,+35.233262,-081.107451
37,071,032508,2745,+35.226633,-081.085998
37,071,032600,3825,+35.251656,-081.126989
37,071,032702,1798,+35.228190,-081.163719
37,071,032703,1940,+35.256927,-081.165915
37,071,032704,4488,+35.245556,-081.160894
37,071,032800,6203,+35.239544,-081.180449
37,071,032900,3472,+35.253533,-081.197299
37,071,033100,2538,+35.252208,-081.219928
37,071,033202,2062,+35.216612,-081.185629
37,071,033203,2438,+35.241243,-081.206531
37,071,033204,3791,+35.232321,-081.213525
37,071,033303,3196,+35.220034,-081.137922
37,071,033304,4597,+35.202964,-081.141085
37,071,033305,3942,+35.189515,-081.175275
37,071,033306,1572,+35.165672,-081.139727
37,071,033307,1922,+35.179610,-081.095544
37,071,033400,2869,+35.204024,-081.208052
37,071,033500,4731,+35.343592,-081.105286
37,073,970100,4684,+36.440801,-076.608655
37,073,970200,4174,+36.488824,-076.719967
37,073,970300,3339,+36.472417,-076.825730
37,075,920100,2197,+35.391878,-083.740480
37,075,920200,2869,+35.326216,-083.773537
37,075,920300,3795,+35.299300,-083.826321
37,077,970101,5273,+36.467504,-078.612447
37,077,970102,3606,+36.372095,-078.712545
37,077,970200,4270,+36.343839,-078.583761
37,077,970300,3646,+36.298721,-078.614998
37,077,970400,4040,+36.306161,-078.580108
37,077,970500,3839,+36.262302,-078.564766
37,077,970601,5380,+36.150609,-078.589655
37,077,970602,7583,+36.080432,-078.597684
37,077,970603,6260,+36.116999,-078.710127
37,077,970701,4749,+36.228919,-078.718362
37,077,970702,2516,+36.142990,-078.747530
37,077,970703,4067,+36.119731,-078.776365
37,077,970704,4687,+36.153173,-078.794563
37,079,950101,4018,+35.566448,-077.687024
37,079,950102,5260,+35.474184,-077.581229
37,079,950200,4704,+35.455383,-077.776680
37,079,950300,7380,+35.420280,-077.654667
37,081,010100,1561,+36.093444,-079.760683
37,081,010200,4070,+36.106944,-079.775861
37,081,010300,2426,+36.094657,-079.771989
37,081,010401,1453,+36.089788,-079.803210
37,081,010403,1594,+36.104905,-079.814889
37,081,010404,2502,+36.099938,-079.798654
37,081,010500,2173,+36.079816,-079.817336
37,081,010601,2780,+36.067204,-079.838389
37,081,010602,4592,+36.067176,-079.822533
37,081,010701,1919,+36.076153,-079.804598
37,081,010702,4307,+36.069684,-079.807442
37,081,010800,2409,+36.075838,-079.791893
37,081,010900,2001,+36.081931,-079.782001
37,081,011000,4768,+36.075631,-079.772000
37,081,011101,4260,+36.068188,-079.756637
37,081,011102,2602,+36.054477,-079.759845
37,081,011200,5391,+36.064538,-079.775840
37,081,011300,2862,+36.053415,-079.781146
37,081,011400,5291,+36.053530,-079.798960
37,081,011500,2964,+36.056953,-079.809077
37,081,011601,2453,+36.052565,-079.822457
37,081,011602,2981,+36.052052,-079.844813
37,081,011904,4265,+36.134333,-079.775601
37,081,011905,5077,+36.131097,-079.753902
37,081,012503,4176,+36.114114,-079.816236
37,081,012504,3246,+36.074871,-079.863234
37,081,012505,4353,+36.083601,-079.853021
37,081,012508,3289,+36.104663,-079.832423
37,081,012509,2223,+36.100302,-079.840090
37,081,012510,3090,+36.116610,-079.857559
37,081,012511,4961,+36.099054,-079.856635
37,081,012601,5912,+36.062668,-079.868289
37,081,012604,4908,+36.041713,-079.813782
37,081,012607,2301,+36.043183,-079.883934
37,081,012608,2392,+36.043863,-079.855445
37,081,012609,7342,+36.027363,-079.853819
37,081,012610,3159,+36.032383,-079.832240
37,081,012611,3577,+36.025074,-079.824105
37,081,012612,5947,+36.017242,-079.814429
37,081,012617,3478,+36.041328,-079.869107
37,081,012703,5373,+36.122980,-079.794469
37,081,012704,3214,+36.118354,-079.766077
37,081,012705,4056,+36.100485,-079.745547
37,081,012706,3159,+36.091994,-079.745599
37,081,012707,2589,+36.080988,-079.747282
37,081,012803,7640,+36.057749,-079.726531
37,081,012804,4184,+36.018650,-079.792549
37,081,012805,2545,+36.032626,-079.763560
37,081,013601,3092,+35.973442,-079.993829
37,081,013602,4138,+35.976634,-080.009305
37,081,013700,4141,+35.968760,-080.023650
37,081,013800,4685,+35.968678,-079.991068
37,081,013900,4509,+35.958703,-079.988062
37,081,014000,3079,+35.949297,-080.023826
37,081,014200,3503,+35.946877,-079.988149
37,081,014300,3045,+35.941249,-080.008545
37,081,014406,2337,+35.980108,-079.962827
37,081,014407,5635,+35.980458,-080.038866
37,081,014408,2326,+35.936275,-080.041132
37,081,014409,2893,+35.999683,-080.018560
37,081,014410,3591,+35.994255,-080.010910
37,081,014411,4806,+35.987319,-079.989749
37,081,014412,2587,+35.994921,-079.973745
37,081,014501,1300,+35.928409,-080.015357
37,081,014502,4433,+35.928297,-079.971931
37,081,014503,3523,+35.960758,-079.961665
37,081,015100,4097,+36.207641,-079.626077
37,081,015200,8412,+36.096889,-079.563882
37,081,015300,7791,+36.084049,-079.653016
37,081,015401,5527,+36.160422,-079.683625
37,081,015402,7211,+36.128402,-079.722351
37,081,015500,6111,+36.154387,-079.766121
37,081,015600,9324,+36.216046,-079.780556
37,081,015703,5863,+36.130913,-079.814911
37,081,015704,6171,+36.148016,-079.852581
37,081,015705,3158,+36.132759,-079.844661
37,081,015706,5288,+36.154250,-079.798566
37,081,015707,6612,+36.145493,-079.825911
37,081,015800,7984,+36.200694,-079.896951
37,081,015901,5270,+36.231875,-079.973566
37,081,015902,3611,+36.184821,-080.003634
37,081,016003,4294,+36.154771,-079.948512
37,081,016005,1721,+36.156358,-079.886742
37,081,016006,3159,+36.132327,-079.880827
37,081,016007,4933,+36.120696,-079.876356
37,081,016008,7034,+36.138915,-079.930037
37,081,016009,3743,+36.130905,-079.908234
37,081,016010,2607,+36.107477,-079.900628
37,081,016011,5627,+36.072534,-079.906017
37,081,016101,5063,+36.094507,-079.893024
37,081,016102,3930,+36.083071,-079.900074
37,081,016103,5068,+36.077090,-079.880581
37,081,016201,5352,+36.137469,-079.997888
37,081,016203,4013,+36.057850,-080.021236
37,081,016204,2985,+36.056077,-079.993428
37,081,016205,3903,+36.043927,-079.981637
37,081,016303,3316,+36.021780,-080.027666
37,081,016304,3758,+36.026644,-080.008660
37,081,016305,3538,+36.030072,-079.984092
37,081,016306,4500,+36.015397,-079.968554
37,081,016405,1691,+36.059912,-079.915430
37,081,016406,3300,+36.044060,-079.944046
37,081,016407,4577,+36.034015,-079.938448
37,081,016408,1956,+36.024178,-079.931686
37,081,016409,2513,+36.002346,-079.939369
37,081,016410,5520,+35.972121,-079.941422
37,081,016502,5598,+36.007263,-079.882631
37,081,016503,3729,+36.045486,-079.900526
37,081,016505,5072,+36.027964,-079.911856
37,081,016506,4900,+36.023498,-079.901640
37,081,016600,2500,+35.933064,-079.931823
37,081,016701,5126,+35.993289,-079.827200
37,081,016702,3522,+35.947500,-079.840837
37,081,016800,6584,+35.989506,-079.780995
37,081,016900,4698,+35.934861,-079.744835
37,081,017000,4516,+35.951981,-079.619067
37,081,017100,7273,+35.995581,-079.711959
37,081,017200,6919,+36.033338,-079.630680
37,081,980100,0,+36.104942,-079.935643
37,083,930100,3435,+36.412615,-077.609714
37,083,930200,5310,+36.453499,-077.641301
37,083,930300,4817,+36.465656,-077.661820
37,083,930400,3629,+36.443329,-077.650902
37,083,930501,3956,+36.454244,-077.680504
37,083,930502,5540,+36.443055,-077.711653
37,083,930600,4097,+36.381716,-077.707675
37,083,930700,4108,+36.447963,-077.853065
37,083,930800,5312,+36.243316,-077.896689
37,083,930900,5577,+36.188987,-077.679417
37,083,931000,3488,+36.286750,-077.538556
37,083,931100,5422,+36.117052,-077.422124
37,085,070100,4530,+35.297840,-078.617729
37,085,070200,3262,+35.318219,-078.585202
37,085,070300,4907,+35.330005,-078.609960
37,085,070401,3963,+35.387844,-078.689437
37,085,070402,6679,+35.415134,-078.640229
37,085,070500,5914,+35.318818,-078.669416
37,085,070600,4377,+35.287987,-078.802023
37,085,070700,5400,+35.386054,-078.815369
37,085,070801,2070,+35.444793,-078.765779
37,085,070802,4969,+35.408567,-078.740126
37,085,070901,2574,+35.514084,-078.727814
37,085,070902,2680,+35.491168,-078.708191
37,085,070903,2266,+35.480685,-078.746868
37,085,070904,3344,+35.501865,-078.771836
37,085,071001,5029,+35.503055,-078.823111
37,085,071002,3102,+35.532057,-078.889306
37,085,071101,3410,+35.437560,-078.939358
37,085,071102,4911,+35.393447,-078.955840
37,085,071201,2264,+35.265976,-078.898275
37,085,071202,4178,+35.245065,-078.950701
37,085,071203,1331,+35.245036,-078.970445
37,085,071204,4560,+35.287197,-078.953783
37,085,071301,3558,+35.358472,-079.046905
37,085,071302,5250,+35.317488,-079.044198
37,085,071303,7714,+35.281407,-079.032258
37,085,071401,3908,+35.312146,-079.111375
37,085,071402,8528,+35.253768,-079.089612
37,087,920101,3393,+35.585561,-083.033103
37,087,920102,3818,+35.630811,-082.946836
37,087,920200,6625,+35.558335,-082.830911
37,087,920300,3283,+35.521869,-082.830259
37,087,920400,1921,+35.534050,-082.861374
37,087,920500,6214,+35.538368,-082.919652
37,087,920600,4493,+35.530910,-082.987977
37,087,920700,3194,+35.518809,-083.080860
37,087,920800,3037,+35.477341,-083.039185
37,087,920900,1996,+35.493173,-082.995561
37,087,921000,3322,+35.500995,-082.966594
37,087,921100,2468,+35.473318,-082.984012
37,087,921200,5649,+35.459067,-083.010879
37,087,921301,4182,+35.471436,-082.909019
37,087,921302,5431,+35.464075,-082.841642
37,087,980100,10,+35.662479,-083.140812
37,089,930100,4484,+35.422433,-082.341621
37,089,930200,6797,+35.339973,-082.357764
37,089,930300,6408,+35.337784,-082.403460
37,089,930401,2697,+35.376778,-082.446225
37,089,930402,2596,+35.385468,-082.402923
37,089,930501,4034,+35.395207,-082.494635
37,089,930502,4614,+35.429629,-082.461236
37,089,930600,4959,+35.435311,-082.514239
37,089,930701,3410,+35.417856,-082.577493
37,089,930702,4506,+35.370890,-082.587198
37,089,930703,5578,+35.322744,-082.601174
37,089,930800,5057,+35.371409,-082.502352
37,089,930900,3096,+35.341179,-082.481417
37,089,931000,5532,+35.339752,-082.444337
37,089,931100,2378,+35.325686,-082.465419
37,089,931200,2240,+35.315258,-082.467671
37,089,931300,3589,+35.301736,-082.446175
37,089,931400,5476,+35.285146,-082.419020
37,089,931500,3554,+35.267459,-082.443849
37,089,931600,4747,+35.293746,-082.478290
37,089,931700,2696,+35.308443,-082.496403
37,089,931801,2988,+35.344779,-082.505783
37,089,931802,4332,+35.333398,-082.517449
37,089,931901,3503,+35.301024,-082.560522
37,089,931902,2927,+35.253338,-082.536487
37,089,932000,4542,+35.217734,-082.433037
37,089,980100,0,+35.406266,-082.693691
37,091,950100,7429,+36.442408,-077.086956
37,091,950200,6038,+36.355022,-076.913934
37,091,950300,3303,+36.302623,-077.077194
37,091,950401,3543,+36.278672,-077.000769
37,091,950402,4356,+36.286768,-076.968475
37,093,970101,8327,+35.034219,-079.140934
37,093,970102,11350,+35.006739,-079.129601
37,093,970103,7549,+34.978490,-079.092882
37,093,970201,4204,+35.043467,-079.354681
37,093,970202,3643,+34.952136,-079.301301
37,093,970300,5125,+34.984479,-079.226122
37,093,970401,3710,+34.915020,-079.143205
37,093,970402,3044,+34.901518,-079.227398
37,093,980100,0,+35.119311,-079.231079
37,095,920100,5810,+35.434210,-076.208134
37,095,990100,0,+35.107001,-075.881206
37,095,990200,0,+35.294437,-076.025150
37,097,060100,5362,+35.793228,-080.874748
37,097,060200,1985,+35.771202,-080.877464
37,097,060300,2706,+35.767941,-080.891802
37,097,060400,4066,+35.781377,-080.919682
37,097,060500,4103,+35.790800,-080.897066
37,097,060601,5347,+35.794013,-080.847346
37,097,060602,1972,+35.797925,-080.818535
37,097,060603,1587,+35.759087,-080.831538
37,097,060701,3044,+35.770425,-080.779436
37,097,060702,4100,+35.836435,-080.777625
37,097,060703,2879,+35.854300,-080.839556
37,097,060801,3482,+35.992146,-080.775860
37,097,060802,3564,+35.920914,-080.769625
37,097,060901,3186,+36.011452,-080.914719
37,097,060902,3854,+35.926054,-080.936974
37,097,061001,3722,+35.850606,-080.886407
37,097,061002,4143,+35.837056,-080.960624
37,097,061003,3572,+35.821289,-080.905661
37,097,061101,2668,+35.809491,-081.046156
37,097,061102,3085,+35.794003,-081.000582
37,097,061103,2769,+35.744236,-081.014814
37,097,061104,2176,+35.755603,-080.962942
37,097,061201,3428,+35.736646,-080.912965
37,097,061202,4652,+35.692401,-080.889021
37,097,061203,4148,+35.621993,-080.876881
37,097,061204,3019,+35.630671,-080.903189
37,097,061205,3587,+35.686084,-080.946697
37,097,061301,2707,+35.715068,-080.813830
37,097,061302,3904,+35.666644,-080.820277
37,097,061303,4115,+35.621296,-080.795885
37,097,061304,4705,+35.607032,-080.834268
37,097,061401,4208,+35.561929,-080.932672
37,097,061402,5148,+35.586782,-080.895334
37,097,061403,3350,+35.579773,-080.853782
37,097,061404,2016,+35.551260,-080.866395
37,097,061405,3531,+35.563464,-080.885792
37,097,061406,4258,+35.535742,-080.921473
37,097,061407,3789,+35.524362,-080.850809
37,097,061408,3541,+35.534749,-080.780503
37,097,061501,3333,+35.597327,-080.798254
37,097,061502,3751,+35.579533,-080.786773
37,097,061503,4206,+35.561033,-080.799342
37,097,061601,3296,+35.585976,-080.819732
37,097,061602,7373,+35.560748,-080.828519
37,099,940200,5910,+35.461002,-083.283129
37,099,950200,1756,+35.412423,-083.121764
37,099,950300,5241,+35.393653,-083.217071
37,099,950400,4224,+35.361494,-083.204090
37,099,950500,5488,+35.333880,-083.281758
37,099,950600,10568,+35.301260,-083.188202
37,099,950700,2835,+35.296961,-083.092600
37,099,950800,1979,+35.181784,-083.144662
37,099,950900,2270,+35.108075,-083.081678
37,101,040100,6942,+35.577085,-078.155183
37,101,040201,6342,+35.717589,-078.233751
37,101,040202,6479,+35.691221,-078.305546
37,101,040203,14249,+35.677392,-078.385063
37,101,040301,3901,+35.546948,-078.267009
37,101,040302,5538,+35.560842,-078.291535
37,101,040400,4407,+35.509981,-078.237592
37,101,040500,6351,+35.460457,-078.185223
37,101,040600,3192,+35.478193,-078.313797
37,101,040700,3408,+35.518667,-078.326776
37,101,040800,3471,+35.500456,-078.355444
37,101,040901,10844,+35.588224,-078.368596
37,101,040902,6385,+35.558496,-078.419829
37,101,041001,7563,+35.637410,-078.454277
37,101,041002,7492,+35.662628,-078.474847
37,101,041101,7433,+35.599080,-078.485348
37,101,041102,9637,+35.615535,-078.555241
37,101,041103,12699,+35.571671,-078.531729
37,101,041201,3851,+35.472048,-078.421075
37,101,041202,5115,+35.416556,-078.412617
37,101,041300,5991,+35.320981,-078.405444
37,101,041400,6695,+35.385968,-078.536354
37,101,041501,6838,+35.504417,-078.522376
37,101,041502,6980,+35.542204,-078.618206
37,101,041503,7075,+35.483709,-078.606562
37,103,920100,3888,+34.956595,-077.213012
37,103,920200,2776,+35.050774,-077.339082
37,103,920300,3489,+35.087863,-077.520508
37,105,030101,4438,+35.482520,-079.190283
37,105,030102,5454,+35.477142,-079.214116
37,105,030200,3646,+35.483404,-079.169721
37,105,030300,3237,+35.469194,-079.174851
37,105,030401,4173,+35.469590,-079.126639
37,105,030402,6248,+35.448958,-079.163741
37,105,030501,4092,+35.420152,-079.109501
37,105,030502,2113,+35.427870,-079.188389
37,105,030503,7296,+35.368722,-079.197578
37,105,030601,3377,+35.507037,-079.227827
37,105,030602,4711,+35.445089,-079.268900
37,105,030701,4751,+35.556662,-079.146745
37,105,030702,4330,+35.473106,-079.057460
37,107,010100,4889,+35.348737,-077.498477
37,107,010200,2545,+35.267241,-077.557996
37,107,010300,2008,+35.256524,-077.572324
37,107,010400,1007,+35.263063,-077.572449
37,107,010500,3790,+35.281832,-077.573249
37,107,010600,3574,+35.277735,-077.591331
37,107,010700,2362,+35.267230,-077.590389
37,107,010800,5049,+35.292199,-077.608368
37,107,010900,3413,+35.330716,-077.611978
37,107,011001,4483,+35.281489,-077.667773
37,107,011002,4012,+35.317477,-077.698257
37,107,011100,5820,+35.301782,-077.787281
37,107,011200,6682,+35.118806,-077.727492
37,107,011300,5134,+35.213387,-077.644438
37,107,011400,4727,+35.204016,-077.554657
37,109,070100,4826,+35.470221,-081.253902
37,109,070201,4192,+35.489571,-081.226110
37,109,070202,3349,+35.495321,-081.189578
37,109,070300,4042,+35.455272,-081.220262
37,109,070400,6079,+35.440036,-081.278165
37,109,070500,4914,+35.464910,-081.412486
37,109,070600,4585,+35.536437,-081.430643
37,109,070700,3180,+35.501075,-081.319883
37,109,070800,6506,+35.524638,-081.238221
37,109,070901,3159,+35.536808,-081.148462
37,109,070902,6338,+35.505292,-081.101667
37,109,071001,5253,+35.447061,-081.149144
37,109,071002,2681,+35.429349,-081.074793
37,109,071101,5315,+35.506652,-081.023481
37,109,071102,4805,+35.432585,-080.993142
37,109,071201,1729,+35.463275,-080.978017
37,109,071202,3145,+35.491672,-080.980934
37,109,071203,4167,+35.527401,-080.981377
37,111,970100,5273,+35.774634,-082.025549
37,111,970200,4919,+35.704142,-081.936687
37,111,970300,3261,+35.699662,-082.004914
37,111,970400,2776,+35.684350,-081.994138
37,111,970500,3954,+35.663196,-082.014977
37,111,970600,3680,+35.668469,-082.049645
37,111,970700,4380,+35.668953,-082.138007
37,111,970800,4227,+35.596116,-082.170793
37,111,970901,7429,+35.635010,-081.913125
37,111,970902,5097,+35.603540,-082.043406
37,113,970100,2684,+35.261261,-083.382077
37,113,970200,4090,+35.207772,-083.508228
37,113,970301,4006,+35.192831,-083.377569
37,113,970302,4050,+35.182542,-083.414333
37,113,970400,3924,+35.193323,-083.316760
37,113,970501,1435,+35.085042,-083.207828
37,113,970502,1504,+35.034714,-083.205198
37,113,970600,5755,+35.116406,-083.354383
37,113,970700,6474,+35.102754,-083.422110
37,115,010100,2546,+35.946777,-082.620304
37,115,010200,2294,+35.851249,-082.858568
37,115,010400,1911,+35.825363,-082.744677
37,115,010500,4816,+35.788769,-082.676058
37,115,010600,6322,+35.825852,-082.571539
37,115,010700,2875,+35.856468,-082.493922
37,117,970100,4183,+35.796733,-076.913425
37,117,970200,4586,+35.834221,-077.067047
37,117,970300,4385,+35.858165,-077.080158
37,117,970400,2652,+35.945652,-077.264105
37,117,970500,5397,+35.786946,-077.116842
37,117,970600,3302,+35.826698,-077.255094
37,119,000100,3425,+35.229062,-080.844313
37,119,000300,407,+35.212709,-080.839807
37,119,000400,1599,+35.216330,-080.853635
37,119,000500,4964,+35.232871,-080.846000
37,119,000600,4100,+35.224193,-080.834045
37,119,000700,736,+35.238419,-080.818474
37,119,000800,2284,+35.228961,-080.819970
37,119,000900,1556,+35.237007,-080.810409
37,119,001000,2319,+35.225866,-080.807663
37,119,001100,1809,+35.213484,-080.807068
37,119,001200,5650,+35.224589,-080.787168
37,119,001300,3893,+35.238959,-080.790444
37,119,001400,2607,+35.246266,-080.796998
37,119,001504,6401,+35.243134,-080.762961
37,119,001505,3678,+35.275032,-080.754631
37,119,001507,4004,+35.246372,-080.744035
37,119,001508,6061,+35.241787,-080.727646
37,119,001509,2976,+35.256766,-080.760181
37,119,001510,3047,+35.257202,-080.745287
37,119,001603,4598,+35.227560,-080.763217
37,119,001605,1776,+35.219960,-080.774522
37,119,001606,4295,+35.217108,-080.762233
37,119,001607,2613,+35.210575,-080.748348
37,119,001608,3933,+35.236226,-080.763432
37,119,001609,3168,+35.222551,-080.742800
37,119,001701,3749,+35.213263,-080.792700
37,119,001702,4881,+35.207117,-080.766765
37,119,001801,1249,+35.205105,-080.796100
37,119,001802,2892,+35.192994,-080.778612
37,119,001910,5117,+35.196846,-080.732917
37,119,001911,5441,+35.189265,-080.717935
37,119,001912,6565,+35.213088,-080.732428
37,119,001914,3485,+35.180082,-080.761863
37,119,001915,6293,+35.163296,-080.745992
37,119,001916,3725,+35.202933,-080.706363
37,119,001917,3567,+35.200009,-080.689575
37,119,001918,3527,+35.198268,-080.753967
37,119,001919,3379,+35.190599,-080.750281
37,119,001920,4226,+35.180331,-080.743246
37,119,001921,2356,+35.174009,-080.729985
37,119,001922,4340,+35.219034,-080.706786
37,119,001923,3605,+35.211383,-080.718240
37,119,002002,5725,+35.168994,-080.788764
37,119,002003,5395,+35.158191,-080.764178
37,119,002004,4934,+35.142979,-080.780009
37,119,002100,2546,+35.185032,-080.785241
37,119,002200,4859,+35.183315,-080.805541
37,119,002300,2652,+35.196313,-080.802913
37,119,002400,2514,+35.206988,-080.816051
37,119,002500,1539,+35.217523,-080.820456
37,119,002600,818,+35.209518,-080.830892
37,119,002701,2208,+35.199981,-080.830533
37,119,002702,5372,+35.182287,-080.837946
37,119,002800,3627,+35.192299,-080.822264
37,119,002903,3636,+35.153250,-080.817271
37,119,002904,6717,+35.144279,-080.798330
37,119,002905,3066,+35.168849,-080.821828
37,119,002906,4034,+35.160338,-080.837563
37,119,003006,3930,+35.132832,-080.830719
37,119,003007,6569,+35.122896,-080.813066
37,119,003008,5741,+35.097438,-080.839794
37,119,003011,5951,+35.133035,-080.843263
37,119,003012,4247,+35.103008,-080.851407
37,119,003013,5121,+35.104432,-080.807598
37,119,003015,4422,+35.124702,-080.764008
37,119,003016,4558,+35.110123,-080.769661
37,119,003017,3359,+35.099542,-080.800442
37,119,003018,2628,+35.108055,-080.786160
37,119,003102,4067,+35.155514,-080.863413
37,119,003103,4327,+35.167391,-080.860008
37,119,003105,3480,+35.131828,-080.857752
37,119,003106,2624,+35.144973,-080.869670
37,119,003108,3221,+35.129401,-080.870515
37,119,003109,3968,+35.121732,-080.874418
37,119,003201,2785,+35.185032,-080.870960
37,119,003203,2436,+35.177420,-080.863792
37,119,003204,2967,+35.182986,-080.855318
37,119,003300,2933,+35.194807,-080.860988
37,119,003400,4423,+35.200267,-080.851728
37,119,003500,2329,+35.207449,-080.846002
37,119,003600,3176,+35.216438,-080.874003
37,119,003700,2345,+35.205820,-080.871407
37,119,003802,3414,+35.197438,-080.891423
37,119,003805,1824,+35.174930,-080.903454
37,119,003806,8292,+35.158747,-080.907269
37,119,003807,4005,+35.147014,-080.891613
37,119,003808,4811,+35.143900,-080.885310
37,119,003902,4390,+35.211671,-080.900048
37,119,003903,2541,+35.209750,-080.919491
37,119,004000,4312,+35.231323,-080.899625
37,119,004100,2795,+35.233139,-080.869786
37,119,004200,2968,+35.244343,-080.881686
37,119,004302,4524,+35.260596,-080.893503
37,119,004303,2557,+35.256672,-080.932937
37,119,004304,3466,+35.264279,-080.914402
37,119,004305,5649,+35.247520,-080.913418
37,119,004400,4249,+35.285982,-080.878389
37,119,004500,2957,+35.254305,-080.872066
37,119,004600,3040,+35.260596,-080.861072
37,119,004700,2073,+35.244981,-080.858133
37,119,004800,3422,+35.259150,-080.849435
37,119,004900,737,+35.243816,-080.841475
37,119,005000,1341,+35.248758,-080.840892
37,119,005100,2340,+35.259727,-080.833547
37,119,005200,2728,+35.246987,-080.824816
37,119,005301,3326,+35.261355,-080.801741
37,119,005305,5005,+35.272941,-080.784304
37,119,005306,2437,+35.262438,-080.781076
37,119,005307,3153,+35.280370,-080.776815
37,119,005308,2383,+35.273787,-080.770953
37,119,005401,6853,+35.289742,-080.852891
37,119,005403,4052,+35.298178,-080.827174
37,119,005404,4927,+35.287822,-080.812859
37,119,005508,4190,+35.345313,-080.811048
37,119,005509,5476,+35.368882,-080.798599
37,119,005510,5207,+35.322717,-080.824612
37,119,005511,3636,+35.333267,-080.806046
37,119,005512,4675,+35.313168,-080.803735
37,119,005513,3938,+35.353577,-080.789228
37,119,005514,6511,+35.335533,-080.784089
37,119,005515,2482,+35.393262,-080.761827
37,119,005516,1762,+35.385388,-080.763859
37,119,005517,4282,+35.379332,-080.775052
37,119,005518,4582,+35.357726,-080.770421
37,119,005519,4717,+35.374673,-080.749310
37,119,005520,4495,+35.344584,-080.751030
37,119,005521,5951,+35.338281,-080.724121
37,119,005522,4640,+35.320179,-080.785732
37,119,005523,4720,+35.318715,-080.747010
37,119,005524,8078,+35.300527,-080.784424
37,119,005604,4461,+35.306132,-080.732348
37,119,005605,5965,+35.293030,-080.733229
37,119,005609,3334,+35.315907,-080.718381
37,119,005610,3394,+35.319557,-080.705101
37,119,005611,2383,+35.326004,-080.698416
37,119,005612,4451,+35.297302,-080.716188
37,119,005613,1820,+35.282505,-080.723085
37,119,005614,6639,+35.301052,-080.693346
37,119,005615,1248,+35.286993,-080.685800
37,119,005616,1761,+35.269984,-080.710529
37,119,005617,1931,+35.243398,-080.712806
37,119,005618,3156,+35.263768,-080.682488
37,119,005619,3956,+35.251433,-080.669790
37,119,005620,6904,+35.229335,-080.672420
37,119,005621,4541,+35.243010,-080.640373
37,119,005706,6637,+35.193172,-080.666137
37,119,005709,3488,+35.133717,-080.698480
37,119,005710,3985,+35.181854,-080.705335
37,119,005711,5651,+35.166260,-080.682416
37,119,005712,3636,+35.122744,-080.677902
37,119,005713,3623,+35.146720,-080.657876
37,119,005714,4751,+35.179711,-080.619912
37,119,005715,2526,+35.210520,-080.593694
37,119,005716,4462,+35.168267,-080.718340
37,119,005717,5930,+35.154302,-080.717285
37,119,005811,3880,+35.138070,-080.752174
37,119,005812,6077,+35.134125,-080.730759
37,119,005815,3210,+35.085546,-080.799837
37,119,005816,3872,+35.069903,-080.805663
37,119,005817,4001,+35.073543,-080.783095
37,119,005823,7873,+35.072565,-080.733495
37,119,005824,2817,+35.126894,-080.886459
37,119,005825,4323,+35.074014,-080.890054
37,119,005826,2839,+35.082940,-080.866720
37,119,005827,2366,+35.110516,-080.875124
37,119,005828,3726,+35.106481,-080.865686
37,119,005829,2556,+35.092767,-080.864937
37,119,005830,3666,+35.074468,-080.855843
37,119,005831,4480,+35.080731,-080.837004
37,119,005832,2810,+35.099880,-080.768416
37,119,005833,4642,+35.108694,-080.741262
37,119,005834,4012,+35.107026,-080.717518
37,119,005835,2632,+35.092403,-080.712407
37,119,005836,4013,+35.049432,-080.874565
37,119,005837,6227,+35.047363,-080.857201
37,119,005838,6454,+35.030149,-080.852990
37,119,005839,2381,+35.068575,-080.836907
37,119,005840,2061,+35.059708,-080.831401
37,119,005841,6194,+35.049226,-080.832485
37,119,005842,5936,+35.050960,-080.804707
37,119,005843,3054,+35.039210,-080.814012
37,119,005844,6539,+35.026558,-080.822787
37,119,005845,3480,+35.052217,-080.786130
37,119,005846,4029,+35.038770,-080.782823
37,119,005847,3983,+35.073303,-080.761583
37,119,005848,5230,+35.090746,-080.741907
37,119,005906,4478,+35.225788,-080.985032
37,119,005907,4229,+35.160321,-080.991669
37,119,005908,1535,+35.117795,-081.024557
37,119,005909,6318,+35.135251,-080.988524
37,119,005910,4224,+35.106508,-080.998715
37,119,005911,4117,+35.076536,-081.015764
37,119,005912,4816,+35.160625,-080.934561
37,119,005913,6220,+35.143619,-080.954540
37,119,005914,5563,+35.118855,-080.972146
37,119,005915,1495,+35.133509,-080.935428
37,119,005916,2271,+35.134807,-080.915118
37,119,005917,5230,+35.105650,-080.968562
37,119,005918,3435,+35.089523,-080.980700
37,119,006005,2854,+35.271245,-080.977414
37,119,006006,5911,+35.264733,-080.950883
37,119,006007,6643,+35.321867,-080.974293
37,119,006008,3635,+35.308252,-080.966707
37,119,006009,2757,+35.292942,-080.958261
37,119,006010,6436,+35.292040,-080.928861
37,119,006103,3818,+35.334661,-080.942500
37,119,006104,8187,+35.303820,-080.903361
37,119,006105,2673,+35.341616,-080.896251
37,119,006106,3551,+35.352593,-080.867240
37,119,006107,4324,+35.340142,-080.861973
37,119,006108,4341,+35.316027,-080.878071
37,119,006109,3514,+35.321115,-080.855638
37,119,006203,5083,+35.493034,-080.885867
37,119,006204,7267,+35.463593,-080.908415
37,119,006208,2476,+35.471689,-080.884499
37,119,006209,3826,+35.449503,-080.881187
37,119,006210,3678,+35.431012,-080.896324
37,119,006211,6125,+35.426289,-080.879344
37,119,006212,3183,+35.411958,-080.867454
37,119,006213,5553,+35.397025,-080.923183
37,119,006214,4067,+35.397942,-080.884934
37,119,006215,4227,+35.382359,-080.889951
37,119,006302,5950,+35.401240,-080.811722
37,119,006303,5321,+35.426686,-080.853449
37,119,006304,6045,+35.429501,-080.825167
37,119,006403,5319,+35.499358,-080.845432
37,119,006404,4952,+35.474714,-080.804245
37,119,006405,3081,+35.488824,-080.860929
37,119,006406,6132,+35.469990,-080.861517
37,119,006407,3313,+35.449605,-080.853757
37,119,980100,0,+35.212060,-080.949800
37,119,980200,1,+35.105248,-080.920680
37,119,980300,0,+35.216909,-080.837982
37,121,950100,2479,+36.082432,-082.217584
37,121,950200,3821,+36.007954,-082.146932
37,121,950300,4372,+35.932779,-082.063013
37,121,950400,4907,+35.892293,-082.082699
37,123,960100,6431,+35.380765,-079.780660
37,123,960200,7370,+35.380595,-079.893045
37,123,960300,3914,+35.419635,-080.061214
37,123,960401,2134,+35.209677,-080.005835
37,123,960402,2306,+35.265212,-080.016753
37,123,960500,5643,+35.260151,-079.757131
37,125,950100,2712,+35.462567,-079.497616
37,125,950200,7118,+35.448554,-079.634385
37,125,950301,6142,+35.292537,-079.581396
37,125,950302,4837,+35.227582,-079.600955
37,125,950401,3939,+35.314281,-079.450755
37,125,950402,4283,+35.347420,-079.375533
37,125,950501,6438,+35.266705,-079.226309
37,125,950502,8128,+35.254382,-079.343391
37,125,950601,3259,+35.199828,-079.497595
37,125,950602,6632,+35.221760,-079.454958
37,125,950701,4542,+35.179194,-079.486667
37,125,950702,2588,+35.175566,-079.452842
37,125,950801,4445,+35.181199,-079.416354
37,125,950802,3656,+35.211377,-079.386210
37,125,950900,2422,+35.176518,-079.390191
37,125,951000,4570,+35.159049,-079.375426
37,125,951100,8172,+35.138175,-079.420477
37,125,951200,4364,+35.109835,-079.475470
37,127,010200,5155,+35.920366,-077.814705
37,127,010300,6574,+35.931811,-077.830107
37,127,010400,3356,+35.947500,-077.804859
37,127,010502,7060,+35.968767,-077.832906
37,127,010503,3107,+35.977816,-077.860178
37,127,010504,5960,+35.951202,-077.865091
37,127,010601,2730,+35.994555,-077.813615
37,127,010602,5712,+35.995534,-077.795391
37,127,010700,2743,+36.061447,-077.772502
37,127,010800,7195,+36.042438,-077.890605
37,127,010900,5502,+36.072961,-078.002485
37,127,011000,4381,+35.944872,-078.104470
37,127,011101,6000,+35.967685,-077.917294
37,127,011102,7994,+35.964371,-077.975515
37,127,011200,6167,+35.876677,-077.883050
37,127,011300,4961,+35.859356,-078.013556
37,127,011400,4304,+35.794367,-078.111870
37,127,011500,6939,+35.827593,-078.191419
37,129,010100,2512,+34.241101,-077.938201
37,129,010200,3378,+34.233221,-077.925385
37,129,010300,5365,+34.246627,-077.906793
37,129,010400,2909,+34.229330,-077.913111
37,129,010501,3820,+34.235037,-077.883073
37,129,010502,7013,+34.226872,-077.896405
37,129,010600,4064,+34.208496,-077.907624
37,129,010700,3699,+34.197741,-077.927435
37,129,010800,2668,+34.190298,-077.940379
37,129,010900,2250,+34.204049,-077.944005
37,129,011000,2248,+34.215335,-077.933911
37,129,011100,2882,+34.223809,-077.936404
37,129,011200,2312,+34.231834,-077.939698
37,129,011300,1399,+34.231960,-077.947404
37,129,011400,1420,+34.248410,-077.941422
37,129,011500,7990,+34.309351,-077.923824
37,129,011603,7436,+34.303919,-077.880705
37,129,011605,4997,+34.256536,-077.881001
37,129,011606,4176,+34.262709,-077.856846
37,129,011607,10804,+34.282745,-077.830297
37,129,011608,5358,+34.299494,-077.845626
37,129,011701,4409,+34.245706,-077.840984
37,129,011703,3802,+34.241488,-077.805378
37,129,011705,8039,+34.267965,-077.799869
37,129,011800,2473,+34.211389,-077.798680
37,129,011902,5028,+34.215179,-077.864966
37,129,011903,8514,+34.228087,-077.863916
37,129,011904,1829,+34.225421,-077.836519
37,129,012001,7013,+34.202741,-077.849076
37,129,012004,3649,+34.172781,-077.858181
37,129,012006,3865,+34.186448,-077.900479
37,129,012007,3935,+34.174406,-077.911827
37,129,012008,5430,+34.159245,-077.900010
37,129,012009,7062,+34.183691,-077.878014
37,129,012010,4840,+34.165666,-077.877359
37,129,012101,8130,+34.150573,-077.915607
37,129,012103,4307,+34.145502,-077.880501
37,129,012104,5387,+34.107291,-077.887972
37,129,012105,11361,+34.095026,-077.909224
37,129,012201,2665,+34.047559,-077.892240
37,129,012202,3048,+34.028032,-077.900699
37,129,012203,2012,+34.003735,-077.906781
37,129,012300,7167,+34.293728,-077.772963
37,129,980100,2,+34.269918,-077.903867
37,129,990100,0,+34.077741,-077.827347
37,131,920100,5538,+36.445886,-077.238841
37,131,920200,4636,+36.310658,-077.261414
37,131,920300,6055,+36.432441,-077.487005
37,131,920401,4370,+36.509812,-077.654187
37,131,920402,1500,+36.526528,-077.845108
37,133,000102,8166,+34.707610,-077.155628
37,133,000103,5415,+34.819966,-077.265257
37,133,000201,9234,+34.903062,-077.574104
37,133,000202,10317,+34.828279,-077.533269
37,133,000301,5981,+34.766637,-077.586802
37,133,000302,9027,+34.698586,-077.528457
37,133,000401,4787,+34.514995,-077.504599
37,133,000402,5540,+34.544792,-077.394498
37,133,000403,1035,+34.489017,-077.430295
37,133,000500,1294,+34.584933,-077.378439
37,133,000600,10899,+34.659300,-077.344447
37,133,000700,5176,+34.703270,-077.356369
37,133,000800,1121,+34.728509,-077.340814
37,133,000900,6120,+34.734806,-077.381132
37,133,001000,4455,+34.721815,-077.450591
37,133,001101,4585,+34.763210,-077.491212
37,133,001102,4570,+34.739217,-077.474836
37,133,001200,10145,+34.813780,-077.454851
37,133,001300,12779,+34.792162,-077.404622
37,133,001400,4672,+34.776354,-077.435923
37,133,001500,2909,+34.774299,-077.423348
37,133,001700,2595,+34.767441,-077.416684
37,133,001800,1922,+34.748333,-077.427225
37,133,002100,6552,+34.775146,-077.360923
37,133,002201,5250,+34.759194,-077.368480
37,133,002202,5081,+34.746456,-077.368509
37,133,002300,4552,+34.759567,-077.317298
37,133,002400,6283,+34.732766,-077.324009
37,133,002500,3126,+34.723094,-077.248794
37,133,002600,4492,+34.757816,-077.402984
37,133,002800,9692,+34.679037,-077.202116
37,133,990100,0,+34.519672,-077.308552
37,135,010701,1973,+35.918061,-079.118444
37,135,010703,6064,+35.908575,-079.083918
37,135,010704,5134,+35.889335,-079.090543
37,135,010705,4573,+35.916543,-079.077178
37,135,010706,3203,+35.933368,-079.087925
37,135,010801,5025,+36.170063,-079.173416
37,135,010802,4654,+36.176407,-079.024714
37,135,010901,5383,+36.086422,-079.025502
37,135,010902,4724,+36.040223,-079.060369
37,135,011000,7182,+36.079924,-079.094401
37,135,011101,8028,+36.099473,-079.203117
37,135,011102,5844,+36.049367,-079.150373
37,135,011202,6885,+35.967318,-079.109943
37,135,011203,5301,+35.937280,-079.196991
37,135,011204,3189,+35.987068,-079.034010
37,135,011205,7554,+35.956223,-079.035706
37,135,011300,2926,+35.917158,-079.060669
37,135,011400,3834,+35.922137,-079.049714
37,135,011500,1812,+35.917762,-079.035410
37,135,011601,2350,+35.912305,-079.046855
37,135,011602,5786,+35.903446,-079.044904
37,135,011700,4190,+35.904991,-079.058804
37,135,011800,3186,+35.931867,-079.064115
37,135,011901,5315,+35.949803,-079.049919
37,135,011902,3945,+35.944995,-079.028679
37,135,012100,7551,+35.925417,-079.016732
37,135,012201,2566,+35.883571,-079.040745
37,135,012202,5624,+35.887718,-079.069963
37,137,950101,2941,+35.118647,-076.904077
37,137,950102,4079,+35.172115,-076.737815
37,137,950201,3885,+35.036587,-076.779607
37,137,950202,2239,+35.085602,-076.670392
37,137,990100,0,+35.216496,-076.432264
37,139,960100,1731,+36.302598,-076.219441
37,139,960200,5175,+36.284966,-076.211530
37,139,960300,2962,+36.289573,-076.232064
37,139,960400,4214,+36.302107,-076.233275
37,139,960501,3210,+36.357404,-076.257728
37,139,960502,5246,+36.328870,-076.264304
37,139,960503,2699,+36.420569,-076.392003
37,139,960600,6653,+36.266898,-076.285178
37,139,960701,5654,+36.254358,-076.197847
37,139,960702,3117,+36.187148,-076.187054
37,141,920101,368,+34.370942,-077.623682
37,141,920102,1094,+34.423946,-077.551355
37,141,920103,4004,+34.441406,-077.589995
37,141,920201,5678,+34.402777,-077.640249
37,141,920202,6164,+34.350798,-077.704560
37,141,920203,4074,+34.403731,-077.753947
37,141,920204,2231,+34.587417,-077.711199
37,141,920300,4232,+34.668006,-077.986265
37,141,920401,2381,+34.518709,-077.932421
37,141,920402,3102,+34.558370,-077.950639
37,141,920403,3671,+34.544876,-077.884036
37,141,920501,4633,+34.532147,-078.119370
37,141,920502,1717,+34.425908,-078.084977
37,141,920601,3093,+34.462811,-077.931307
37,141,920602,5775,+34.401691,-077.919492
37,141,990100,0,+34.349246,-077.603126
37,143,920100,6853,+36.216808,-076.393311
37,143,920201,2828,+36.192889,-076.493550
37,143,920202,3772,+36.108098,-076.429026
37,145,920100,6834,+36.422293,-078.883646
37,145,920200,6749,+36.448004,-079.036431
37,145,920300,6294,+36.413731,-078.972396
37,145,920400,2851,+36.389454,-078.988802
37,145,920500,6984,+36.299374,-078.907592
37,145,920601,5133,+36.349917,-079.033443
37,145,920602,4619,+36.265400,-079.017407
37,147,000100,5173,+35.605157,-077.371064
37,147,000201,4952,+35.608234,-077.347266
37,147,000202,2623,+35.596686,-077.345720
37,147,000301,3159,+35.581739,-077.351893
37,147,000302,8858,+35.589624,-077.332096
37,147,000400,6567,+35.602384,-077.364941
37,147,000501,5886,+35.570559,-077.383374
37,147,000502,6706,+35.571731,-077.361321
37,147,000601,6686,+35.606600,-077.416078
37,147,000602,5219,+35.580290,-077.408458
37,147,000603,9570,+35.561495,-077.413234
37,147,000701,3903,+35.613318,-077.391550
37,147,000702,2968,+35.597416,-077.387738
37,147,000800,3575,+35.643965,-077.367602
37,147,000900,8052,+35.628272,-077.251129
37,147,001001,2240,+35.592157,-077.286500
37,147,001002,6072,+35.570200,-077.277892
37,147,001003,5272,+35.559550,-077.320557
37,147,001100,5134,+35.529340,-077.236637
37,147,001200,5939,+35.483410,-077.322148
37,147,001301,3883,+35.534340,-077.421511
37,147,001302,5177,+35.527769,-077.393655
37,147,001303,7689,+35.543778,-077.368848
37,147,001401,4801,+35.467612,-077.427468
37,147,001402,2591,+35.452622,-077.399127
37,147,001500,3315,+35.378057,-077.418244
37,147,001600,7843,+35.557559,-077.465234
37,147,001700,3753,+35.622019,-077.474950
37,147,001800,6120,+35.595781,-077.589057
37,147,001900,2889,+35.673134,-077.585123
37,147,002001,6287,+35.672543,-077.430145
37,147,002002,5246,+35.757014,-077.376296
37,149,920101,3373,+35.244595,-082.040771
37,149,920103,3197,+35.235359,-082.126404
37,149,920104,2983,+35.245898,-082.186335
37,149,920200,5061,+35.331303,-082.185134
37,149,920301,1075,+35.237109,-082.226483
37,149,920303,1947,+35.236078,-082.312524
37,149,920304,2874,+35.209836,-082.247754
37,151,030100,4597,+35.690945,-079.824582
37,151,030201,3078,+35.698982,-079.806331
37,151,030202,5078,+35.664673,-079.806863
37,151,030301,6501,+35.747283,-079.797196
37,151,030302,3041,+35.712749,-079.796929
37,151,030400,4193,+35.739411,-079.814651
37,151,030502,4019,+35.720102,-079.842411
37,151,030503,5855,+35.771744,-079.904976
37,151,030504,5893,+35.778941,-079.995619
37,151,030600,6387,+35.670114,-079.877651
37,151,030700,6011,+35.594538,-079.936565
37,151,030801,7148,+35.689019,-079.731985
37,151,030802,6290,+35.576302,-079.764099
37,151,030900,3686,+35.615913,-079.616438
37,151,031000,7151,+35.756407,-079.624310
37,151,031100,5823,+35.767647,-079.724545
37,151,031200,5336,+35.860904,-079.583715
37,151,031303,4226,+35.847689,-079.922583
37,151,031304,4701,+35.873427,-079.885048
37,151,031305,4090,+35.879073,-079.802133
37,151,031306,6845,+35.870008,-079.723267
37,151,031400,8452,+35.803612,-079.798309
37,151,031501,6079,+35.846228,-080.023084
37,151,031503,3011,+35.909586,-079.965261
37,151,031504,5234,+35.899951,-079.945794
37,151,031505,3618,+35.869235,-079.963824
37,151,031601,3905,+35.896671,-080.025512
37,151,031602,1504,+35.913449,-079.984192
37,153,970100,3676,+35.017987,-079.611117
37,153,970200,4930,+35.089270,-079.766231
37,153,970300,4878,+34.970379,-079.781879
37,153,970400,4230,+34.955002,-079.739019
37,153,970500,2503,+34.942862,-079.764478
37,153,970600,4152,+34.923155,-079.741066
37,153,970700,3130,+34.916846,-079.764788
37,153,970800,5340,+34.894768,-079.797529
37,153,970900,5236,+34.886620,-079.723366
37,153,971000,4174,+34.916340,-079.686101
37,153,971100,4390,+34.869136,-079.672266
37,155,960101,4125,+34.822333,-078.929739
37,155,960102,5195,+34.808644,-078.980417
37,155,960201,6039,+34.886921,-079.030401
37,155,960202,4664,+34.823663,-079.092048
37,155,960300,6797,+34.809607,-079.171260
37,155,960401,7157,+34.766592,-079.275512
37,155,960402,3568,+34.739453,-079.150084
37,155,960501,3413,+34.701051,-079.198989
37,155,960502,6057,+34.685261,-079.199755
37,155,960503,1764,+34.646381,-079.157098
37,155,960600,6431,+34.674785,-079.110175
37,155,960701,5471,+34.708600,-079.033398
37,155,960702,3080,+34.662071,-079.052657
37,155,960801,4529,+34.607613,-079.037527
37,155,960802,1971,+34.600531,-079.024952
37,155,960900,2001,+34.633654,-079.014558
37,155,961000,2147,+34.625240,-079.005836
37,155,961100,2050,+34.609247,-078.985643
37,155,961200,2902,+34.622673,-078.990686
37,155,961301,4473,+34.667030,-078.976081
37,155,961302,5217,+34.634039,-078.984831
37,155,961400,3833,+34.701290,-078.902940
37,155,961500,5841,+34.598488,-078.918793
37,155,961601,3856,+34.541189,-078.987122
37,155,961602,3811,+34.475784,-079.047110
37,155,961700,5568,+34.490329,-079.121732
37,155,961801,5086,+34.640966,-079.238720
37,155,961802,5198,+34.569163,-079.142554
37,155,961900,4995,+34.482756,-079.234388
37,155,962001,3709,+34.729751,-079.338817
37,155,962002,3220,+34.654081,-079.347697
37,157,040101,4097,+36.458467,-079.626706
37,157,040102,2823,+36.422318,-079.579058
37,157,040200,3949,+36.514219,-079.694516
37,157,040300,3712,+36.498159,-079.742492
37,157,040400,6361,+36.517942,-079.760114
37,157,040501,3659,+36.507948,-079.793115
37,157,040502,2876,+36.484453,-079.784970
37,157,040601,3872,+36.495181,-079.886788
37,157,040602,4784,+36.446601,-079.874559
37,157,040700,4524,+36.427316,-079.994431
37,157,040800,1666,+36.388568,-079.969862
37,157,040900,2587,+36.411251,-079.965644
37,157,041001,6103,+36.308064,-079.974068
37,157,041002,5894,+36.318489,-079.886723
37,157,041100,6657,+36.430144,-079.731114
37,157,041200,5282,+36.365781,-079.671062
37,157,041300,6737,+36.307690,-079.598266
37,157,041400,2991,+36.337529,-079.655323
37,157,041500,6942,+36.335486,-079.680858
37,157,041601,3513,+36.353440,-079.748333
37,157,041602,4614,+36.274517,-079.757450
37,159,050201,3858,+35.656151,-080.451011
37,159,050202,4291,+35.644699,-080.471074
37,159,050300,3748,+35.662242,-080.488018
37,159,050400,3154,+35.673637,-080.485048
37,159,050500,3719,+35.686255,-080.475152
37,159,050700,3196,+35.695153,-080.432190
37,159,050800,2834,+35.677397,-080.432277
37,159,050901,4139,+35.662401,-080.342526
37,159,050903,6153,+35.602257,-080.386990
37,159,050904,2582,+35.558764,-080.299366
37,159,051001,7435,+35.544105,-080.412361
37,159,051002,5877,+35.600752,-080.444814
37,159,051101,6859,+35.558200,-080.486444
37,159,051102,3774,+35.591259,-080.516540
37,159,051201,6822,+35.625660,-080.558132
37,159,051202,3297,+35.678486,-080.545713
37,159,051204,3973,+35.649964,-080.525504
37,159,051301,2046,+35.725153,-080.538793
37,159,051302,4540,+35.720834,-080.472260
37,159,051303,5548,+35.696607,-080.513440
37,159,051400,6967,+35.516447,-080.588285
37,159,051501,3876,+35.514671,-080.626486
37,159,051502,3220,+35.521207,-080.664330
37,159,051600,6499,+35.546089,-080.617899
37,159,051700,7818,+35.573973,-080.579018
37,159,051801,4148,+35.535240,-080.705825
37,159,051802,4574,+35.608576,-080.652680
37,159,051901,4637,+35.679753,-080.671001
37,159,051902,6395,+35.771878,-080.635084
37,159,052000,2449,+35.672738,-080.464537
37,161,960100,6265,+35.451926,-081.834837
37,161,960200,6973,+35.441954,-082.029108
37,161,960300,2625,+35.444496,-082.176772
37,161,960400,3448,+35.312296,-081.954862
37,161,960500,8018,+35.369325,-081.960938
37,161,960600,4175,+35.362475,-081.925294
37,161,960700,4887,+35.354411,-081.867183
37,161,960800,4475,+35.328680,-081.869333
37,161,960900,5330,+35.302275,-081.864809
37,161,961000,7425,+35.342703,-081.772749
37,161,961101,6110,+35.272429,-081.785968
37,161,961102,3349,+35.225768,-081.822288
37,161,961200,4730,+35.257441,-081.909976
37,163,970100,7110,+35.086867,-078.253193
37,163,970200,6635,+35.190078,-078.392097
37,163,970301,6549,+35.231034,-078.559474
37,163,970302,5132,+35.116354,-078.576102
37,163,970400,5315,+34.971024,-078.550724
37,163,970500,5933,+35.020674,-078.456201
37,163,970600,5094,+35.014058,-078.341665
37,163,970700,6104,+35.017461,-078.300166
37,163,970800,6969,+34.960427,-078.312191
37,163,970900,3161,+34.834874,-078.410719
37,163,971000,5429,+34.780510,-078.263652
37,165,010101,3605,+34.733576,-079.503744
37,165,010102,5186,+34.762880,-079.486023
37,165,010200,4250,+34.786207,-079.450506
37,165,010300,4443,+34.762216,-079.455939
37,165,010400,3906,+34.732783,-079.427352
37,165,010500,7281,+34.777102,-079.563476
37,165,010600,7486,+34.879294,-079.435278
37,167,930101,4482,+35.447141,-080.280614
37,167,930102,3804,+35.438209,-080.185755
37,167,930200,4446,+35.384031,-080.128985
37,167,930300,3932,+35.383484,-080.186930
37,167,930500,3588,+35.368260,-080.220823
37,167,930700,4590,+35.329342,-080.313062
37,167,930801,4525,+35.271195,-080.413521
37,167,930802,4541,+35.211851,-080.435571
37,167,930900,5789,+35.235829,-080.337949
37,167,931000,5806,+35.280493,-080.191261
37,167,931100,5754,+35.228722,-080.122300
37,167,931201,6111,+35.354424,-080.186209
37,167,931202,3217,+35.340512,-080.227384
37,169,070100,6720,+36.432430,-080.090042
37,169,070200,3660,+36.446328,-080.242209
37,169,070300,4732,+36.459879,-080.382510
37,169,070400,5337,+36.347010,-080.393764
37,169,070501,6884,+36.274394,-080.379036
37,169,070503,5850,+36.294954,-080.346517
37,169,070504,3394,+36.308794,-080.313220
37,169,070600,5143,+36.331986,-080.210254
37,169,070700,5681,+36.296285,-080.140608
37,171,930101,2093,+36.508923,-080.485092
37,171,930102,4783,+36.440544,-080.518349
37,171,930201,3543,+36.519091,-080.562993
37,171,930202,3332,+36.478346,-080.571446
37,171,930301,2042,+36.538658,-080.602696
37,171,930302,3630,+36.513584,-080.606725
37,171,930400,2576,+36.491841,-080.605699
37,171,930501,2891,+36.537926,-080.649235
37,171,930502,3338,+36.506015,-080.634294
37,171,930600,3496,+36.466096,-080.638973
37,171,930700,4355,+36.504992,-080.702446
37,171,930801,5201,+36.500480,-080.816255
37,171,930802,3176,+36.368280,-080.853297
37,171,930901,4467,+36.263565,-080.852721
37,171,930902,1605,+36.298721,-080.825234
37,171,931001,2540,+36.415359,-080.675830
37,171,931002,5216,+36.390521,-080.724349
37,171,931003,3234,+36.315596,-080.740797
37,171,931101,2870,+36.403486,-080.610937
37,171,931102,3728,+36.324134,-080.614714
37,171,931103,1846,+36.305075,-080.495530
37,171,931200,3711,+36.375960,-080.480968
37,173,940100,4831,+35.497778,-083.326064
37,173,960200,3043,+35.444212,-083.444797
37,173,960301,3296,+35.391809,-083.505607
37,173,960302,2811,+35.384753,-083.421499
37,173,980200,0,+35.511028,-083.520196
37,175,960100,4324,+35.290644,-082.671428
37,175,960200,4635,+35.240613,-082.746083
37,175,960300,7519,+35.227423,-082.730728
37,175,960401,4127,+35.234683,-082.659194
37,175,960402,4269,+35.153521,-082.710720
37,175,960500,5710,+35.162161,-082.828820
37,175,960600,2506,+35.129159,-082.927745
37,177,960100,4407,+35.907144,-076.238874
37,179,020100,6266,+35.090637,-080.392110
37,179,020202,6510,+35.079548,-080.526444
37,179,020203,3795,+35.158455,-080.592541
37,179,020204,3849,+35.137445,-080.500605
37,179,020305,4656,+35.098402,-080.606467
37,179,020306,6683,+35.066485,-080.615231
37,179,020307,6693,+35.030987,-080.644980
37,179,020308,5100,+34.996648,-080.638253
37,179,020309,2347,+35.134048,-080.622959
37,179,020310,5248,+35.121224,-080.634305
37,179,020311,6048,+35.095147,-080.644391
37,179,020312,4279,+35.078377,-080.649238
37,179,020313,2222,+35.081777,-080.685114
37,179,020314,4703,+35.075281,-080.704628
37,179,020315,4880,+35.055528,-080.701097
37,179,020316,4357,+35.052952,-080.671285
37,179,020317,5353,+35.037679,-080.661080
37,179,020401,5960,+35.027612,-080.565039
37,179,020403,4435,+34.997606,-080.598449
37,179,020404,6658,+34.999924,-080.560946
37,179,020501,4883,+34.974768,-080.568064
37,179,020502,3912,+34.961441,-080.557544
37,179,020601,5151,+34.997231,-080.505064
37,179,020602,4688,+34.968333,-080.529848
37,179,020701,5383,+34.998439,-080.444027
37,179,020702,4026,+34.951236,-080.447944
37,179,020800,5232,+34.981397,-080.361255
37,179,020901,5124,+34.869142,-080.449656
37,179,020902,5929,+34.867442,-080.611175
37,179,021004,4369,+34.967042,-080.688426
37,179,021005,4630,+34.930274,-080.636123
37,179,021006,5206,+35.021275,-080.791731
37,179,021007,5967,+35.005370,-080.804633
37,179,021008,6833,+34.969379,-080.788252
37,179,021009,2460,+34.981853,-080.760776
37,179,021010,6470,+35.028730,-080.735032
37,179,021011,6058,+34.999297,-080.698296
37,179,021012,3581,+34.962806,-080.726911
37,179,021013,4087,+34.936149,-080.755788
37,179,021014,2703,+34.917812,-080.742578
37,179,021015,4558,+34.864892,-080.736846
37,181,960100,4227,+36.411224,-078.345220
37,181,960200,4170,+36.457072,-078.436688
37,181,960300,5151,+36.344520,-078.461756
37,181,960400,3960,+36.320327,-078.433333
37,181,960500,5107,+36.331569,-078.411520
37,181,960600,1566,+36.339195,-078.387119
37,181,960700,4136,+36.322540,-078.395702
37,181,960800,2306,+36.304374,-078.401018
37,181,960900,8484,+36.303963,-078.344924
37,181,961000,6315,+36.240090,-078.426592
37,183,050100,2823,+35.778686,-078.638216
37,183,050300,2488,+35.790228,-078.648429
37,183,050400,1737,+35.793587,-078.635225
37,183,050500,3533,+35.795275,-078.621777
37,183,050600,3817,+35.785150,-078.621177
37,183,050700,3139,+35.774649,-078.622180
37,183,050800,4340,+35.765309,-078.623635
37,183,050900,3555,+35.768123,-078.637598
37,183,051000,1798,+35.777462,-078.652886
37,183,051101,4696,+35.786946,-078.683729
37,183,051102,4255,+35.782444,-078.667122
37,183,051200,3476,+35.790409,-078.659476
37,183,051400,5364,+35.794877,-078.672978
37,183,051501,3212,+35.823129,-078.673616
37,183,051502,2454,+35.809151,-078.682306
37,183,051600,4523,+35.806969,-078.658659
37,183,051700,3215,+35.818918,-078.648725
37,183,051800,4302,+35.807563,-078.635114
37,183,051900,4847,+35.791515,-078.605118
37,183,052001,4261,+35.783127,-078.586741
37,183,052002,4907,+35.767897,-078.599203
37,183,052101,7468,+35.741806,-078.623322
37,183,052102,5555,+35.751429,-078.601523
37,183,052301,6024,+35.758837,-078.701995
37,183,052302,7874,+35.753129,-078.682608
37,183,052401,3205,+35.800061,-078.717668
37,183,052404,4177,+35.771421,-078.702845
37,183,052406,6413,+35.778648,-078.733971
37,183,052407,3831,+35.783166,-078.711450
37,183,052408,2923,+35.779104,-078.691354
37,183,052409,4196,+35.776316,-078.683571
37,183,052503,6396,+35.832846,-078.707770
37,183,052504,5439,+35.823838,-078.694751
37,183,052505,4638,+35.847419,-078.672128
37,183,052506,2018,+35.854966,-078.688680
37,183,052507,2803,+35.849950,-078.703908
37,183,052601,3054,+35.843946,-078.653013
37,183,052602,3723,+35.845597,-078.634292
37,183,052603,2790,+35.828027,-078.640163
37,183,052701,5702,+35.838396,-078.618367
37,183,052704,6673,+35.841466,-078.592018
37,183,052705,3799,+35.827970,-078.596745
37,183,052706,4439,+35.810175,-078.587070
37,183,052707,6417,+35.819661,-078.573986
37,183,052801,6120,+35.691337,-078.629221
37,183,052802,5704,+35.707355,-078.640264
37,183,052803,9464,+35.728617,-078.597186
37,183,052806,13750,+35.743143,-078.547342
37,183,052807,4388,+35.712181,-078.542393
37,183,052808,9146,+35.682631,-078.599896
37,183,052809,2594,+35.662600,-078.548564
37,183,052901,2871,+35.576064,-078.656283
37,183,052902,5508,+35.623654,-078.614493
37,183,052903,2914,+35.653098,-078.635320
37,183,052904,7260,+35.616765,-078.657993
37,183,053003,5465,+35.744475,-078.748206
37,183,053004,2611,+35.736079,-078.766872
37,183,053005,4980,+35.714408,-078.776371
37,183,053006,3143,+35.691634,-078.744029
37,183,053007,2866,+35.719550,-078.733891
37,183,053008,7799,+35.734964,-078.716289
37,183,053009,7235,+35.685450,-078.671419
37,183,053105,3526,+35.606133,-078.789017
37,183,053106,2895,+35.590245,-078.814624
37,183,053107,8267,+35.573286,-078.800153
37,183,053108,6473,+35.558567,-078.747244
37,183,053109,7887,+35.602839,-078.743044
37,183,053110,5523,+35.622771,-078.697901
37,183,053111,5312,+35.654176,-078.726464
37,183,053201,10377,+35.660977,-078.767143
37,183,053202,4234,+35.648451,-078.800593
37,183,053203,6736,+35.667756,-078.824861
37,183,053204,4383,+35.647958,-078.831349
37,183,053205,1707,+35.629223,-078.809543
37,183,053206,4397,+35.613158,-078.824798
37,183,053207,6663,+35.624042,-078.866311
37,183,053405,4603,+35.719272,-078.798774
37,183,053408,3885,+35.781374,-078.859488
37,183,053409,6677,+35.769024,-078.860938
37,183,053410,4567,+35.812288,-078.911180
37,183,053411,6355,+35.801297,-078.888363
37,183,053412,6046,+35.752113,-078.897264
37,183,053413,4853,+35.713845,-078.911726
37,183,053414,8709,+35.729701,-078.875906
37,183,053415,3085,+35.750280,-078.880517
37,183,053416,5267,+35.744576,-078.861716
37,183,053417,2439,+35.716201,-078.856604
37,183,053418,5350,+35.737234,-078.835140
37,183,053419,2758,+35.731132,-078.823386
37,183,053420,6018,+35.682781,-078.828375
37,183,053421,4946,+35.690893,-078.794869
37,183,053422,2456,+35.777538,-078.830407
37,183,053423,2167,+35.769012,-078.819444
37,183,053424,4528,+35.769907,-078.838111
37,183,053425,2772,+35.786845,-078.845223
37,183,053505,3610,+35.757984,-078.760902
37,183,053506,5479,+35.761405,-078.775461
37,183,053507,3603,+35.779128,-078.790599
37,183,053509,4896,+35.750932,-078.804987
37,183,053512,6392,+35.821242,-078.785917
37,183,053513,3963,+35.800871,-078.787752
37,183,053516,3490,+35.768652,-078.747424
37,183,053517,4672,+35.784379,-078.765268
37,183,053518,3653,+35.762462,-078.805667
37,183,053519,4201,+35.764165,-078.788936
37,183,053520,5230,+35.801507,-078.774363
37,183,053521,3079,+35.803777,-078.755933
37,183,053522,4825,+35.812770,-078.810311
37,183,053523,5560,+35.797769,-078.820761
37,183,053524,3217,+35.787259,-078.801567
37,183,053525,2413,+35.778064,-078.814247
37,183,053601,5351,+35.836015,-078.901986
37,183,053602,5009,+35.837649,-078.864665
37,183,053603,3728,+35.812802,-078.862146
37,183,053604,4071,+35.805764,-078.854743
37,183,053605,1829,+35.802244,-078.843593
37,183,053606,2595,+35.810741,-078.837733
37,183,053607,7322,+35.827750,-078.839563
37,183,053608,2514,+35.851353,-078.851302
37,183,053609,746,+35.849513,-078.832965
37,183,053610,8620,+35.908172,-078.797487
37,183,053707,6313,+35.875477,-078.656241
37,183,053709,6938,+35.864574,-078.725454
37,183,053711,5481,+35.891200,-078.708671
37,183,053712,2661,+35.896971,-078.692755
37,183,053713,3588,+35.878743,-078.694766
37,183,053714,4664,+35.873574,-078.684884
37,183,053715,3543,+35.865027,-078.668844
37,183,053716,4137,+35.862062,-078.648318
37,183,053717,2782,+35.910879,-078.758111
37,183,053718,3255,+35.913722,-078.745903
37,183,053719,3790,+35.926484,-078.746073
37,183,053720,4376,+35.940738,-078.721258
37,183,053721,3441,+35.920205,-078.703395
37,183,053722,4961,+35.892134,-078.671918
37,183,053723,2872,+35.891897,-078.655987
37,183,053724,5875,+35.887942,-078.733520
37,183,053725,5088,+35.878667,-078.717449
37,183,053726,3175,+35.865859,-078.705053
37,183,053803,3737,+35.950171,-078.689602
37,183,053804,3318,+35.978392,-078.675014
37,183,053805,2060,+35.951694,-078.622526
37,183,053806,3414,+35.940473,-078.638974
37,183,053807,4028,+35.915109,-078.665737
37,183,053808,5449,+35.914037,-078.625073
37,183,053900,7605,+36.011838,-078.609983
37,183,054001,5518,+35.861057,-078.627836
37,183,054004,5123,+35.858381,-078.609839
37,183,054006,3467,+35.873495,-078.633862
37,183,054007,3673,+35.887024,-078.640297
37,183,054008,6256,+35.849427,-078.572706
37,183,054011,2850,+35.891905,-078.613192
37,183,054012,3517,+35.876818,-078.610680
37,183,054013,12070,+35.920255,-078.573993
37,183,054014,12342,+35.887337,-078.551408
37,183,054015,2169,+35.863215,-078.562208
37,183,054016,6083,+35.897496,-078.587540
37,183,054017,2912,+35.880716,-078.595767
37,183,054018,2553,+35.862148,-078.591844
37,183,054104,10699,+35.843900,-078.552000
37,183,054105,11713,+35.812969,-078.551494
37,183,054106,6953,+35.781083,-078.551599
37,183,054108,6531,+35.767188,-078.456357
37,183,054109,3186,+35.737340,-078.478086
37,183,054110,8345,+35.872642,-078.515063
37,183,054111,2021,+35.851554,-078.476878
37,183,054112,2931,+35.812173,-078.470977
37,183,054113,2285,+35.814113,-078.521796
37,183,054114,4737,+35.776184,-078.521232
37,183,054115,7742,+35.785238,-078.496748
37,183,054203,3447,+35.999102,-078.543735
37,183,054204,4331,+35.994838,-078.510057
37,183,054205,4796,+35.979843,-078.499375
37,183,054206,4917,+35.968431,-078.525583
37,183,054207,8745,+35.956289,-078.556482
37,183,054208,6134,+35.943001,-078.531694
37,183,054209,8665,+35.912191,-078.518096
37,183,054210,7891,+35.912626,-078.465766
37,183,054211,8835,+35.952573,-078.475370
37,183,054301,5648,+35.871393,-078.349590
37,183,054302,6564,+35.822137,-078.319172
37,183,054402,5408,+35.770107,-078.383443
37,183,054403,3886,+35.835815,-078.415248
37,183,054404,5660,+35.799710,-078.374743
37,183,054500,7761,+35.746916,-078.655519
37,183,980100,2,+35.847507,-078.781319
37,183,980200,30,+35.850852,-078.760506
37,185,950101,2210,+36.513098,-077.993450
37,185,950102,1352,+36.472284,-077.955509
37,185,950103,2597,+36.320548,-078.003292
37,185,950200,6676,+36.460187,-078.223731
37,185,950300,4414,+36.400232,-078.159231
37,185,950400,3723,+36.308559,-078.208146
37,187,950100,5069,+35.900177,-076.540104
37,187,950200,6623,+35.847080,-076.748464
37,187,950300,1536,+35.819341,-076.581645
37,189,920100,4586,+36.288099,-081.664726
37,189,920200,4044,+36.295594,-081.802973
37,189,920300,2415,+36.229370,-081.750715
37,189,920400,8428,+36.227514,-081.689097
37,189,920500,6660,+36.212734,-081.681892
37,189,920601,5280,+36.205005,-081.663293
37,189,920602,1392,+36.188761,-081.708515
37,189,920701,2158,+36.241037,-081.561280
37,189,920702,2928,+36.189708,-081.549279
37,189,920703,5742,+36.201051,-081.627739
37,189,920800,2655,+36.139506,-081.676428
37,189,920900,4404,+36.186264,-081.796142
37,189,921000,387,+36.211558,-081.882792
37,191,000101,7215,+35.513662,-078.046110
37,191,000102,6586,+35.459688,-078.010813
37,191,000200,3282,+35.545177,-077.910583
37,191,000302,6162,+35.387365,-077.878120
37,191,000303,6326,+35.441703,-077.888154
37,191,000304,5198,+35.471047,-077.941023
37,191,000401,5253,+35.311222,-077.870695
37,191,000402,4448,+35.326641,-077.928260
37,191,000500,2325,+35.359823,-077.955716
37,191,000601,4916,+35.301214,-078.017849
37,191,000602,8980,+35.229166,-077.953335
37,191,000700,2599,+35.192738,-078.062921
37,191,000800,2521,+35.196776,-078.081753
37,191,000901,5024,+35.334879,-078.070039
37,191,000902,5665,+35.275920,-078.058871
37,191,001000,4230,+35.282845,-078.189280
37,191,001101,7820,+35.414480,-078.089496
37,191,001102,3329,+35.413898,-078.045319
37,191,001200,3641,+35.407772,-077.974517
37,191,001301,6122,+35.389177,-077.922871
37,191,001302,3334,+35.376071,-077.945219
37,191,001400,6685,+35.368318,-077.981282
37,191,001500,2587,+35.368830,-077.995462
37,191,001800,2822,+35.391187,-077.994414
37,191,001900,4460,+35.387563,-077.968342
37,191,002000,1093,+35.381208,-078.004978
37,193,960100,7044,+36.265064,-080.930369
37,193,960200,3836,+36.329115,-080.990027
37,193,960300,6358,+36.230255,-081.084862
37,193,960400,7425,+36.263565,-081.166734
37,193,960500,3286,+36.194321,-081.148745
37,193,960600,2431,+36.169154,-081.144796
37,193,960700,3525,+36.167742,-081.188362
37,193,960801,4307,+36.202016,-081.239555
37,193,960802,4453,+36.162732,-081.243105
37,193,960900,5144,+36.187727,-081.347749
37,193,961001,5140,+36.087270,-081.246340
37,193,961002,5241,+36.113677,-081.158417
37,193,961100,3979,+36.151181,-081.129766
37,193,961200,7171,+36.137896,-081.004767
37,195,000100,3730,+35.730683,-077.915388
37,195,000200,1301,+35.718749,-077.917250
37,195,000300,2366,+35.714470,-077.925850
37,195,000400,8028,+35.721089,-077.944565
37,195,000501,3574,+35.741835,-077.935802
37,195,000502,5151,+35.756805,-077.947383
37,195,000600,7282,+35.756205,-077.919997
37,195,000700,5755,+35.723392,-077.889062
37,195,000801,1862,+35.714296,-077.904903
37,195,000802,3672,+35.700710,-077.898430
37,195,000900,3716,+35.643975,-077.937232
37,195,001000,1753,+35.619761,-077.838382
37,195,001100,1665,+35.661255,-077.767910
37,195,001200,4021,+35.731874,-077.807110
37,195,001300,5587,+35.816199,-077.849656
37,195,001400,8885,+35.777344,-077.954163
37,195,001500,5495,+35.736776,-078.062138
37,195,001600,3108,+35.643791,-078.091262
37,195,001700,4283,+35.643054,-078.008499
37,197,050101,5600,+36.192872,-080.498249
37,197,050102,4066,+36.211940,-080.601841
37,197,050200,4528,+36.219742,-080.714724
37,197,050300,5964,+36.215039,-080.828806
37,197,050400,6729,+36.109199,-080.780839
37,197,050501,7130,+36.129032,-080.659805
37,197,050502,4389,+36.092975,-080.583823
37,199,960101,3954,+35.854529,-082.199675
37,199,960102,1917,+35.937742,-082.201928
37,199,960200,4624,+35.942239,-082.295379
37,199,960300,3019,+35.880772,-082.305723
37,199,960400,4304,+35.935112,-082.405162

