ACSSF,2019e1,nc,000,0108,0000001,36159,41020,69159,75117,76369,70445,80465,86184,74681,61895,44774,41891,83206,44507,37357,72206,101376,48244,23944,25739,43626,35741,47937,15204,28214,16949,37757,40001,35922,35116,19105,31176,42087,32288,36363,38699,25282,31349,47354,53661,53313,54253,62969,70147,60539,47836,37460,40238,57739,35909,32096,51736,60840,36960,17328,24826,37772,26618,44250,12800,16723,15526,26800,19815,31053,25135,17952,24465,35811,23585,24995,23540,21261
ACSSF,2019e1,nc,000,0108,0000002,36577,41327,71496,78109,81357,71155,82041,87419,76482,61971,45366,42079,83083,45186,36830,77454,101702,50592,22428,25809,43203,35018,48232,15915,26957,16952,38557,40314,36650,33795,20842,30854,40851,31161,35584,36097,24705,31767,49124,55597,55467,55801,66062,70966,70082,48374,38448,40408,66705,36376,34350,52019,61568,37489,17339,24802,37863,26744,44264,13112,17139,16012,26929,19822,31506,24908,16120,25371,35307,22302,23770,22585,20347
ACSSF,2019e1,nc,000,0108,0000003,35319,40393,62060,67573,67443,67902,72518,78165,69945,61674,42857,41533,85172,42396,40336,60413,97198,46918,26841,25368,44750,36608,47440,12317,30897,16943,36254,37819,32358,35706,18183,31649,44497,35958,37819,41212,26070,30541,44214,49972,50271,49086,52389,63754,47030,43918,35867,39718,45360,35196,28512,51123,58190,35752,17305,24852,37488,26102,44226,12062,16059,14686,26581,19795,30338,25459,19754,22069,39063,25798,27143,25101,23984
ACSSF,2019e1,nc,000,0108,0000004,36445,41235,70270,75942,77372,70708,80835,86463,74820,62272,45409,41980,83286,44973,39551,75074,101765,48498,23967,25797,43742,36074,48053,15516,28110,16775,37916,40123,35967,35059,17673,31098,41947,32264,36480,38631,25330,31609,47788,54208,54005,54522,63848,70587,59446,47978,37786,40537,58563,36094,32138,51847,60944,36939,17369,25077,37833,26441,44503,12887,16744,15486,27000,20014,31232,25330,16489,24269,37405,23901,25301,23720,21448
ACSSF,2019e1,nc,000,0108,0000005,37092,41863,71220,76959,80335,71145,82001,89310,75371,62260,45431,42024,82482,44120,40413,75147,101167,49827,24273,26237,44054,36516,49553,15886,28307,16706,39884,41027,36552,35272,17229,31154,42204,32349,36570,38362,25454,32072,49347,55377,55068,55890,65561,71428,65773,47786,38313,40890,60878,36096,35011,52116,61464,36974,17417,25229,38221,26462,44934,13188,16939,16153,27478,20082,31722,25531,16480,23056,38265,23766,25096,23717,21561
ACSSF,2019e1,nc,000,0108,0000006,36829,41168,71046,77172,81587,69648,81038,84289,77156,62113,47169,41598,84651,43481,40516,80396,110030,50585,22358,25753,41782,28634,51266,18531,26653,20415,40008,40850,37666,33292,16285,30780,40000,29704,32126,31898,24618,32248,50469,56913,56016,58122,65686,70058,58750,48710,39176,40745,77478,35744,35752,53553,65056,35014,18273,25090,33125,26288,48061,13335,19438,16335,26832,19568,31931,30721,15034,25778,40723,21840,22324,23724,20359
ACSSF,2019e1,nc,000,0108,0000007,37295,42365,71333,76874,78676,72563,84461,92161,74137,62396,44178,42319,71564,44560,40286,70443,91871,49229,25863,27046,45771,39147,48808,12291,30028,15670,39742,41233,35069,35841,17453,31366,45409,35648,38165,41523,25872,31950,47751,53518,53845,53084,65297,76031,66970,45122,37560,41055,52362,36239,32273,51802,60141,39018,17044,25354,39109,27442,44511,13036,15067,16062,28403,20350,31605,22798,18133,21698,37143,25197,26829,23713,22843
ACSSF,2019e1,nc,000,0108,0000008,31196,35555,56959,65070,65262,63977,61176,52099,68679,62418,45240,41702,101148,48778,30177,71069,139038,38405,22406,23613,42216,28201,45907,11963,26931,17885,30451,28998,31657,31812,20410,30774,40523,31899,36159,39659,25001,27400,41977,46909,48519,45609,47749,42427,51447,48928,35579,38049,32898,36080,20571,48184,55705,36779,17060,24052,35907,26068,41846,11672,15413,11621,25044,18367,26549,22016,16498,26974,25028,25054,26349,23795,19779
ACSSF,2019e1,nc,000,0108,0000009,30512,32594,57213,66231,66890,62024,56275,52192,56845,64741,46405,49369,100985,48579,11857,165896,175167,46298,21507,26418,42434,47778,42416,11094,23821,4732,26347,22918,31719,32381,19716,31392,45913,30068,35626,41470,22447,26917,41830,49017,47470,50429,39692,38820,44239,50926,36163,37080,.,36908,20232,46741,57672,42444,19561,25674,35036,8829,36868,14775,12558,11173,24162,20772,25484,25471,.,26938,25139,21048,22769,25884,15584
ACSSF,2019e1,nc,000,0108,0000010,31385,35884,56849,64167,62499,64456,62101,52034,72733,61203,42195,39488,101509,48812,31673,67015,97431,38053,23331,22945,42080,23940,46646,12149,28122,18026,31349,31086,31616,31599,21038,30555,39920,32440,36268,38745,25214,27564,42027,46489,48705,45031,50323,54932,52061,48129,35107,40041,33125,35537,21018,49060,55214,35238,16817,23531,41518,30698,45443,11277,15781,11920,25358,17712,26798,17180,16477,30007,19792,26424,28776,22864,23916
ACSSF,2019e1,nc,000,0108,0000011,30729,36043,51106,55723,56510,42436,57258,54296,66528,40606,34768,34552,76667,41808,12317,57808,62354,46708,23242,21485,41866,27993,47593,11225,30347,30215,33892,34361,32859,35641,22265,32012,43318,32768,34113,39763,23854,25844,39500,42384,41882,50025,44399,43899,61541,42453,32235,33589,42892,29488,31271,45248,57573,37093,16728,19880,37220,36038,38552,11226,16206,16403,24518,16769,26786,24293,22781,30195,26821,20882,21515,21160,19058
ACSSF,2019e1,nc,000,0108,0000012,31052,35710,55434,60879,60921,60306,60864,52351,67153,52711,41354,41064,100957,45845,24088,61894,114775,44406,22484,23249,42158,28056,46034,11739,27484,19033,30924,29964,31778,32378,21935,31254,41721,32108,35808,39684,24542,26920,41365,46434,46962,45746,47072,43039,53435,48081,35029,36708,36644,35046,23364,47227,56186,36925,16945,22872,36240,30228,40844,11599,15606,11962,24918,17463,26616,24067,21178,27293,26369,22647,24515,22013,19381
ACSSF,2019e1,nc,000,0108,0000013,34033,38910,56267,71612,78967,43393,67583,69385,72844,53775,40165,42640,.,41167,25804,51204,250001,49148,27435,.,44868,32048,56510,21423,31621,22292,40662,41483,40331,31298,17383,30799,32206,33739,35865,45215,27807,29665,50299,57249,51989,63284,61447,65063,71442,32013,36421,20482,.,44440,30737,52021,62219,46287,14577,19755,16869,.,.,10022,19333,28899,29692,20543,39978,33774,.,33663,.,22233,22265,33316,21521
ACSSF,2019e1,nc,000,0108,0000014,32163,36526,56594,62179,62272,56896,60739,49727,61515,72762,41001,41209,.,48182,.,52599,101231,21517,27873,.,57656,40601,62088,21439,24331,15103,30535,30519,35107,31737,2499,30042,44416,35283,44456,31019,29785,27666,51208,59868,54777,66641,54760,53197,86821,150385,40633,33441,.,40692,19688,59830,71673,58414,13013,25351,.,.,.,4196,19040,12042,22659,19151,29697,80571,.,.,80967,18773,16230,18396,25159
ACSSF,2019e1,nc,000,0108,0000015,33455,39644,54355,64535,64810,63664,58950,62982,51064,51352,43341,47074,91150,50266,18855,82483,120551,44194,27538,.,40954,37083,41398,20305,28149,23125,35564,46247,21696,28206,16163,25637,38125,36224,36142,41000,18955,30076,41771,42080,42021,42308,54328,55704,2499,60978,38554,43816,105023,38454,28412,50854,51833,41084,17289,23433,38965,.,38965,15605,13938,11626,26719,23055,30786,41707,.,40774,42235,25115,19501,26290,28652
ACSSF,2019e1,nc,000,0108,0000016,31376,35007,50917,47416,49063,44568,58512,32386,59830,53884,42145,43673,.,41812,.,79807,91180,.,28690,30386,32088,.,32386,10320,27087,14256,36911,37388,36339,23845,.,17320,31456,34307,35605,35660,31679,27514,37973,31583,26725,39612,50783,.,.,145219,34360,38155,.,24987,36775,51001,56534,42129,18320,24025,11168,.,.,12918,35027,25439,23467,16602,27778,.,.,.,.,31465,31741,.,.
ACSSF,2019e1,nc,000,0108,0000017,38860,41883,81992,90800,86175,102126,99968,101649,82185,.,40452,51196,122031,53936,16872,91270,110139,83985,20995,21992,41502,40970,64277,12389,31567,10386,47282,54628,41821,40392,.,24794,50282,25934,29538,25861,20343,35404,50261,52299,51916,56039,72704,82334,.,32099,39563,46337,43301,36689,14792,62612,67043,36786,17207,29411,21760,.,.,13082,18295,15956,33493,22439,36425,9177,.,.,.,23606,30236,17880,23637
ACSSF,2019e1,nc,000,0108,0000018,31737,40352,55326,70836,71275,56467,95414,65724,96308,.,38823,.,.,29579,51189,.,.,.,23333,.,37500,.,.,16476,45933,.,41736,45612,41563,35853,.,30622,40739,37845,39841,59316,20840,26438,35263,38929,42020,36287,48285,.,.,19323,25947,31548,.,26428,13321,35640,50034,35625,21604,30030,57803,.,.,16197,6468,18494,27482,21466,31313,.,.,.,.,19893,26613,17709,20042
ACSSF,2019e1,nc,000,0108,0000019,31579,37087,60352,60601,56356,66389,68952,26129,80388,75149,36897,37911,.,32423,.,131956,132150,.,12269,.,36862,.,36862,10578,26651,.,35845,36544,26563,51774,.,58643,41534,29222,37581,35440,23693,28022,41926,46713,51077,34936,70339,63708,71667,66250,32449,40077,.,34750,2499,60385,71869,31637,10832,5638,.,.,.,11925,24023,6538,25831,11229,29110,16060,.,.,.,22685,24821,11897,17016
ACSSF,2019e1,nc,000,0108,0000020,32368,35720,51787,67973,69047,52044,56016,58646,55782,58750,35950,31148,171088,40344,8182,76048,111250,41136,12076,20750,23659,24167,12345,10737,25644,.,40800,44583,30759,32429,.,23724,47956,32232,35592,40245,22015,30229,41550,51614,60719,32549,45855,108117,.,.,31238,38346,.,27089,40297,49209,55401,32075,16569,23820,.,.,.,10940,21225,16163,27081,17404,33924,27240,.,50709,21719,30700,27479,.,32618
ACSSF,2019e1,nc,000,0108,0000021,40073,40701,75586,87293,100712,86799,76450,99310,52123,190368,36585,51930,14679,12122,37127,105741,117568,105711,17205,.,37647,.,.,16520,17183,.,38436,41217,.,31010,.,30733,45621,31698,42671,40859,13363,38084,58852,61937,65335,60213,85253,87285,.,.,21917,.,.,22363,12253,66756,71601,34377,16084,25201,.,.,.,15772,15123,20315,40602,40876,37272,.,.,.,.,19441,20403,.,10994
ACSSF,2019e1,nc,000,0108,0000022,28109,31392,52306,88775,97457,57847,48240,21960,75964,36681,40752,53056,.,46397,2499,26306,26708,.,19597,.,42906,41199,56193,10742,37392,.,26801,26627,35686,35708,.,31839,42411,26751,25990,32188,27158,26368,40138,44483,45880,41699,39665,.,39665,.,23687,42413,22412,17364,23121,48616,57254,22349,15221,17452,37250,37250,.,11685,7129,11357,26943,15948,27120,2499,.,2499,.,40648,39052,51122,40091
ACSSF,2019e1,nc,000,0108,0000023,31100,40237,65536,66484,70683,64411,66605,120631,65834,.,40466,21581,.,41510,50669,76858,77380,.,16258,.,24796,.,24750,14147,29440,14299,28550,25526,31552,36240,.,40585,32658,46154,50559,60980,37378,24798,46653,48875,46538,68292,69493,.,107954,27405,37828,26275,.,24554,.,52195,52423,46502,11932,7247,2499,.,.,12078,15018,19265,23376,24448,21963,.,.,.,.,21621,22846,20639,.
ACSSF,2019e1,nc,000,0108,0000024,29624,32142,55802,56780,52246,71172,75469,70513,75990,98734,46270,40400,46782,52107,21052,67714,100056,56097,22724,19358,35650,19818,45288,16485,27083,9682,30828,31674,26308,30478,20270,27692,36212,31606,36385,36133,21877,25930,41675,49564,48819,51496,78500,93336,33731,.,35201,36247,34139,36188,11815,49232,54640,33067,16540,25468,42981,32083,43481,12341,18547,15326,22481,15578,26512,28996,.,28556,52917,22895,26538,21755,17063
ACSSF,2019e1,nc,000,0108,0000025,36126,41020,62211,64901,75437,53513,71546,81500,71310,.,47836,41031,.,50016,21068,40625,41399,.,21799,.,30812,21140,46037,23953,20243,10898,38113,51370,30366,40904,9891,33462,49367,36168,44029,32581,27650,31689,42961,46553,41532,51994,77188,66841,.,.,40570,37876,43695,40576,50787,53156,62838,42577,23377,29042,.,.,.,14769,16635,21461,30235,25910,31325,31149,.,.,31404,22863,31586,10125,17645
ACSSF,2019e1,nc,000,0108,0000026,41052,42449,68131,68726,75545,68236,76050,81514,72805,62425,50710,54242,66076,24892,63887,65641,69583,56346,25895,50433,51912,31071,.,20000,27565,33796,39551,40060,39397,35871,24858,35386,41131,25703,30455,25581,13244,37933,54471,60644,72044,50884,65982,69357,55143,52932,41284,45727,125434,37908,35864,67025,72081,37554,19818,26657,35030,20078,.,11686,30365,15930,23723,15515,31442,45781,.,40469,75540,25407,23378,37693,25348
ACSSF,2019e1,nc,000,0108,0000027,35389,40519,64716,71032,73576,51587,69929,92772,62410,52653,45528,45014,155144,52679,11261,75150,82383,50820,20474,22011,54408,19305,61538,12619,21028,14579,41322,41438,41148,34162,40014,30808,42090,29235,26894,39717,22303,31284,47679,52015,55512,47706,65711,66388,55241,80890,37245,36029,65791,37378,41222,52297,59206,25704,13325,20981,9320,4086,30489,9007,20175,11632,28049,18155,31294,31152,17310,21218,38730,27520,24709,30532,20882
ACSSF,2019e1,nc,000,0108,0000028,35721,39693,70877,99171,99650,48171,60224,63825,116250,.,51618,51120,.,50802,62485,42405,.,.,30848,.,41450,41250,41860,10506,30533,.,16681,16635,22875,27285,.,26527,40375,38092,41324,59523,15046,32700,48095,53333,50750,78115,55262,55679,.,.,42252,35388,.,50182,.,40640,55176,40580,26232,26776,.,.,.,12479,18036,12365,30023,30565,27032,.,.,.,.,37448,40635,.,19309
ACSSF,2019e1,nc,000,0108,0000029,36291,40924,67250,74301,73311,81991,73450,67947,83119,74350,46908,40667,92049,45072,53963,75444,101354,50032,27618,24383,56038,35925,66358,19739,31910,14690,41330,40816,48453,35876,26250,31133,41732,32047,36669,30803,26636,31464,49322,56103,60990,50625,50477,49655,69651,37223,41916,39414,62042,39318,50600,52469,58432,31569,20784,27823,30841,30426,.,13526,23092,17564,28354,22466,30468,16731,.,.,36188,24593,27325,22439,23476
ACSSF,2019e1,nc,000,0108,0000030,35097,39487,66613,69121,74185,60374,81040,67250,83344,95691,48814,41113,230029,52785,56080,134057,144467,49629,17269,24758,29405,26899,39863,15890,25350,11471,36916,40140,35972,36496,15857,36267,39313,30018,30844,26853,29900,30667,47483,53611,54694,52906,48354,52509,66218,37068,40138,40840,58355,40264,32688,55322,61083,46435,15896,22220,39587,38786,.,11662,21470,8352,26595,16048,31438,35600,.,35706,35404,21317,20754,21946,21372
ACSSF,2019e1,nc,000,0108,0000031,33190,37854,60283,67092,66122,77829,66364,87105,58367,.,46333,40000,.,43080,45820,46737,.,46507,25678,30382,62250,55718,65508,10827,22587,15242,32282,20678,40941,30847,26917,27127,49366,31358,40893,39833,27432,29202,45587,45430,38939,46914,61788,62200,62455,61075,31206,35417,24414,31529,50265,56520,66153,48569,18438,25588,4508,4415,.,16319,19399,9506,21229,11947,32229,72000,.,72000,.,21765,20869,26730,19200
ACSSF,2019e1,nc,000,0108,0000032,32930,39693,68045,80621,85144,70651,54979,46523,81858,.,52019,27400,71294,54047,41798,29382,26753,30193,23108,21731,23734,22549,.,18735,41645,21542,32386,41514,18369,30440,23951,26218,43767,40005,49550,51288,27061,30668,42328,37438,40089,33889,43450,101198,.,.,39323,37391,50032,39467,42902,57923,65571,26219,12480,35585,4330,.,.,14311,15054,11395,27221,16013,31883,11274,.,.,.,28858,29444,.,21826
ACSSF,2019e1,nc,000,0108,0000033,36881,47415,70721,72976,81933,67763,76343,78140,76136,46220,55382,44627,.,56528,37273,71302,71442,.,18799,.,46208,51207,45421,7813,30335,36400,40161,37873,40851,44993,.,42968,46816,40213,40510,44935,31837,29909,42162,59216,56931,61961,70829,71852,.,.,29131,46953,48962,28581,4453,37210,50354,30878,16522,28974,.,.,.,9221,12223,15955,27549,22241,28942,32273,.,20272,46923,25845,25246,86536,27950
ACSSF,2019e1,nc,000,0108,0000034,40593,45428,63246,64007,63456,75419,99764,106137,49583,91278,40275,69078,36582,29667,49186,49114,74208,48372,35709,30254,42461,41986,45707,16127,32453,.,42380,52453,30286,42327,18816,41721,56462,41046,50674,41579,26633,33840,42822,42025,41571,48105,44453,44848,75738,42937,45595,44339,73991,30843,32794,40335,50064,30891,16372,21548,38770,.,.,12449,11776,24491,32027,16238,36351,9882,.,.,.,26396,28122,.,26230
ACSSF,2019e1,nc,000,0108,0000035,40794,49065,80524,85026,87067,80474,48617,45411,82041,.,45739,.,.,46364,26775,137458,137458,.,19506,.,22083,21956,38466,11211,10401,.,38376,39252,31111,50524,.,32140,62366,38976,49048,40037,37808,35761,55449,65815,66843,55232,60565,85709,.,.,45104,48183,39054,41773,.,57150,59528,56004,20321,26753,.,.,.,19523,7775,14817,31253,28362,35530,.,.,.,.,32500,31696,53353,27837
ACSSF,2019e1,nc,000,0108,0000036,41318,46953,79716,87460,91806,81475,81532,86475,71555,81250,48699,48481,100235,37687,47000,76101,100250,61177,25817,27216,43350,34608,56782,19233,27591,31392,43496,46868,40579,35451,16985,31762,42448,32901,35270,45054,26936,36736,53008,61115,62096,60074,71169,71993,47179,47716,41076,42248,80514,36010,41615,57009,63671,38162,21085,27389,36292,29906,57479,14557,17781,21281,31198,25815,34035,28526,.,27073,39497,21393,22873,26334,17891
ACSSF,2019e1,nc,000,0108,0000037,32340,35642,57206,81481,56782,82151,57480,82964,56486,.,55162,56119,.,40500,31695,36371,70319,36129,21086,13799,48192,48313,41750,21348,19597,7634,26189,21884,30400,30364,23109,21538,41670,35268,36392,36917,30179,30747,41328,45516,48750,45332,34565,.,.,.,25478,37030,.,31301,9449,57940,59477,36688,11013,13001,31795,.,31660,6964,11919,11157,27356,28239,27127,8924,.,.,.,21055,2499,32731,36091
ACSSF,2019e1,nc,000,0108,0000038,33372,39066,48865,47250,46012,50961,57891,86250,49235,.,29112,28074,.,34076,.,250001,250001,.,17383,.,52582,49896,.,11053,18545,.,34133,35498,26757,36778,39423,35413,44115,43098,44819,45410,18047,26814,39211,49870,49320,65336,38941,.,.,.,23053,39665,57524,17059,.,41201,41839,31866,20037,21240,26873,26735,.,17378,8672,11237,25735,16215,26647,.,.,.,.,32593,42223,.,20806
ACSSF,2019e1,nc,000,0108,0000039,33925,36736,70116,70789,71364,70559,76531,113217,71667,30357,44611,48958,31362,41275,32400,96148,96376,38567,25526,15853,49077,48250,58676,12293,30187,25651,34427,33957,40384,31155,29940,27977,36157,22427,34641,16036,15153,30958,45312,48703,45379,66693,48737,77554,50609,43825,40459,32310,101431,40230,36265,50859,62321,31848,14586,17192,21475,21475,.,13271,11431,19450,24764,23902,30220,40356,.,.,.,15960,13451,26554,35545
ACSSF,2019e1,nc,000,0108,0000040,26587,30740,60078,61535,65616,60730,51741,60799,51753,.,35906,92706,.,26865,.,65588,66215,51993,19425,.,34124,4893,34231,14389,23675,47635,31374,30703,36622,28317,47897,21711,35937,21864,35079,29231,6692,23219,40227,45438,45615,44770,38298,25838,26795,.,34458,47328,34943,34966,6484,45510,80710,43877,14849,28750,53057,.,.,15169,13284,15699,21400,16126,24752,21579,.,.,.,25347,16133,26933,.
ACSSF,2019e1,nc,000,0108,0000041,38672,45182,71622,70848,85625,64061,81869,81320,122800,51793,52075,30289,140393,44947,55852,151660,151660,.,20225,.,57157,75199,42041,11775,40788,3497,19142,16093,25651,35009,.,28972,41474,29554,38088,31468,8560,31574,50355,54808,56472,41674,51144,96605,.,33342,40367,50561,66645,33880,36536,50752,57484,20557,19285,24621,14956,.,.,11689,21632,26880,26911,21205,32083,6106,.,.,.,20711,26436,11541,27607
ACSSF,2019e1,nc,000,0108,0000042,32659,38439,55892,61417,65230,60958,65955,74880,65725,61678,39098,31144,58647,32131,39074,70588,120911,57311,26410,26114,43647,100643,41830,22074,50374,12018,41185,45625,40012,32037,.,31820,34679,30156,40350,33602,22612,30446,46855,43542,40630,57594,50783,53411,.,46879,39773,55945,42396,39265,23407,50811,61688,30387,19262,20235,40746,.,40746,19920,31370,10176,22194,12231,31866,19020,.,.,.,30527,30654,9535,31715
ACSSF,2019e1,nc,000,0108,0000043,31993,40259,60812,61471,61011,73115,63086,57000,65975,.,40805,36563,.,41344,.,83770,90844,.,23042,.,31667,15109,46065,2499,33469,18125,33807,26005,42161,32447,24950,17489,45474,37211,35655,43353,38443,24411,40526,43793,45066,43693,64030,64720,67817,.,30038,.,38922,30318,28967,50723,60588,27427,15598,24085,12123,.,.,13234,17841,7091,25628,17399,32009,.,.,.,.,20138,19878,23719,17090
ACSSF,2019e1,nc,000,0108,0000044,29322,32056,52068,65770,60993,67382,70342,70427,70941,.,41317,41150,.,49718,.,47295,91325,35723,29265,16983,40165,27018,40723,4882,28077,.,35249,40404,31699,30167,15639,31117,27302,31202,32946,39920,21615,25402,42135,39365,39750,38877,36005,33554,40495,.,42657,45745,.,42738,.,45470,50245,42652,15748,19529,43143,.,43641,13487,16274,15421,22669,10013,26890,9416,9416,.,.,22262,21971,28333,19589
ACSSF,2019e1,nc,000,0108,0000045,30037,38142,58353,71266,71899,44932,56464,.,76890,.,27409,35655,.,40706,11599,160115,161000,.,28887,.,45571,29141,46395,25288,21540,.,31741,30766,44154,35395,11433,35918,27468,32464,32224,42236,27378,24366,48204,47736,49056,26485,71633,.,.,.,40638,46786,.,36648,.,53493,60348,29797,11246,14501,.,.,.,13527,4814,6810,26005,29760,24829,.,.,.,.,24891,30078,24112,23110
ACSSF,2019e1,nc,000,0108,0000046,35392,41995,64901,70082,70274,61700,65473,105530,51554,.,51296,52845,.,51169,45374,121409,135793,.,40522,41013,46304,46159,46338,18118,32654,55691,42857,50199,25889,32494,11820,35701,40116,36802,34804,55362,29319,27532,40994,42910,46025,40794,42018,51202,41382,30250,35252,36358,.,27105,26331,53676,62309,26596,17215,15632,.,.,.,17708,15199,23629,26960,14208,32084,6406,.,.,.,22959,22627,25677,22500
ACSSF,2019e1,nc,000,0108,0000047,31680,39786,51305,57083,67755,.,51343,41813,60408,.,46978,.,.,56612,45662,55551,67287,39089,44421,11702,61455,.,61841,13193,48225,.,50465,51030,50018,27041,.,29101,24482,32040,34286,125010,21910,26761,39770,41858,42483,31884,.,.,.,.,41807,.,.,41413,.,36484,36699,33922,23201,26398,.,.,.,7756,20127,12121,26296,30394,26085,25458,.,.,26431,26225,35711,.,26227
ACSSF,2019e1,nc,000,0108,0000048,30906,35798,52185,60940,65699,41329,50813,51167,43261,.,50172,70041,.,46990,18529,79159,114725,45280,25243,50434,46307,56667,.,9115,26502,44400,33400,29633,43333,25864,4367,21128,45529,33013,37721,34917,25496,26068,40278,46345,45741,50966,65487,65487,.,.,27447,37017,.,25449,29093,50216,52423,29092,21017,24790,.,.,.,6931,6346,15519,21729,15962,24638,.,.,.,.,25576,26197,17363,25141
ACSSF,2019e1,nc,000,0108,0000049,42163,51970,100427,102216,100960,117746,117480,131619,75497,.,47030,45423,188852,43438,77601,82248,226920,.,30305,50879,48412,35386,51730,4927,31163,11267,42309,52130,40030,41305,47309,35705,51068,35060,35733,41057,31514,34496,47221,55580,56816,55343,63750,70861,91122,46556,36235,30494,85042,36924,23023,45634,52307,31850,11945,23181,24087,22669,57417,10284,12315,14020,29623,25383,31357,11353,.,.,.,24932,31662,50574,17643
ACSSF,2019e1,nc,000,0108,0000050,46871,54064,90475,92212,102028,76354,97899,100240,97654,85795,52371,50440,82954,53573,50353,87342,101880,31723,24701,27393,50962,43665,51974,16649,29037,16479,42166,46852,39717,35875,14783,32469,39517,30868,37406,30151,22329,40477,56121,67741,69064,67470,73078,79536,87662,57543,40658,46568,71919,34741,41883,54504,64804,33215,20524,26996,51386,41641,66432,16550,19280,20557,31857,21386,34742,16663,15672,16560,25545,22336,27983,17493,21183
ACSSF,2019e1,nc,000,0108,0000051,30305,33224,42627,54361,52595,68423,42109,.,40625,52240,32817,17396,.,38516,.,27656,153927,21664,21410,.,53369,31375,61705,16649,31014,.,40838,41980,30679,32281,9436,32345,40733,28291,37437,29097,13773,25907,45114,47054,47071,47047,35962,.,.,.,38903,41420,.,26208,40677,51369,62004,40571,15911,17496,36626,.,36626,8365,14983,6880,20420,11816,28380,4714,.,.,.,22831,21833,25847,16004
ACSSF,2019e1,nc,000,0108,0000052,31890,35778,57288,54107,72795,41228,56491,70739,.,.,55793,76035,.,73454,51133,68777,.,.,27513,26786,34401,34401,.,5066,36476,.,35431,37446,33429,26538,.,23975,32371,35087,40413,41729,21139,30295,45814,51019,50216,55425,.,.,.,.,24009,56425,.,24483,.,61823,76378,34605,19832,24663,.,.,.,10944,25397,.,18574,12889,21224,.,.,.,.,28071,35698,2499,27358
ACSSF,2019e1,nc,000,0108,0000053,32118,37121,51353,46742,71098,31926,51250,36974,57283,75822,49534,48233,.,61969,.,250001,.,.,17143,.,57995,59217,21610,10164,22848,.,27159,26533,45312,45390,5994,45056,45825,35781,37101,57519,19567,30014,43434,60057,70882,53320,39764,.,.,.,17461,.,.,40131,12911,47281,70897,43998,21319,31181,.,.,.,21125,13166,10877,22754,12381,23737,.,.,.,.,30141,30974,.,27835
ACSSF,2019e1,nc,000,0108,0000054,30976,32263,64741,82261,87295,55787,72836,64583,74444,.,36957,48821,.,56000,22544,120783,121567,39668,29201,.,.,.,.,30249,28925,30756,29025,36438,19912,19668,.,19456,24058,21618,31318,35350,15308,28629,40258,34820,36422,15568,49776,32662,121509,61277,39041,42692,176440,36529,40329,49236,70878,32440,20779,27691,.,.,.,16229,2499,7481,25393,23584,30668,42131,.,40774,50045,21508,9748,24777,.
ACSSF,2019e1,nc,000,0108,0000055,60506,81664,101012,119419,127312,91261,100783,100778,116096,62039,58296,61400,83885,68726,50496,150399,200483,50843,19563,32125,44829,31655,47324,12644,28024,35612,43486,50604,40538,26921,.,24641,35838,34713,35071,50096,20761,46106,61227,71388,80938,62464,82231,90981,82099,66022,37265,34229,155040,35570,36258,59172,77769,32820,20140,11972,50750,.,.,10361,22150,21134,36290,35821,37221,.,.,.,.,27240,37479,29715,4886
ACSSF,2019e1,nc,000,0108,0000056,40657,45224,75575,82151,87667,80537,79210,82020,68729,69926,46511,49905,102855,37481,41383,75733,108555,60442,26224,27015,43185,35651,56981,20844,26475,36358,42797,45351,41018,35487,17197,31888,42906,31519,32020,36543,26879,35971,53150,59972,60249,59466,70565,71451,46859,46481,41297,41014,80318,37820,42856,58112,65029,40383,21079,27654,29795,28912,55646,15103,18105,21607,30304,24299,32436,29979,.,26842,52070,21223,23257,26516,17404
ACSSF,2019e1,nc,000,0108,0000057,40181,42183,91729,90079,90858,82165,102080,110042,101267,.,60209,71250,152016,60953,36543,179272,178585,.,20318,.,70210,44035,71931,11487,40017,.,45839,45822,50050,40859,.,24466,44500,21734,31538,17495,15373,36007,51170,51566,51139,55934,62254,110675,.,31213,43406,75048,44299,41353,7180,68548,74507,34188,21277,27246,.,.,.,16921,27467,15220,35346,14777,36214,.,.,.,.,30446,30921,18877,10205
ACSSF,2019e1,nc,000,0108,0000058,40821,42222,67841,68759,77040,68099,78409,81989,75779,62340,47820,53406,70516,24538,57205,62089,68497,56346,25189,50139,51912,31071,.,20000,22448,34468,38473,37158,38709,35179,.,34693,40265,25917,27413,25875,11902,37916,53935,61660,74053,51127,66369,69357,77924,52727,39543,49951,125743,32106,35183,65683,72208,37685,20200,26591,35030,20078,.,11488,30365,16267,22848,15352,31363,45781,.,40469,75540,25231,23404,39807,25402
ACSSF,2019e1,nc,000,0108,0000059,28044,31110,56509,61327,55666,96689,56891,41618,82620,98474,41700,39861,151314,47333,20841,71558,101607,47167,21700,.,31654,20434,36546,17667,28471,9803,30700,31635,25336,30269,21483,28908,31280,30405,31169,32120,22519,24677,41374,56424,50000,61900,54101,65806,.,.,34909,36195,30625,35916,11241,48345,61221,31593,16034,23673,39784,31042,42962,12834,11885,15257,22168,15618,27200,2499,.,.,.,21582,25142,23325,16273
ACSSF,2019e1,nc,000,0108,0000060,31872,35862,85685,86504,87150,85072,85444,93520,84437,85616,60021,38700,135492,60982,.,250001,250001,.,26065,24244,66146,56297,67474,22804,29948,21272,30906,29026,50588,28713,.,22053,31683,31845,35713,30942,30272,30321,47399,65949,66389,50000,60112,49282,.,.,42376,45646,.,41060,35947,59291,69811,30259,20217,25061,60946,21892,.,13494,24860,15931,25457,10187,28589,35557,.,.,.,21447,18000,31442,20467
ACSSF,2019e1,nc,000,0108,0000061,32831,38081,61344,61949,64459,54145,64364,60349,81083,62326,53987,37241,200038,57406,55966,153231,146635,250001,18710,32199,16214,15190,38125,17338,21098,12353,37178,41429,36340,36439,16046,35421,42426,28868,28940,30069,28758,28160,46687,55908,52191,60254,52048,42365,66591,39336,40375,41551,57817,40735,26300,55313,58697,48451,13258,22829,70788,.,.,10031,20841,8164,26370,17099,30273,34924,.,35426,33323,20509,20059,21198,25105
ACSSF,2019e1,nc,000,0108,0000062,30540,32659,47812,55123,52500,.,65597,84145,31799,.,32143,.,58435,31612,21845,66484,70608,65656,25446,25510,41801,.,.,24024,50434,11705,40129,41975,34004,23968,.,120655,7252,23567,31799,31635,22149,27646,45823,34349,31889,58425,47278,85020,.,46628,37780,62419,.,27230,23297,48881,61555,24846,19169,20337,.,.,.,19663,26760,6667,21693,12422,30820,.,.,.,.,30971,35259,9353,31715
ACSSF,2019e1,nc,000,0108,0000063,31116,33830,67093,62446,62081,71673,76100,85614,67154,57306,66373,66975,91429,49470,66213,75963,80320,.,15975,.,28552,27798,66173,15610,35850,11174,31665,31064,32244,33463,.,25778,37259,29995,31436,28090,26766,26796,44472,49919,52845,48320,66365,65750,.,.,36607,32968,.,29553,57205,40503,54247,36434,20010,23855,.,.,.,19841,17003,4925,27367,16229,31644,.,.,.,.,20093,15606,40053,20557
ACSSF,2019e1,nc,000,0108,0000064,25701,30587,54140,48621,53750,37235,.,.,.,.,53085,.,.,17166,.,.,.,.,18094,.,32082,.,31626,17027,12121,.,52526,51250,55011,31623,.,22563,36148,20645,.,25796,13906,24408,50264,47428,47366,.,.,.,.,.,52339,.,.,51181,.,80003,80898,.,16148,34252,.,.,.,13841,21596,11287,20478,15448,25315,.,.,.,.,.,.,.,.
ACSSF,2019e1,nc,000,0108,0000065,42179,46562,72615,76859,81754,66694,81996,85567,80214,82667,51009,38631,77380,46361,51563,81275,102126,27304,26132,43162,44144,32790,51658,20800,31520,32662,42270,43576,41804,32254,.,31036,36707,30220,36856,28253,22795,40016,52743,65470,65465,65480,61193,65038,71856,43333,41267,47305,79439,31308,55966,51635,62692,31148,21384,31028,66693,48448,70131,14783,19969,20238,32262,19372,37126,16900,.,17164,.,21437,25502,16165,21228
ACSSF,2019e1,nc,000,0108,0000066,30964,34072,62969,73738,81888,53989,74461,76862,72724,.,42848,55707,26205,51760,25729,77609,67243,110417,21519,15853,46174,23458,.,14384,30275,25185,34279,34228,34779,26035,.,24074,35813,23132,26886,16822,21684,26966,41373,44738,40369,61508,41488,42447,20788,47946,40093,31540,101174,40386,22614,44683,56784,30371,12348,20670,21573,21573,.,12215,12280,8950,22268,24917,21632,41300,.,.,.,28643,11502,75005,36035
ACSSF,2019e1,nc,000,0108,0000067,31682,36386,54404,54472,63050,50951,62083,66918,70254,51784,41918,32088,155536,54137,6855,80508,82070,61149,20856,21570,60164,18325,61556,14812,20608,31042,40287,40445,40143,35287,.,26937,45761,27468,21797,35459,25620,29914,46153,48955,51259,44923,64235,65290,.,64733,36057,31857,65791,36858,33836,52666,59200,25545,15533,20963,9022,4375,9592,10380,21235,11968,27216,17248,31275,20678,.,20903,.,29044,30023,30971,21063
ACSSF,2019e1,nc,000,0108,0000068,30976,32263,64741,82261,87295,55787,72836,64583,74444,.,36957,48821,.,56000,22544,120783,121567,39668,29201,.,.,.,.,30249,28925,30756,29025,36438,19912,19668,.,19456,24058,21618,31318,35350,15308,28629,40258,34820,36422,15568,49776,32662,121509,61277,39041,42692,176440,36529,40329,49236,70878,32440,20779,27691,.,.,.,16229,2499,7481,25393,23584,30668,42131,.,40774,50045,21508,9748,24777,.
ACSSF,2019e1,nc,000,0108,0000069,40657,45224,75575,82151,87667,80537,79210,82020,68729,69926,46511,49905,102855,37481,41383,75733,108555,60442,26224,27015,43185,35651,56981,20844,26475,36358,42797,45351,41018,35487,17197,31888,42906,31519,32020,36543,26879,35971,53150,59972,60249,59466,70565,71451,46859,46481,41297,41014,80318,37820,42856,58112,65029,40383,21079,27654,29795,28912,55646,15103,18105,21607,30304,24299,32436,29979,.,26842,52070,21223,23257,26516,17404
ACSSF,2019e1,nc,000,0108,0000070,40181,42183,91729,90079,90858,82165,102080,110042,101267,.,60209,71250,152016,60953,36543,179272,178585,.,20318,.,70210,44035,71931,11487,40017,.,45839,45822,50050,40859,.,24466,44500,21734,31538,17495,15373,36007,51170,51566,51139,55934,62254,110675,.,31213,43406,75048,44299,41353,7180,68548,74507,34188,21277,27246,.,.,.,16921,27467,15220,35346,14777,36214,.,.,.,.,30446,30921,18877,10205
ACSSF,2019e1,nc,000,0108,0000071,31872,35862,85685,86504,87150,85072,85444,93520,84437,85616,60021,38700,135492,60982,.,250001,250001,.,26065,24244,66146,56297,67474,22804,29948,21272,30906,29026,50588,28713,.,22053,31683,31845,35713,30942,30272,30321,47399,65949,66389,50000,60112,49282,.,.,42376,45646,.,41060,35947,59291,69811,30259,20217,25061,60946,21892,.,13494,24860,15931,25457,10187,28589,35557,.,.,.,21447,18000,31442,20467
ACSSF,2019e1,nc,000,0108,0000072,40806,42223,67847,68630,76489,68099,79136,82372,75779,62340,47820,53406,70516,24538,57205,62089,68497,56346,25189,50139,51912,31071,.,20000,22448,34468,38473,37158,38709,35179,.,34693,40265,25917,27413,25875,11902,37860,53821,61512,74053,51009,66369,69357,77924,52727,39543,49951,125743,32106,35183,65683,72208,37685,20200,26591,35030,20078,.,11488,30365,16267,22848,15352,31363,45781,.,40469,75540,25231,23404,39807,25402
ACSSF,2019e1,nc,000,0108,0000073,28044,31110,56509,61327,55666,96689,56891,41618,82620,98474,41700,39861,151314,47333,20841,71558,101607,47167,21700,.,31654,20434,36546,17667,28471,9803,30700,31635,25336,30269,21483,28908,31280,30405,31169,32120,22519,24677,41374,56424,50000,61900,54101,65806,.,.,34909,36195,30625,35916,11241,48345,61221,31593,16034,23673,39784,31042,42962,12834,11885,15257,22168,15618,27200,2499,.,.,.,21582,25142,23325,16273
ACSSF,2019e1,nc,000,0108,0000074,32831,38081,61344,61949,64459,54145,64364,60349,81083,62326,53987,37241,200038,57406,55966,153231,146635,250001,18710,32199,16214,15190,38125,17338,21098,12353,37178,41429,36340,36439,16046,35421,42426,28868,28940,30069,28758,28160,46687,55908,52191,60254,52048,42365,66591,39336,40375,41551,57817,40735,26300,55313,58697,48451,13258,22829,70788,.,.,10031,20841,8164,26370,17099,30273,34924,.,35426,33323,20509,20059,21198,25105
ACSSF,2019e1,nc,000,0108,0000075,30632,33099,66906,66141,61887,95994,75463,76840,67154,57306,66049,66975,91429,48871,66213,75963,80320,.,15775,.,27748,27798,.,15610,35850,11174,32168,31064,33971,30635,.,25778,35795,28817,31296,24180,26557,25831,41747,48941,66128,47592,66365,65750,.,.,35678,32968,.,28798,57205,37152,45351,36434,20171,23855,.,.,.,19841,17181,4925,26892,16229,31313,.,.,.,.,19923,15606,40053,20264
ACSSF,2019e1,nc,000,0108,0000076,30540,32659,47812,55123,52500,.,65597,84145,31799,.,32143,.,58435,31612,21845,66484,70608,65656,25446,25510,41801,.,.,24024,50434,11705,40129,41975,34004,23968,.,120655,7252,23567,31799,31635,22149,27646,45823,34349,31889,58425,47278,85020,.,46628,37780,62419,.,27230,23297,48881,61555,24846,19169,20337,.,.,.,19663,26760,6667,21693,12422,30820,.,.,.,.,30971,35259,9353,31715
ACSSF,2019e1,nc,000,0108,0000077,25701,30587,54140,48621,53750,37235,.,.,.,.,53085,.,.,17166,.,.,.,.,18094,.,32082,.,31626,17027,12121,.,52526,51250,55011,31623,.,22563,36148,20645,.,25796,13906,24408,50264,47428,47366,.,.,.,.,.,52339,.,.,51181,.,80003,80898,.,16148,34252,.,.,.,13841,21596,11287,20478,15448,25315,.,.,.,.,.,.,.,.
ACSSF,2019e1,nc,000,0108,0000078,60293,81616,100986,120166,127364,91341,100680,100648,116096,62039,58296,61400,83885,68726,50496,150399,200483,50843,19563,32125,44829,31655,47324,12644,28024,35612,44587,51007,40538,30775,.,24641,36358,34452,35071,50096,20279,45805,60780,70559,80033,62464,82231,90981,82099,66022,37265,34229,155040,35570,36258,57605,77055,32820,20011,11972,50750,.,.,10361,22150,21091,36275,35821,37175,.,.,.,.,27240,37479,29715,4886
ACSSF,2019e1,nc,000,0108,0000079,42114,46459,72708,77250,82035,66414,82074,85894,80214,82667,51009,38631,77380,46361,51563,81275,102126,27304,26132,43162,44144,32790,51658,20800,31520,32662,42077,43576,41377,32254,.,31036,36707,30220,36856,28253,22795,39948,52726,65366,65316,65480,61193,65038,71856,43333,41188,47305,79439,31222,55966,51635,62692,31148,21384,31028,66693,48448,70131,14783,19969,20238,32160,19284,37126,16900,.,17164,.,21437,25502,16165,21228
ACSSF,2019e1,nc,000,0108,0000080,30964,34072,62969,73738,81888,53989,74461,76862,72724,.,42848,55707,26205,51760,25729,77609,67243,110417,21519,15853,46174,23458,.,14384,30275,25185,34279,34228,34779,26035,.,24074,35813,23132,26886,16822,21684,26966,41373,44738,40369,61508,41488,42447,20788,47946,40093,31540,101174,40386,22614,44683,56784,30371,12348,20670,21573,21573,.,12215,12280,8950,22268,24917,21632,41300,.,.,.,28643,11502,75005,36035
ACSSF,2019e1,nc,000,0108,0000081,31682,36386,54404,54472,63050,50951,62083,66918,70254,51784,41918,32088,155536,54137,6855,80508,82070,61149,20856,21570,60164,18325,61556,14812,20608,31042,40287,40445,40143,35287,.,26937,45761,27468,21797,35459,25620,29914,46153,48955,51259,44923,64235,65290,.,64733,36057,31857,65791,36858,33836,52666,59200,25545,15533,20963,9022,4375,9592,10380,21235,11968,27216,17248,31275,20678,.,20903,.,29044,30023,30971,21063
ACSSF,2019e1,nc,000,0108,0000082,33831,38076,64461,66988,66609,67743,74225,83000,72366,60959,44730,48392,58580,31854,49645,64837,75792,55200,22810,38657,47284,21968,51411,12269,25849,20789,34731,33989,36385,35685,25941,35049,41560,30583,32142,36456,22865,30405,46375,51117,52465,48347,52768,63594,52043,49025,37880,38862,81794,36106,34051,52107,68124,37696,19477,22257,39561,9511,45709,12191,25811,11897,22986,16334,27284,27771,23002,30278,43516,23094,25106,14266,20666
ACSSF,2019e1,nc,000,0108,0000083,42065,50118,90319,96191,101412,76005,101534,109750,97840,101098,51098,45767,62470,51117,46234,61931,101636,47752,26520,16420,52697,53738,50097,11010,26501,21744,40186,36939,40750,38479,36203,33357,46330,36692,42098,41589,24823,36407,51244,61719,60376,62747,70826,78649,77228,47100,41539,43673,70518,35561,35854,51056,57401,40368,17417,24057,31720,31828,29712,14280,17266,16131,30415,21019,32010,20888,21140,19787,11888,28964,33351,26024,25144
ACSSF,2019e1,nc,000,0108,0000084,32000,37262,60689,61989,61737,62196,64741,62813,65663,62155,37803,35261,93594,40988,12499,70429,131388,60574,23665,26067,41835,34426,42204,15018,30402,14943,36274,38368,31402,31894,27343,29744,36685,35583,39541,39086,20201,29361,41657,46131,45942,46559,54743,47697,79144,45855,36413,37404,41223,36651,20466,47255,59563,35866,16696,21426,35914,30035,37194,14970,12743,15395,25050,17094,28196,21266,18428,21429,36144,26114,27513,25145,16489
ACSSF,2019e1,nc,000,0108,0000085,43554,50369,81253,84737,91371,70994,90092,91286,87952,79663,51690,48051,105909,51223,50823,91136,101988,25170,23096,40880,43491,29312,51687,16921,31422,15897,40299,41367,38279,35130,13464,31635,37490,29935,36664,29404,21143,38824,53438,63676,63143,64320,67412,77091,76046,50667,39019,46995,71700,32930,40102,55010,65506,30066,20978,30763,51909,20960,65408,16001,20732,20650,31384,20508,35460,16396,15696,16342,53135,21248,25485,15761,19717
ACSSF,2019e1,nc,000,0108,0000086,32952,36916,60018,65753,67284,50994,61792,73857,61001,51509,42456,46371,155144,47798,22089,68754,81269,40074,22892,25613,45788,27917,60190,14580,25230,14719,35744,34054,36866,31832,15404,26599,45275,31232,33762,37343,20897,30561,45536,50747,51576,48461,60374,60816,55630,63131,35463,36058,34490,35056,35611,51653,60080,30544,16768,22885,27238,4674,44135,10814,17928,11830,26083,16213,30859,26202,50477,21161,37699,26554,25126,31484,25251
ACSSF,2019e1,nc,000,0108,0000087,34685,40116,62560,72132,73624,65417,72226,68406,76178,62153,41030,42137,61049,40004,37002,83790,152118,44916,22400,41004,38336,27424,45469,10798,30348,17110,38694,39585,37328,33501,17298,31472,41827,32030,35015,42194,25094,29691,50252,54464,57032,52787,63015,65188,71190,42520,35158,36285,52533,35800,25316,54981,62253,41924,14783,18087,29978,17031,43812,10934,15450,13171,28679,20588,32162,30366,.,32753,32790,22223,22252,25114,20252
ACSSF,2019e1,nc,000,0108,0000088,32008,36552,57202,62159,61731,67629,66915,76688,52172,57202,38698,40414,31442,40406,26589,60903,96371,42611,27870,21361,47375,43351,55414,15456,30986,25298,33794,34432,30969,32424,19109,31291,42327,32729,38329,35653,24945,27385,45025,48690,45698,58365,51433,64688,52319,42439,39301,34612,55648,38791,29533,51272,59205,40457,15541,21379,36418,22270,37161,10890,13793,15397,23810,17359,29332,31563,20252,30653,80402,20458,21554,19607,19013
ACSSF,2019e1,nc,000,0108,0000089,32446,37645,64226,71585,64770,83391,83808,98782,76441,47721,41514,41794,140223,50933,20536,71032,101126,55154,22028,20936,41762,40683,45879,16727,28100,10594,36062,36815,31031,35440,17055,30075,41410,32067,35339,38116,21872,30187,44213,50172,50932,46724,52953,71403,35659,41203,35509,40203,42814,35112,13495,52880,60559,39062,16455,25292,36066,21852,39119,13926,15554,15619,27012,18716,31549,9135,8887,7062,46064,21756,21978,21927,20761
ACSSF,2019e1,nc,000,0108,0000090,40399,49306,91005,100404,100340,100467,100851,108488,70506,52197,50884,40224,149872,48659,60442,86199,120658,77376,26345,24744,40717,29767,47804,11089,28770,16110,45714,51225,36455,35769,26883,31889,42965,31751,33910,40971,24124,32252,49027,60842,65057,56325,78023,81552,75125,45051,36783,38712,67181,35997,24586,52072,61353,36754,16017,20710,40232,23383,42252,10981,17955,18221,27568,24735,30109,22929,22781,11244,48375,21598,22856,23699,16204
ACSSF,2019e1,nc,000,0108,0000091,33845,38407,60648,73288,74712,66040,59302,56685,65764,50881,40392,39164,90536,42428,21321,65441,80620,39370,25084,23490,41445,32074,56296,14587,28241,15513,38614,41182,31896,32117,16941,29884,44381,31938,35270,34199,26118,30613,45210,50801,56716,43436,52320,57500,53423,37124,37460,40047,60935,33874,37632,50549,55168,32691,19525,26034,37529,23946,39421,15494,17163,13381,27309,22157,30275,26865,.,26840,35163,30059,30422,30481,26673
ACSSF,2019e1,nc,000,0108,0000092,32335,37281,53543,63515,63193,65013,61361,63649,61583,53482,42650,43066,90478,44161,28223,77797,92254,32472,22245,25346,42900,24444,44755,15027,30111,31174,35406,36993,25513,35250,18628,31413,41472,35452,40099,45433,26160,28819,42123,48177,50501,40245,43992,56187,41395,48346,37761,42833,52321,36937,28609,52331,59986,40292,16608,26674,45785,45764,46058,13408,13884,12519,26014,18803,29538,30870,11364,30315,33566,25086,28488,19299,21978
ACSSF,2019e1,nc,000,0108,0000093,39983,42394,70873,75737,80479,69301,78581,80730,70654,81321,42040,46971,81445,36923,42323,67134,86929,58004,26117,36521,43772,36765,56550,20026,27005,35147,41652,42379,40578,34794,17328,31530,42094,32263,31763,42407,27472,35666,52200,57524,58556,57091,70303,70921,46749,71348,41481,42073,80531,37377,41337,52307,61118,38436,21341,27422,33333,29400,60982,15155,17711,20964,30650,23712,33775,29530,.,28077,39497,21538,22771,25668,19376
ACSSF,2019e1,nc,000,0108,0000094,35418,41021,65523,70149,71598,61829,71989,71407,72122,75363,48742,41480,184617,51330,42301,76316,91404,40938,20035,40520,35674,25967,46264,16585,27634,11459,36409,37157,35611,37523,16264,33886,46349,35343,37390,35447,29527,30304,43727,49810,49493,50472,63464,65714,70016,48546,37822,38919,50785,36685,35738,50895,57590,37287,17782,25361,70269,33878,.,12559,16512,11741,27315,17253,30819,30875,.,21497,35027,22349,22745,21741,22125
ACSSF,2019e1,nc,000,0108,0000095,30257,32064,49794,51918,50752,67161,65041,70931,26176,.,34882,50588,61250,49515,30040,42432,52188,35484,24552,.,44935,46364,43766,16087,28091,2644,24318,13424,30568,35805,15975,32188,43227,30021,32607,36514,7015,26651,40473,45857,45918,42325,35758,22632,.,43875,36574,45614,.,35052,65815,39845,62179,27115,14629,30557,2499,2499,.,12438,13308,10207,23315,18571,25519,25593,.,.,26196,27946,14590,.,24845
ACSSF,2019e1,nc,000,0108,0000096,31275,35593,56578,61327,73202,41289,51819,51236,55657,.,51225,70262,.,46332,50922,68963,78438,45537,24569,45961,45080,55795,39794,8698,29560,35381,33750,32240,34714,26276,13599,21892,41575,33127,40332,35741,22858,26966,43142,46232,45728,51364,66684,66684,.,.,26810,40491,24961,25546,12398,51206,61431,33920,20657,24504,.,.,.,10372,9329,13125,20942,14180,22477,.,.,.,.,26402,27193,16935,26521
ACSSF,2019e1,nc,000,0108,0000097,32009,40154,65000,71972,71618,75337,55855,.,82961,.,40588,51607,.,40647,20110,105495,106094,.,40000,.,44082,24700,45708,26286,27267,.,30748,30090,32444,31786,11722,31141,37452,34821,36315,42476,26403,26509,43865,49788,50507,27400,70484,.,.,.,34316,12318,27426,36385,2499,50857,60026,29821,13688,24318,.,.,.,13557,4956,17476,26137,18270,28300,.,.,.,.,24825,29656,35844,22989
ACSSF,2019e1,nc,000,0108,0000098,35073,40851,60347,72268,70785,119375,75975,75478,95650,60599,30407,31379,.,12009,100065,43765,.,43101,33549,51037,54563,40848,58274,6135,31254,.,38163,42227,24140,42198,15555,31392,50470,30032,30564,57702,7383,30302,44730,54012,53416,60672,60456,61500,.,.,26138,40799,36696,24944,47197,57255,72090,47650,14661,17150,35771,20625,.,8911,18768,20077,22512,13174,30781,.,.,.,.,27649,30402,17434,25305
ACSSF,2019e1,nc,000,0108,0000099,32055,34354,63923,90998,91623,48171,61734,64081,80660,57039,50089,50046,.,47969,49985,42120,60202,42033,27347,.,40841,38017,41820,9535,26923,.,22884,19931,24768,27721,55805,27615,27239,32459,37106,54541,15731,31603,42240,50282,51536,49445,54499,54348,.,.,40129,38415,30542,41411,.,39088,22461,40865,26258,30464,38662,.,.,16320,22867,12343,26171,28374,24769,.,.,.,.,21756,30983,.,12034
ACSSF,2019e1,nc,000,0108,0000100,28119,31954,81526,71754,63714,85481,81158,81254,91399,35917,57639,.,.,57308,11563,190365,190365,.,18862,.,27898,2499,50804,6883,25125,.,30842,25323,32190,26611,26966,22693,31539,40560,37249,48445,30303,25835,40036,38308,31434,39750,54560,101658,.,.,40095,30403,47014,40688,.,45000,50423,27185,21371,20727,46167,35905,47404,14683,25468,16977,20966,17331,22269,7411,.,.,.,17208,17049,13991,17981
ACSSF,2019e1,nc,000,0108,0000101,37941,45281,60092,66064,56972,81897,62757,54082,88117,67712,42696,36642,.,52870,11173,61196,166250,61019,28692,.,43038,48326,42479,5497,31018,.,40339,39456,40912,45577,16424,40962,55500,40071,55112,38479,26875,31923,41082,43343,51058,37256,66136,65441,.,.,38338,35647,.,40501,24842,50468,60778,37198,21152,18149,35985,31607,.,22188,7950,39017,29019,27135,30167,40167,.,63660,.,26015,26325,.,21698
ACSSF,2019e1,nc,000,0108,0000102,30973,36267,60088,60455,60325,71168,60497,83490,52326,7406,41013,33318,.,41731,100082,65065,140882,.,20671,50653,45848,20122,47030,12919,22203,.,31722,26776,50273,39650,18956,36853,43606,30081,32402,20467,8988,26026,43550,50201,38860,70316,51196,51005,.,.,35740,28774,.,35883,85028,47759,62128,32844,16166,32560,32151,30325,.,12141,12119,24000,24621,14109,27479,23035,.,50363,.,26408,24226,.,35955
ACSSF,2019e1,nc,000,0108,0000103,32289,36793,49303,47875,45571,51979,59175,91111,49298,.,29007,28074,.,33505,29138,250001,250001,.,17995,.,47046,49045,46611,10479,18699,.,31856,34273,27071,37280,39832,30969,51719,37943,42913,39734,21058,27366,38735,48936,49025,48479,36722,25878,.,.,23750,32443,46287,22521,.,40627,42220,22472,22233,22105,38790,26735,44430,19477,9688,20264,25313,20870,26576,22049,.,.,.,30762,40570,17333,20588
ACSSF,2019e1,nc,000,0108,0000104,31863,36835,51052,51197,62192,32092,49848,36974,56495,75280,49277,48484,.,57096,.,250001,250001,.,21186,.,49229,59217,47566,10678,24826,.,27025,26583,27426,41858,10588,40793,45904,35907,36619,55804,18876,28546,42917,61496,70998,53629,39719,72276,.,.,28975,.,.,36500,11995,44955,63636,43309,20607,30896,32074,.,.,12459,14357,11096,22897,11951,24079,.,.,.,.,28097,29441,.,17299
ACSSF,2019e1,nc,000,0108,0000105,40593,45428,63246,64007,63456,75419,99764,106137,49583,91278,40275,69078,36582,29667,49186,49114,74208,48372,35709,30254,42461,41986,45707,16127,32453,.,42380,52453,30286,42327,18816,41721,56462,41046,50674,41579,26633,33840,42822,42025,41571,48105,44453,44848,75738,42937,45595,44339,73991,30843,32794,40335,50064,30891,16372,21548,38770,.,.,12449,11776,24491,32027,16238,36351,9882,.,.,.,26396,28122,.,26230
ACSSF,2019e1,nc,000,0108,0000106,38166,39741,66996,77006,81009,68768,82735,76233,80222,85000,46798,40962,76199,42021,50336,27276,250001,22719,21272,40905,43801,34810,.,20678,21086,12051,32369,30838,45500,31483,.,30518,45612,26573,31717,26808,18533,37147,50595,56585,52759,65387,40235,40759,63553,36039,41932,39673,73662,30498,55313,50504,62246,30136,22451,28940,.,.,.,15056,28538,23942,21354,11362,32675,16485,.,.,.,26907,29581,10441,25968
ACSSF,2019e1,nc,000,0108,0000107,41609,47231,67295,64342,64561,59802,80047,76973,76484,81757,53681,55399,121348,48761,42237,85161,152349,36313,24802,25649,33656,26971,.,16512,21392,.,47333,52191,27205,31746,.,29996,37253,30409,26500,37857,27175,39909,51837,65447,65684,62069,65741,61575,107869,90382,40148,57844,115933,35967,36508,50104,52100,44272,18097,19790,9496,9496,.,18489,12450,17336,32400,23738,37668,.,.,.,.,25632,28894,16563,20904
ACSSF,2019e1,nc,000,0108,0000108,52349,62153,91787,95840,105378,86623,102487,105057,101366,131490,65185,115717,62001,66013,.,82282,90817,52120,26817,.,46127,27101,.,6629,32467,.,42136,34998,47020,30650,.,29832,30675,31551,40703,35033,9414,46560,65515,86972,86745,90108,71157,67911,91713,70445,46400,50525,.,42464,33211,50576,56436,40267,22499,26689,.,.,.,20747,20514,24049,36625,36005,36979,.,.,.,.,35261,41575,.,.
ACSSF,2019e1,nc,000,0108,0000109,39383,45546,80626,90598,101921,80177,79362,120166,78235,59132,51397,49404,.,51951,50319,100819,100671,.,34604,31391,60334,39075,60872,7462,36358,16986,41528,37473,43191,36221,13919,40286,36080,36046,60073,41355,19416,33730,53555,60053,50996,62343,65813,66154,.,47464,48713,60805,.,35865,81156,51455,56795,32093,17832,36198,70490,.,.,15848,15963,10994,30408,11369,33776,25226,.,12022,.,21418,21115,.,65109
ACSSF,2019e1,nc,000,0108,0000110,45184,50422,81491,79585,79722,74205,95290,87348,95945,100867,45801,44001,.,66326,32161,31946,31946,.,23135,.,49360,97609,49003,9528,22028,83887,45051,46322,40252,46168,.,45151,47457,34481,41863,35758,31369,35448,52170,57203,56740,61266,83776,86474,90036,45875,42467,7324,45633,42319,43583,46420,56866,27028,20246,45156,.,.,.,20035,17382,14761,30923,35192,30806,.,.,.,.,25604,27134,.,23688
ACSSF,2019e1,nc,000,0108,0000111,67936,89105,101748,120286,132148,72294,101714,101526,118068,99978,63924,22241,165292,50104,68796,203636,205959,31207,15530,.,.,.,.,15549,25672,11082,75507,75803,61563,46664,.,45842,47629,25692,39867,12448,17381,52563,66709,80193,82308,77124,82239,88571,91230,75775,36613,50483,100255,26003,60548,65852,66968,34833,20884,6817,.,.,.,2499,.,21246,42192,24030,43851,.,.,.,.,9192,45594,.,.
ACSSF,2019e1,nc,000,0108,0000112,50262,60955,91761,104854,116020,91149,92630,91111,102110,51978,54740,41616,84123,58931,51155,72386,151528,50843,25419,26798,45859,31655,51071,17967,28806,4343,40813,43475,36842,30507,.,24297,43588,33678,34392,41292,20891,40082,53444,66050,71359,65021,78771,86615,71462,77758,36091,32392,86983,29247,38281,53694,76650,22338,20215,15401,50750,.,.,20062,21800,6971,35729,35155,36801,.,.,.,.,28728,36765,28399,4921
ACSSF,2019e1,nc,000,0108,0000113,65124,91047,111856,122285,126402,74045,113225,111365,121673,135105,57944,51818,2499,66888,90619,125932,175383,.,28101,.,83185,83678,.,21071,28683,18255,51019,63228,31363,46431,.,52199,37109,21727,40847,21704,12264,45944,61731,76024,79789,66467,82019,95183,80255,61045,35980,50267,155793,27388,17446,70951,79627,56683,25446,28580,.,.,.,16380,.,31018,31010,21952,33197,.,.,.,.,11598,40288,.,3055
ACSSF,2019e1,nc,000,0108,0000114,42433,45192,67227,68766,75748,66213,79265,85009,74875,60861,40189,52530,70047,24203,63585,66434,67404,56549,22222,.,66250,19854,.,18957,22445,47267,40083,37171,40316,36733,.,35044,46813,25956,31756,25748,7340,40742,55672,60917,87020,47400,66699,74537,57214,65948,50695,51853,125765,37098,12382,61565,71371,36355,15391,25417,.,.,.,11023,28045,22704,30282,16342,32199,.,.,.,.,17296,16692,.,.
ACSSF,2019e1,nc,000,0108,0000115,37891,41255,68634,68714,66902,68771,72311,69353,71737,82163,65665,63765,65988,68750,68019,59645,69735,56227,27234,51230,.,.,.,21848,30966,21993,37748,41742,22083,35253,24858,35604,31893,25509,27071,24414,14763,32467,52410,60365,64397,51838,52448,68167,.,49110,37822,22067,48567,37994,46601,70656,74307,59934,22712,26973,.,.,.,21469,31066,11987,19601,14236,30217,46710,.,40469,.,25950,31593,31179,25283
ACSSF,2019e1,nc,000,0108,0000116,38668,45160,71622,70848,85625,64061,81869,81320,122800,51793,52075,30289,140393,44947,55852,151660,151660,.,20225,.,57157,75199,42041,11775,40788,3497,19142,16093,25651,34306,.,28972,41444,29554,38088,31468,8560,31574,50355,54808,56472,41674,51144,96605,.,33342,40367,50561,66645,33880,36536,50752,57484,20557,19285,24621,14956,.,.,11689,21632,26880,26911,21205,32083,6106,.,.,.,20711,26436,11541,27607
ACSSF,2019e1,nc,000,0108,0000117,37006,38703,71624,84308,83041,86206,68750,72226,52225,151118,39449,51096,14679,35934,70405,107141,175705,56711,22409,.,29850,26802,40500,12413,38153,16456,30319,30554,27387,31566,118531,30662,46347,30721,37990,41971,21052,34098,49091,58686,60748,53426,62926,64681,90589,.,27899,29545,.,27850,12253,60622,71598,34091,16902,25912,.,.,.,14206,17373,20731,40071,40175,37417,14527,.,.,.,21019,22095,.,6721
ACSSF,2019e1,nc,000,0108,0000118,34036,38915,56267,71612,78967,43393,67583,69385,72844,53775,40165,42640,.,41167,25804,51204,250001,49148,27435,.,44868,32048,56510,21423,31621,22292,40662,41483,40331,31309,17383,30799,32235,33739,35865,45215,27807,29665,50299,57249,51989,63284,61447,65063,71442,32013,36421,20482,.,44440,30737,52021,62219,46287,14577,19755,16869,.,.,10022,19333,28899,29692,20543,39978,33774,.,33663,.,22233,22265,33316,21521
ACSSF,2019e1,nc,000,0108,0000119,39371,43513,67015,64604,67331,61123,61638,59160,90781,.,55998,40962,230596,56487,57330,250001,160907,.,18789,30997,15841,12483,39680,15250,20523,.,40844,44329,31121,34685,.,34121,38259,30365,29167,30106,30972,35032,51792,61983,60670,68258,56477,54089,.,68250,40881,39752,68734,41142,32264,56130,62062,41745,15160,16613,.,.,.,10107,16283,9034,29720,19710,31021,35628,.,.,.,20674,17443,21237,16828
ACSSF,2019e1,nc,000,0108,0000120,27400,35001,60403,60993,61806,31750,81721,100180,81222,.,36712,35171,.,52313,.,27281,.,.,20432,.,.,.,.,19927,21493,10919,30199,20442,40435,36140,.,32305,45514,29103,34892,29487,28275,24713,42167,45952,28438,46685,38807,38818,.,.,40787,42013,57670,40109,26663,51627,50762,85159,12453,24318,.,.,.,10978,22679,6694,24206,12137,27471,.,.,.,.,17649,18563,20913,15571
ACSSF,2019e1,nc,000,0108,0000121,41592,48906,70573,86675,100884,54240,100114,97969,105294,.,42207,44131,.,39514,32289,132736,144007,47798,15619,.,52190,52190,.,6727,27852,10280,42270,68036,36826,40790,.,46225,34920,26188,30050,25858,12372,36400,51263,52982,53594,52348,47165,90084,66071,36264,37147,59985,70258,49294,17328,62042,78643,48978,18871,35353,.,.,.,3105,14981,19776,30189,12562,32334,37418,.,.,36126,26871,53036,.,26275
ACSSF,2019e1,nc,000,0108,0000122,31932,35938,70304,72039,72457,71465,75846,70000,75933,105117,60758,82887,91429,48061,60849,76858,115262,38189,15316,.,29444,27798,48704,14447,32259,11490,32144,31494,33202,36596,5184,38071,35828,31122,31191,26680,32293,27358,42395,49027,51114,48276,38878,38878,.,.,35496,33326,.,29766,56860,46955,61914,40044,19193,22561,.,.,.,18613,19335,6364,27115,20131,31292,.,.,.,.,21763,17245,40108,20904
ACSSF,2019e1,nc,000,0108,0000123,31362,35450,60429,73085,74086,49392,62413,66013,85634,51962,52375,.,155536,52111,3264,121489,121581,52269,16643,.,19076,19076,.,11723,15635,16731,50072,50829,41657,35000,.,30802,68043,23635,21829,25202,21053,29661,46250,52246,61654,47579,66624,67215,.,.,35036,14427,77955,34753,43571,52500,54524,22421,11665,11467,4804,4375,.,10778,21329,11969,31606,15765,35558,15091,.,.,.,30166,25256,30955,.
ACSSF,2019e1,nc,000,0108,0000124,31978,36426,51418,52528,54101,48889,60171,52088,60924,51667,38996,40658,.,76250,6875,54381,60163,36149,22061,.,61181,16613,61646,19741,22205,49007,36645,34995,37971,31648,.,26396,45701,32346,21569,40683,28065,30445,46788,47481,46602,49813,56833,56142,.,64915,40419,35358,66429,41838,29530,51712,59583,25884,20036,21544,.,.,.,8192,21308,12011,25852,18453,28490,37658,.,21534,.,28220,30574,29119,20646
ACSSF,2019e1,nc,000,0108,0000125,41036,48533,77656,84603,85478,62364,79541,101035,64712,53634,50883,80050,.,41708,60463,76183,121425,51496,14854,.,43670,38732,53531,9093,25272,12615,41826,40793,50230,35004,.,31572,38810,34263,35757,46212,19541,35664,50463,55002,56607,46579,85782,100875,.,.,37483,41844,.,35752,37205,52491,60242,25604,10591,20808,51042,.,.,6397,2499,10992,30527,19962,31494,60950,.,.,.,23661,12213,29604,17168
ACSSF,2019e1,nc,000,0108,0000126,35005,40514,54760,59731,52116,76265,50574,52003,41711,.,52987,54278,.,7456,66523,70518,71347,52708,17121,.,46980,51487,46011,13223,27446,11163,41843,51587,40030,36009,16941,26030,55676,35374,40811,35811,24239,30532,47058,45871,48090,44211,100895,100563,.,.,29023,53574,.,22307,.,53281,61375,31626,18577,25625,34872,.,.,17568,11849,12211,28242,16015,30762,37478,.,21656,46365,26372,25012,26839,27249
ACSSF,2019e1,nc,000,0108,0000127,32986,40295,52494,60625,71566,43689,66725,65362,67320,.,37892,.,.,36139,38770,.,.,.,28917,.,46875,46165,55200,17068,45933,.,41207,48016,40470,37265,.,28861,42421,37758,37398,50930,22029,28623,36039,40904,48148,36586,49451,61477,.,19518,26335,37945,.,26522,14760,36855,51534,32364,22366,29841,44006,.,44247,20419,6446,7124,30560,16086,32154,127969,.,.,.,22963,26179,17943,20254
ACSSF,2019e1,nc,000,0108,0000128,32317,35907,51843,47599,47763,47143,68164,51250,73795,53884,42402,43865,.,41812,.,79807,91180,.,30741,31144,45536,.,46286,9637,28068,40593,35901,35954,35685,33850,.,28909,40240,33102,34918,37272,30231,30025,40159,36700,32373,42159,58054,.,.,145219,33648,34604,.,24292,39194,50766,56200,41301,22077,26048,12459,45149,.,13539,23914,24581,25259,16674,28642,.,.,.,.,30797,31097,.,4389
ACSSF,2019e1,nc,000,0108,0000129,31352,33504,57059,70914,71871,63793,62874,63707,72731,50284,38379,48893,82250,41976,19191,122042,131129,40184,27653,.,31838,.,.,28490,22542,29358,30802,45625,20490,24387,17394,23412,41357,32201,34716,37325,15809,29184,41462,41563,37975,47920,60897,33824,121509,60217,35828,37259,151181,29403,40517,51777,54105,36455,16690,17309,.,.,.,15713,8011,11637,26799,25260,30483,42006,.,40268,50045,21776,19162,24480,2499
ACSSF,2019e1,nc,000,0108,0000130,37573,41512,53231,56298,54110,57465,58284,59952,50066,51636,51001,44838,91158,51473,11495,65776,65158,.,26250,.,41099,34500,42234,14019,37731,15286,44458,47658,31746,29735,13125,26931,32463,40880,43409,41761,35057,30829,42041,46080,50096,22139,53813,56544,.,85507,39799,51054,.,40405,23750,47032,47054,42460,17884,30813,.,.,.,15536,14399,11563,26443,17646,30971,7750,.,.,3438,27905,25350,.,29202
ACSSF,2019e1,nc,000,0108,0000131,35452,35834,47792,70224,72118,67568,90678,90315,92857,.,37009,36518,51979,37359,12090,95672,96086,.,18931,19085,32256,23137,43723,15289,16932,36716,32284,36288,22379,40562,15260,40291,47222,37044,41188,46868,20676,34151,47442,54329,53856,55777,41500,.,.,59008,40745,47594,65674,38779,22109,53467,56226,42306,17208,25630,47913,47913,.,11859,10024,17305,25608,25347,25780,31196,.,31190,.,9967,21223,5736,.
ACSSF,2019e1,nc,000,0108,0000132,30654,36880,46028,44409,45408,42297,56901,54947,56558,115693,38166,.,67985,8169,23885,58098,.,.,30141,14522,46579,61319,46417,12464,30347,31387,29922,40620,28482,36121,20429,32981,44688,26784,40372,33659,19522,25152,43785,50691,51108,35578,36048,35227,.,51250,36973,36300,.,29795,41758,62149,71354,60038,11815,11445,22609,23062,.,9902,18451,20720,21755,15773,26437,31305,.,.,.,17449,17246,.,25296
ACSSF,2019e1,nc,000,0108,0000133,31832,37128,67828,77263,80091,71733,60042,46523,81207,.,51867,27400,71294,53856,41312,29231,27216,29533,22102,22120,24572,22549,.,16841,40665,22298,30242,40131,17784,31200,23951,27223,41201,36935,44451,46719,26568,29711,43824,41740,51000,40278,46250,101540,.,47849,38519,37266,50032,38803,29970,56504,66142,32804,13231,25543,4330,.,.,14084,9009,11241,26727,16335,30516,11265,.,.,.,28904,29294,31476,21826
ACSSF,2019e1,nc,000,0108,0000134,31359,36723,50579,56012,62313,24950,50602,35096,65161,93707,45273,50288,.,41709,45993,43481,81811,37929,34673,12048,56121,42041,60591,10713,42414,28750,38723,42389,37554,35541,.,35122,36262,29200,29971,35461,24602,26925,38224,40910,40434,41445,78051,.,38817,.,36250,41460,.,36815,23952,36858,45211,32001,18865,25728,24103,24103,.,11557,7743,12093,28032,30129,27498,25986,.,25379,26431,30826,30000,12885,40361
ACSSF,2019e1,nc,000,0108,0000135,36667,41159,76806,89755,96537,74044,51930,27295,80153,7192,46276,64145,.,51801,8668,136708,136708,.,20033,.,40459,22387,41295,11518,10071,.,31275,31892,30461,40662,.,31186,57083,32431,31565,32236,35551,31525,51765,65045,66738,42171,61331,85709,.,.,40857,47217,39347,36683,44531,57181,58983,55737,18914,25160,.,.,.,20065,10493,13573,27416,25923,30035,.,.,.,.,35768,33731,52130,13287
ACSSF,2019e1,nc,000,0108,0000136,32381,35729,51787,67973,69047,52044,56016,58646,55782,58750,35950,31148,171088,40344,8182,76048,111250,41136,12076,20750,23659,24167,12345,10737,25644,.,40960,45184,30759,32429,.,23724,47956,32177,35592,40014,22015,30250,41650,51773,60719,32233,45855,108117,.,.,31238,38346,.,27089,40297,49209,55401,32075,16676,23820,.,.,.,11019,21225,16163,27454,17222,33924,27240,.,50709,21719,30700,27479,.,32618
ACSSF,2019e1,nc,000,0108,0000137,37182,50071,70445,72712,81116,68379,77769,79165,76326,46220,44627,43091,.,55069,35947,72124,72452,.,17717,.,41147,.,41740,7813,30030,.,38915,34063,41164,45998,.,46031,46094,40319,39499,58156,35218,30382,43404,62020,62192,61569,71216,72515,.,.,30642,50013,49086,30367,4453,45202,50430,32070,15428,23082,.,.,.,7981,11926,12195,28733,26213,29749,30500,.,9971,.,25335,24967,86536,24896
ACSSF,2019e1,nc,000,0108,0000138,37526,41473,56835,70323,70675,61413,57033,57467,56793,.,46224,44457,.,45337,52846,49750,48398,50325,30505,.,55516,35630,65806,19280,31788,13890,41644,41586,42024,40658,.,37663,50992,32106,37055,21338,25520,31863,49387,55213,56182,51905,46469,60671,68198,36300,38922,38472,.,35519,.,50942,55659,33284,17594,28408,30914,30914,.,14984,4721,30142,30187,27218,30463,4421,.,.,.,25249,31641,18810,23743
ACSSF,2019e1,nc,000,0108,0000139,35200,40251,82227,84626,83864,85139,85525,76344,89316,85163,51857,39333,92049,44844,55486,250001,250001,.,27251,24244,56147,55214,66875,21039,32292,17000,40951,40010,49047,29050,.,22428,31746,32006,36512,31647,28675,31133,49299,61582,65850,48154,51215,48707,.,.,45810,46631,87561,41647,55229,57310,62975,31234,21392,27589,22061,18984,.,12370,25045,15985,26493,13902,30476,35557,.,.,.,22220,18769,31095,22165
ACSSF,2019e1,nc,000,0108,0000140,42423,51579,75540,80817,100222,65154,72224,80741,68925,80857,50216,.,100441,32400,50089,111087,112055,76846,20393,.,56081,55955,.,15378,12359,20844,46071,48007,31348,31058,.,29899,40786,32237,27066,35786,34346,40030,55982,57976,59905,57439,65142,64957,65819,120500,40210,33866,89902,37444,45905,60220,65900,52694,18075,21750,27877,26801,.,16578,12077,25670,32376,29574,36004,.,.,.,.,17526,19007,.,13531
ACSSF,2019e1,nc,000,0108,0000141,32280,35222,41538,41655,37438,43798,43891,50912,32354,.,40387,47786,.,31351,10776,27117,.,60612,30999,36583,45037,35652,45918,18556,31277,17152,37073,39693,35816,35689,.,33780,46851,31385,31732,37231,27484,30861,41847,44556,43431,50612,80108,66849,.,.,28661,40617,.,30990,23506,41652,47093,35537,26451,27101,32083,.,.,17211,28566,30090,29026,16932,34017,17256,.,.,38161,23433,15520,29689,26055
ACSSF,2019e1,nc,000,0108,0000142,31377,36012,59853,56502,56036,57298,78138,78706,59142,.,28935,47482,.,18709,51007,.,.,.,22921,.,42760,42760,.,17615,27819,24622,37079,36605,37209,31830,.,30867,36717,31185,23630,36598,25084,27322,42100,50358,52786,41877,41455,26065,.,.,40973,40996,.,36985,52614,37170,78935,35237,21133,28851,55063,.,55396,16133,20389,20690,25552,18418,30216,32965,.,24650,.,23049,25082,30043,20732
ACSSF,2019e1,nc,000,0108,0000143,60943,79779,121119,132850,153068,112363,88862,89684,87118,.,92457,80503,161413,43628,81875,87851,74570,88311,25471,26438,24656,23510,.,17490,30546,46702,60610,76632,52655,45858,.,45723,46452,39209,38465,46957,4672,47371,64484,89332,86259,91185,91269,105505,126250,31539,39018,41561,81258,26346,33214,80326,81692,39592,23122,24018,27420,27420,.,15250,20727,25767,38888,41879,36649,.,.,.,.,25394,26319,53854,6652
ACSSF,2019e1,nc,000,0108,0000144,40048,41477,67001,70135,95069,66062,78544,79677,65469,61076,45315,46026,150880,38371,30324,213059,250001,36923,26490,.,43356,50058,.,23950,25719,.,39059,39100,27098,30436,.,28925,41310,27395,27403,26995,29733,37621,60258,73260,90619,60247,77000,73214,79589,.,48816,47317,87582,42278,42418,60110,66463,27951,20047,28809,38588,38588,.,12272,18570,20092,33095,23729,38840,29103,.,29103,.,14766,15577,25461,8867
ACSSF,2019e1,nc,000,0108,0000145,46900,55711,90634,97978,100445,95952,91057,91773,74423,122172,51366,39844,80198,17049,57023,98954,121096,62312,17386,.,43798,42647,57156,10686,31462,11593,50384,51558,41819,41600,.,34450,46110,51502,46111,72055,35295,40739,53557,75672,78399,65669,60458,69314,.,.,37044,46047,41994,36631,23459,51291,54016,29014,21576,25000,38193,9846,.,11957,.,17528,35487,36236,31389,30448,.,.,.,35169,35947,23180,31402
ACSSF,2019e1,nc,000,0108,0000146,40420,46359,77529,80701,82970,74223,92106,100791,69744,.,40845,51582,.,39246,61387,57268,67467,56893,35424,25889,41435,40672,120053,24139,49579,35329,35700,36731,31781,35171,.,30931,41632,30839,38811,30668,23676,35398,50448,50071,41908,51464,71143,71084,.,.,45572,45985,81902,40034,50641,60858,65115,46340,15342,31984,29585,29813,.,11345,11610,13136,31155,16176,34420,.,.,.,.,18047,31202,16635,17926
ACSSF,2019e1,nc,000,0108,0000147,50572,60130,87639,91144,91080,91625,100588,115146,76801,68632,50846,18177,70506,12163,52000,63613,63920,.,29548,.,35357,30452,66571,25050,34375,35958,50398,57451,41923,41158,.,36565,41940,33866,40617,44946,28937,45016,63003,68400,76750,66585,78532,77291,85429,150087,47115,46419,81627,42360,53665,51875,62674,45560,19960,25058,37008,37008,.,8904,18136,34613,34155,25854,40316,35781,.,6702,.,16316,16687,29156,9078
ACSSF,2019e1,nc,000,0108,0000148,38448,41395,74823,90384,73797,113539,100589,101870,97662,.,37369,51196,122031,54298,16766,91093,100167,.,20671,.,40725,40420,70532,11543,29920,11205,47060,51370,45756,40604,.,24252,53263,26222,27855,25775,25360,35893,50498,52261,51772,56054,71514,82229,.,31213,41003,46645,43909,38823,7145,65946,72535,33182,17710,27355,21760,.,.,12637,20407,16967,35560,30383,36209,.,.,.,.,23497,30288,17880,23435
ACSSF,2019e1,nc,000,0108,0000149,35696,42561,70433,72027,75792,52358,82343,88478,82177,.,36401,34524,.,42300,20044,111032,250001,59272,30175,.,59202,65306,57443,13238,40590,.,50538,58007,37381,41186,.,40060,50293,33039,40020,42301,14386,30537,44658,51152,53418,45836,62447,76761,.,.,31474,22451,31871,30753,36788,47275,45971,58522,16834,30471,30819,.,.,12578,17220,12275,29559,21878,34172,9073,9073,.,.,19049,19187,16435,.
ACSSF,2019e1,nc,000,0108,0000150,35392,41995,64901,70082,70274,61700,65473,105530,51554,.,51296,52845,.,51169,45374,121409,135793,.,40522,41013,46304,46159,46338,18118,32654,55691,42857,50199,25889,32494,11820,35701,40116,36802,34804,55362,29319,27532,40994,42910,46025,40794,42018,51202,41382,30250,35252,36358,.,27105,26331,53676,62309,26596,17215,15632,.,.,.,17708,15199,23629,26960,14208,32084,6406,.,.,.,22959,22627,25677,22500
ACSSF,2019e1,nc,000,0108,0000151,36126,41020,62211,64901,75437,53513,71546,81500,71310,.,47836,41031,.,50016,21068,40625,41399,.,21799,.,30812,21140,46037,23953,20243,10898,38113,51370,30366,40904,9891,33462,49367,36168,44029,32581,27650,31689,42961,46553,41532,51994,77188,66841,.,.,40570,37876,43695,40576,50787,53156,62838,42577,23377,29042,.,.,.,14769,16635,21461,30235,25910,31325,31149,.,.,31404,22863,31586,10125,17645
ACSSF,2019e1,nc,000,0108,0000152,31993,40259,60812,61471,61011,73115,63086,57000,65975,.,40805,36563,.,41344,.,83770,90844,.,23042,.,31667,15109,46065,2499,33469,18125,33807,26005,42161,32447,24950,17489,45474,37211,35655,43353,38443,24411,40526,43793,45066,43693,64030,64720,67817,.,30038,.,38922,30318,28967,50723,60588,27427,15598,24085,12123,.,.,13234,17841,7091,25628,17399,32009,.,.,.,.,20138,19878,23719,17090
ACSSF,2019e1,nc,000,0108,0000153,31560,35370,56958,80799,67266,82031,56918,82964,57022,32975,41809,56014,.,26909,32389,36371,70319,36129,21310,13799,48281,48232,55102,21348,20777,7634,25701,21573,30643,26799,24453,22463,37437,36293,38573,36797,27393,29299,39704,44915,42517,45283,40226,.,.,47950,29202,36622,.,31124,9449,53917,59203,37821,12131,14127,31795,.,31660,10137,9158,11157,27313,27321,27310,8924,.,.,.,17223,16418,32731,35201
ACSSF,2019e1,nc,000,0108,0000154,33190,37854,60283,67092,66122,77829,66364,87105,58367,.,46333,40000,.,43080,45820,46737,.,46507,25678,30382,62250,55718,65508,10827,22587,15242,32282,20678,40941,30847,26917,27127,49366,31358,40893,39833,27432,29202,45587,45430,38939,46914,61788,62200,62455,61075,31206,35417,24414,31529,50265,56520,66153,48569,18438,25588,4508,4415,.,16319,19399,9506,21229,11947,32229,72000,.,72000,.,21765,20869,26730,19200
ACSSF,2019e1,nc,000,0108,0000155,29985,35090,51381,56103,56127,42222,93305,77763,111004,.,35417,32462,.,37001,2499,51239,51629,.,33160,21875,50703,21642,51641,11544,34938,19901,30759,31008,30014,28337,22625,28924,51121,36754,32224,51187,36053,23867,41223,61013,62223,58158,64342,64342,.,.,28694,40290,44863,26858,28725,56304,56304,55000,16421,25273,33538,21250,.,15547,12809,6496,21784,16494,25975,21640,20448,30543,.,20975,23697,9000,15910
ACSSF,2019e1,nc,000,0108,0000156,30305,33224,42627,54361,52595,68423,42109,.,40625,52240,32817,17396,.,38516,.,27656,153927,21664,21410,.,53369,31375,61705,16649,31014,.,40838,41980,30679,32281,9436,32345,40733,28291,37437,29097,13773,25907,45114,47054,47071,47047,35962,.,.,.,38903,41420,.,26208,40677,51369,62004,40571,15911,17496,36626,.,36626,8365,14983,6880,20420,11816,28380,4714,.,.,.,22831,21833,25847,16004
ACSSF,2019e1,nc,000,0108,0000157,28842,31225,55734,61432,62099,60811,51307,200532,51168,.,24435,69292,.,23966,.,67112,67112,.,24630,26824,41319,11477,87762,10150,30295,.,28764,42205,19149,29466,42176,27894,30958,31723,35261,40496,27703,24271,31801,31112,31160,30625,48500,48184,.,.,27303,38466,57736,21417,6587,37203,52220,30036,18913,24193,35077,.,33222,16728,4457,6875,22660,16696,24675,20889,.,.,.,30388,30703,38558,11071
ACSSF,2019e1,nc,000,0108,0000158,32659,38439,55892,61417,65230,60958,65955,74880,65725,61678,39098,31144,58647,32131,39074,70588,120911,57311,26410,26114,43647,100643,41830,22074,50374,12018,41185,45625,40012,32037,.,31820,34679,30156,40350,33602,22612,30446,46855,43542,40630,57594,50783,53411,.,46879,39773,55945,42396,39265,23407,50811,61688,30387,19262,20235,40746,.,40746,19920,31370,10176,22194,12231,31866,19020,.,.,.,30527,30654,9535,31715
ACSSF,2019e1,nc,000,0108,0000159,31100,40237,65536,66484,70683,64411,66605,120631,65834,.,40466,21581,.,41510,50669,76858,77380,.,16258,.,24796,.,24750,14147,29440,14299,28550,25526,31552,36240,.,40585,32658,46154,50559,60980,37378,24798,46653,48875,46538,68292,69493,.,107954,27405,37828,26275,.,24554,.,52195,52423,46502,11932,7247,2499,.,.,12078,15018,19265,23376,24448,21963,.,.,.,.,21621,22846,20639,.
ACSSF,2019e1,nc,000,0108,0000160,32402,39890,61835,66225,65719,67313,69634,50707,81610,53653,35536,38002,.,35273,11667,131956,132150,.,17343,.,37205,20304,47270,11619,26732,.,35399,36592,25223,46048,60091,41935,46327,36574,44483,41376,22869,30022,39913,41748,42806,41207,61607,39361,72135,66250,35793,40442,.,31279,17548,47356,62584,34872,11325,17492,16021,.,.,11551,5646,8496,25618,13619,27294,16760,.,30058,.,30531,34013,21731,17412
ACSSF,2019e1,nc,000,0108,0000161,27205,31048,60215,60863,70703,60382,60929,49549,61975,.,37866,.,.,36690,.,52214,.,51993,19053,.,34052,4893,34159,14956,23330,47635,35846,30463,40906,22832,42937,21399,37065,16359,36371,27765,6645,25599,45692,46558,46719,45911,38234,25640,.,.,36988,47328,34943,38103,6597,50238,80724,46314,14375,27970,.,.,.,14579,13333,11826,22294,15551,27352,35019,.,.,.,25925,25874,.,.
ACSSF,2019e1,nc,000,0108,0000162,35572,36785,63494,65910,65642,90592,60750,26700,73787,71988,40279,48424,63686,12008,31220,96411,97427,.,30582,.,48800,46875,55208,11947,30662,25267,32294,31624,80500,36004,17117,31981,40408,27230,34141,35959,26127,32200,46015,47995,46004,60685,52014,95455,.,43946,38819,39250,42252,31855,100408,52875,65988,44392,16255,17218,.,.,.,13746,4923,30447,25813,24007,31236,21250,.,40189,.,27622,36307,.,18601
ACSSF,2019e1,nc,000,0108,0000163,32498,36516,72025,70942,74734,67038,76705,114535,72886,27089,50272,55130,26205,51834,50424,95934,95603,110417,25006,15853,48969,47920,58676,14201,30064,26325,34530,34408,38636,27192,20281,25532,35852,21711,29571,16715,7077,29870,42205,46483,40435,62887,47702,77869,21712,41862,41065,33142,100689,41252,19820,44846,60438,29790,11989,22141,21573,21573,.,11376,11431,11821,24614,23750,30287,40356,.,.,.,15045,12994,26554,35697
ACSSF,2019e1,nc,000,0108,0000164,32163,36526,56594,62179,62272,56896,60739,49727,61515,72762,41001,41209,.,48182,.,52599,101231,21517,27873,.,57656,40601,62088,21439,24331,15103,30535,30519,35107,31737,2499,30042,44416,35283,44456,31019,29785,27666,51208,59868,54777,66641,54760,53197,86821,150385,40633,33441,.,40692,19688,59830,71673,58414,13013,25351,.,.,.,4196,19040,12042,22659,19151,29697,80571,.,.,80967,18773,16230,18396,25159
ACSSF,2019e1,nc,000,0108,0000165,31557,37118,51151,52448,52367,62985,41838,26672,65770,.,41154,27679,.,41955,.,46490,.,46490,29591,.,29453,.,31991,15466,30090,.,50047,50643,27264,35532,24295,36240,36981,32480,35198,42769,25287,26792,41856,45297,42109,56511,43795,.,60819,.,34697,31868,.,40313,.,47349,63571,45524,17188,17485,49532,.,.,6869,23004,16744,26271,17477,30415,24764,.,.,.,21557,21994,21604,21265
ACSSF,2019e1,nc,000,0108,0000166,26418,30379,55292,61136,49237,111148,48715,35293,48813,98636,46417,44917,151314,46931,11641,72762,127697,70367,22098,.,32286,22612,35958,16018,28286,12148,30608,31872,24441,25539,.,28072,23070,27378,31213,27371,23043,22815,37154,46814,46488,47057,54848,65806,.,.,31270,35325,32446,35060,11246,48830,62346,25119,15887,21806,42935,.,.,11621,9826,16461,20338,11969,27638,.,.,.,.,24077,25942,18411,19204
ACSSF,2019e1,nc,000,0108,0000167,31217,35830,51242,48722,50602,48418,79313,78271,66875,.,50852,40542,.,51513,45938,55865,.,56176,11911,.,24176,.,76002,2499,25697,7069,31179,31018,31277,35975,.,31650,39531,36165,44659,35991,21229,28023,45421,48274,48207,50938,92905,93873,.,.,34926,34436,34863,35303,.,50428,51356,32921,16347,28474,48877,.,48877,10880,30171,14284,21493,15333,23506,29366,.,28046,.,24376,41255,22692,21183
ACSSF,2019e1,nc,000,0108,0000168,30462,35144,62261,66402,60037,109094,76596,71466,82928,101250,40619,38148,.,77643,22212,67976,68690,.,26494,16850,46793,25922,47321,19736,26799,.,30680,27420,30846,31772,.,24821,37074,32184,31939,37980,21198,26232,43407,60567,65673,60347,.,.,.,.,38177,38896,.,40989,22532,47392,51835,38859,17124,25139,39474,55142,39267,15443,19184,13625,26064,22876,29919,46509,.,.,.,17081,19926,21216,12172
ACSSF,2019e1,nc,000,0108,0000169,28972,32028,51305,61750,60132,81889,71002,70427,.,.,41242,41083,.,49677,.,47295,91325,35723,29110,16983,40321,27018,40905,4281,27904,.,35042,44408,31091,30467,15639,31333,27959,30964,32438,39548,21153,25145,42351,38925,39963,37611,36005,33554,40495,.,42878,46553,.,42571,.,45623,50652,42607,15481,19379,43337,.,.,13508,15236,15508,21816,9422,26561,9416,9416,.,.,20721,20628,28235,19212
ACSSF,2019e1,nc,000,0108,0000170,30733,34446,53496,65581,65347,81385,92156,125394,60455,.,41047,23646,.,47834,40881,7305,24133,6640,16051,.,45588,36913,46348,4738,10237,35660,25151,8519,26224,32266,26763,24975,42904,30772,31877,40558,22197,27110,45425,42188,44453,41205,.,.,.,.,36206,26732,36125,37433,21128,60284,63128,48750,17325,25893,38873,8959,41545,10432,15110,19382,21843,12412,29189,35862,.,.,.,18005,18674,.,16646
ACSSF,2019e1,nc,000,0108,0000171,32239,37415,68083,66296,70148,37436,91472,150158,76130,.,31153,2499,.,40693,2499,80910,71310,.,30188,86007,36445,29700,72623,4624,30287,.,43064,50766,41786,41989,60455,35210,51166,31926,31051,54351,31044,27150,45806,49547,48532,56761,41796,50029,.,31843,35262,31453,193189,34009,60310,50242,66406,21033,15861,23710,38619,.,39343,11896,7866,20196,29262,17104,31433,.,.,.,.,22461,23262,11629,22814
ACSSF,2019e1,nc,000,0108,0000172,48164,61231,111859,112779,110459,125365,120457,121515,66826,.,57219,47016,200640,44148,86566,238803,239419,.,30680,2499,47445,24640,49770,5160,35827,10633,42069,52521,22281,42095,.,40427,55067,30870,35986,29025,30375,40362,48943,60260,76734,52346,78777,78155,98889,70398,36287,30185,45807,37108,21588,49403,52122,40508,9144,10728,34509,.,.,6253,20568,7320,28740,21272,30956,11353,.,.,.,40342,40561,51885,6691
ACSSF,2019e1,nc,000,0108,0000173,29846,32105,55802,56780,52246,71172,75469,70513,75990,98734,46270,40400,46782,52107,21052,67714,100056,56097,22665,19358,35650,19818,45288,16370,27083,9682,30787,31615,26308,30293,20270,27290,36383,31619,36314,36261,21877,26097,41795,49059,48819,50482,78500,93336,33731,.,35468,36247,34139,36723,11815,49167,54137,33417,16537,25502,42981,32083,43481,12341,18547,15300,22735,15423,26999,28996,.,28556,52917,23190,26671,21755,18322
ACSSF,2019e1,nc,000,0108,0000174,32659,38439,55892,61417,65230,60958,65955,74880,65725,61678,39098,31144,58647,32131,39074,70588,120911,57311,26410,26114,43647,100643,41830,22074,50374,12018,41185,45625,40012,32037,.,31820,34679,30156,40350,33602,22612,30446,46855,43542,40630,57594,50783,53411,.,46879,39773,55945,42396,39265,23407,50811,61688,30387,19262,20235,40746,.,40746,19920,31370,10176,22194,12231,31866,19020,.,.,.,30527,30654,9535,31715
ACSSF,2019e1,nc,000,0108,0000175,34033,38910,56267,71612,78967,43393,67583,69385,72844,53775,40165,42640,.,41167,25804,51204,250001,49148,27435,.,44868,32048,56510,21423,31621,22292,40662,41483,40331,31298,17383,30799,32206,33739,35865,45215,27807,29665,50299,57249,51989,63284,61447,65063,71442,32013,36421,20482,.,44440,30737,52021,62219,46287,14577,19755,16869,.,.,10022,19333,28899,29692,20543,39978,33774,.,33663,.,22233,22265,33316,21521
ACSSF,2019e1,nc,000,0108,0000176,32163,36526,56594,62179,62272,56896,60739,49727,61515,72762,41001,41209,.,48182,.,52599,101231,21517,27873,.,57656,40601,62088,21439,24331,15103,30535,30519,35107,31737,2499,30042,44416,35283,44456,31019,29785,27666,51208,59868,54777,66641,54760,53197,86821,150385,40633,33441,.,40692,19688,59830,71673,58414,13013,25351,.,.,.,4196,19040,12042,22659,19151,29697,80571,.,.,80967,18773,16230,18396,25159
ACSSF,2019e1,nc,000,0108,0000177,34657,40127,52065,61758,61953,57349,57661,59299,50385,51555,43077,45511,90911,44184,15152,80503,81163,60673,22874,.,41288,37083,41857,16842,27852,11815,37397,47715,21949,28703,16163,27302,38834,40379,36466,41338,31250,30753,41841,42209,42261,42019,53250,55672,.,85326,38997,44530,39924,39052,32809,50961,51896,41606,18087,22774,38965,.,38965,16449,14283,12014,27897,23673,30553,50557,.,.,51051,25503,19643,26794,28923
ACSSF,2019e1,nc,000,0108,0000178,31376,35007,50917,47416,49063,44568,58512,32386,59830,53884,42145,43673,.,41812,.,79807,91180,.,28690,30386,32088,.,32386,10320,27087,14256,36911,37388,36339,23845,.,17320,31456,34307,35605,35660,31679,27514,37973,31583,26725,39612,50783,.,.,145219,34360,38155,.,24987,36775,51001,56534,42129,18320,24025,11168,.,.,12918,35027,25439,23467,16602,27778,.,.,.,.,31465,31741,.,.
ACSSF,2019e1,nc,000,0108,0000179,40712,44560,90377,91379,90202,102260,100531,101991,86250,.,50063,60739,152016,54287,23326,91270,110139,83985,20856,21992,43379,42809,63064,11792,38652,10386,55034,55886,31631,40819,.,24864,50356,25751,31692,26014,14723,35975,51128,53179,52046,56214,72444,82018,.,32099,40855,50256,43691,37261,14792,63768,66921,45629,17286,28811,.,.,.,13827,7313,15694,32049,20566,36395,9177,.,.,.,30534,30906,18877,11386
ACSSF,2019e1,nc,000,0108,0000180,31737,40352,55326,70836,71275,56467,95414,65724,96308,.,38823,.,.,29579,51189,.,.,.,23333,.,37500,.,.,16476,45933,.,41736,45612,41563,35853,.,30622,40739,37845,39841,59316,20840,26438,35263,38929,42020,36287,48285,.,.,19323,25947,31548,.,26428,13321,35640,50034,35625,21604,30030,57803,.,.,16197,6468,18494,27482,21466,31313,.,.,.,.,19893,26613,17709,20042
ACSSF,2019e1,nc,000,0108,0000181,31579,37087,60352,60601,56356,66389,68952,26129,80388,75149,36897,37911,.,32423,.,131956,132150,.,12269,.,36862,.,36862,10578,26651,.,35845,36544,26563,51774,.,58643,41534,29222,37581,35440,23693,28022,41926,46713,51077,34936,70339,63708,71667,66250,32449,40077,.,34750,2499,60385,71869,31637,10832,5638,.,.,.,11925,24023,6538,25831,11229,29110,16060,.,.,.,22685,24821,11897,17016
ACSSF,2019e1,nc,000,0108,0000182,34430,38508,55793,69078,73086,63042,57436,64053,56500,76205,38755,31997,.,47720,70689,47000,50938,.,12292,.,14904,30528,12345,6654,30070,.,41011,44806,31295,32041,.,25610,47205,35963,36988,41475,20917,29921,41545,50696,59793,29125,107877,.,.,.,24547,47372,.,21666,31867,44354,51551,32105,20031,26211,.,.,.,10560,21629,17081,29037,18612,34551,50165,.,50709,.,30116,30096,.,33362
ACSSF,2019e1,nc,000,0108,0000183,32484,41725,70306,70815,120115,62801,78003,84796,130532,48797,41184,30289,140404,39093,51875,198036,198036,.,10849,.,41301,.,.,9493,30556,3347,12241,12435,10856,41278,.,47568,.,14520,32205,.,6514,26674,45122,54671,57454,42089,51826,97625,.,30496,32824,26302,100260,33092,20741,43802,61649,15172,15676,21605,.,.,.,11034,53596,25331,22004,21696,23469,13507,.,.,.,20333,26465,11496,.
ACSSF,2019e1,nc,000,0108,0000184,40073,40701,75586,87293,100712,86799,76450,99310,52123,190368,36585,51930,14679,12122,37127,105741,117568,105711,17205,.,37647,.,.,16520,17183,.,38436,41217,.,31010,.,30733,45621,31698,42671,40859,13363,38084,58852,61937,65335,60213,85253,87285,.,.,21917,.,.,22363,12253,66756,71601,34377,16084,25201,.,.,.,15772,15123,20315,40602,40876,37272,.,.,.,.,19441,20403,.,10994
ACSSF,2019e1,nc,000,0108,0000185,28109,31392,52306,88775,97457,57847,48240,21960,75964,36681,40752,53056,.,46397,2499,26306,26708,.,19597,.,42906,41199,56193,10742,37392,.,26801,26627,35686,35708,.,31839,42411,26751,25990,32188,27158,26368,40138,44483,45880,41699,39665,.,39665,.,23687,42413,22412,17364,23121,48616,57254,22349,15221,17452,37250,37250,.,11685,7129,11357,26943,15948,27120,2499,.,2499,.,40648,39052,51122,40091
ACSSF,2019e1,nc,000,0108,0000186,36729,42389,64508,65091,75488,52348,71716,85136,71310,.,47489,34990,.,49380,21827,40833,40417,.,26032,.,36860,31400,46037,23847,16516,10898,39043,54007,27361,42237,10450,34521,49538,36377,46410,32282,27359,31907,43156,50919,43125,53021,77188,66841,.,.,40181,38639,43872,40141,48802,52435,62706,38986,20745,31726,.,.,.,12105,17144,9523,30218,26552,31015,31088,.,.,.,24450,31061,2499,20784
ACSSF,2019e1,nc,000,0108,0000187,41052,42449,68131,68726,75545,68236,76050,81514,72805,62425,50710,54242,66076,24892,63887,65641,69583,56346,25895,50433,51912,31071,.,20000,27565,33796,39551,40060,39397,35871,24858,35386,41131,25703,30455,25581,13244,37933,54471,60644,72044,50884,65982,69357,55143,52932,41284,45727,125434,37908,35864,67025,72081,37554,19818,26657,35030,20078,.,11686,30365,15930,23723,15515,31442,45781,.,40469,75540,25407,23378,37693,25348
ACSSF,2019e1,nc,000,0108,0000188,35389,40519,64716,71032,73576,51587,69929,92772,62410,52653,45528,45014,155144,52679,11261,75150,82383,50820,20474,22011,54408,19305,61538,12619,21028,14579,41322,41438,41148,34162,40014,30808,42090,29235,26894,39717,22303,31284,47679,52015,55512,47706,65711,66388,55241,80890,37245,36029,65791,37378,41222,52297,59206,25704,13325,20981,9320,4086,30489,9007,20175,11632,28049,18155,31294,31152,17310,21218,38730,27520,24709,30532,20882
ACSSF,2019e1,nc,000,0108,0000189,35721,39693,70877,99171,99650,48171,60224,63825,116250,.,51618,51120,.,50802,62485,42405,.,.,30848,.,41450,41250,41860,10506,30533,.,16681,16635,22875,27285,.,26527,40375,38092,41324,59523,15046,32700,48095,53333,50750,78115,55262,55679,.,.,42252,35388,.,50182,.,40640,55176,40580,26232,26776,.,.,.,12479,18036,12365,30023,30565,27032,.,.,.,.,37448,40635,.,19309
ACSSF,2019e1,nc,000,0108,0000190,36291,40924,67250,74301,73311,81991,73450,67947,83119,74350,46908,40667,92049,45072,53963,75444,101354,50032,27618,24383,56038,35925,66358,19739,31910,14690,41330,40816,48453,35876,26250,31133,41732,32047,36669,30803,26636,31464,49322,56103,60990,50625,50477,49655,69651,37223,41916,39414,62042,39318,50600,52469,58432,31569,20784,27823,30841,30426,.,13526,23092,17564,28354,22466,30468,16731,.,.,36188,24593,27325,22439,23476
ACSSF,2019e1,nc,000,0108,0000191,35097,39487,66613,69121,74185,60374,81040,67250,83344,95691,48814,41113,230029,52785,56080,134057,144467,49629,17269,24758,29405,26899,39863,15890,25350,11471,36916,40140,35972,36496,15857,36267,39313,30018,30844,26853,29900,30667,47483,53611,54694,52906,48354,52509,66218,37068,40138,40840,58355,40264,32688,55322,61083,46435,15896,22220,39587,38786,.,11662,21470,8352,26595,16048,31438,35600,.,35706,35404,21317,20754,21946,21372
ACSSF,2019e1,nc,000,0108,0000192,33190,37854,60283,67092,66122,77829,66364,87105,58367,.,46333,40000,.,43080,45820,46737,.,46507,25678,30382,62250,55718,65508,10827,22587,15242,32282,20678,40941,30847,26917,27127,49366,31358,40893,39833,27432,29202,45587,45430,38939,46914,61788,62200,62455,61075,31206,35417,24414,31529,50265,56520,66153,48569,18438,25588,4508,4415,.,16319,19399,9506,21229,11947,32229,72000,.,72000,.,21765,20869,26730,19200
ACSSF,2019e1,nc,000,0108,0000193,32930,39693,68045,80621,85144,70651,54979,46523,81858,.,52019,27400,71294,54047,41798,29382,26753,30193,23108,21731,23734,22549,.,18735,41645,21542,32386,41514,18369,30440,23951,26218,43767,40005,49550,51288,27061,30668,42328,37438,40089,33889,43450,101198,.,.,39323,37391,50032,39467,42902,57923,65571,26219,12480,35585,4330,.,.,14311,15054,11395,27221,16013,31883,11274,.,.,.,28858,29444,.,21826
ACSSF,2019e1,nc,000,0108,0000194,36849,47468,72221,80174,85389,68009,77360,78607,76230,46220,59679,44478,.,75944,65397,70827,71018,.,19226,.,45674,51207,42397,2499,33137,36400,37234,36762,37373,45018,.,42090,47220,40627,41693,42295,30978,29730,40035,55242,55274,55033,70815,71829,.,.,28189,44167,47948,28167,9821,37386,50018,24513,19407,31118,.,.,.,12080,12223,19311,27737,21057,28871,35970,.,9567,46923,26710,26002,86536,28761
ACSSF,2019e1,nc,000,0108,0000195,40593,45428,63246,64007,63456,75419,99764,106137,49583,91278,40275,69078,36582,29667,49186,49114,74208,48372,35709,30254,42461,41986,45707,16127,32453,.,42380,52453,30286,42327,18816,41721,56462,41046,50674,41579,26633,33840,42822,42025,41571,48105,44453,44848,75738,42937,45595,44339,73991,30843,32794,40335,50064,30891,16372,21548,38770,.,.,12449,11776,24491,32027,16238,36351,9882,.,.,.,26396,28122,.,26230
ACSSF,2019e1,nc,000,0108,0000196,40794,49065,80524,85026,87067,80474,48617,45411,82041,.,45739,.,.,46364,26775,137458,137458,.,19506,.,22083,21956,38466,11211,10401,.,38376,39252,31111,50524,.,32140,62366,38976,49048,40037,37808,35761,55449,65815,66843,55232,60565,85709,.,.,45104,48183,39054,41773,.,57150,59528,56004,20321,26753,.,.,.,19523,7775,14817,31253,28362,35530,.,.,.,.,32500,31696,53353,27837
ACSSF,2019e1,nc,000,0108,0000197,41318,46953,79716,87460,91806,81475,81532,86475,71555,81250,48699,48481,100235,37687,47000,76101,100250,61177,25817,27216,43350,34608,56782,19233,27591,31392,43496,46868,40579,35451,16985,31762,42448,32901,35270,45054,26936,36736,53008,61115,62096,60074,71169,71993,47179,47716,41076,42248,80514,36010,41615,57009,63671,38162,21085,27389,36292,29906,57479,14557,17781,21281,31198,25815,34035,28526,.,27073,39497,21393,22873,26334,17891
ACSSF,2019e1,nc,000,0108,0000198,32340,35642,57206,81481,56782,82151,57480,82964,56486,.,55162,56119,.,40500,31695,36371,70319,36129,21086,13799,48192,48313,41750,21348,19597,7634,26189,21884,30400,30364,23109,21538,41670,35268,36392,36917,30179,30747,41328,45516,48750,45332,34565,.,.,.,25478,37030,.,31301,9449,57940,59477,36688,11013,13001,31795,.,31660,6964,11919,11157,27356,28239,27127,8924,.,.,.,21055,2499,32731,36091
ACSSF,2019e1,nc,000,0108,0000199,31575,37031,47202,42941,35938,50961,57891,86250,49235,.,28856,28074,.,29669,.,250001,250001,.,17213,.,52582,49896,.,11053,18034,.,27441,35697,26521,36778,39423,35413,44115,42101,44532,45169,17302,26268,37977,49814,49571,55669,27439,.,.,.,23053,39665,57524,17059,.,40822,41839,30394,20189,21240,26873,26735,.,18182,8672,11237,25161,15324,26647,21469,.,.,.,30000,41915,23443,21074
ACSSF,2019e1,nc,000,0108,0000200,31100,40237,65536,66484,70683,64411,66605,120631,65834,.,40466,21581,.,41510,50669,76858,77380,.,16258,.,24796,.,24750,14147,29440,14299,28550,25526,31552,36240,.,40585,32658,46154,50559,60980,37378,24798,46653,48875,46538,68292,69493,.,107954,27405,37828,26275,.,24554,.,52195,52423,46502,11932,7247,2499,.,.,12078,15018,19265,23376,24448,21963,.,.,.,.,21621,22846,20639,.
ACSSF,2019e1,nc,000,0108,0000201,33925,36736,70116,70789,71364,70559,76531,113217,71667,30357,44611,48958,31362,41275,32400,96148,96376,38567,25526,15853,49077,48250,58676,12293,30187,25651,34427,33957,40384,31155,29940,27977,36157,22427,34641,16036,15153,30958,45312,48703,45379,66693,48737,77554,50609,43825,40459,32310,101431,40230,36265,50859,62321,31848,14586,17192,21475,21475,.,13271,11431,19450,24764,23902,30220,40356,.,.,.,15960,13451,26554,35545
ACSSF,2019e1,nc,000,0108,0000202,26670,30593,60009,61539,65634,60730,51589,60799,51601,.,35906,92706,.,26865,.,65588,66215,51993,19217,.,33348,.,34231,14389,23675,47635,31059,30703,31852,28255,47897,21737,35911,22122,35871,29072,6692,23451,40116,45368,45615,44480,38779,12025,26795,.,34082,47328,34943,34966,5031,45646,80802,43877,15167,28750,.,.,.,16121,13167,15920,21707,16336,24586,21579,.,.,.,25347,16133,26933,.
ACSSF,2019e1,nc,000,0108,0000203,32331,40507,60834,61354,61043,71931,61313,56653,62144,.,41385,24973,.,19779,.,72398,91464,.,28180,.,40671,14856,46065,2499,33838,18003,40183,25584,48020,32004,24950,16471,45654,36705,32480,44188,40192,24485,40573,45038,46673,42528,68267,64720,.,.,24819,.,.,23991,28967,42464,65654,26853,15761,24085,.,.,.,14670,15395,7198,26620,19335,32058,.,.,.,.,17335,17259,22938,16136
ACSSF,2019e1,nc,000,0108,0000204,29322,32056,52068,65770,60993,67382,70342,70427,70941,.,41317,41150,.,49718,.,47295,91325,35723,29265,16983,40165,27018,40723,4882,28077,.,35249,40404,31699,30167,15639,31117,27302,31202,32946,39920,21615,25402,42135,39365,39750,38877,36005,33554,40495,.,42657,45745,.,42738,.,45470,50245,42652,15748,19529,43143,.,43641,13487,16274,15421,22669,10013,26890,9416,9416,.,.,22262,21971,28333,19589
ACSSF,2019e1,nc,000,0108,0000205,30037,38142,58353,71266,71899,44932,56464,.,76890,.,27409,35655,.,40706,11599,160115,161000,.,28887,.,45571,29141,46395,25288,21540,.,31741,30766,44154,35395,11433,35918,27468,32464,32224,42236,27378,24366,48204,47736,49056,26485,71633,.,.,.,40638,46786,.,36648,.,53493,60348,29797,11246,14501,.,.,.,13527,4814,6810,26005,29760,24829,.,.,.,.,24891,30078,24112,23110
ACSSF,2019e1,nc,000,0108,0000206,35534,42520,70122,70562,70753,61700,72963,105530,52313,.,51296,52845,.,51169,45374,121409,135793,.,40864,41013,46304,46159,46338,17587,32654,55691,44811,50627,26857,35261,11820,37154,37006,37249,34532,55362,32384,27368,41052,43277,46608,40112,45162,51548,41382,30250,35102,36387,.,27105,26331,57403,65253,22126,16941,12240,.,.,.,17708,15199,23629,27458,13861,32362,25246,.,.,.,23461,23641,23692,22500
ACSSF,2019e1,nc,000,0108,0000207,31680,39786,51305,57083,67755,.,51343,41813,60408,.,46978,.,.,56612,45662,55551,67287,39089,44421,11702,61455,.,61841,13193,48225,.,50465,51030,50018,27041,.,29101,24482,32040,34286,125010,21910,26761,39770,41858,42483,31884,.,.,.,.,41807,.,.,41413,.,36484,36699,33922,23201,26398,.,.,.,7756,20127,12121,26296,30394,26085,25458,.,.,26431,26225,35711,.,26227
ACSSF,2019e1,nc,000,0108,0000208,42163,51970,100427,102216,100960,117746,117480,131619,75497,.,47030,45423,188852,43438,77601,82248,226920,.,30305,50879,48412,35386,51730,4927,31163,11267,42309,52130,40030,41305,47309,35705,51068,35060,35733,41057,31514,34496,47221,55580,56816,55343,63750,70861,91122,46556,36235,30494,85042,36924,23023,45634,52307,31850,11945,23181,24087,22669,57417,10284,12315,14020,29623,25383,31357,11353,.,.,.,24932,31662,50574,17643
ACSSF,2019e1,nc,000,0108,0000209,46871,54064,90475,92212,102028,76354,97899,100240,97654,85795,52371,50440,82954,53573,50353,87342,101880,31723,24701,27393,50962,43665,51974,16649,29037,16479,42166,46852,39717,35875,14783,32469,39517,30868,37406,30151,22329,40477,56121,67741,69064,67470,73078,79536,87662,57543,40658,46568,71919,34741,41883,54504,64804,33215,20524,26996,51386,41641,66432,16550,19280,20557,31857,21386,34742,16663,15672,16560,25545,22336,27983,17493,21183
ACSSF,2019e1,nc,000,0108,0000210,30305,33224,42627,54361,52595,68423,42109,.,40625,52240,32817,17396,.,38516,.,27656,153927,21664,21410,.,53369,31375,61705,16649,31014,.,40838,41980,30679,32281,9436,32345,40733,28291,37437,29097,13773,25907,45114,47054,47071,47047,35962,.,.,.,38903,41420,.,26208,40677,51369,62004,40571,15911,17496,36626,.,36626,8365,14983,6880,20420,11816,28380,4714,.,.,.,22831,21833,25847,16004
ACSSF,2019e1,nc,000,0108,0000211,31890,35778,57288,54107,72795,41228,56491,70739,.,.,55793,76035,.,73454,51133,68777,.,.,27513,26786,34401,34401,.,5066,36476,.,35431,37446,33429,26538,.,23975,32371,35087,40413,41729,21139,30295,45814,51019,50216,55425,.,.,.,.,24009,56425,.,24483,.,61823,76378,34605,19832,24663,.,.,.,10944,25397,.,18574,12889,21224,.,.,.,.,28071,35698,2499,27358
ACSSF,2019e1,nc,000,0108,0000212,32118,37121,51353,46742,71098,31926,51250,36974,57283,75822,49534,48233,.,61969,.,250001,.,.,17143,.,57995,59217,21610,10164,22848,.,27159,26533,45312,45390,5994,45056,45825,35781,37101,57519,19567,30014,43434,60057,70882,53320,39764,.,.,.,17461,.,.,40131,12911,47281,70897,43998,21319,31181,.,.,.,21125,13166,10877,22754,12381,23737,.,.,.,.,30141,30974,.,27835
