ACSSF,2019e1,nc,000,0178,0000001,7729644,1625824,1784807,2596312,1722701,7729644,195644,568559,2056499,1828802,771355,1503185,805600,7489514,860308,6629206,58019
ACSSF,2019e1,nc,000,0178,0000002,5078661,1186849,1226796,1627528,1037488,5078661,117371,329737,1191175,1230658,471260,1123958,614502,4869825,564244,4305581,59088
ACSSF,2019e1,nc,000,0178,0000003,2650983,438975,558011,968784,685213,2650983,78273,238822,865324,598144,300095,379227,191098,2619689,296064,2323625,56196
ACSSF,2019e1,nc,000,0178,0000004,7271547,1548341,1700377,2441456,1581373,7271547,179389,519125,1892196,1726388,724800,1452309,777340,7050508,799270,6251238,59106
ACSSF,2019e1,nc,000,0178,0000005,6199362,1340838,1482394,2077348,1298782,6199362,143587,415260,1566924,1457381,610602,1302895,702713,6010682,638608,5372074,61138
ACSSF,2019e1,nc,000,0178,0000006,2508214,678691,633061,759100,437362,2508214,52875,139808,531497,611105,209407,607657,355865,2378502,294997,2083505,57729
ACSSF,2019e1,nc,000,0178,0000007,3691148,662147,849333,1318248,861420,3691148,90712,275452,1035427,846276,401195,695238,346848,3632180,343611,3288569,63164
ACSSF,2019e1,nc,000,0178,0000008,1072185,207503,217983,364108,282591,1072185,35802,103865,325272,269007,114198,149414,74627,1039826,160662,879164,46995
ACSSF,2019e1,nc,000,0178,0000009,273163,67271,51618,81528,72746,273163,8431,27615,67495,77470,26690,44020,21442,253276,55455,197821,39950
ACSSF,2019e1,nc,000,0178,0000010,799022,140232,166365,282580,209845,799022,27371,76250,257777,191537,87508,105394,53185,786550,105207,681343,49632
ACSSF,2019e1,nc,000,0178,0000011,458097,77483,84430,154856,141328,458097,16255,49434,164303,102414,46555,50876,28260,439006,61038,377968,45243
ACSSF,2019e1,nc,000,0178,0000012,1530282,284986,302413,518964,423919,1530282,52057,153299,489575,371421,160753,200290,102887,1478832,221700,1257132,46434
ACSSF,2019e1,nc,000,0178,0000013,123223,26148,27359,40785,28931,123223,3005,9070,37481,31419,13174,20544,8530,119368,15160,104208,58726
ACSSF,2019e1,nc,000,0178,0000014,120061,14112,21311,38839,45799,120061,1925,6109,32373,27200,14968,23850,13636,119330,8953,110377,63773
ACSSF,2019e1,nc,000,0178,0000015,202314,34644,50328,63998,53344,202314,3936,10101,50847,38164,21390,47805,30071,196817,19480,177337,56965
ACSSF,2019e1,nc,000,0178,0000016,70157,12008,13777,25900,18472,70157,2819,6895,24715,14128,8573,7854,5173,68208,9869,58339,49461
ACSSF,2019e1,nc,000,0178,0000017,152378,30244,40753,53222,28159,152378,3224,9684,43008,33659,14631,32809,15363,151083,10721,140362,72817
ACSSF,2019e1,nc,000,0178,0000018,64174,11377,11951,24711,16135,64174,3417,9766,19937,13756,7192,7701,2405,63334,5919,57415,48879
ACSSF,2019e1,nc,000,0178,0000019,56912,8268,9959,20819,17866,56912,884,4474,14985,15784,4456,9800,6529,55924,4487,51437,60192
ACSSF,2019e1,nc,000,0178,0000020,118836,22619,24645,42502,29070,118836,3141,10004,35288,28139,15907,19044,7313,116430,14973,101457,53218
ACSSF,2019e1,nc,000,0178,0000021,53931,7498,9262,18602,18569,53931,1571,3919,10768,8536,4763,12274,12100,53427,3546,49881,68270
ACSSF,2019e1,nc,000,0178,0000022,75291,14784,16706,25440,18361,75291,3141,6796,26543,16184,9777,8464,4386,73870,12525,61345,45033
ACSSF,2019e1,nc,000,0178,0000023,77300,19581,15562,22206,19951,77300,1670,4830,24307,20295,10848,9731,5619,72516,8316,64200,56247
ACSSF,2019e1,nc,000,0178,0000024,243613,73807,61248,68370,40188,243613,4715,16177,70262,76355,24698,33252,18154,228190,35408,192782,46117
ACSSF,2019e1,nc,000,0178,0000025,125860,20694,26303,48140,30723,125860,4856,11471,42859,30839,12336,16644,6855,124574,17374,107200,54581
ACSSF,2019e1,nc,000,0178,0000026,228429,54078,62766,68379,43206,228429,4124,10562,44656,44867,15301,55262,53657,216371,23556,192815,67847
ACSSF,2019e1,nc,000,0178,0000027,278895,59804,63122,94923,61046,278895,8315,20102,76171,65077,23570,54160,31500,269423,33862,235561,52541
ACSSF,2019e1,nc,000,0178,0000028,51463,8543,12172,18952,11796,51463,1065,3634,16340,12532,7322,8138,2432,50166,3452,46714,59348
ACSSF,2019e1,nc,000,0178,0000029,168342,32120,39743,59186,37293,168342,5948,18374,50659,40688,15324,27300,10049,165709,17469,148240,56714
ACSSF,2019e1,nc,000,0178,0000030,392223,91226,88744,130754,81499,392223,10065,28959,88597,97023,36705,87104,43770,372945,51833,321112,55215
ACSSF,2019e1,nc,000,0178,0000031,96559,22475,25762,31416,16906,96559,1923,7209,32306,22683,10517,15298,6623,93643,13628,80015,58315
ACSSF,2019e1,nc,000,0178,0000032,91632,12415,18226,30392,30599,91632,1168,6456,22148,25392,9966,16660,9842,90514,5691,84823,63773
ACSSF,2019e1,nc,000,0178,0000033,134507,25213,30069,51009,28216,134507,2854,9719,40517,29226,14124,26344,11723,133562,8843,124719,68937
ACSSF,2019e1,nc,000,0178,0000034,144687,26996,36861,54047,26783,144687,2880,11298,37714,37047,22672,24820,8256,143378,13462,129916,64299
ACSSF,2019e1,nc,000,0178,0000035,66936,10735,14254,26880,15067,66936,1221,3893,22320,14749,8328,11015,5410,66426,4729,61697,72023
ACSSF,2019e1,nc,000,0178,0000036,754798,178134,209435,246298,120931,754798,16762,33871,126504,179995,68407,221196,108063,741861,61888,679973,70400
ACSSF,2019e1,nc,000,0178,0000037,76509,10373,17752,23796,24588,76509,1742,4097,17213,17538,7510,18871,9538,75537,7262,68275,62162
ACSSF,2019e1,nc,000,0178,0000038,72046,13627,15505,25136,17778,72046,2815,8081,26004,15866,7235,9456,2589,70358,10872,59486,50791
ACSSF,2019e1,nc,000,0178,0000039,186184,44812,41388,57650,42334,186184,2584,10076,35652,47971,17494,48025,24382,179285,22293,156992,56631
ACSSF,2019e1,nc,000,0178,0000040,146691,59779,35956,32220,18736,146691,1834,8515,51790,41541,15432,20031,7548,127820,12100,115720,49427
ACSSF,2019e1,nc,000,0178,0000041,111748,34322,21638,34214,21574,111748,1546,3719,16255,24364,5651,30061,30152,101252,12670,88582,76541
ACSSF,2019e1,nc,000,0178,0000042,136861,43447,29208,39979,24227,136861,3418,9959,36348,33300,14856,24384,14596,129949,24518,105431,54256
ACSSF,2019e1,nc,000,0178,0000043,106440,20171,21722,37804,26743,106440,4869,11985,38121,24809,11349,10450,4857,105172,13952,91220,50695
ACSSF,2019e1,nc,000,0178,0000044,94277,21468,20865,31634,20310,94277,3821,14065,33141,21678,8634,8865,4073,91182,23506,67676,35202
ACSSF,2019e1,nc,000,0178,0000045,71105,11476,14091,26835,18703,71105,2633,9033,28681,14747,6328,6555,3128,69969,12346,57623,43543
ACSSF,2019e1,nc,000,0178,0000046,105420,20268,23312,36801,25039,105420,3281,8086,32574,28990,13517,12190,6782,101718,10300,91418,53982
ACSSF,2019e1,nc,000,0178,0000047,52502,8733,9930,18529,15310,52502,1592,4872,16771,12981,6038,7827,2421,51600,8586,43014,44248
ACSSF,2019e1,nc,000,0178,0000048,53903,9925,10025,19167,14786,53903,2474,6182,14782,13135,7755,7048,2527,53164,7931,45233,49719
ACSSF,2019e1,nc,000,0178,0000049,166338,32331,39866,64123,30018,166338,3196,10888,41035,39297,14566,39138,18218,164489,11034,153455,86261
ACSSF,2019e1,nc,000,0178,0000050,771942,166777,209958,265301,129906,771942,9170,31142,125224,154104,60626,249428,142248,752970,54303,698667,85497
ACSSF,2019e1,nc,000,0178,0000051,88565,19878,18395,29900,20392,88565,2854,6522,29514,23082,11847,9761,4985,86307,12000,74307,45366
ACSSF,2019e1,nc,000,0178,0000052,54467,8685,11805,18528,15449,54467,2708,5875,20485,12267,5044,6393,1695,53778,7388,46390,42907
ACSSF,2019e1,nc,000,0178,0000053,59560,11990,12056,20522,14992,59560,2739,7276,20283,12898,5464,7462,3438,58322,10049,48273,39553
ACSSF,2019e1,nc,000,0178,0000054,69517,12006,22264,19632,15615,69517,900,3161,13349,12545,6945,21072,11545,66757,8584,58173,53684
ACSSF,2019e1,nc,000,0178,0000055,111166,17622,27504,45512,20528,111166,715,2638,11728,15743,7324,40067,32951,110968,4223,106745,106693
ACSSF,2019e1,nc,000,0178,0000056,593405,148636,167913,187517,89339,593405,14644,26971,99681,145222,51967,170744,84176,582525,54300,528225,65034
ACSSF,2019e1,nc,000,0178,0000057,65755,15260,18132,22429,9934,65755,1557,4728,17155,12185,5618,15321,9191,64858,4279,60579,75484
ACSSF,2019e1,nc,000,0178,0000058,198230,50943,56033,57583,33671,198230,3557,9930,36095,40465,12493,47960,47730,189424,21888,167536,67904
ACSSF,2019e1,nc,000,0178,0000059,153250,51625,38678,38831,24116,153250,2769,8443,43001,49654,15782,22387,11214,138853,23598,115255,43389
ACSSF,2019e1,nc,000,0178,0000060,55410,11287,13973,18377,11773,55410,1953,5973,16854,12761,4045,9631,4193,54078,5400,48678,49419
ACSSF,2019e1,nc,000,0178,0000061,213821,58785,48730,66660,39646,213821,4822,14158,47312,55576,19236,48852,23865,198737,33438,165299,49182
ACSSF,2019e1,nc,000,0178,0000062,75369,34112,13940,17537,9780,75369,1614,3975,20888,20811,7434,12165,8482,69061,16065,52996,48556
ACSSF,2019e1,nc,000,0178,0000063,79439,19911,17912,24877,16739,79439,3800,6617,16988,20054,7510,16996,7474,75523,8499,67024,49073
ACSSF,2019e1,nc,000,0178,0000064,55605,31520,11762,7398,4925,55605,588,2026,22520,18029,4933,5755,1754,38040,4067,33973,46400
ACSSF,2019e1,nc,000,0178,0000065,339466,94172,91314,100549,53431,339466,3465,14762,59982,74832,24558,106194,55673,321443,31881,289562,70925
ACSSF,2019e1,nc,000,0178,0000066,98912,30320,19180,27417,21995,98912,1610,6204,18140,29312,8588,22443,12615,94128,17609,76519,48441
ACSSF,2019e1,nc,000,0178,0000067,172873,42795,42844,54616,32618,172873,5313,13234,48473,41624,13184,31327,19718,163703,25580,138123,45035
ACSSF,2019e1,nc,000,0178,0000068,69517,12006,22264,19632,15615,69517,900,3161,13349,12545,6945,21072,11545,66757,8584,58173,53684
ACSSF,2019e1,nc,000,0178,0000069,593405,148636,167913,187517,89339,593405,14644,26971,99681,145222,51967,170744,84176,582525,54300,528225,65034
ACSSF,2019e1,nc,000,0178,0000070,65755,15260,18132,22429,9934,65755,1557,4728,17155,12185,5618,15321,9191,64858,4279,60579,75484
ACSSF,2019e1,nc,000,0178,0000071,55410,11287,13973,18377,11773,55410,1953,5973,16854,12761,4045,9631,4193,54078,5400,48678,49419
ACSSF,2019e1,nc,000,0178,0000072,198048,50761,56033,57583,33671,198048,3557,9930,36005,40465,12493,47960,47638,189242,21888,167354,67793
ACSSF,2019e1,nc,000,0178,0000073,153250,51625,38678,38831,24116,153250,2769,8443,43001,49654,15782,22387,11214,138853,23598,115255,43389
ACSSF,2019e1,nc,000,0178,0000074,213821,58785,48730,66660,39646,213821,4822,14158,47312,55576,19236,48852,23865,198737,33438,165299,49182
ACSSF,2019e1,nc,000,0178,0000075,76048,18946,16528,24023,16551,76048,3800,6484,16210,19778,7398,15409,6969,72220,8499,63721,48164
ACSSF,2019e1,nc,000,0178,0000076,75369,34112,13940,17537,9780,75369,1614,3975,20888,20811,7434,12165,8482,69061,16065,52996,48556
ACSSF,2019e1,nc,000,0178,0000077,55605,31520,11762,7398,4925,55605,588,2026,22520,18029,4933,5755,1754,38040,4067,33973,46400
ACSSF,2019e1,nc,000,0178,0000078,108425,17554,27400,44685,18786,108425,715,2638,11137,15447,7107,39271,32110,108227,4169,104058,107406
ACSSF,2019e1,nc,000,0178,0000079,337681,93752,90992,100145,52792,337681,3465,14762,59982,74617,24558,104954,55343,319658,31881,287777,70712
ACSSF,2019e1,nc,000,0178,0000080,98912,30320,19180,27417,21995,98912,1610,6204,18140,29312,8588,22443,12615,94128,17609,76519,48441
ACSSF,2019e1,nc,000,0178,0000081,172873,42795,42844,54616,32618,172873,5313,13234,48473,41624,13184,31327,19718,163703,25580,138123,45035
ACSSF,2019e1,nc,000,0178,0000082,570191,133041,124624,183668,128858,570191,19614,53067,167002,132186,47225,86606,64491,540535,87082,453453,48031
ACSSF,2019e1,nc,000,0178,0000083,636164,109468,170164,232977,123555,636164,11895,38756,151755,135369,68960,156459,72970,628537,50207,578330,77658
ACSSF,2019e1,nc,000,0178,0000084,581048,140661,124092,181715,134580,581048,13511,41666,182355,148716,62006,88558,44236,547989,58902,489087,54341
ACSSF,2019e1,nc,000,0178,0000085,610536,161781,155936,192428,100391,610536,7267,23800,97924,126380,40598,186590,127977,581514,53657,527857,76610
ACSSF,2019e1,nc,000,0178,0000086,583346,122485,123618,196745,140498,583346,19988,48757,168594,143392,58438,93827,50350,561208,77308,483900,49780
ACSSF,2019e1,nc,000,0178,0000087,581560,106562,122368,210825,141805,581560,17916,54246,178583,132125,59080,91779,47831,568560,74660,493900,54734
ACSSF,2019e1,nc,000,0178,0000088,621515,120931,129428,204075,167081,621515,12434,46061,175372,152351,70521,109350,55426,606511,70023,536488,54119
ACSSF,2019e1,nc,000,0178,0000089,591696,134976,148879,187376,120465,591696,13510,40269,172691,153507,63875,98509,49335,570579,63349,507230,54986
ACSSF,2019e1,nc,000,0178,0000090,574114,109714,134128,210241,120031,574114,11552,47196,141575,132124,53649,124745,63273,562661,70106,492555,66153
ACSSF,2019e1,nc,000,0178,0000091,591040,104831,131047,206299,148863,591040,17713,49341,178984,132469,67089,97995,47449,578539,70136,508403,53905
ACSSF,2019e1,nc,000,0178,0000092,607938,101648,121522,206579,178189,607938,17138,51259,176284,146216,66030,96606,54405,594794,63436,531358,52769
ACSSF,2019e1,nc,000,0178,0000093,599115,154318,171255,186163,87379,599115,15824,29860,107587,151285,56464,162844,75251,587456,55536,531920,62469
ACSSF,2019e1,nc,000,0178,0000094,581381,125408,127746,197221,131006,581381,17282,44281,157793,142682,57420,109317,52606,560631,65906,494725,57141
ACSSF,2019e1,nc,000,0178,0000095,110433,29338,19988,33325,27782,110433,2762,8491,29883,31696,11076,15146,11379,100798,17739,83059,46788
ACSSF,2019e1,nc,000,0178,0000096,117302,20017,23174,40510,33601,117302,5603,13163,37966,27587,13704,14588,4691,115761,16378,99383,44955
ACSSF,2019e1,nc,000,0178,0000097,108096,17271,21360,41351,28114,108096,4230,12999,40408,23672,10872,10756,5159,106503,18037,88466,45010
ACSSF,2019e1,nc,000,0178,0000098,94314,15583,20277,35584,22870,94314,3116,12780,33427,20902,9732,10715,3642,89874,11157,78717,54829
ACSSF,2019e1,nc,000,0178,0000099,94927,16810,20221,33467,24429,94927,2525,9355,33064,21515,10632,13059,4777,92343,9350,82993,48656
ACSSF,2019e1,nc,000,0178,0000100,77925,14862,14325,28377,20361,77925,3386,9013,28926,18024,7061,7558,3957,74413,12673,61740,42188
ACSSF,2019e1,nc,000,0178,0000101,89053,15273,19036,32330,22414,89053,2977,5638,29534,24255,8311,13162,5176,86218,8532,77686,61537
ACSSF,2019e1,nc,000,0178,0000102,81142,12475,14173,29475,25019,81142,3318,7523,25988,17730,9175,11236,6172,78191,10389,67802,46085
ACSSF,2019e1,nc,000,0178,0000103,111465,20878,23566,38843,28178,111465,5205,11860,39170,27307,9434,14670,3819,109277,16838,92439,46871
ACSSF,2019e1,nc,000,0178,0000104,73492,14593,15025,24854,19020,73492,3478,9312,25799,15578,6893,8635,3797,69922,11225,58697,40268
ACSSF,2019e1,nc,000,0178,0000105,144687,26996,36861,54047,26783,144687,2880,11298,37714,37047,22672,24820,8256,143378,13462,129916,64299
ACSSF,2019e1,nc,000,0178,0000106,119661,48848,28800,26529,15484,119661,2109,7667,22164,33796,6840,30743,16342,102404,18676,83728,60211
ACSSF,2019e1,nc,000,0178,0000107,98200,20469,26122,29786,21823,98200,1062,2177,15981,18885,7235,35493,17367,97556,5072,92484,70789
ACSSF,2019e1,nc,000,0178,0000108,91769,12724,26575,36993,15477,91769,766,4099,13460,15891,9978,31275,16300,91383,4197,87186,97364
ACSSF,2019e1,nc,000,0178,0000109,99039,20792,29004,33493,15750,99039,1558,7533,24493,23180,7344,22539,12392,98882,10230,88652,74315
ACSSF,2019e1,nc,000,0178,0000110,91264,18432,25909,30520,16403,91264,1889,3020,19191,22786,8602,25226,10550,91033,4216,86817,86197
ACSSF,2019e1,nc,000,0178,0000111,83684,14533,23534,32273,13344,83684,176,1560,8548,10552,5969,34145,22734,83684,4002,79682,118802
ACSSF,2019e1,nc,000,0178,0000112,94621,17040,21519,37744,18318,94621,618,2374,10390,14096,6951,36475,23717,94423,4321,90102,95313
ACSSF,2019e1,nc,000,0178,0000113,93704,13939,28495,37963,13307,93704,992,2712,10997,14918,7707,33532,22846,93605,3589,90016,114640
ACSSF,2019e1,nc,000,0178,0000114,130053,33168,38161,38768,19956,130053,1726,5034,18348,25719,9380,32634,37212,123132,11304,111828,74700
ACSSF,2019e1,nc,000,0178,0000115,98376,20910,24605,29611,23250,98376,2398,5528,26308,19148,5921,22628,16445,93239,12252,80987,58698
ACSSF,2019e1,nc,000,0178,0000116,111735,34322,21625,34214,21574,111735,1546,3719,16255,24351,5651,30061,30152,101239,12670,88569,76531
ACSSF,2019e1,nc,000,0178,0000117,97951,16645,18707,33719,28880,97951,3328,7779,21998,19089,11044,19569,15144,96635,8778,87857,60893
ACSSF,2019e1,nc,000,0178,0000118,123305,26148,27372,40785,29000,123305,3005,9070,37481,31432,13174,20613,8530,119450,15160,104290,58673
ACSSF,2019e1,nc,000,0178,0000119,106357,22026,25010,35588,23733,106357,2327,5342,20604,24893,9265,26657,17269,99691,14069,85622,56441
ACSSF,2019e1,nc,000,0178,0000120,85248,29523,19572,23034,13119,85248,2441,8306,20968,26090,7243,15339,4861,76993,16328,60665,42364
ACSSF,2019e1,nc,000,0178,0000121,98224,17031,21244,38212,21737,98224,1098,6750,22339,20832,10123,24824,12258,97757,10199,87558,79057
ACSSF,2019e1,nc,000,0178,0000122,102394,22646,22918,33920,22910,102394,4199,8561,24686,25208,10074,20284,9382,98504,11237,87267,54719
ACSSF,2019e1,nc,000,0178,0000123,75802,16317,16795,24055,18635,75802,2143,4665,21356,17797,5184,13880,10777,71590,11022,60568,46589
ACSSF,2019e1,nc,000,0178,0000124,93477,24574,25319,29047,14537,93477,2995,8506,27292,23033,7681,15273,8697,88519,13712,74807,45204
ACSSF,2019e1,nc,000,0178,0000125,109616,18913,21008,41821,27874,109616,3177,6931,27523,24247,10705,25007,12026,109314,9128,100186,69637
ACSSF,2019e1,nc,000,0178,0000126,83081,13950,18275,29330,21526,83081,2582,6943,27926,19251,11064,11135,4180,82554,7866,74688,59862
ACSSF,2019e1,nc,000,0178,0000127,94389,16950,19385,34462,23592,94389,4592,12959,31647,20542,10855,10564,3230,92358,8808,83550,50735
ACSSF,2019e1,nc,000,0178,0000128,106041,17944,20765,38985,28347,106041,3843,10614,37070,22989,13003,11704,6818,103073,14215,88858,47678
ACSSF,2019e1,nc,000,0178,0000129,101694,16978,28837,29934,25945,101694,1609,4194,22571,19594,10089,27483,16154,98744,12068,86676,55185
ACSSF,2019e1,nc,000,0178,0000130,100620,17666,21491,34064,27399,100620,2327,5907,28276,18570,11301,20322,13917,98073,7412,90661,58538
ACSSF,2019e1,nc,000,0178,0000131,90459,13264,18961,30943,27291,90459,2702,7534,26136,21836,9939,13858,8454,89085,9263,79822,52520
ACSSF,2019e1,nc,000,0178,0000132,91767,17491,15497,27721,31058,91767,2453,6290,26664,27035,9012,12119,8194,87559,13005,74554,45878
ACSSF,2019e1,nc,000,0178,0000133,120352,17006,23982,39042,40322,120352,2101,8091,29408,33197,12079,22399,13077,118162,9725,108437,62230
ACSSF,2019e1,nc,000,0178,0000134,106735,18529,18982,36873,32351,106735,3355,8728,35258,24154,12755,15673,6812,104376,15044,89332,46150
ACSSF,2019e1,nc,000,0178,0000135,105964,17885,24202,40103,23774,105964,3056,8290,35000,23139,14450,14796,7233,105228,12259,92969,59848
ACSSF,2019e1,nc,000,0178,0000136,118436,22619,24526,42268,29023,118436,3141,10004,35035,28037,15862,19044,7313,116030,14973,101057,53264
ACSSF,2019e1,nc,000,0178,0000137,113099,21575,24915,43368,23241,113099,2405,7264,32649,23994,10901,24756,11130,112154,7390,104764,70795
ACSSF,2019e1,nc,000,0178,0000138,82538,14562,18793,29863,19320,82538,3131,9349,27634,19770,8364,11345,2945,81915,8752,73163,56620
ACSSF,2019e1,nc,000,0178,0000139,85829,17558,20950,29323,17998,85829,2842,9025,23025,20918,6960,15955,7104,83819,8717,75102,56830
ACSSF,2019e1,nc,000,0178,0000140,87752,29516,25370,22767,10099,87752,1380,3789,15538,19254,6504,27019,14268,86150,9635,76515,63009
ACSSF,2019e1,nc,000,0178,0000141,89275,21797,23869,29073,14536,89275,3634,8485,20874,27595,8977,14792,4918,86495,11505,74990,43374
ACSSF,2019e1,nc,000,0178,0000142,79096,25722,18905,22551,11918,79096,2852,4591,17198,24480,11044,14307,4624,74405,8761,65644,46396
ACSSF,2019e1,nc,000,0178,0000143,111557,17103,28956,41295,24203,111557,1011,1486,11614,19547,7322,44799,25778,110918,3707,107211,103407
ACSSF,2019e1,nc,000,0178,0000144,80363,22680,22283,24683,10717,80363,2496,3174,12513,17423,5193,27078,12486,79514,9391,70123,61407
ACSSF,2019e1,nc,000,0178,0000145,114890,22123,33430,38425,20912,114890,1003,4152,16308,26768,11100,35787,19772,113158,5436,107722,90412
ACSSF,2019e1,nc,000,0178,0000146,96881,23071,26947,33105,13758,96881,1286,3837,19378,24297,10161,26296,11626,96562,8506,88056,71053
ACSSF,2019e1,nc,000,0178,0000147,94984,16122,29675,34399,14788,94984,3100,4357,13081,20631,8106,31118,14591,94659,4947,89712,89406
ACSSF,2019e1,nc,000,0178,0000148,115883,24338,30477,41186,19882,115883,2820,7718,31296,23895,11183,26912,12059,114653,6836,107817,73310
ACSSF,2019e1,nc,000,0178,0000149,85714,15690,20866,28689,20469,85714,1702,7843,26850,22016,9331,12214,5758,83713,7105,76608,64470
ACSSF,2019e1,nc,000,0178,0000150,105349,20268,23241,36801,25039,105349,3281,8086,32574,28919,13517,12190,6782,101647,10300,91347,54058
ACSSF,2019e1,nc,000,0178,0000151,125860,20694,26303,48140,30723,125860,4856,11471,42859,30839,12336,16644,6855,124574,17374,107200,54581
ACSSF,2019e1,nc,000,0178,0000152,106440,20171,21722,37804,26743,106440,4869,11985,38121,24809,11349,10450,4857,105172,13952,91220,50695
ACSSF,2019e1,nc,000,0178,0000153,96316,14056,21174,31073,30013,96316,2398,5823,23929,22378,9620,21343,10825,94574,9597,84977,60526
ACSSF,2019e1,nc,000,0178,0000154,96559,22475,25762,31416,16906,96559,1923,7209,32306,22683,10517,15298,6623,93643,13628,80015,58315
ACSSF,2019e1,nc,000,0178,0000155,83021,15307,17959,26983,22772,83021,1899,9150,28523,21044,8792,8825,4788,82032,8191,73841,46843
ACSSF,2019e1,nc,000,0178,0000156,88485,19878,18395,29900,20312,88485,2854,6522,29465,23051,11847,9761,4985,86227,12000,74227,45346
ACSSF,2019e1,nc,000,0178,0000157,84109,19850,19785,27329,17145,84109,2049,9759,25903,23141,9316,10538,3403,83458,12360,71098,44100
ACSSF,2019e1,nc,000,0178,0000158,136861,43447,29208,39979,24227,136861,3418,9959,36348,33300,14856,24384,14596,129949,24518,105431,54256
ACSSF,2019e1,nc,000,0178,0000159,77300,19581,15562,22206,19951,77300,1670,4830,24307,20295,10848,9731,5619,72516,8316,64200,56247
ACSSF,2019e1,nc,000,0178,0000160,105886,14871,19380,37931,33704,105886,2675,8071,31085,27957,9839,15946,10313,103824,9866,93958,56565
ACSSF,2019e1,nc,000,0178,0000161,112820,48756,26538,22874,14652,112820,1637,5334,43241,31198,10568,14474,6368,93971,8994,84977,48678
ACSSF,2019e1,nc,000,0178,0000162,93869,16047,23103,31522,23197,93869,879,6401,22864,22578,7461,22708,10978,90845,6087,84758,66624
ACSSF,2019e1,nc,000,0178,0000163,139761,36593,29219,42881,31068,139761,2207,8291,26844,38604,13972,32722,17121,134740,19834,114906,52587
ACSSF,2019e1,nc,000,0178,0000164,120061,14112,21311,38839,45799,120061,1925,6109,32373,27200,14968,23850,13636,119330,8953,110377,63773
ACSSF,2019e1,nc,000,0178,0000165,79701,15686,16997,26789,20229,79701,1808,9375,32388,16996,6826,8513,3795,76738,14237,62501,42176
ACSSF,2019e1,nc,000,0178,0000166,80352,23688,20433,21490,14741,80352,1378,5260,21082,26791,7858,11772,6211,77632,16995,60637,39671
ACSSF,2019e1,nc,000,0178,0000167,87142,33062,19016,23279,11785,87142,1364,4901,27627,29040,8736,10268,5206,74492,8734,65758,50389
ACSSF,2019e1,nc,000,0178,0000168,76119,17057,21799,23601,13662,76119,1973,6016,21553,20524,8104,11212,6737,76066,9679,66387,50877
ACSSF,2019e1,nc,000,0178,0000169,83739,18802,17878,28617,18442,83739,3554,11851,29165,18913,7891,8536,3829,80644,21700,58944,33999
ACSSF,2019e1,nc,000,0178,0000170,99231,20212,25457,32981,20581,99231,3121,11271,29908,24485,15057,10625,4764,95902,19638,76264,42294
ACSSF,2019e1,nc,000,0178,0000171,83194,19914,16961,29082,17237,83194,1734,9019,28375,22528,6799,10720,4019,79880,12158,67722,53107
ACSSF,2019e1,nc,000,0178,0000172,102754,16062,26965,42105,17622,102754,1716,4477,20449,21341,9090,30658,15023,102590,1929,100661,107529
ACSSF,2019e1,nc,000,0178,0000173,224157,57196,58827,67946,40188,224157,4641,16116,62837,68119,23210,31642,17592,221061,35123,185938,46320
ACSSF,2019e1,nc,000,0178,0000174,136861,43447,29208,39979,24227,136861,3418,9959,36348,33300,14856,24384,14596,129949,24518,105431,54256
ACSSF,2019e1,nc,000,0178,0000175,123223,26148,27359,40785,28931,123223,3005,9070,37481,31419,13174,20544,8530,119368,15160,104208,58726
ACSSF,2019e1,nc,000,0178,0000176,120061,14112,21311,38839,45799,120061,1925,6109,32373,27200,14968,23850,13636,119330,8953,110377,63773
ACSSF,2019e1,nc,000,0178,0000177,167554,27607,39270,53646,47031,167554,3670,8164,46185,32865,18681,35963,22026,163603,14766,148837,56904
ACSSF,2019e1,nc,000,0178,0000178,70157,12008,13777,25900,18472,70157,2819,6895,24715,14128,8573,7854,5173,68208,9869,58339,49461
ACSSF,2019e1,nc,000,0178,0000179,133497,27366,34789,46972,24370,133497,2325,7639,35901,29963,12317,30207,15145,132233,8864,123369,76761
ACSSF,2019e1,nc,000,0178,0000180,64174,11377,11951,24711,16135,64174,3417,9766,19937,13756,7192,7701,2405,63334,5919,57415,48879
ACSSF,2019e1,nc,000,0178,0000181,56912,8268,9959,20819,17866,56912,884,4474,14985,15784,4456,9800,6529,55924,4487,51437,60192
ACSSF,2019e1,nc,000,0178,0000182,80574,14452,17312,28003,20807,80574,2290,7320,23962,18035,11810,12986,4171,79680,9234,70446,57365
ACSSF,2019e1,nc,000,0178,0000183,69721,29560,11099,18126,10936,69721,1040,1018,6892,17103,2248,18685,22735,59689,10014,49675,75816
ACSSF,2019e1,nc,000,0178,0000184,53931,7498,9262,18602,18569,53931,1571,3919,10768,8536,4763,12274,12100,53427,3546,49881,68270
ACSSF,2019e1,nc,000,0178,0000185,75291,14784,16706,25440,18361,75291,3141,6796,26543,16184,9777,8464,4386,73870,12525,61345,45033
ACSSF,2019e1,nc,000,0178,0000186,101814,17727,21715,37802,24570,101814,3394,8258,33809,25803,10587,14388,5575,101508,13673,87835,58080
ACSSF,2019e1,nc,000,0178,0000187,228429,54078,62766,68379,43206,228429,4124,10562,44656,44867,15301,55262,53657,216371,23556,192815,67847
ACSSF,2019e1,nc,000,0178,0000188,278895,59804,63122,94923,61046,278895,8315,20102,76171,65077,23570,54160,31500,269423,33862,235561,52541
ACSSF,2019e1,nc,000,0178,0000189,51463,8543,12172,18952,11796,51463,1065,3634,16340,12532,7322,8138,2432,50166,3452,46714,59348
ACSSF,2019e1,nc,000,0178,0000190,168342,32120,39743,59186,37293,168342,5948,18374,50659,40688,15324,27300,10049,165709,17469,148240,56714
ACSSF,2019e1,nc,000,0178,0000191,392223,91226,88744,130754,81499,392223,10065,28959,88597,97023,36705,87104,43770,372945,51833,321112,55215
ACSSF,2019e1,nc,000,0178,0000192,96559,22475,25762,31416,16906,96559,1923,7209,32306,22683,10517,15298,6623,93643,13628,80015,58315
ACSSF,2019e1,nc,000,0178,0000193,91632,12415,18226,30392,30599,91632,1168,6456,22148,25392,9966,16660,9842,90514,5691,84823,63773
ACSSF,2019e1,nc,000,0178,0000194,113440,20517,24533,43243,25147,113440,2351,8726,34978,24699,11743,21113,9830,112700,6057,106643,69505
ACSSF,2019e1,nc,000,0178,0000195,144687,26996,36861,54047,26783,144687,2880,11298,37714,37047,22672,24820,8256,143378,13462,129916,64299
ACSSF,2019e1,nc,000,0178,0000196,66936,10735,14254,26880,15067,66936,1221,3893,22320,14749,8328,11015,5410,66426,4729,61697,72023
ACSSF,2019e1,nc,000,0178,0000197,754798,178134,209435,246298,120931,754798,16762,33871,126504,179995,68407,221196,108063,741861,61888,679973,70400
ACSSF,2019e1,nc,000,0178,0000198,76509,10373,17752,23796,24588,76509,1742,4097,17213,17538,7510,18871,9538,75537,7262,68275,62162
ACSSF,2019e1,nc,000,0178,0000199,76879,15359,16410,26686,18424,76879,2929,8578,27362,18221,7397,9803,2589,75191,11147,64044,48887
ACSSF,2019e1,nc,000,0178,0000200,77300,19581,15562,22206,19951,77300,1670,4830,24307,20295,10848,9731,5619,72516,8316,64200,56247
ACSSF,2019e1,nc,000,0178,0000201,186184,44812,41388,57650,42334,186184,2584,10076,35652,47971,17494,48025,24382,179285,22293,156992,56631
ACSSF,2019e1,nc,000,0178,0000202,120154,37120,32663,31635,18736,120154,1834,8219,39263,31845,13602,18206,7185,119539,10994,108545,50179
ACSSF,2019e1,nc,000,0178,0000203,85628,16049,16889,32456,20234,85628,3954,8991,31638,20509,9099,7699,3738,85280,10429,74851,52357
ACSSF,2019e1,nc,000,0178,0000204,94277,21468,20865,31634,20310,94277,3821,14065,33141,21678,8634,8865,4073,91182,23506,67676,35202
ACSSF,2019e1,nc,000,0178,0000205,71105,11476,14091,26835,18703,71105,2633,9033,28681,14747,6328,6555,3128,69969,12346,57623,43543
ACSSF,2019e1,nc,000,0178,0000206,100402,18640,22038,35480,24244,100402,3281,7821,30210,28320,13025,11335,6410,96743,9720,87023,54054
ACSSF,2019e1,nc,000,0178,0000207,52502,8733,9930,18529,15310,52502,1592,4872,16771,12981,6038,7827,2421,51600,8586,43014,44248
ACSSF,2019e1,nc,000,0178,0000208,166338,32331,39866,64123,30018,166338,3196,10888,41035,39297,14566,39138,18218,164489,11034,153455,86261
ACSSF,2019e1,nc,000,0178,0000209,771942,166777,209958,265301,129906,771942,9170,31142,125224,154104,60626,249428,142248,752970,54303,698667,85497
ACSSF,2019e1,nc,000,0178,0000210,88565,19878,18395,29900,20392,88565,2854,6522,29514,23082,11847,9761,4985,86307,12000,74307,45366
ACSSF,2019e1,nc,000,0178,0000211,54467,8685,11805,18528,15449,54467,2708,5875,20485,12267,5044,6393,1695,53778,7388,46390,42907
ACSSF,2019e1,nc,000,0178,0000212,59560,11990,12056,20522,14992,59560,2739,7276,20283,12898,5464,7462,3438,58322,10049,48273,39553
