ACSSF,2019e1,nc,000,0017,0000001,,,,,,,,,,,,,,,,,,,,,,,,,,,,,,,,,,,,,,,,,,,,,,,,,,,,,,,,30322,26356,35751,32691,30015,,,,,,10199239,1386122,937396,7875721,5705437,887974,580077,4237386,3502100,356308,238649,2907143,120502,13038,8482,98982,871200,128802,110188,632210,,,,,,,,,,,,,,,,,,,,,,,,,,,,,,,,,,,,,,,,,,,,,,,,,,,,,,,,,,,,,,,,,,,
ACSSF,2019e1,nc,000,0017,0000002,,,,,,,,,,,,,,,,,,,,,,,,,,,,,,,,,,,,,,,,,,,,,,,,,,,,,,,,30875,26106,36616,32057,30473,,,,,,6798371,936108,616617,5245646,3483289,568563,354240,2560486,2503249,251160,165185,2086904,94609,11268,6981,76360,717224,105117,90211,521896,,,,,,,,,,,,,,,,,,,,,,,,,,,,,,,,,,,,,,,,,,,,,,,,,,,,,,,,,,,,,,,,,,,
ACSSF,2019e1,nc,000,0017,0000003,,,,,,,,,,,,,,,,,,,,,,,,,,,,,,,,,,,,,,,,,,,,,,,,,,,,,,,,28698,26687,32464,36252,27127,,,,,,3400868,450014,320779,2630075,2222148,319411,225837,1676900,998851,105148,73464,820239,25893,1770,1501,22622,153976,23685,19977,110314,,,,,,,,,,,,,,,,,,,,,,,,,,,,,,,,,,,,,,,,,,,,,,,,,,,,,,,,,,,,,,,,,,,
ACSSF,2019e1,nc,000,0017,0000004,,,,,,,,,,,,,,,,,,,,,,,,,,,,,,,,,,,,,,,,,,,,,,,,,,,,,,,,30638,26613,36137,32837,30221,,,,,,9627697,1292151,865540,7470006,5321675,823843,530324,3967508,3351309,331942,223595,2795772,117768,12480,8349,96939,836945,123886,103272,609787,,,,,,,,,,,,,,,,,,,,,,,,,,,,,,,,,,,,,,,,,,,,,,,,,,,,,,,,,,,,,,,,,,,
ACSSF,2019e1,nc,000,0017,0000005,,,,,,,,,,,,,,,,,,,,,,,,,,,,,,,,,,,,,,,,,,,,,,,,,,,,,,,,31337,27283,36904,32923,30442,,,,,,8273125,1038186,720361,6514578,4399200,636969,421538,3340693,2985689,275526,194877,2515286,106732,11107,7886,87739,781504,114584,96060,570860,,,,,,,,,,,,,,,,,,,,,,,,,,,,,,,,,,,,,,,,,,,,,,,,,,,,,,,,,,,,,,,,,,,
ACSSF,2019e1,nc,000,0017,0000006,,,,,,,,,,,,,,,,,,,,,,,,,,,,,,,,,,,,,,,,,,,,,,,,,,,,,,,,31443,26384,37287,31685,30887,,,,,,3391764,489653,315528,2586583,1613423,284099,169191,1160133,1264136,132119,86084,1045933,52180,7013,3860,41307,462025,66422,56393,339210,,,,,,,,,,,,,,,,,,,,,,,,,,,,,,,,,,,,,,,,,,,,,,,,,,,,,,,,,,,,,,,,,,,
ACSSF,2019e1,nc,000,0017,0000007,,,,,,,,,,,,,,,,,,,,,,,,,,,,,,,,,,,,,,,,,,,,,,,,,,,,,,,,31262,28013,36579,33832,29709,,,,,,4881361,548533,404833,3927995,2785777,352870,252347,2180560,1721553,143407,108793,1469353,54552,4094,4026,46432,319479,48162,39667,231650,,,,,,,,,,,,,,,,,,,,,,,,,,,,,,,,,,,,,,,,,,,,,,,,,,,,,,,,,,,,,,,,,,,
ACSSF,2019e1,nc,000,0017,0000008,,,,,,,,,,,,,,,,,,,,,,,,,,,,,,,,,,,,,,,,,,,,,,,,,,,,,,,,25606,23623,29199,32105,26444,,,,,,1354572,253965,145179,955428,922475,186874,108786,626815,365620,56416,28718,280486,11036,1373,463,9200,55441,9302,7212,38927,,,,,,,,,,,,,,,,,,,,,,,,,,,,,,,,,,,,,,,,,,,,,,,,,,,,,,,,,,,,,,,,,,,
ACSSF,2019e1,nc,000,0017,0000009,,,,,,,,,,,,,,,,,,,,,,,,,,,,,,,,,,,,,,,,,,,,,,,,,,,,,,,,23080,20314,27307,38456,30120,,,,,,333438,83272,36197,213969,207898,57690,25340,124868,102546,23171,8790,70585,3378,445,25,2908,19616,1966,2042,15608,,,,,,,,,,,,,,,,,,,,,,,,,,,,,,,,,,,,,,,,,,,,,,,,,,,,,,,,,,,,,,,,,,,
ACSSF,2019e1,nc,000,0017,0000010,,,,,,,,,,,,,,,,,,,,,,,,,,,,,,,,,,,,,,,,,,,,,,,,,,,,,,,,26176,25003,30199,29212,25662,,,,,,1021134,170693,108982,741459,714577,129184,83446,501947,263074,33245,19928,209901,7658,928,438,6292,35825,7336,5170,23319,,,,,,,,,,,,,,,,,,,,,,,,,,,,,,,,,,,,,,,,,,,,,,,,,,,,,,,,,,,,,,,,,,,
ACSSF,2019e1,nc,000,0017,0000011,,,,,,,,,,,,,,,,,,,,,,,,,,,,,,,,,,,,,,,,,,,,,,,,,,,,,,,,24428,23301,26898,30441,22337,,,,,,571542,93971,71856,405715,383762,64131,49753,269878,150791,24366,15054,111371,2734,558,133,2043,34255,4916,6916,22423,,,,,,,,,,,,,,,,,,,,,,,,,,,,,,,,,,,,,,,,,,,,,,,,,,,,,,,,,,,,,,,,,,,
ACSSF,2019e1,nc,000,0017,0000012,,,,,,,,,,,,,,,,,,,,,,,,,,,,,,,,,,,,,,,,,,,,,,,,,,,,,,,,25296,23510,28318,31564,25496,,,,,,1926114,347936,217035,1361143,1306237,251005,158539,896693,516411,80782,43772,391857,13770,1931,596,11243,89696,14218,14128,61350,,,,,,,,,,,,,,,,,,,,,,,,,,,,,,,,,,,,,,,,,,,,,,,,,,,,,,,,,,,,,,,,,,,
ACSSF,2019e1,nc,000,0017,0000013,,,,,,,,,,,,,,,,,,,,,,,,,,,,,,,,,,,,,,,,,,,,,,,,,,,,,,,,30235,28716,37688,26131,25973,,,,,,165387,25249,12242,127896,111414,18337,7454,85623,38684,5033,2560,31091,776,98,0,678,14513,1781,2228,10504,,,,,,,,,,,,,,,,,,,,,,,,,,,,,,,,,,,,,,,,,,,,,,,,,,,,,,,,,,,,,,,,,,,
ACSSF,2019e1,nc,000,0017,0000014,,,,,,,,,,,,,,,,,,,,,,,,,,,,,,,,,,,,,,,,,,,,,,,,,,,,,,,,31637,26645,33622,43370,32966,,,,,,141927,13326,7854,120747,59084,7104,4194,47786,77124,6099,3660,67365,609,0,0,609,5110,123,0,4987,,,,,,,,,,,,,,,,,,,,,,,,,,,,,,,,,,,,,,,,,,,,,,,,,,,,,,,,,,,,,,,,,,,
ACSSF,2019e1,nc,000,0017,0000015,,,,,,,,,,,,,,,,,,,,,,,,,,,,,,,,,,,,,,,,,,,,,,,,,,,,,,,,29299,24953,34041,30785,19844,,,,,,254547,30942,27582,196023,128842,18067,13515,97260,103187,8446,9986,84755,2101,227,175,1699,20417,4202,3906,12309,,,,,,,,,,,,,,,,,,,,,,,,,,,,,,,,,,,,,,,,,,,,,,,,,,,,,,,,,,,,,,,,,,,
ACSSF,2019e1,nc,000,0017,0000016,,,,,,,,,,,,,,,,,,,,,,,,,,,,,,,,,,,,,,,,,,,,,,,,,,,,,,,,26194,26054,28118,11223,21698,,,,,,88308,18560,7271,62477,62043,11999,5786,44258,18920,3565,1154,14201,751,147,0,604,6594,2849,331,3414,,,,,,,,,,,,,,,,,,,,,,,,,,,,,,,,,,,,,,,,,,,,,,,,,,,,,,,,,,,,,,,,,,,
ACSSF,2019e1,nc,000,0017,0000017,,,,,,,,,,,,,,,,,,,,,,,,,,,,,,,,,,,,,,,,,,,,,,,,,,,,,,,,32088,28075,37491,21982,32307,,,,,,214542,15760,15832,182950,111447,9104,8914,93429,79981,5161,3627,71193,2019,318,147,1554,21095,1177,3144,16774,,,,,,,,,,,,,,,,,,,,,,,,,,,,,,,,,,,,,,,,,,,,,,,,,,,,,,,,,,,,,,,,,,,
ACSSF,2019e1,nc,000,0017,0000018,,,,,,,,,,,,,,,,,,,,,,,,,,,,,,,,,,,,,,,,,,,,,,,,,,,,,,,,25776,23354,33212,21808,26566,,,,,,81097,8096,10949,62052,61249,5799,9085,46365,17000,1903,1130,13967,359,210,0,149,2489,184,734,1571,,,,,,,,,,,,,,,,,,,,,,,,,,,,,,,,,,,,,,,,,,,,,,,,,,,,,,,,,,,,,,,,,,,
ACSSF,2019e1,nc,000,0017,0000019,,,,,,,,,,,,,,,,,,,,,,,,,,,,,,,,,,,,,,,,,,,,,,,,,,,,,,,,29269,25730,31844,41295,41663,,,,,,68408,6080,3623,58705,37615,3876,1893,31846,27736,1985,1637,24114,838,55,0,783,2219,164,93,1962,,,,,,,,,,,,,,,,,,,,,,,,,,,,,,,,,,,,,,,,,,,,,,,,,,,,,,,,,,,,,,,,,,,
ACSSF,2019e1,nc,000,0017,0000020,,,,,,,,,,,,,,,,,,,,,,,,,,,,,,,,,,,,,,,,,,,,,,,,,,,,,,,,28622,27250,32085,45022,25419,,,,,,156634,23316,11495,121823,100699,16697,5825,78177,43685,4752,4381,34552,1323,0,319,1004,10927,1867,970,8090,,,,,,,,,,,,,,,,,,,,,,,,,,,,,,,,,,,,,,,,,,,,,,,,,,,,,,,,,,,,,,,,,,,
ACSSF,2019e1,nc,000,0017,0000021,,,,,,,,,,,,,,,,,,,,,,,,,,,,,,,,,,,,,,,,,,,,,,,,,,,,,,,,32795,30122,42267,36721,25305,,,,,,73477,6139,7362,59976,34650,3347,4540,26763,29060,1679,1446,25935,623,0,0,623,9144,1113,1376,6655,,,,,,,,,,,,,,,,,,,,,,,,,,,,,,,,,,,,,,,,,,,,,,,,,,,,,,,,,,,,,,,,,,,
ACSSF,2019e1,nc,000,0017,0000022,,,,,,,,,,,,,,,,,,,,,,,,,,,,,,,,,,,,,,,,,,,,,,,,,,,,,,,,22811,22319,24262,.,25957,,,,,,95910,20421,8223,67266,69664,16307,6129,47228,23306,4080,1888,17338,0,0,0,0,2940,34,206,2700,,,,,,,,,,,,,,,,,,,,,,,,,,,,,,,,,,,,,,,,,,,,,,,,,,,,,,,,,,,,,,,,,,,
ACSSF,2019e1,nc,000,0017,0000023,,,,,,,,,,,,,,,,,,,,,,,,,,,,,,,,,,,,,,,,,,,,,,,,,,,,,,,,28704,24825,29573,52244,29621,,,,,,96512,13303,10323,72886,46704,7344,5612,33748,42411,4454,3145,34812,1560,0,252,1308,5837,1505,1314,3018,,,,,,,,,,,,,,,,,,,,,,,,,,,,,,,,,,,,,,,,,,,,,,,,,,,,,,,,,,,,,,,,,,,
ACSSF,2019e1,nc,000,0017,0000024,,,,,,,,,,,,,,,,,,,,,,,,,,,,,,,,,,,,,,,,,,,,,,,,,,,,,,,,27374,23747,29997,28833,30002,,,,,,317943,57598,35918,224427,155066,33067,18989,103010,127863,19959,12308,95596,12528,1379,2002,9147,22486,3193,2619,16674,,,,,,,,,,,,,,,,,,,,,,,,,,,,,,,,,,,,,,,,,,,,,,,,,,,,,,,,,,,,,,,,,,,
ACSSF,2019e1,nc,000,0017,0000025,,,,,,,,,,,,,,,,,,,,,,,,,,,,,,,,,,,,,,,,,,,,,,,,,,,,,,,,30209,30184,29157,17736,32132,,,,,,165276,28959,15245,121072,117156,21004,11038,85114,37718,5594,3803,28321,965,146,227,592,9437,2215,177,7045,,,,,,,,,,,,,,,,,,,,,,,,,,,,,,,,,,,,,,,,,,,,,,,,,,,,,,,,,,,,,,,,,,,
ACSSF,2019e1,nc,000,0017,0000026,,,,,,,,,,,,,,,,,,,,,,,,,,,,,,,,,,,,,,,,,,,,,,,,,,,,,,,,36435,27523,45912,39110,31871,,,,,,307028,43336,21475,242217,141949,23290,12500,106159,112280,10138,2754,99388,3582,582,0,3000,49217,9326,6221,33670,,,,,,,,,,,,,,,,,,,,,,,,,,,,,,,,,,,,,,,,,,,,,,,,,,,,,,,,,,,,,,,,,,,
ACSSF,2019e1,nc,000,0017,0000027,,,,,,,,,,,,,,,,,,,,,,,,,,,,,,,,,,,,,,,,,,,,,,,,,,,,,,,,29730,26876,34552,25956,27052,,,,,,371779,57555,36372,277852,216209,38512,22386,155311,121906,12557,10164,99185,3158,389,132,2637,30506,6097,3690,20719,,,,,,,,,,,,,,,,,,,,,,,,,,,,,,,,,,,,,,,,,,,,,,,,,,,,,,,,,,,,,,,,,,,
ACSSF,2019e1,nc,000,0017,0000028,,,,,,,,,,,,,,,,,,,,,,,,,,,,,,,,,,,,,,,,,,,,,,,,,,,,,,,,30594,31009,31370,24663,26515,,,,,,68309,6025,6922,55362,43070,3155,4869,35046,19324,1696,1400,16228,1254,0,18,1236,4661,1174,635,2852,,,,,,,,,,,,,,,,,,,,,,,,,,,,,,,,,,,,,,,,,,,,,,,,,,,,,,,,,,,,,,,,,,,
ACSSF,2019e1,nc,000,0017,0000029,,,,,,,,,,,,,,,,,,,,,,,,,,,,,,,,,,,,,,,,,,,,,,,,,,,,,,,,29495,27474,33553,24863,24603,,,,,,220193,24322,26118,169753,148726,18147,19077,111502,57801,5644,4884,47273,1877,109,203,1565,11789,422,1954,9413,,,,,,,,,,,,,,,,,,,,,,,,,,,,,,,,,,,,,,,,,,,,,,,,,,,,,,,,,,,,,,,,,,,
ACSSF,2019e1,nc,000,0017,0000030,,,,,,,,,,,,,,,,,,,,,,,,,,,,,,,,,,,,,,,,,,,,,,,,,,,,,,,,28558,26256,31693,21550,27301,,,,,,515555,84782,47472,383301,274607,48404,24502,201701,172210,22170,15305,134735,6646,1718,515,4413,62092,12490,7150,42452,,,,,,,,,,,,,,,,,,,,,,,,,,,,,,,,,,,,,,,,,,,,,,,,,,,,,,,,,,,,,,,,,,,
ACSSF,2019e1,nc,000,0017,0000031,,,,,,,,,,,,,,,,,,,,,,,,,,,,,,,,,,,,,,,,,,,,,,,,,,,,,,,,27360,25194,35229,62375,22653,,,,,,132418,22415,13746,96257,72424,14045,7756,50623,49717,6996,4789,37932,2935,243,157,2535,7342,1131,1044,5167,,,,,,,,,,,,,,,,,,,,,,,,,,,,,,,,,,,,,,,,,,,,,,,,,,,,,,,,,,,,,,,,,,,
ACSSF,2019e1,nc,000,0017,0000032,,,,,,,,,,,,,,,,,,,,,,,,,,,,,,,,,,,,,,,,,,,,,,,,,,,,,,,,30221,26919,31878,38256,24880,,,,,,116087,12220,9107,94760,55236,6491,3859,44886,52654,3881,4338,44435,1098,0,0,1098,7099,1848,910,4341,,,,,,,,,,,,,,,,,,,,,,,,,,,,,,,,,,,,,,,,,,,,,,,,,,,,,,,,,,,,,,,,,,,
ACSSF,2019e1,nc,000,0017,0000033,,,,,,,,,,,,,,,,,,,,,,,,,,,,,,,,,,,,,,,,,,,,,,,,,,,,,,,,32189,28082,39305,33932,34454,,,,,,180258,13414,13654,153190,98540,8741,8348,81451,68562,3696,3608,61258,1378,0,0,1378,11778,977,1698,9103,,,,,,,,,,,,,,,,,,,,,,,,,,,,,,,,,,,,,,,,,,,,,,,,,,,,,,,,,,,,,,,,,,,
ACSSF,2019e1,nc,000,0017,0000034,,,,,,,,,,,,,,,,,,,,,,,,,,,,,,,,,,,,,,,,,,,,,,,,,,,,,,,,32066,31819,35753,22956,26676,,,,,,207359,28284,14347,164728,129270,17040,10366,101864,57029,6095,2040,48894,2449,629,254,1566,18611,4520,1687,12404,,,,,,,,,,,,,,,,,,,,,,,,,,,,,,,,,,,,,,,,,,,,,,,,,,,,,,,,,,,,,,,,,,,
ACSSF,2019e1,nc,000,0017,0000035,,,,,,,,,,,,,,,,,,,,,,,,,,,,,,,,,,,,,,,,,,,,,,,,,,,,,,,,35125,36086,34260,.,31572,,,,,,85299,6309,4661,74329,51811,3424,2762,45625,29552,2141,1681,25730,231,0,0,231,3705,744,218,2743,,,,,,,,,,,,,,,,,,,,,,,,,,,,,,,,,,,,,,,,,,,,,,,,,,,,,,,,,,,,,,,,,,,
ACSSF,2019e1,nc,000,0017,0000036,,,,,,,,,,,,,,,,,,,,,,,,,,,,,,,,,,,,,,,,,,,,,,,,,,,,,,,,36708,31284,42558,39226,31384,,,,,,1093798,111183,89111,893504,444810,54634,42063,348113,460784,31795,23955,405034,13915,1714,679,11522,174289,23040,22414,128835,,,,,,,,,,,,,,,,,,,,,,,,,,,,,,,,,,,,,,,,,,,,,,,,,,,,,,,,,,,,,,,,,,,
ACSSF,2019e1,nc,000,0017,0000037,,,,,,,,,,,,,,,,,,,,,,,,,,,,,,,,,,,,,,,,,,,,,,,,,,,,,,,,31737,25700,40710,59721,29702,,,,,,99168,11707,8592,78869,50020,7350,5128,37542,42806,3956,2284,36566,1204,91,0,1113,5138,310,1180,3648,,,,,,,,,,,,,,,,,,,,,,,,,,,,,,,,,,,,,,,,,,,,,,,,,,,,,,,,,,,,,,,,,,,
ACSSF,2019e1,nc,000,0017,0000038,,,,,,,,,,,,,,,,,,,,,,,,,,,,,,,,,,,,,,,,,,,,,,,,,,,,,,,,26592,24977,32389,25045,42414,,,,,,92275,15557,12895,63823,71419,13066,9762,48591,16503,1728,2597,12178,532,0,10,522,3821,763,526,2532,,,,,,,,,,,,,,,,,,,,,,,,,,,,,,,,,,,,,,,,,,,,,,,,,,,,,,,,,,,,,,,,,,,
ACSSF,2019e1,nc,000,0017,0000039,,,,,,,,,,,,,,,,,,,,,,,,,,,,,,,,,,,,,,,,,,,,,,,,,,,,,,,,31005,27244,33831,30916,29424,,,,,,227348,29539,24945,172864,112117,17909,15771,78437,100843,9526,5834,85483,1945,144,0,1801,12443,1960,3340,7143,,,,,,,,,,,,,,,,,,,,,,,,,,,,,,,,,,,,,,,,,,,,,,,,,,,,,,,,,,,,,,,,,,,
ACSSF,2019e1,nc,000,0017,0000040,,,,,,,,,,,,,,,,,,,,,,,,,,,,,,,,,,,,,,,,,,,,,,,,,,,,,,,,23711,22770,24376,21151,20062,,,,,,178429,19741,23899,134789,61070,8463,7341,45266,106915,11019,14927,80969,2794,0,112,2682,7650,259,1519,5872,,,,,,,,,,,,,,,,,,,,,,,,,,,,,,,,,,,,,,,,,,,,,,,,,,,,,,,,,,,,,,,,,,,
ACSSF,2019e1,nc,000,0017,0000041,,,,,,,,,,,,,,,,,,,,,,,,,,,,,,,,,,,,,,,,,,,,,,,,,,,,,,,,35552,22440,42494,31478,38188,,,,,,135943,19200,6949,109794,55250,9223,3276,42751,60162,6073,3457,50632,3949,697,74,3178,16582,3207,142,13233,,,,,,,,,,,,,,,,,,,,,,,,,,,,,,,,,,,,,,,,,,,,,,,,,,,,,,,,,,,,,,,,,,,
ACSSF,2019e1,nc,000,0017,0000042,,,,,,,,,,,,,,,,,,,,,,,,,,,,,,,,,,,,,,,,,,,,,,,,,,,,,,,,27231,24618,36789,92617,31894,,,,,,173204,33998,14922,124284,124209,27446,10889,85874,36948,5896,2162,28890,2207,71,0,2136,9840,585,1871,7384,,,,,,,,,,,,,,,,,,,,,,,,,,,,,,,,,,,,,,,,,,,,,,,,,,,,,,,,,,,,,,,,,,,
ACSSF,2019e1,nc,000,0017,0000043,,,,,,,,,,,,,,,,,,,,,,,,,,,,,,,,,,,,,,,,,,,,,,,,,,,,,,,,25459,25874,24937,28864,24137,,,,,,141793,20914,19290,101589,99017,13320,13313,72384,33946,6319,4457,23170,1313,0,133,1180,7517,1275,1387,4855,,,,,,,,,,,,,,,,,,,,,,,,,,,,,,,,,,,,,,,,,,,,,,,,,,,,,,,,,,,,,,,,,,,
ACSSF,2019e1,nc,000,0017,0000044,,,,,,,,,,,,,,,,,,,,,,,,,,,,,,,,,,,,,,,,,,,,,,,,,,,,,,,,21324,20809,22587,16066,26881,,,,,,127275,40606,18350,68319,105324,34316,15900,55108,15245,4309,1738,9198,828,198,51,579,5878,1783,661,3434,,,,,,,,,,,,,,,,,,,,,,,,,,,,,,,,,,,,,,,,,,,,,,,,,,,,,,,,,,,,,,,,,,,
ACSSF,2019e1,nc,000,0017,0000045,,,,,,,,,,,,,,,,,,,,,,,,,,,,,,,,,,,,,,,,,,,,,,,,,,,,,,,,23590,24079,22133,55258,15401,,,,,,89124,18176,8454,62494,64809,11989,5767,47053,21695,5292,2300,14103,518,0,0,518,2102,895,387,820,,,,,,,,,,,,,,,,,,,,,,,,,,,,,,,,,,,,,,,,,,,,,,,,,,,,,,,,,,,,,,,,,,,
ACSSF,2019e1,nc,000,0017,0000046,,,,,,,,,,,,,,,,,,,,,,,,,,,,,,,,,,,,,,,,,,,,,,,,,,,,,,,,26956,26180,31409,15272,21920,,,,,,137475,18843,15930,102702,91355,11649,11466,68240,36412,3652,3043,29717,1845,224,8,1613,7863,3318,1413,3132,,,,,,,,,,,,,,,,,,,,,,,,,,,,,,,,,,,,,,,,,,,,,,,,,,,,,,,,,,,,,,,,,,,
ACSSF,2019e1,nc,000,0017,0000047,,,,,,,,,,,,,,,,,,,,,,,,,,,,,,,,,,,,,,,,,,,,,,,,,,,,,,,,24824,24887,24692,19303,27830,,,,,,65941,13390,8167,44384,43133,9575,5100,28458,19827,3426,2859,13542,699,167,13,519,2282,222,195,1865,,,,,,,,,,,,,,,,,,,,,,,,,,,,,,,,,,,,,,,,,,,,,,,,,,,,,,,,,,,,,,,,,,,
ACSSF,2019e1,nc,000,0017,0000048,,,,,,,,,,,,,,,,,,,,,,,,,,,,,,,,,,,,,,,,,,,,,,,,,,,,,,,,25081,25336,25811,90470,22328,,,,,,70892,11802,8856,50234,48842,8506,6791,33545,17798,2782,1723,13293,380,18,0,362,3872,496,342,3034,,,,,,,,,,,,,,,,,,,,,,,,,,,,,,,,,,,,,,,,,,,,,,,,,,,,,,,,,,,,,,,,,,,
ACSSF,2019e1,nc,000,0017,0000049,,,,,,,,,,,,,,,,,,,,,,,,,,,,,,,,,,,,,,,,,,,,,,,,,,,,,,,,36222,27558,42343,47857,35532,,,,,,236758,16466,12365,207927,113281,11051,5945,96285,95793,4288,2901,88604,4177,0,529,3648,23507,1127,2990,19390,,,,,,,,,,,,,,,,,,,,,,,,,,,,,,,,,,,,,,,,,,,,,,,,,,,,,,,,,,,,,,,,,,,
ACSSF,2019e1,nc,000,0017,0000050,,,,,,,,,,,,,,,,,,,,,,,,,,,,,,,,,,,,,,,,,,,,,,,,,,,,,,,,40749,32278,49311,35744,36884,,,,,,1087829,86713,68996,932120,476438,48098,39757,388583,439240,23961,14566,400713,19138,1628,1450,16060,153013,13026,13223,126764,,,,,,,,,,,,,,,,,,,,,,,,,,,,,,,,,,,,,,,,,,,,,,,,,,,,,,,,,,,,,,,,,,,
ACSSF,2019e1,nc,000,0017,0000051,,,,,,,,,,,,,,,,,,,,,,,,,,,,,,,,,,,,,,,,,,,,,,,,,,,,,,,,26218,22217,34598,48590,21571,,,,,,120848,23488,15515,81845,79630,16500,10117,53013,30752,4655,3277,22820,2226,56,206,1964,8240,2277,1915,4048,,,,,,,,,,,,,,,,,,,,,,,,,,,,,,,,,,,,,,,,,,,,,,,,,,,,,,,,,,,,,,,,,,,
ACSSF,2019e1,nc,000,0017,0000052,,,,,,,,,,,,,,,,,,,,,,,,,,,,,,,,,,,,,,,,,,,,,,,,,,,,,,,,25047,22951,32470,31847,22802,,,,,,67405,10007,7000,50398,50252,8240,6035,35977,14108,1700,505,11903,514,0,0,514,2531,67,460,2004,,,,,,,,,,,,,,,,,,,,,,,,,,,,,,,,,,,,,,,,,,,,,,,,,,,,,,,,,,,,,,,,,,,
ACSSF,2019e1,nc,000,0017,0000053,,,,,,,,,,,,,,,,,,,,,,,,,,,,,,,,,,,,,,,,,,,,,,,,,,,,,,,,24809,22806,31925,34629,25155,,,,,,80069,18988,8570,52511,57814,11801,7024,38989,16951,5090,1233,10628,378,0,0,378,4926,2097,313,2516,,,,,,,,,,,,,,,,,,,,,,,,,,,,,,,,,,,,,,,,,,,,,,,,,,,,,,,,,,,,,,,,,,,
ACSSF,2019e1,nc,000,0017,0000054,,,,,,,,,,,,,,,,,,,,,,,,,,,,,,,,,,,,,,,,,,,,,,,,,,,,,,,,27862,23557,31120,70788,19308,,,,,,89538,13792,10627,65119,39456,7842,4072,27542,40158,4362,4204,31592,1458,74,0,1384,8466,1514,2351,4601,,,,,,,,,,,,,,,,,,,,,,,,,,,,,,,,,,,,,,,,,,,,,,,,,,,,,,,,,,,,,,,,,,,
ACSSF,2019e1,nc,000,0017,0000055,,,,,,,,,,,,,,,,,,,,,,,,,,,,,,,,,,,,,,,,,,,,,,,,,,,,,,,,50824,39377,53689,37196,56584,,,,,,170792,7447,4807,158538,48621,2856,1390,44375,78289,2226,1195,74868,3275,456,300,2519,40607,1909,1922,36776,,,,,,,,,,,,,,,,,,,,,,,,,,,,,,,,,,,,,,,,,,,,,,,,,,,,,,,,,,,,,,,,,,,
ACSSF,2019e1,nc,000,0017,0000056,,,,,,,,,,,,,,,,,,,,,,,,,,,,,,,,,,,,,,,,,,,,,,,,,,,,,,,,35935,30711,41916,39171,31183,,,,,,871554,97566,75728,698260,360299,48376,36798,275125,349968,27539,18784,303645,11615,1541,679,9395,149672,20110,19467,110095,,,,,,,,,,,,,,,,,,,,,,,,,,,,,,,,,,,,,,,,,,,,,,,,,,,,,,,,,,,,,,,,,,,
ACSSF,2019e1,nc,000,0017,0000057,,,,,,,,,,,,,,,,,,,,,,,,,,,,,,,,,,,,,,,,,,,,,,,,,,,,,,,,33447,26134,40380,20478,41297,,,,,,95025,6011,8270,80744,47584,3444,4010,40130,33767,1745,2213,29809,1467,318,19,1130,12207,504,2028,9675,,,,,,,,,,,,,,,,,,,,,,,,,,,,,,,,,,,,,,,,,,,,,,,,,,,,,,,,,,,,,,,,,,,
ACSSF,2019e1,nc,000,0017,0000058,,,,,,,,,,,,,,,,,,,,,,,,,,,,,,,,,,,,,,,,,,,,,,,,,,,,,,,,36483,27105,46115,45536,32010,,,,,,268525,40928,16053,211544,122377,21774,8820,91783,98823,9622,2595,86606,3339,582,0,2757,43986,8950,4638,30398,,,,,,,,,,,,,,,,,,,,,,,,,,,,,,,,,,,,,,,,,,,,,,,,,,,,,,,,,,,,,,,,,,,
ACSSF,2019e1,nc,000,0017,0000059,,,,,,,,,,,,,,,,,,,,,,,,,,,,,,,,,,,,,,,,,,,,,,,,,,,,,,,,27144,23654,29034,28292,28000,,,,,,195994,37864,24039,134091,88551,21449,11336,55766,83251,13190,9281,60780,7695,1111,1419,5165,16497,2114,2003,12380,,,,,,,,,,,,,,,,,,,,,,,,,,,,,,,,,,,,,,,,,,,,,,,,,,,,,,,,,,,,,,,,,,,
ACSSF,2019e1,nc,000,0017,0000060,,,,,,,,,,,,,,,,,,,,,,,,,,,,,,,,,,,,,,,,,,,,,,,,,,,,,,,,27413,26370,30927,25739,22214,,,,,,74854,8195,9796,56863,48310,5635,7653,35022,18733,2301,1097,15335,1195,0,43,1152,6616,259,1003,5354,,,,,,,,,,,,,,,,,,,,,,,,,,,,,,,,,,,,,,,,,,,,,,,,,,,,,,,,,,,,,,,,,,,
ACSSF,2019e1,nc,000,0017,0000061,,,,,,,,,,,,,,,,,,,,,,,,,,,,,,,,,,,,,,,,,,,,,,,,,,,,,,,,27076,24519,30832,24635,26920,,,,,,280192,55327,28023,196842,142034,31758,12848,97428,92084,14725,8942,68417,4993,1260,515,3218,41081,7584,5718,27779,,,,,,,,,,,,,,,,,,,,,,,,,,,,,,,,,,,,,,,,,,,,,,,,,,,,,,,,,,,,,,,,,,,
ACSSF,2019e1,nc,000,0017,0000062,,,,,,,,,,,,,,,,,,,,,,,,,,,,,,,,,,,,,,,,,,,,,,,,,,,,,,,,25370,22260,35364,108038,42320,,,,,,86925,20461,6694,59770,62127,16682,5235,40210,19769,3690,803,15276,828,0,0,828,4201,89,656,3456,,,,,,,,,,,,,,,,,,,,,,,,,,,,,,,,,,,,,,,,,,,,,,,,,,,,,,,,,,,,,,,,,,,
ACSSF,2019e1,nc,000,0017,0000063,,,,,,,,,,,,,,,,,,,,,,,,,,,,,,,,,,,,,,,,,,,,,,,,,,,,,,,,25964,24792,30539,15383,23870,,,,,,107144,16516,11941,78687,57776,8113,7164,42499,33888,3851,3345,26692,1252,352,0,900,14228,4200,1432,8596,,,,,,,,,,,,,,,,,,,,,,,,,,,,,,,,,,,,,,,,,,,,,,,,,,,,,,,,,,,,,,,,,,,
ACSSF,2019e1,nc,000,0017,0000064,,,,,,,,,,,,,,,,,,,,,,,,,,,,,,,,,,,,,,,,,,,,,,,,,,,,,,,,23085,21692,23608,21694,16420,,,,,,54605,6016,9573,39016,14729,2182,1567,10980,35155,3743,6579,24833,634,0,0,634,4087,91,1427,2569,,,,,,,,,,,,,,,,,,,,,,,,,,,,,,,,,,,,,,,,,,,,,,,,,,,,,,,,,,,,,,,,,,,
ACSSF,2019e1,nc,000,0017,0000065,,,,,,,,,,,,,,,,,,,,,,,,,,,,,,,,,,,,,,,,,,,,,,,,,,,,,,,,36910,30934,45752,26677,30965,,,,,,453587,49601,37682,366304,209594,28636,22393,158565,170048,13737,7704,148607,7836,678,390,6768,66109,6550,7195,52364,,,,,,,,,,,,,,,,,,,,,,,,,,,,,,,,,,,,,,,,,,,,,,,,,,,,,,,,,,,,,,,,,,,
ACSSF,2019e1,nc,000,0017,0000066,,,,,,,,,,,,,,,,,,,,,,,,,,,,,,,,,,,,,,,,,,,,,,,,,,,,,,,,26798,24557,29608,37442,24688,,,,,,118735,24076,14729,79930,61420,15029,9877,36514,50614,7523,3261,39830,713,42,0,671,5988,1482,1591,2915,,,,,,,,,,,,,,,,,,,,,,,,,,,,,,,,,,,,,,,,,,,,,,,,,,,,,,,,,,,,,,,,,,,
ACSSF,2019e1,nc,000,0017,0000067,,,,,,,,,,,,,,,,,,,,,,,,,,,,,,,,,,,,,,,,,,,,,,,,,,,,,,,,26637,25006,29028,21713,27020,,,,,,237827,46739,25406,165682,141960,31236,16012,94712,71186,10025,7012,54149,2098,248,11,1839,22583,5230,2371,14982,,,,,,,,,,,,,,,,,,,,,,,,,,,,,,,,,,,,,,,,,,,,,,,,,,,,,,,,,,,,,,,,,,,
ACSSF,2019e1,nc,000,0017,0000068,,,,,,,,,,,,,,,,,,,,,,,,,,,,,,,,,,,,,,,,,,,,,,,,,,,,,,,,27862,23557,31120,70788,19308,,,,,,89538,13792,10627,65119,39456,7842,4072,27542,40158,4362,4204,31592,1458,74,0,1384,8466,1514,2351,4601,,,,,,,,,,,,,,,,,,,,,,,,,,,,,,,,,,,,,,,,,,,,,,,,,,,,,,,,,,,,,,,,,,,
ACSSF,2019e1,nc,000,0017,0000069,,,,,,,,,,,,,,,,,,,,,,,,,,,,,,,,,,,,,,,,,,,,,,,,,,,,,,,,35935,30711,41916,39171,31183,,,,,,871554,97566,75728,698260,360299,48376,36798,275125,349968,27539,18784,303645,11615,1541,679,9395,149672,20110,19467,110095,,,,,,,,,,,,,,,,,,,,,,,,,,,,,,,,,,,,,,,,,,,,,,,,,,,,,,,,,,,,,,,,,,,
ACSSF,2019e1,nc,000,0017,0000070,,,,,,,,,,,,,,,,,,,,,,,,,,,,,,,,,,,,,,,,,,,,,,,,,,,,,,,,33447,26134,40380,20478,41297,,,,,,95025,6011,8270,80744,47584,3444,4010,40130,33767,1745,2213,29809,1467,318,19,1130,12207,504,2028,9675,,,,,,,,,,,,,,,,,,,,,,,,,,,,,,,,,,,,,,,,,,,,,,,,,,,,,,,,,,,,,,,,,,,
ACSSF,2019e1,nc,000,0017,0000071,,,,,,,,,,,,,,,,,,,,,,,,,,,,,,,,,,,,,,,,,,,,,,,,,,,,,,,,27413,26370,30927,25739,22214,,,,,,74854,8195,9796,56863,48310,5635,7653,35022,18733,2301,1097,15335,1195,0,43,1152,6616,259,1003,5354,,,,,,,,,,,,,,,,,,,,,,,,,,,,,,,,,,,,,,,,,,,,,,,,,,,,,,,,,,,,,,,,,,,
ACSSF,2019e1,nc,000,0017,0000072,,,,,,,,,,,,,,,,,,,,,,,,,,,,,,,,,,,,,,,,,,,,,,,,,,,,,,,,36472,27059,46115,45536,32082,,,,,,268031,40616,16053,211362,122083,21662,8820,91601,98823,9622,2595,86606,3339,582,0,2757,43786,8750,4638,30398,,,,,,,,,,,,,,,,,,,,,,,,,,,,,,,,,,,,,,,,,,,,,,,,,,,,,,,,,,,,,,,,,,,
ACSSF,2019e1,nc,000,0017,0000073,,,,,,,,,,,,,,,,,,,,,,,,,,,,,,,,,,,,,,,,,,,,,,,,,,,,,,,,27144,23654,29034,28292,28000,,,,,,195994,37864,24039,134091,88551,21449,11336,55766,83251,13190,9281,60780,7695,1111,1419,5165,16497,2114,2003,12380,,,,,,,,,,,,,,,,,,,,,,,,,,,,,,,,,,,,,,,,,,,,,,,,,,,,,,,,,,,,,,,,,,,
ACSSF,2019e1,nc,000,0017,0000074,,,,,,,,,,,,,,,,,,,,,,,,,,,,,,,,,,,,,,,,,,,,,,,,,,,,,,,,27076,24519,30832,24635,26920,,,,,,280192,55327,28023,196842,142034,31758,12848,97428,92084,14725,8942,68417,4993,1260,515,3218,41081,7584,5718,27779,,,,,,,,,,,,,,,,,,,,,,,,,,,,,,,,,,,,,,,,,,,,,,,,,,,,,,,,,,,,,,,,,,,
ACSSF,2019e1,nc,000,0017,0000075,,,,,,,,,,,,,,,,,,,,,,,,,,,,,,,,,,,,,,,,,,,,,,,,,,,,,,,,25163,23702,30107,12195,23276,,,,,,102659,16516,11941,74202,54579,8113,7164,39302,32990,3851,3345,25794,1173,352,0,821,13917,4200,1432,8285,,,,,,,,,,,,,,,,,,,,,,,,,,,,,,,,,,,,,,,,,,,,,,,,,,,,,,,,,,,,,,,,,,,
ACSSF,2019e1,nc,000,0017,0000076,,,,,,,,,,,,,,,,,,,,,,,,,,,,,,,,,,,,,,,,,,,,,,,,,,,,,,,,25370,22260,35364,108038,42320,,,,,,86925,20461,6694,59770,62127,16682,5235,40210,19769,3690,803,15276,828,0,0,828,4201,89,656,3456,,,,,,,,,,,,,,,,,,,,,,,,,,,,,,,,,,,,,,,,,,,,,,,,,,,,,,,,,,,,,,,,,,,
ACSSF,2019e1,nc,000,0017,0000077,,,,,,,,,,,,,,,,,,,,,,,,,,,,,,,,,,,,,,,,,,,,,,,,,,,,,,,,23085,21692,23608,21694,16420,,,,,,54605,6016,9573,39016,14729,2182,1567,10980,35155,3743,6579,24833,634,0,0,634,4087,91,1427,2569,,,,,,,,,,,,,,,,,,,,,,,,,,,,,,,,,,,,,,,,,,,,,,,,,,,,,,,,,,,,,,,,,,,
ACSSF,2019e1,nc,000,0017,0000078,,,,,,,,,,,,,,,,,,,,,,,,,,,,,,,,,,,,,,,,,,,,,,,,,,,,,,,,50913,39297,53824,37196,57200,,,,,,167687,7393,4807,155487,48239,2856,1390,43993,76027,2172,1195,72660,3275,456,300,2519,40146,1909,1922,36315,,,,,,,,,,,,,,,,,,,,,,,,,,,,,,,,,,,,,,,,,,,,,,,,,,,,,,,,,,,,,,,,,,,
ACSSF,2019e1,nc,000,0017,0000079,,,,,,,,,,,,,,,,,,,,,,,,,,,,,,,,,,,,,,,,,,,,,,,,,,,,,,,,36828,30900,45573,26677,30980,,,,,,451654,49601,37682,364371,209245,28636,22393,158216,168852,13737,7704,147411,7836,678,390,6768,65721,6550,7195,51976,,,,,,,,,,,,,,,,,,,,,,,,,,,,,,,,,,,,,,,,,,,,,,,,,,,,,,,,,,,,,,,,,,,
ACSSF,2019e1,nc,000,0017,0000080,,,,,,,,,,,,,,,,,,,,,,,,,,,,,,,,,,,,,,,,,,,,,,,,,,,,,,,,26798,24557,29608,37442,24688,,,,,,118735,24076,14729,79930,61420,15029,9877,36514,50614,7523,3261,39830,713,42,0,671,5988,1482,1591,2915,,,,,,,,,,,,,,,,,,,,,,,,,,,,,,,,,,,,,,,,,,,,,,,,,,,,,,,,,,,,,,,,,,,
ACSSF,2019e1,nc,000,0017,0000081,,,,,,,,,,,,,,,,,,,,,,,,,,,,,,,,,,,,,,,,,,,,,,,,,,,,,,,,26637,25006,29028,21713,27020,,,,,,237827,46739,25406,165682,141960,31236,16012,94712,71186,10025,7012,54149,2098,248,11,1839,22583,5230,2371,14982,,,,,,,,,,,,,,,,,,,,,,,,,,,,,,,,,,,,,,,,,,,,,,,,,,,,,,,,,,,,,,,,,,,
ACSSF,2019e1,nc,000,0017,0000082,,,,,,,,,,,,,,,,,,,,,,,,,,,,,,,,,,,,,,,,,,,,,,,,,,,,,,,,26695,22865,36445,45153,30663,,,,,,727980,141143,76833,510004,468845,99549,57363,311933,192740,28703,10564,153473,5039,816,114,4109,61356,12075,8792,40489,,,,,,,,,,,,,,,,,,,,,,,,,,,,,,,,,,,,,,,,,,,,,,,,,,,,,,,,,,,,,,,,,,,
ACSSF,2019e1,nc,000,0017,0000083,,,,,,,,,,,,,,,,,,,,,,,,,,,,,,,,,,,,,,,,,,,,,,,,,,,,,,,,35506,30181,41932,39996,32148,,,,,,878229,83922,66905,727402,479817,52749,44748,382320,320920,20031,14400,286489,13597,1287,1199,11111,63895,9855,6558,47482,,,,,,,,,,,,,,,,,,,,,,,,,,,,,,,,,,,,,,,,,,,,,,,,,,,,,,,,,,,,,,,,,,,
ACSSF,2019e1,nc,000,0017,0000084,,,,,,,,,,,,,,,,,,,,,,,,,,,,,,,,,,,,,,,,,,,,,,,,,,,,,,,,27426,26187,29694,35248,25006,,,,,,723925,92269,74095,557561,386885,59292,39690,287903,294519,27803,27801,238915,9033,274,715,8044,33488,4900,5889,22699,,,,,,,,,,,,,,,,,,,,,,,,,,,,,,,,,,,,,,,,,,,,,,,,,,,,,,,,,,,,,,,,,,,
ACSSF,2019e1,nc,000,0017,0000085,,,,,,,,,,,,,,,,,,,,,,,,,,,,,,,,,,,,,,,,,,,,,,,,,,,,,,,,38732,30907,46542,30626,36432,,,,,,838393,85975,56204,696214,350401,45670,30358,274373,329116,24798,14109,290209,16650,1910,764,13976,142226,13597,10973,117656,,,,,,,,,,,,,,,,,,,,,,,,,,,,,,,,,,,,,,,,,,,,,,,,,,,,,,,,,,,,,,,,,,,
ACSSF,2019e1,nc,000,0017,0000086,,,,,,,,,,,,,,,,,,,,,,,,,,,,,,,,,,,,,,,,,,,,,,,,,,,,,,,,27018,25373,31590,31649,26445,,,,,,740318,116227,75135,548956,474047,80891,52107,341049,216526,26417,17392,172717,5298,829,132,4337,44447,8090,5504,30853,,,,,,,,,,,,,,,,,,,,,,,,,,,,,,,,,,,,,,,,,,,,,,,,,,,,,,,,,,,,,,,,,,,
ACSSF,2019e1,nc,000,0017,0000087,,,,,,,,,,,,,,,,,,,,,,,,,,,,,,,,,,,,,,,,,,,,,,,,,,,,,,,,27849,26342,31797,28807,26713,,,,,,774576,121078,71771,581727,490103,78574,44508,367021,218421,31460,18123,168838,7576,992,187,6397,58476,10052,8953,39471,,,,,,,,,,,,,,,,,,,,,,,,,,,,,,,,,,,,,,,,,,,,,,,,,,,,,,,,,,,,,,,,,,,
ACSSF,2019e1,nc,000,0017,0000088,,,,,,,,,,,,,,,,,,,,,,,,,,,,,,,,,,,,,,,,,,,,,,,,,,,,,,,,28031,25749,32201,35994,23296,,,,,,799562,114830,86091,598641,467424,74374,55633,337417,275644,32050,18777,224817,6762,200,355,6207,49732,8206,11326,30200,,,,,,,,,,,,,,,,,,,,,,,,,,,,,,,,,,,,,,,,,,,,,,,,,,,,,,,,,,,,,,,,,,,
ACSSF,2019e1,nc,000,0017,0000089,,,,,,,,,,,,,,,,,,,,,,,,,,,,,,,,,,,,,,,,,,,,,,,,,,,,,,,,29367,25817,32832,25137,29788,,,,,,788281,101152,77452,609677,425822,59358,44962,321502,285826,31897,22223,231706,16339,1949,1835,12555,60294,7948,8432,43914,,,,,,,,,,,,,,,,,,,,,,,,,,,,,,,,,,,,,,,,,,,,,,,,,,,,,,,,,,,,,,,,,,,
ACSSF,2019e1,nc,000,0017,0000090,,,,,,,,,,,,,,,,,,,,,,,,,,,,,,,,,,,,,,,,,,,,,,,,,,,,,,,,31457,24269,42361,40161,36474,,,,,,782190,113991,58026,610173,441385,84293,41158,315934,268733,23516,10312,234905,10316,596,959,8761,61756,5586,5597,50573,,,,,,,,,,,,,,,,,,,,,,,,,,,,,,,,,,,,,,,,,,,,,,,,,,,,,,,,,,,,,,,,,,,
ACSSF,2019e1,nc,000,0017,0000091,,,,,,,,,,,,,,,,,,,,,,,,,,,,,,,,,,,,,,,,,,,,,,,,,,,,,,,,28055,26506,31552,24905,25576,,,,,,755131,105994,72273,576864,472020,75623,44989,351408,238265,24651,20756,192858,5205,536,638,4031,39641,5184,5890,28567,,,,,,,,,,,,,,,,,,,,,,,,,,,,,,,,,,,,,,,,,,,,,,,,,,,,,,,,,,,,,,,,,,,
ACSSF,2019e1,nc,000,0017,0000092,,,,,,,,,,,,,,,,,,,,,,,,,,,,,,,,,,,,,,,,,,,,,,,,,,,,,,,,27303,25810,30554,34231,24154,,,,,,756960,100294,72109,584557,442014,59787,44229,337998,268670,30600,23462,214608,5584,716,209,4659,40692,9191,4209,27292,,,,,,,,,,,,,,,,,,,,,,,,,,,,,,,,,,,,,,,,,,,,,,,,,,,,,,,,,,,,,,,,,,,
ACSSF,2019e1,nc,000,0017,0000093,,,,,,,,,,,,,,,,,,,,,,,,,,,,,,,,,,,,,,,,,,,,,,,,,,,,,,,,35300,30765,40805,38261,30326,,,,,,876951,100615,83412,692924,364179,49783,39199,275197,353491,28510,22296,302685,11732,1539,679,9514,147549,20783,21238,105528,,,,,,,,,,,,,,,,,,,,,,,,,,,,,,,,,,,,,,,,,,,,,,,,,,,,,,,,,,,,,,,,,,,
ACSSF,2019e1,nc,000,0017,0000094,,,,,,,,,,,,,,,,,,,,,,,,,,,,,,,,,,,,,,,,,,,,,,,,,,,,,,,,29886,27517,32256,20973,28936,,,,,,756743,108632,67090,581021,442495,68031,41133,333331,239229,25872,18434,194923,7371,1394,696,5281,67648,13335,6827,47486,,,,,,,,,,,,,,,,,,,,,,,,,,,,,,,,,,,,,,,,,,,,,,,,,,,,,,,,,,,,,,,,,,,
ACSSF,2019e1,nc,000,0017,0000095,,,,,,,,,,,,,,,,,,,,,,,,,,,,,,,,,,,,,,,,,,,,,,,,,,,,,,,,24969,23121,27935,45841,26163,,,,,,123445,21002,14071,88372,80742,13949,10529,56264,38106,6361,3052,28693,1018,286,0,732,3579,406,490,2683,,,,,,,,,,,,,,,,,,,,,,,,,,,,,,,,,,,,,,,,,,,,,,,,,,,,,,,,,,,,,,,,,,,
ACSSF,2019e1,nc,000,0017,0000096,,,,,,,,,,,,,,,,,,,,,,,,,,,,,,,,,,,,,,,,,,,,,,,,,,,,,,,,24633,23367,29231,40306,22605,,,,,,149165,23592,17972,107601,104623,17365,14394,72864,36220,5323,2741,28156,894,18,0,876,7428,886,837,5705,,,,,,,,,,,,,,,,,,,,,,,,,,,,,,,,,,,,,,,,,,,,,,,,,,,,,,,,,,,,,,,,,,,
ACSSF,2019e1,nc,000,0017,0000097,,,,,,,,,,,,,,,,,,,,,,,,,,,,,,,,,,,,,,,,,,,,,,,,,,,,,,,,24927,24089,27066,44777,23151,,,,,,134258,24924,12260,97074,98170,17781,9027,71362,32396,6200,2803,23393,615,0,0,615,3077,943,430,1704,,,,,,,,,,,,,,,,,,,,,,,,,,,,,,,,,,,,,,,,,,,,,,,,,,,,,,,,,,,,,,,,,,,
ACSSF,2019e1,nc,000,0017,0000098,,,,,,,,,,,,,,,,,,,,,,,,,,,,,,,,,,,,,,,,,,,,,,,,,,,,,,,,26860,25154,30285,16297,33470,,,,,,116744,19877,9149,87718,78039,13953,6366,57720,33378,5012,2100,26266,493,23,53,417,4834,889,630,3315,,,,,,,,,,,,,,,,,,,,,,,,,,,,,,,,,,,,,,,,,,,,,,,,,,,,,,,,,,,,,,,,,,,
ACSSF,2019e1,nc,000,0017,0000099,,,,,,,,,,,,,,,,,,,,,,,,,,,,,,,,,,,,,,,,,,,,,,,,,,,,,,,,26349,25391,28201,24189,25921,,,,,,125189,15417,17045,92727,83635,9406,11918,62311,32712,4366,3884,24462,1439,141,18,1280,7403,1504,1225,4674,,,,,,,,,,,,,,,,,,,,,,,,,,,,,,,,,,,,,,,,,,,,,,,,,,,,,,,,,,,,,,,,,,,
ACSSF,2019e1,nc,000,0017,0000100,,,,,,,,,,,,,,,,,,,,,,,,,,,,,,,,,,,,,,,,,,,,,,,,,,,,,,,,22744,22131,25190,62975,29522,,,,,,94867,19164,12353,63350,71858,16448,10885,44525,19844,2532,1109,16203,438,12,61,365,2727,172,298,2257,,,,,,,,,,,,,,,,,,,,,,,,,,,,,,,,,,,,,,,,,,,,,,,,,,,,,,,,,,,,,,,,,,,
ACSSF,2019e1,nc,000,0017,0000101,,,,,,,,,,,,,,,,,,,,,,,,,,,,,,,,,,,,,,,,,,,,,,,,,,,,,,,,31507,27627,36943,48859,26564,,,,,,109830,10972,7669,91189,50953,6451,3655,40847,55159,4348,3676,47135,998,111,0,887,2720,62,338,2320,,,,,,,,,,,,,,,,,,,,,,,,,,,,,,,,,,,,,,,,,,,,,,,,,,,,,,,,,,,,,,,,,,,
ACSSF,2019e1,nc,000,0017,0000102,,,,,,,,,,,,,,,,,,,,,,,,,,,,,,,,,,,,,,,,,,,,,,,,,,,,,,,,24888,21218,33542,55188,21353,,,,,,96120,15845,10055,70220,63632,11200,7410,45022,28499,3771,1806,22922,544,0,0,544,3445,874,839,1732,,,,,,,,,,,,,,,,,,,,,,,,,,,,,,,,,,,,,,,,,,,,,,,,,,,,,,,,,,,,,,,,,,,
ACSSF,2019e1,nc,000,0017,0000103,,,,,,,,,,,,,,,,,,,,,,,,,,,,,,,,,,,,,,,,,,,,,,,,,,,,,,,,25840,24091,31268,21055,36763,,,,,,142992,24555,20817,97620,113699,21044,16824,75831,23571,2676,3449,17446,829,14,10,805,4893,821,534,3538,,,,,,,,,,,,,,,,,,,,,,,,,,,,,,,,,,,,,,,,,,,,,,,,,,,,,,,,,,,,,,,,,,,
ACSSF,2019e1,nc,000,0017,0000104,,,,,,,,,,,,,,,,,,,,,,,,,,,,,,,,,,,,,,,,,,,,,,,,,,,,,,,,25512,23459,31535,36683,26241,,,,,,97665,21320,11095,65250,71158,13928,9111,48119,18866,5295,1266,12305,454,0,0,454,7187,2097,718,4372,,,,,,,,,,,,,,,,,,,,,,,,,,,,,,,,,,,,,,,,,,,,,,,,,,,,,,,,,,,,,,,,,,,
ACSSF,2019e1,nc,000,0017,0000105,,,,,,,,,,,,,,,,,,,,,,,,,,,,,,,,,,,,,,,,,,,,,,,,,,,,,,,,32066,31819,35753,22956,26676,,,,,,207359,28284,14347,164728,129270,17040,10366,101864,57029,6095,2040,48894,2449,629,254,1566,18611,4520,1687,12404,,,,,,,,,,,,,,,,,,,,,,,,,,,,,,,,,,,,,,,,,,,,,,,,,,,,,,,,,,,,,,,,,,,
ACSSF,2019e1,nc,000,0017,0000106,,,,,,,,,,,,,,,,,,,,,,,,,,,,,,,,,,,,,,,,,,,,,,,,,,,,,,,,30886,25215,42248,36573,29821,,,,,,137273,25026,16325,95922,72835,15072,10857,46906,47717,7016,2569,38132,1639,225,97,1317,15082,2713,2802,9567,,,,,,,,,,,,,,,,,,,,,,,,,,,,,,,,,,,,,,,,,,,,,,,,,,,,,,,,,,,,,,,,,,,
ACSSF,2019e1,nc,000,0017,0000107,,,,,,,,,,,,,,,,,,,,,,,,,,,,,,,,,,,,,,,,,,,,,,,,,,,,,,,,39286,38780,45091,29160,27931,,,,,,135753,10786,13583,111384,60142,4366,7478,48298,55007,3119,3070,48818,1907,79,231,1597,18697,3222,2804,12671,,,,,,,,,,,,,,,,,,,,,,,,,,,,,,,,,,,,,,,,,,,,,,,,,,,,,,,,,,,,,,,,,,,
ACSSF,2019e1,nc,000,0017,0000108,,,,,,,,,,,,,,,,,,,,,,,,,,,,,,,,,,,,,,,,,,,,,,,,,,,,,,,,42451,40563,51123,24785,30868,,,,,,129303,7399,5778,116126,49469,2840,2658,43971,62433,3074,1628,57731,2333,306,202,1825,15068,1179,1290,12599,,,,,,,,,,,,,,,,,,,,,,,,,,,,,,,,,,,,,,,,,,,,,,,,,,,,,,,,,,,,,,,,,,,
ACSSF,2019e1,nc,000,0017,0000109,,,,,,,,,,,,,,,,,,,,,,,,,,,,,,,,,,,,,,,,,,,,,,,,,,,,,,,,34554,30600,41308,36309,35180,,,,,,144053,16639,11852,115562,80285,12375,8316,59594,41109,3144,1778,36187,1748,353,13,1382,20911,767,1745,18399,,,,,,,,,,,,,,,,,,,,,,,,,,,,,,,,,,,,,,,,,,,,,,,,,,,,,,,,,,,,,,,,,,,
ACSSF,2019e1,nc,000,0017,0000110,,,,,,,,,,,,,,,,,,,,,,,,,,,,,,,,,,,,,,,,,,,,,,,,,,,,,,,,41016,35693,46653,55368,34296,,,,,,129110,6438,9148,113524,68319,4046,6315,57958,47822,1768,823,45231,2735,0,400,2335,10234,624,1610,8000,,,,,,,,,,,,,,,,,,,,,,,,,,,,,,,,,,,,,,,,,,,,,,,,,,,,,,,,,,,,,,,,,,,
ACSSF,2019e1,nc,000,0017,0000111,,,,,,,,,,,,,,,,,,,,,,,,,,,,,,,,,,,,,,,,,,,,,,,,,,,,,,,,53195,39995,59054,14944,82711,,,,,,131681,6786,2680,122215,46995,2298,672,44025,53526,2259,1574,49693,2549,269,62,2218,28611,1960,372,26279,,,,,,,,,,,,,,,,,,,,,,,,,,,,,,,,,,,,,,,,,,,,,,,,,,,,,,,,,,,,,,,,,,,
ACSSF,2019e1,nc,000,0017,0000112,,,,,,,,,,,,,,,,,,,,,,,,,,,,,,,,,,,,,,,,,,,,,,,,,,,,,,,,43474,38303,51023,35878,36661,,,,,,136344,7923,6031,122390,47229,3948,1453,41828,61566,2253,1721,57592,2130,187,257,1686,25419,1535,2600,21284,,,,,,,,,,,,,,,,,,,,,,,,,,,,,,,,,,,,,,,,,,,,,,,,,,,,,,,,,,,,,,,,,,,
ACSSF,2019e1,nc,000,0017,0000113,,,,,,,,,,,,,,,,,,,,,,,,,,,,,,,,,,,,,,,,,,,,,,,,,,,,,,,,51606,35027,55127,46112,85892,,,,,,144312,5716,3599,134997,51164,3153,2008,46003,70060,1328,1403,67329,4097,209,188,3700,18991,1026,0,17965,,,,,,,,,,,,,,,,,,,,,,,,,,,,,,,,,,,,,,,,,,,,,,,,,,,,,,,,,,,,,,,,,,,
ACSSF,2019e1,nc,000,0017,0000114,,,,,,,,,,,,,,,,,,,,,,,,,,,,,,,,,,,,,,,,,,,,,,,,,,,,,,,,39731,30846,46693,38797,35775,,,,,,169526,19274,8093,142159,69720,9378,3738,56604,70930,4979,1252,64699,2295,527,0,1768,26581,4390,3103,19088,,,,,,,,,,,,,,,,,,,,,,,,,,,,,,,,,,,,,,,,,,,,,,,,,,,,,,,,,,,,,,,,,,,
ACSSF,2019e1,nc,000,0017,0000115,,,,,,,,,,,,,,,,,,,,,,,,,,,,,,,,,,,,,,,,,,,,,,,,,,,,,,,,32166,26445,44367,45263,30189,,,,,,137502,24062,13382,100058,72229,13912,8762,49555,41350,5159,1502,34689,1287,55,0,1232,22636,4936,3118,14582,,,,,,,,,,,,,,,,,,,,,,,,,,,,,,,,,,,,,,,,,,,,,,,,,,,,,,,,,,,,,,,,,,,
ACSSF,2019e1,nc,000,0017,0000116,,,,,,,,,,,,,,,,,,,,,,,,,,,,,,,,,,,,,,,,,,,,,,,,,,,,,,,,35549,22434,42494,31478,38188,,,,,,135930,19200,6949,109781,55237,9223,3276,42738,60162,6073,3457,50632,3949,697,74,3178,16582,3207,142,13233,,,,,,,,,,,,,,,,,,,,,,,,,,,,,,,,,,,,,,,,,,,,,,,,,,,,,,,,,,,,,,,,,,,
ACSSF,2019e1,nc,000,0017,0000117,,,,,,,,,,,,,,,,,,,,,,,,,,,,,,,,,,,,,,,,,,,,,,,,,,,,,,,,29608,26124,38635,29031,27589,,,,,,133858,15126,13237,105495,72378,9418,8961,53999,44984,3532,2294,39158,2629,200,0,2429,13867,1976,1982,9909,,,,,,,,,,,,,,,,,,,,,,,,,,,,,,,,,,,,,,,,,,,,,,,,,,,,,,,,,,,,,,,,,,,
ACSSF,2019e1,nc,000,0017,0000118,,,,,,,,,,,,,,,,,,,,,,,,,,,,,,,,,,,,,,,,,,,,,,,,,,,,,,,,30251,28719,37608,26131,25973,,,,,,165469,25249,12242,127978,111427,18337,7454,85636,38753,5033,2560,31160,776,98,0,678,14513,1781,2228,10504,,,,,,,,,,,,,,,,,,,,,,,,,,,,,,,,,,,,,,,,,,,,,,,,,,,,,,,,,,,,,,,,,,,
ACSSF,2019e1,nc,000,0017,0000119,,,,,,,,,,,,,,,,,,,,,,,,,,,,,,,,,,,,,,,,,,,,,,,,,,,,,,,,30771,25920,36965,37979,29957,,,,,,138372,24732,9948,103692,69795,14799,5297,49699,47900,6748,1853,39299,3039,330,468,2241,17638,2855,2330,12453,,,,,,,,,,,,,,,,,,,,,,,,,,,,,,,,,,,,,,,,,,,,,,,,,,,,,,,,,,,,,,,,,,,
ACSSF,2019e1,nc,000,0017,0000120,,,,,,,,,,,,,,,,,,,,,,,,,,,,,,,,,,,,,,,,,,,,,,,,,,,,,,,,24580,22561,25528,11607,25910,,,,,,110185,25807,14463,69915,56132,15061,7060,34011,33889,6925,5074,21890,1425,553,47,825,18739,3268,2282,13189,,,,,,,,,,,,,,,,,,,,,,,,,,,,,,,,,,,,,,,,,,,,,,,,,,,,,,,,,,,,,,,,,,,
ACSSF,2019e1,nc,000,0017,0000121,,,,,,,,,,,,,,,,,,,,,,,,,,,,,,,,,,,,,,,,,,,,,,,,,,,,,,,,34613,33287,37961,8384,36322,,,,,,130579,14022,8553,108004,70831,7385,2883,60563,49530,4426,4564,40540,870,483,0,387,9348,1728,1106,6514,,,,,,,,,,,,,,,,,,,,,,,,,,,,,,,,,,,,,,,,,,,,,,,,,,,,,,,,,,,,,,,,,,,
ACSSF,2019e1,nc,000,0017,0000122,,,,,,,,,,,,,,,,,,,,,,,,,,,,,,,,,,,,,,,,,,,,,,,,,,,,,,,,26837,25376,31260,16913,24775,,,,,,136419,20221,14508,101690,77849,11159,9262,57428,40891,4071,3814,33006,1312,352,0,960,16367,4639,1432,10296,,,,,,,,,,,,,,,,,,,,,,,,,,,,,,,,,,,,,,,,,,,,,,,,,,,,,,,,,,,,,,,,,,,
ACSSF,2019e1,nc,000,0017,0000123,,,,,,,,,,,,,,,,,,,,,,,,,,,,,,,,,,,,,,,,,,,,,,,,,,,,,,,,25682,23596,30566,32931,26104,,,,,,95624,18029,10431,67164,56340,12851,5642,37847,31786,3259,3835,24692,1260,165,11,1084,6238,1754,943,3541,,,,,,,,,,,,,,,,,,,,,,,,,,,,,,,,,,,,,,,,,,,,,,,,,,,,,,,,,,,,,,,,,,,
ACSSF,2019e1,nc,000,0017,0000124,,,,,,,,,,,,,,,,,,,,,,,,,,,,,,,,,,,,,,,,,,,,,,,,,,,,,,,,27737,26985,30310,22222,27397,,,,,,135835,27912,14834,93089,82702,17939,10608,54155,37167,6442,2837,27888,787,83,5,699,15179,3448,1384,10347,,,,,,,,,,,,,,,,,,,,,,,,,,,,,,,,,,,,,,,,,,,,,,,,,,,,,,,,,,,,,,,,,,,
ACSSF,2019e1,nc,000,0017,0000125,,,,,,,,,,,,,,,,,,,,,,,,,,,,,,,,,,,,,,,,,,,,,,,,,,,,,,,,34091,31260,38781,26356,26956,,,,,,140320,11614,11107,117599,77167,7722,6136,63309,52953,2856,3492,46605,1111,141,116,854,9089,895,1363,6831,,,,,,,,,,,,,,,,,,,,,,,,,,,,,,,,,,,,,,,,,,,,,,,,,,,,,,,,,,,,,,,,,,,
ACSSF,2019e1,nc,000,0017,0000126,,,,,,,,,,,,,,,,,,,,,,,,,,,,,,,,,,,,,,,,,,,,,,,,,,,,,,,,29255,27997,34479,20617,26424,,,,,,106961,14518,6112,86331,74996,11021,4257,59718,27345,2056,1376,23913,342,0,0,342,4278,1441,479,2358,,,,,,,,,,,,,,,,,,,,,,,,,,,,,,,,,,,,,,,,,,,,,,,,,,,,,,,,,,,,,,,,,,,
ACSSF,2019e1,nc,000,0017,0000127,,,,,,,,,,,,,,,,,,,,,,,,,,,,,,,,,,,,,,,,,,,,,,,,,,,,,,,,26839,25088,32811,7409,31160,,,,,,117284,12032,12686,92566,87563,8418,10372,68773,25583,3042,1580,20961,537,388,0,149,3601,184,734,2683,,,,,,,,,,,,,,,,,,,,,,,,,,,,,,,,,,,,,,,,,,,,,,,,,,,,,,,,,,,,,,,,,,,
ACSSF,2019e1,nc,000,0017,0000128,,,,,,,,,,,,,,,,,,,,,,,,,,,,,,,,,,,,,,,,,,,,,,,,,,,,,,,,26504,25949,29580,9176,23747,,,,,,133197,23906,11741,97550,95233,15912,9384,69937,28249,4998,2026,21225,953,147,0,806,8762,2849,331,5582,,,,,,,,,,,,,,,,,,,,,,,,,,,,,,,,,,,,,,,,,,,,,,,,,,,,,,,,,,,,,,,,,,,
ACSSF,2019e1,nc,000,0017,0000129,,,,,,,,,,,,,,,,,,,,,,,,,,,,,,,,,,,,,,,,,,,,,,,,,,,,,,,,27834,23931,32314,45625,18354,,,,,,131446,18634,16447,96365,62864,11153,7300,44411,56323,5074,5735,45514,1744,227,103,1414,10515,2180,3309,5026,,,,,,,,,,,,,,,,,,,,,,,,,,,,,,,,,,,,,,,,,,,,,,,,,,,,,,,,,,,,,,,,,,,
ACSSF,2019e1,nc,000,0017,0000130,,,,,,,,,,,,,,,,,,,,,,,,,,,,,,,,,,,,,,,,,,,,,,,,,,,,,,,,30832,27384,35850,25350,25956,,,,,,123101,12308,11135,99658,65978,6914,6215,52849,46864,3372,4251,39241,357,0,72,285,9902,2022,597,7283,,,,,,,,,,,,,,,,,,,,,,,,,,,,,,,,,,,,,,,,,,,,,,,,,,,,,,,,,,,,,,,,,,,
ACSSF,2019e1,nc,000,0017,0000131,,,,,,,,,,,,,,,,,,,,,,,,,,,,,,,,,,,,,,,,,,,,,,,,,,,,,,,,28253,29646,27349,55714,17161,,,,,,112986,14797,8843,89346,69480,9748,4595,55137,39862,4206,3898,31758,595,0,32,563,3049,843,318,1888,,,,,,,,,,,,,,,,,,,,,,,,,,,,,,,,,,,,,,,,,,,,,,,,,,,,,,,,,,,,,,,,,,,
ACSSF,2019e1,nc,000,0017,0000132,,,,,,,,,,,,,,,,,,,,,,,,,,,,,,,,,,,,,,,,,,,,,,,,,,,,,,,,25417,21550,27286,23357,30838,,,,,,106705,18272,12313,76120,50246,9677,6838,33731,50802,7354,5081,38367,885,317,41,527,4772,924,353,3495,,,,,,,,,,,,,,,,,,,,,,,,,,,,,,,,,,,,,,,,,,,,,,,,,,,,,,,,,,,,,,,,,,,
ACSSF,2019e1,nc,000,0017,0000133,,,,,,,,,,,,,,,,,,,,,,,,,,,,,,,,,,,,,,,,,,,,,,,,,,,,,,,,29410,27268,30680,40948,24859,,,,,,149348,17209,10601,121538,68737,8470,4546,55721,71830,6891,5081,59858,1521,0,64,1457,7260,1848,910,4502,,,,,,,,,,,,,,,,,,,,,,,,,,,,,,,,,,,,,,,,,,,,,,,,,,,,,,,,,,,,,,,,,,,
ACSSF,2019e1,nc,000,0017,0000134,,,,,,,,,,,,,,,,,,,,,,,,,,,,,,,,,,,,,,,,,,,,,,,,,,,,,,,,25052,24300,27112,19303,26042,,,,,,131517,23689,12632,95196,83301,16719,8293,58289,43424,6376,4111,32937,732,200,13,519,4060,394,215,3451,,,,,,,,,,,,,,,,,,,,,,,,,,,,,,,,,,,,,,,,,,,,,,,,,,,,,,,,,,,,,,,,,,,
ACSSF,2019e1,nc,000,0017,0000135,,,,,,,,,,,,,,,,,,,,,,,,,,,,,,,,,,,,,,,,,,,,,,,,,,,,,,,,29793,30156,29076,.,30050,,,,,,136191,18613,9677,107901,88826,13831,6258,68737,41804,4026,3015,34763,231,0,0,231,5330,756,404,4170,,,,,,,,,,,,,,,,,,,,,,,,,,,,,,,,,,,,,,,,,,,,,,,,,,,,,,,,,,,,,,,,,,,
ACSSF,2019e1,nc,000,0017,0000136,,,,,,,,,,,,,,,,,,,,,,,,,,,,,,,,,,,,,,,,,,,,,,,,,,,,,,,,28681,27340,32038,45022,25419,,,,,,156164,23316,11428,121420,100332,16697,5758,77877,43582,4752,4381,34449,1323,0,319,1004,10927,1867,970,8090,,,,,,,,,,,,,,,,,,,,,,,,,,,,,,,,,,,,,,,,,,,,,,,,,,,,,,,,,,,,,,,,,,,
ACSSF,2019e1,nc,000,0017,0000137,,,,,,,,,,,,,,,,,,,,,,,,,,,,,,,,,,,,,,,,,,,,,,,,,,,,,,,,33288,28096,40165,34329,35473,,,,,,153351,11450,12440,129461,79477,7173,7333,64971,61468,3300,3409,54759,1233,0,0,1233,11173,977,1698,8498,,,,,,,,,,,,,,,,,,,,,,,,,,,,,,,,,,,,,,,,,,,,,,,,,,,,,,,,,,,,,,,,,,,
ACSSF,2019e1,nc,000,0017,0000138,,,,,,,,,,,,,,,,,,,,,,,,,,,,,,,,,,,,,,,,,,,,,,,,,,,,,,,,30171,27829,32364,20430,27010,,,,,,106033,12198,12000,81835,74574,9839,8858,55877,27823,2286,2267,23270,466,73,160,233,3170,0,715,2455,,,,,,,,,,,,,,,,,,,,,,,,,,,,,,,,,,,,,,,,,,,,,,,,,,,,,,,,,,,,,,,,,,,
ACSSF,2019e1,nc,000,0017,0000139,,,,,,,,,,,,,,,,,,,,,,,,,,,,,,,,,,,,,,,,,,,,,,,,,,,,,,,,28983,27231,34531,27087,22251,,,,,,114185,12124,14143,87918,74177,8308,10244,55625,29978,3358,2617,24003,1411,36,43,1332,8619,422,1239,6958,,,,,,,,,,,,,,,,,,,,,,,,,,,,,,,,,,,,,,,,,,,,,,,,,,,,,,,,,,,,,,,,,,,
ACSSF,2019e1,nc,000,0017,0000140,,,,,,,,,,,,,,,,,,,,,,,,,,,,,,,,,,,,,,,,,,,,,,,,,,,,,,,,38003,36328,46017,36057,27027,,,,,,123091,17677,14954,90460,49502,7872,7281,34349,51070,5782,4591,40697,2313,100,155,2058,20206,3923,2927,13356,,,,,,,,,,,,,,,,,,,,,,,,,,,,,,,,,,,,,,,,,,,,,,,,,,,,,,,,,,,,,,,,,,,
ACSSF,2019e1,nc,000,0017,0000141,,,,,,,,,,,,,,,,,,,,,,,,,,,,,,,,,,,,,,,,,,,,,,,,,,,,,,,,28670,24567,31586,.,30525,,,,,,124388,19661,15426,89301,68533,10968,8958,48607,37658,4063,2972,30623,527,359,0,168,17670,4271,3496,9903,,,,,,,,,,,,,,,,,,,,,,,,,,,,,,,,,,,,,,,,,,,,,,,,,,,,,,,,,,,,,,,,,,,
ACSSF,2019e1,nc,000,0017,0000142,,,,,,,,,,,,,,,,,,,,,,,,,,,,,,,,,,,,,,,,,,,,,,,,,,,,,,,,27599,26900,30098,31566,26510,,,,,,125064,18237,17589,89238,55045,9046,6845,39154,38536,4712,3998,29826,1730,397,85,1248,29753,4082,6661,19010,,,,,,,,,,,,,,,,,,,,,,,,,,,,,,,,,,,,,,,,,,,,,,,,,,,,,,,,,,,,,,,,,,,
ACSSF,2019e1,nc,000,0017,0000143,,,,,,,,,,,,,,,,,,,,,,,,,,,,,,,,,,,,,,,,,,,,,,,,,,,,,,,,49583,42348,55632,42840,47346,,,,,,158903,6566,4213,148124,55896,1633,1724,52539,78883,2684,1090,75109,1595,175,0,1420,22529,2074,1399,19056,,,,,,,,,,,,,,,,,,,,,,,,,,,,,,,,,,,,,,,,,,,,,,,,,,,,,,,,,,,,,,,,,,,
ACSSF,2019e1,nc,000,0017,0000144,,,,,,,,,,,,,,,,,,,,,,,,,,,,,,,,,,,,,,,,,,,,,,,,,,,,,,,,36561,29983,49984,58059,26689,,,,,,124322,17838,10672,95812,51149,10441,4850,35858,48648,3861,2698,42089,1569,0,439,1130,22956,3536,2685,16735,,,,,,,,,,,,,,,,,,,,,,,,,,,,,,,,,,,,,,,,,,,,,,,,,,,,,,,,,,,,,,,,,,,
ACSSF,2019e1,nc,000,0017,0000145,,,,,,,,,,,,,,,,,,,,,,,,,,,,,,,,,,,,,,,,,,,,,,,,,,,,,,,,41998,37321,48868,35748,32327,,,,,,156840,8398,8375,140067,58040,2888,3917,51235,78081,3097,3134,71850,2495,513,0,1982,18224,1900,1324,15000,,,,,,,,,,,,,,,,,,,,,,,,,,,,,,,,,,,,,,,,,,,,,,,,,,,,,,,,,,,,,,,,,,,
ACSSF,2019e1,nc,000,0017,0000146,,,,,,,,,,,,,,,,,,,,,,,,,,,,,,,,,,,,,,,,,,,,,,,,,,,,,,,,36267,32783,37432,31166,40864,,,,,,138804,14436,7894,116474,59758,7277,4126,48355,58778,5345,3047,50386,1791,113,0,1678,18477,1701,721,16055,,,,,,,,,,,,,,,,,,,,,,,,,,,,,,,,,,,,,,,,,,,,,,,,,,,,,,,,,,,,,,,,,,,
ACSSF,2019e1,nc,000,0017,0000147,,,,,,,,,,,,,,,,,,,,,,,,,,,,,,,,,,,,,,,,,,,,,,,,,,,,,,,,42085,28760,50151,61600,40062,,,,,,142386,8370,9988,124028,46887,4509,4362,38016,69130,2251,2425,64454,1895,57,0,1838,24474,1553,3201,19720,,,,,,,,,,,,,,,,,,,,,,,,,,,,,,,,,,,,,,,,,,,,,,,,,,,,,,,,,,,,,,,,,,,
ACSSF,2019e1,nc,000,0017,0000148,,,,,,,,,,,,,,,,,,,,,,,,,,,,,,,,,,,,,,,,,,,,,,,,,,,,,,,,31734,25824,40218,21463,31227,,,,,,162865,10359,14850,137656,85525,7263,8501,69761,58880,1834,3262,53784,1775,318,76,1381,16685,944,3011,12730,,,,,,,,,,,,,,,,,,,,,,,,,,,,,,,,,,,,,,,,,,,,,,,,,,,,,,,,,,,,,,,,,,,
ACSSF,2019e1,nc,000,0017,0000149,,,,,,,,,,,,,,,,,,,,,,,,,,,,,,,,,,,,,,,,,,,,,,,,,,,,,,,,31286,31573,30549,25469,31471,,,,,,112302,9843,8162,94297,72291,5344,5954,60993,32661,4241,1691,26729,521,25,111,385,6829,233,406,6190,,,,,,,,,,,,,,,,,,,,,,,,,,,,,,,,,,,,,,,,,,,,,,,,,,,,,,,,,,,,,,,,,,,
ACSSF,2019e1,nc,000,0017,0000150,,,,,,,,,,,,,,,,,,,,,,,,,,,,,,,,,,,,,,,,,,,,,,,,,,,,,,,,26975,26209,31409,15272,21920,,,,,,137404,18843,15859,102702,91284,11649,11395,68240,36412,3652,3043,29717,1845,224,8,1613,7863,3318,1413,3132,,,,,,,,,,,,,,,,,,,,,,,,,,,,,,,,,,,,,,,,,,,,,,,,,,,,,,,,,,,,,,,,,,,
ACSSF,2019e1,nc,000,0017,0000151,,,,,,,,,,,,,,,,,,,,,,,,,,,,,,,,,,,,,,,,,,,,,,,,,,,,,,,,30209,30184,29157,17736,32132,,,,,,165276,28959,15245,121072,117156,21004,11038,85114,37718,5594,3803,28321,965,146,227,592,9437,2215,177,7045,,,,,,,,,,,,,,,,,,,,,,,,,,,,,,,,,,,,,,,,,,,,,,,,,,,,,,,,,,,,,,,,,,,
ACSSF,2019e1,nc,000,0017,0000152,,,,,,,,,,,,,,,,,,,,,,,,,,,,,,,,,,,,,,,,,,,,,,,,,,,,,,,,25459,25874,24937,28864,24137,,,,,,141793,20914,19290,101589,99017,13320,13313,72384,33946,6319,4457,23170,1313,0,133,1180,7517,1275,1387,4855,,,,,,,,,,,,,,,,,,,,,,,,,,,,,,,,,,,,,,,,,,,,,,,,,,,,,,,,,,,,,,,,,,,
ACSSF,2019e1,nc,000,0017,0000153,,,,,,,,,,,,,,,,,,,,,,,,,,,,,,,,,,,,,,,,,,,,,,,,,,,,,,,,30083,25048,37968,32436,26018,,,,,,125426,15151,10961,99314,67421,9794,6038,51589,48506,4602,3293,40611,1562,144,0,1418,7937,611,1630,5696,,,,,,,,,,,,,,,,,,,,,,,,,,,,,,,,,,,,,,,,,,,,,,,,,,,,,,,,,,,,,,,,,,,
ACSSF,2019e1,nc,000,0017,0000154,,,,,,,,,,,,,,,,,,,,,,,,,,,,,,,,,,,,,,,,,,,,,,,,,,,,,,,,27360,25194,35229,62375,22653,,,,,,132418,22415,13746,96257,72424,14045,7756,50623,49717,6996,4789,37932,2935,243,157,2535,7342,1131,1044,5167,,,,,,,,,,,,,,,,,,,,,,,,,,,,,,,,,,,,,,,,,,,,,,,,,,,,,,,,,,,,,,,,,,,
ACSSF,2019e1,nc,000,0017,0000155,,,,,,,,,,,,,,,,,,,,,,,,,,,,,,,,,,,,,,,,,,,,,,,,,,,,,,,,23926,24684,26822,10763,18284,,,,,,120984,17504,16747,86733,87269,12698,10461,64110,17690,2877,1645,13168,259,0,31,228,15766,1929,4610,9227,,,,,,,,,,,,,,,,,,,,,,,,,,,,,,,,,,,,,,,,,,,,,,,,,,,,,,,,,,,,,,,,,,,
ACSSF,2019e1,nc,000,0017,0000156,,,,,,,,,,,,,,,,,,,,,,,,,,,,,,,,,,,,,,,,,,,,,,,,,,,,,,,,26178,22174,34598,48590,21571,,,,,,120768,23488,15515,81765,79550,16500,10117,52933,30752,4655,3277,22820,2226,56,206,1964,8240,2277,1915,4048,,,,,,,,,,,,,,,,,,,,,,,,,,,,,,,,,,,,,,,,,,,,,,,,,,,,,,,,,,,,,,,,,,,
ACSSF,2019e1,nc,000,0017,0000157,,,,,,,,,,,,,,,,,,,,,,,,,,,,,,,,,,,,,,,,,,,,,,,,,,,,,,,,23421,22314,25474,17743,26033,,,,,,106573,19716,13208,73649,68809,14665,9180,44964,33539,3951,3221,26367,1056,39,375,642,3169,1061,432,1676,,,,,,,,,,,,,,,,,,,,,,,,,,,,,,,,,,,,,,,,,,,,,,,,,,,,,,,,,,,,,,,,,,,
ACSSF,2019e1,nc,000,0017,0000158,,,,,,,,,,,,,,,,,,,,,,,,,,,,,,,,,,,,,,,,,,,,,,,,,,,,,,,,27231,24618,36789,92617,31894,,,,,,173204,33998,14922,124284,124209,27446,10889,85874,36948,5896,2162,28890,2207,71,0,2136,9840,585,1871,7384,,,,,,,,,,,,,,,,,,,,,,,,,,,,,,,,,,,,,,,,,,,,,,,,,,,,,,,,,,,,,,,,,,,
ACSSF,2019e1,nc,000,0017,0000159,,,,,,,,,,,,,,,,,,,,,,,,,,,,,,,,,,,,,,,,,,,,,,,,,,,,,,,,28704,24825,29573,52244,29621,,,,,,96512,13303,10323,72886,46704,7344,5612,33748,42411,4454,3145,34812,1560,0,252,1308,5837,1505,1314,3018,,,,,,,,,,,,,,,,,,,,,,,,,,,,,,,,,,,,,,,,,,,,,,,,,,,,,,,,,,,,,,,,,,,
ACSSF,2019e1,nc,000,0017,0000160,,,,,,,,,,,,,,,,,,,,,,,,,,,,,,,,,,,,,,,,,,,,,,,,,,,,,,,,29972,27932,31268,41229,33256,,,,,,129589,15301,10704,103584,82000,11339,7321,63340,42437,3169,2663,36605,1002,97,0,905,4150,696,720,2734,,,,,,,,,,,,,,,,,,,,,,,,,,,,,,,,,,,,,,,,,,,,,,,,,,,,,,,,,,,,,,,,,,,
ACSSF,2019e1,nc,000,0017,0000161,,,,,,,,,,,,,,,,,,,,,,,,,,,,,,,,,,,,,,,,,,,,,,,,,,,,,,,,23749,22328,24422,21433,19237,,,,,,136637,16304,19931,100402,45921,7514,5772,32635,81510,8531,12552,60427,2147,0,88,2059,7059,259,1519,5281,,,,,,,,,,,,,,,,,,,,,,,,,,,,,,,,,,,,,,,,,,,,,,,,,,,,,,,,,,,,,,,,,,,
ACSSF,2019e1,nc,000,0017,0000162,,,,,,,,,,,,,,,,,,,,,,,,,,,,,,,,,,,,,,,,,,,,,,,,,,,,,,,,30598,29077,33620,34407,17230,,,,,,119834,9354,13379,97101,61269,5154,7357,48758,50925,2944,3355,44626,1458,0,118,1340,6182,1256,2549,2377,,,,,,,,,,,,,,,,,,,,,,,,,,,,,,,,,,,,,,,,,,,,,,,,,,,,,,,,,,,,,,,,,,,
ACSSF,2019e1,nc,000,0017,0000163,,,,,,,,,,,,,,,,,,,,,,,,,,,,,,,,,,,,,,,,,,,,,,,,,,,,,,,,30351,24695,32762,17083,33061,,,,,,168872,26652,18814,123406,86121,16429,12981,56711,73185,8597,4138,60450,1177,144,0,1033,8389,1482,1695,5212,,,,,,,,,,,,,,,,,,,,,,,,,,,,,,,,,,,,,,,,,,,,,,,,,,,,,,,,,,,,,,,,,,,
ACSSF,2019e1,nc,000,0017,0000164,,,,,,,,,,,,,,,,,,,,,,,,,,,,,,,,,,,,,,,,,,,,,,,,,,,,,,,,31637,26645,33622,43370,32966,,,,,,141927,13326,7854,120747,59084,7104,4194,47786,77124,6099,3660,67365,609,0,0,609,5110,123,0,4987,,,,,,,,,,,,,,,,,,,,,,,,,,,,,,,,,,,,,,,,,,,,,,,,,,,,,,,,,,,,,,,,,,,
ACSSF,2019e1,nc,000,0017,0000165,,,,,,,,,,,,,,,,,,,,,,,,,,,,,,,,,,,,,,,,,,,,,,,,,,,,,,,,24593,24141,26417,49363,21250,,,,,,100955,21130,13761,66064,81956,16214,10720,55022,17162,4693,2590,9879,437,7,51,379,1400,216,400,784,,,,,,,,,,,,,,,,,,,,,,,,,,,,,,,,,,,,,,,,,,,,,,,,,,,,,,,,,,,,,,,,,,,
ACSSF,2019e1,nc,000,0017,0000166,,,,,,,,,,,,,,,,,,,,,,,,,,,,,,,,,,,,,,,,,,,,,,,,,,,,,,,,25835,21385,29581,24355,29526,,,,,,106139,26901,8633,70605,51264,15981,4645,30638,42495,8810,3338,30347,3540,790,129,2621,8840,1320,521,6999,,,,,,,,,,,,,,,,,,,,,,,,,,,,,,,,,,,,,,,,,,,,,,,,,,,,,,,,,,,,,,,,,,,
ACSSF,2019e1,nc,000,0017,0000167,,,,,,,,,,,,,,,,,,,,,,,,,,,,,,,,,,,,,,,,,,,,,,,,,,,,,,,,28172,25516,28770,31471,37753,,,,,,102056,13591,12452,76013,51737,7971,7132,36634,40346,4799,3490,32057,4728,172,1163,3393,5245,649,667,3929,,,,,,,,,,,,,,,,,,,,,,,,,,,,,,,,,,,,,,,,,,,,,,,,,,,,,,,,,,,,,,,,,,,
ACSSF,2019e1,nc,000,0017,0000168,,,,,,,,,,,,,,,,,,,,,,,,,,,,,,,,,,,,,,,,,,,,,,,,,,,,,,,,28352,24251,31726,27434,25780,,,,,,109748,17106,14833,77809,52065,9115,7212,35738,45022,6350,5480,33192,4260,417,710,3133,8401,1224,1431,5746,,,,,,,,,,,,,,,,,,,,,,,,,,,,,,,,,,,,,,,,,,,,,,,,,,,,,,,,,,,,,,,,,,,
ACSSF,2019e1,nc,000,0017,0000169,,,,,,,,,,,,,,,,,,,,,,,,,,,,,,,,,,,,,,,,,,,,,,,,,,,,,,,,21014,20449,22000,16062,27558,,,,,,111225,37020,15199,59006,91180,31014,13109,47057,13820,4142,1454,8224,770,191,0,579,5455,1673,636,3146,,,,,,,,,,,,,,,,,,,,,,,,,,,,,,,,,,,,,,,,,,,,,,,,,,,,,,,,,,,,,,,,,,,
ACSSF,2019e1,nc,000,0017,0000170,,,,,,,,,,,,,,,,,,,,,,,,,,,,,,,,,,,,,,,,,,,,,,,,,,,,,,,,22958,20674,27052,46095,23460,,,,,,129929,32800,12805,84324,84624,21927,8892,53805,39050,9727,3386,25937,1679,306,25,1348,4576,840,502,3234,,,,,,,,,,,,,,,,,,,,,,,,,,,,,,,,,,,,,,,,,,,,,,,,,,,,,,,,,,,,,,,,,,,
ACSSF,2019e1,nc,000,0017,0000171,,,,,,,,,,,,,,,,,,,,,,,,,,,,,,,,,,,,,,,,,,,,,,,,,,,,,,,,25367,24519,27770,24563,25912,,,,,,109610,17806,9797,82007,74583,13347,7205,54031,26769,4141,1249,21379,430,0,0,430,7828,318,1343,6167,,,,,,,,,,,,,,,,,,,,,,,,,,,,,,,,,,,,,,,,,,,,,,,,,,,,,,,,,,,,,,,,,,,
ACSSF,2019e1,nc,000,0017,0000172,,,,,,,,,,,,,,,,,,,,,,,,,,,,,,,,,,,,,,,,,,,,,,,,,,,,,,,,42020,30437,47811,54200,46551,,,,,,149844,3176,5521,141147,57356,1432,1648,54276,72039,906,1697,69436,3747,0,529,3218,16702,838,1647,14217,,,,,,,,,,,,,,,,,,,,,,,,,,,,,,,,,,,,,,,,,,,,,,,,,,,,,,,,,,,,,,,,,,,
ACSSF,2019e1,nc,000,0017,0000173,,,,,,,,,,,,,,,,,,,,,,,,,,,,,,,,,,,,,,,,,,,,,,,,,,,,,,,,27597,23696,31275,29674,29337,,,,,,306127,56848,33339,215940,153548,32859,18719,101970,119413,19492,10607,89314,11454,1379,1475,8600,21712,3118,2538,16056,,,,,,,,,,,,,,,,,,,,,,,,,,,,,,,,,,,,,,,,,,,,,,,,,,,,,,,,,,,,,,,,,,,
ACSSF,2019e1,nc,000,0017,0000174,,,,,,,,,,,,,,,,,,,,,,,,,,,,,,,,,,,,,,,,,,,,,,,,,,,,,,,,27231,24618,36789,92617,31894,,,,,,173204,33998,14922,124284,124209,27446,10889,85874,36948,5896,2162,28890,2207,71,0,2136,9840,585,1871,7384,,,,,,,,,,,,,,,,,,,,,,,,,,,,,,,,,,,,,,,,,,,,,,,,,,,,,,,,,,,,,,,,,,,
ACSSF,2019e1,nc,000,0017,0000175,,,,,,,,,,,,,,,,,,,,,,,,,,,,,,,,,,,,,,,,,,,,,,,,,,,,,,,,30235,28716,37688,26131,25973,,,,,,165387,25249,12242,127896,111414,18337,7454,85623,38684,5033,2560,31091,776,98,0,678,14513,1781,2228,10504,,,,,,,,,,,,,,,,,,,,,,,,,,,,,,,,,,,,,,,,,,,,,,,,,,,,,,,,,,,,,,,,,,,
ACSSF,2019e1,nc,000,0017,0000176,,,,,,,,,,,,,,,,,,,,,,,,,,,,,,,,,,,,,,,,,,,,,,,,,,,,,,,,31637,26645,33622,43370,32966,,,,,,141927,13326,7854,120747,59084,7104,4194,47786,77124,6099,3660,67365,609,0,0,609,5110,123,0,4987,,,,,,,,,,,,,,,,,,,,,,,,,,,,,,,,,,,,,,,,,,,,,,,,,,,,,,,,,,,,,,,,,,,
ACSSF,2019e1,nc,000,0017,0000177,,,,,,,,,,,,,,,,,,,,,,,,,,,,,,,,,,,,,,,,,,,,,,,,,,,,,,,,29549,25614,34956,17122,20240,,,,,,210839,23197,24013,163629,109380,13905,11682,83793,81631,5752,8250,67629,1192,227,175,790,18636,3313,3906,11417,,,,,,,,,,,,,,,,,,,,,,,,,,,,,,,,,,,,,,,,,,,,,,,,,,,,,,,,,,,,,,,,,,,
ACSSF,2019e1,nc,000,0017,0000178,,,,,,,,,,,,,,,,,,,,,,,,,,,,,,,,,,,,,,,,,,,,,,,,,,,,,,,,26194,26054,28118,11223,21698,,,,,,88308,18560,7271,62477,62043,11999,5786,44258,18920,3565,1154,14201,751,147,0,604,6594,2849,331,3414,,,,,,,,,,,,,,,,,,,,,,,,,,,,,,,,,,,,,,,,,,,,,,,,,,,,,,,,,,,,,,,,,,,
ACSSF,2019e1,nc,000,0017,0000179,,,,,,,,,,,,,,,,,,,,,,,,,,,,,,,,,,,,,,,,,,,,,,,,,,,,,,,,35498,30918,38683,21143,37162,,,,,,189091,12151,12220,164720,92939,5948,6217,80774,75353,4934,3171,67248,1740,318,90,1332,19059,951,2742,15366,,,,,,,,,,,,,,,,,,,,,,,,,,,,,,,,,,,,,,,,,,,,,,,,,,,,,,,,,,,,,,,,,,,
ACSSF,2019e1,nc,000,0017,0000180,,,,,,,,,,,,,,,,,,,,,,,,,,,,,,,,,,,,,,,,,,,,,,,,,,,,,,,,25776,23354,33212,21808,26566,,,,,,81097,8096,10949,62052,61249,5799,9085,46365,17000,1903,1130,13967,359,210,0,149,2489,184,734,1571,,,,,,,,,,,,,,,,,,,,,,,,,,,,,,,,,,,,,,,,,,,,,,,,,,,,,,,,,,,,,,,,,,,
ACSSF,2019e1,nc,000,0017,0000181,,,,,,,,,,,,,,,,,,,,,,,,,,,,,,,,,,,,,,,,,,,,,,,,,,,,,,,,29269,25730,31844,41295,41663,,,,,,68408,6080,3623,58705,37615,3876,1893,31846,27736,1985,1637,24114,838,55,0,783,2219,164,93,1962,,,,,,,,,,,,,,,,,,,,,,,,,,,,,,,,,,,,,,,,,,,,,,,,,,,,,,,,,,,,,,,,,,,
ACSSF,2019e1,nc,000,0017,0000182,,,,,,,,,,,,,,,,,,,,,,,,,,,,,,,,,,,,,,,,,,,,,,,,,,,,,,,,30475,29349,33883,46312,25939,,,,,,108840,15546,6163,87131,69958,11146,2552,56260,29531,3101,2648,23782,1059,0,290,769,8292,1299,673,6320,,,,,,,,,,,,,,,,,,,,,,,,,,,,,,,,,,,,,,,,,,,,,,,,,,,,,,,,,,,,,,,,,,,
ACSSF,2019e1,nc,000,0017,0000183,,,,,,,,,,,,,,,,,,,,,,,,,,,,,,,,,,,,,,,,,,,,,,,,,,,,,,,,31122,13002,39137,30034,40751,,,,,,79312,13974,2876,62462,27263,6110,1238,19915,37400,5007,1447,30946,2731,476,49,2206,11918,2381,142,9395,,,,,,,,,,,,,,,,,,,,,,,,,,,,,,,,,,,,,,,,,,,,,,,,,,,,,,,,,,,,,,,,,,,
ACSSF,2019e1,nc,000,0017,0000184,,,,,,,,,,,,,,,,,,,,,,,,,,,,,,,,,,,,,,,,,,,,,,,,,,,,,,,,32795,30122,42267,36721,25305,,,,,,73477,6139,7362,59976,34650,3347,4540,26763,29060,1679,1446,25935,623,0,0,623,9144,1113,1376,6655,,,,,,,,,,,,,,,,,,,,,,,,,,,,,,,,,,,,,,,,,,,,,,,,,,,,,,,,,,,,,,,,,,,
ACSSF,2019e1,nc,000,0017,0000185,,,,,,,,,,,,,,,,,,,,,,,,,,,,,,,,,,,,,,,,,,,,,,,,,,,,,,,,22811,22319,24262,.,25957,,,,,,95910,20421,8223,67266,69664,16307,6129,47228,23306,4080,1888,17338,0,0,0,0,2940,34,206,2700,,,,,,,,,,,,,,,,,,,,,,,,,,,,,,,,,,,,,,,,,,,,,,,,,,,,,,,,,,,,,,,,,,,
ACSSF,2019e1,nc,000,0017,0000186,,,,,,,,,,,,,,,,,,,,,,,,,,,,,,,,,,,,,,,,,,,,,,,,,,,,,,,,30467,30893,27463,17108,32393,,,,,,131856,22138,11740,97978,95289,15379,7808,72102,30936,5194,3528,22214,666,0,227,439,4965,1565,177,3223,,,,,,,,,,,,,,,,,,,,,,,,,,,,,,,,,,,,,,,,,,,,,,,,,,,,,,,,,,,,,,,,,,,
ACSSF,2019e1,nc,000,0017,0000187,,,,,,,,,,,,,,,,,,,,,,,,,,,,,,,,,,,,,,,,,,,,,,,,,,,,,,,,36435,27523,45912,39110,31871,,,,,,307028,43336,21475,242217,141949,23290,12500,106159,112280,10138,2754,99388,3582,582,0,3000,49217,9326,6221,33670,,,,,,,,,,,,,,,,,,,,,,,,,,,,,,,,,,,,,,,,,,,,,,,,,,,,,,,,,,,,,,,,,,,
ACSSF,2019e1,nc,000,0017,0000188,,,,,,,,,,,,,,,,,,,,,,,,,,,,,,,,,,,,,,,,,,,,,,,,,,,,,,,,29730,26876,34552,25956,27052,,,,,,371779,57555,36372,277852,216209,38512,22386,155311,121906,12557,10164,99185,3158,389,132,2637,30506,6097,3690,20719,,,,,,,,,,,,,,,,,,,,,,,,,,,,,,,,,,,,,,,,,,,,,,,,,,,,,,,,,,,,,,,,,,,
ACSSF,2019e1,nc,000,0017,0000189,,,,,,,,,,,,,,,,,,,,,,,,,,,,,,,,,,,,,,,,,,,,,,,,,,,,,,,,30594,31009,31370,24663,26515,,,,,,68309,6025,6922,55362,43070,3155,4869,35046,19324,1696,1400,16228,1254,0,18,1236,4661,1174,635,2852,,,,,,,,,,,,,,,,,,,,,,,,,,,,,,,,,,,,,,,,,,,,,,,,,,,,,,,,,,,,,,,,,,,
ACSSF,2019e1,nc,000,0017,0000190,,,,,,,,,,,,,,,,,,,,,,,,,,,,,,,,,,,,,,,,,,,,,,,,,,,,,,,,29495,27474,33553,24863,24603,,,,,,220193,24322,26118,169753,148726,18147,19077,111502,57801,5644,4884,47273,1877,109,203,1565,11789,422,1954,9413,,,,,,,,,,,,,,,,,,,,,,,,,,,,,,,,,,,,,,,,,,,,,,,,,,,,,,,,,,,,,,,,,,,
ACSSF,2019e1,nc,000,0017,0000191,,,,,,,,,,,,,,,,,,,,,,,,,,,,,,,,,,,,,,,,,,,,,,,,,,,,,,,,28558,26256,31693,21550,27301,,,,,,515555,84782,47472,383301,274607,48404,24502,201701,172210,22170,15305,134735,6646,1718,515,4413,62092,12490,7150,42452,,,,,,,,,,,,,,,,,,,,,,,,,,,,,,,,,,,,,,,,,,,,,,,,,,,,,,,,,,,,,,,,,,,
ACSSF,2019e1,nc,000,0017,0000192,,,,,,,,,,,,,,,,,,,,,,,,,,,,,,,,,,,,,,,,,,,,,,,,,,,,,,,,27360,25194,35229,62375,22653,,,,,,132418,22415,13746,96257,72424,14045,7756,50623,49717,6996,4789,37932,2935,243,157,2535,7342,1131,1044,5167,,,,,,,,,,,,,,,,,,,,,,,,,,,,,,,,,,,,,,,,,,,,,,,,,,,,,,,,,,,,,,,,,,,
ACSSF,2019e1,nc,000,0017,0000193,,,,,,,,,,,,,,,,,,,,,,,,,,,,,,,,,,,,,,,,,,,,,,,,,,,,,,,,30221,26919,31878,38256,24880,,,,,,116087,12220,9107,94760,55236,6491,3859,44886,52654,3881,4338,44435,1098,0,0,1098,7099,1848,910,4341,,,,,,,,,,,,,,,,,,,,,,,,,,,,,,,,,,,,,,,,,,,,,,,,,,,,,,,,,,,,,,,,,,,
ACSSF,2019e1,nc,000,0017,0000194,,,,,,,,,,,,,,,,,,,,,,,,,,,,,,,,,,,,,,,,,,,,,,,,,,,,,,,,32301,28495,40194,33588,34684,,,,,,151458,9502,11414,130542,85680,6628,7287,71765,54950,2251,2822,49877,1185,0,0,1185,9643,623,1305,7715,,,,,,,,,,,,,,,,,,,,,,,,,,,,,,,,,,,,,,,,,,,,,,,,,,,,,,,,,,,,,,,,,,,
ACSSF,2019e1,nc,000,0017,0000195,,,,,,,,,,,,,,,,,,,,,,,,,,,,,,,,,,,,,,,,,,,,,,,,,,,,,,,,32066,31819,35753,22956,26676,,,,,,207359,28284,14347,164728,129270,17040,10366,101864,57029,6095,2040,48894,2449,629,254,1566,18611,4520,1687,12404,,,,,,,,,,,,,,,,,,,,,,,,,,,,,,,,,,,,,,,,,,,,,,,,,,,,,,,,,,,,,,,,,,,
ACSSF,2019e1,nc,000,0017,0000196,,,,,,,,,,,,,,,,,,,,,,,,,,,,,,,,,,,,,,,,,,,,,,,,,,,,,,,,35125,36086,34260,.,31572,,,,,,85299,6309,4661,74329,51811,3424,2762,45625,29552,2141,1681,25730,231,0,0,231,3705,744,218,2743,,,,,,,,,,,,,,,,,,,,,,,,,,,,,,,,,,,,,,,,,,,,,,,,,,,,,,,,,,,,,,,,,,,
ACSSF,2019e1,nc,000,0017,0000197,,,,,,,,,,,,,,,,,,,,,,,,,,,,,,,,,,,,,,,,,,,,,,,,,,,,,,,,36708,31284,42558,39226,31384,,,,,,1093798,111183,89111,893504,444810,54634,42063,348113,460784,31795,23955,405034,13915,1714,679,11522,174289,23040,22414,128835,,,,,,,,,,,,,,,,,,,,,,,,,,,,,,,,,,,,,,,,,,,,,,,,,,,,,,,,,,,,,,,,,,,
ACSSF,2019e1,nc,000,0017,0000198,,,,,,,,,,,,,,,,,,,,,,,,,,,,,,,,,,,,,,,,,,,,,,,,,,,,,,,,31737,25700,40710,59721,29702,,,,,,99168,11707,8592,78869,50020,7350,5128,37542,42806,3956,2284,36566,1204,91,0,1113,5138,310,1180,3648,,,,,,,,,,,,,,,,,,,,,,,,,,,,,,,,,,,,,,,,,,,,,,,,,,,,,,,,,,,,,,,,,,,
ACSSF,2019e1,nc,000,0017,0000199,,,,,,,,,,,,,,,,,,,,,,,,,,,,,,,,,,,,,,,,,,,,,,,,,,,,,,,,25911,23636,32618,25045,42062,,,,,,98932,16161,15431,67340,77023,13612,11802,51609,17495,1786,3093,12616,532,0,10,522,3882,763,526,2593,,,,,,,,,,,,,,,,,,,,,,,,,,,,,,,,,,,,,,,,,,,,,,,,,,,,,,,,,,,,,,,,,,,
ACSSF,2019e1,nc,000,0017,0000200,,,,,,,,,,,,,,,,,,,,,,,,,,,,,,,,,,,,,,,,,,,,,,,,,,,,,,,,28704,24825,29573,52244,29621,,,,,,96512,13303,10323,72886,46704,7344,5612,33748,42411,4454,3145,34812,1560,0,252,1308,5837,1505,1314,3018,,,,,,,,,,,,,,,,,,,,,,,,,,,,,,,,,,,,,,,,,,,,,,,,,,,,,,,,,,,,,,,,,,,
ACSSF,2019e1,nc,000,0017,0000201,,,,,,,,,,,,,,,,,,,,,,,,,,,,,,,,,,,,,,,,,,,,,,,,,,,,,,,,31005,27244,33831,30916,29424,,,,,,227348,29539,24945,172864,112117,17909,15771,78437,100843,9526,5834,85483,1945,144,0,1801,12443,1960,3340,7143,,,,,,,,,,,,,,,,,,,,,,,,,,,,,,,,,,,,,,,,,,,,,,,,,,,,,,,,,,,,,,,,,,,
ACSSF,2019e1,nc,000,0017,0000202,,,,,,,,,,,,,,,,,,,,,,,,,,,,,,,,,,,,,,,,,,,,,,,,,,,,,,,,24338,22835,26747,20857,18961,,,,,,164816,17784,22733,124299,58522,8035,7162,43325,96617,9514,13984,73119,2367,0,112,2255,7310,235,1475,5600,,,,,,,,,,,,,,,,,,,,,,,,,,,,,,,,,,,,,,,,,,,,,,,,,,,,,,,,,,,,,,,,,,,
ACSSF,2019e1,nc,000,0017,0000203,,,,,,,,,,,,,,,,,,,,,,,,,,,,,,,,,,,,,,,,,,,,,,,,,,,,,,,,26057,26237,25514,36686,22998,,,,,,112030,15064,15036,81930,79710,10939,10224,58547,26968,3126,3992,19850,735,0,0,735,4617,999,820,2798,,,,,,,,,,,,,,,,,,,,,,,,,,,,,,,,,,,,,,,,,,,,,,,,,,,,,,,,,,,,,,,,,,,
ACSSF,2019e1,nc,000,0017,0000204,,,,,,,,,,,,,,,,,,,,,,,,,,,,,,,,,,,,,,,,,,,,,,,,,,,,,,,,21324,20809,22587,16066,26881,,,,,,127275,40606,18350,68319,105324,34316,15900,55108,15245,4309,1738,9198,828,198,51,579,5878,1783,661,3434,,,,,,,,,,,,,,,,,,,,,,,,,,,,,,,,,,,,,,,,,,,,,,,,,,,,,,,,,,,,,,,,,,,
ACSSF,2019e1,nc,000,0017,0000205,,,,,,,,,,,,,,,,,,,,,,,,,,,,,,,,,,,,,,,,,,,,,,,,,,,,,,,,23590,24079,22133,55258,15401,,,,,,89124,18176,8454,62494,64809,11989,5767,47053,21695,5292,2300,14103,518,0,0,518,2102,895,387,820,,,,,,,,,,,,,,,,,,,,,,,,,,,,,,,,,,,,,,,,,,,,,,,,,,,,,,,,,,,,,,,,,,,
ACSSF,2019e1,nc,000,0017,0000206,,,,,,,,,,,,,,,,,,,,,,,,,,,,,,,,,,,,,,,,,,,,,,,,,,,,,,,,26922,25899,30697,15272,30450,,,,,,128149,16692,14497,96960,86001,10762,10728,64511,34026,3396,2855,27775,1845,224,8,1613,6277,2310,906,3061,,,,,,,,,,,,,,,,,,,,,,,,,,,,,,,,,,,,,,,,,,,,,,,,,,,,,,,,,,,,,,,,,,,
ACSSF,2019e1,nc,000,0017,0000207,,,,,,,,,,,,,,,,,,,,,,,,,,,,,,,,,,,,,,,,,,,,,,,,,,,,,,,,24824,24887,24692,19303,27830,,,,,,65941,13390,8167,44384,43133,9575,5100,28458,19827,3426,2859,13542,699,167,13,519,2282,222,195,1865,,,,,,,,,,,,,,,,,,,,,,,,,,,,,,,,,,,,,,,,,,,,,,,,,,,,,,,,,,,,,,,,,,,
ACSSF,2019e1,nc,000,0017,0000208,,,,,,,,,,,,,,,,,,,,,,,,,,,,,,,,,,,,,,,,,,,,,,,,,,,,,,,,36222,27558,42343,47857,35532,,,,,,236758,16466,12365,207927,113281,11051,5945,96285,95793,4288,2901,88604,4177,0,529,3648,23507,1127,2990,19390,,,,,,,,,,,,,,,,,,,,,,,,,,,,,,,,,,,,,,,,,,,,,,,,,,,,,,,,,,,,,,,,,,,
ACSSF,2019e1,nc,000,0017,0000209,,,,,,,,,,,,,,,,,,,,,,,,,,,,,,,,,,,,,,,,,,,,,,,,,,,,,,,,40749,32278,49311,35744,36884,,,,,,1087829,86713,68996,932120,476438,48098,39757,388583,439240,23961,14566,400713,19138,1628,1450,16060,153013,13026,13223,126764,,,,,,,,,,,,,,,,,,,,,,,,,,,,,,,,,,,,,,,,,,,,,,,,,,,,,,,,,,,,,,,,,,,
ACSSF,2019e1,nc,000,0017,0000210,,,,,,,,,,,,,,,,,,,,,,,,,,,,,,,,,,,,,,,,,,,,,,,,,,,,,,,,26218,22217,34598,48590,21571,,,,,,120848,23488,15515,81845,79630,16500,10117,53013,30752,4655,3277,22820,2226,56,206,1964,8240,2277,1915,4048,,,,,,,,,,,,,,,,,,,,,,,,,,,,,,,,,,,,,,,,,,,,,,,,,,,,,,,,,,,,,,,,,,,
ACSSF,2019e1,nc,000,0017,0000211,,,,,,,,,,,,,,,,,,,,,,,,,,,,,,,,,,,,,,,,,,,,,,,,,,,,,,,,25047,22951,32470,31847,22802,,,,,,67405,10007,7000,50398,50252,8240,6035,35977,14108,1700,505,11903,514,0,0,514,2531,67,460,2004,,,,,,,,,,,,,,,,,,,,,,,,,,,,,,,,,,,,,,,,,,,,,,,,,,,,,,,,,,,,,,,,,,,
ACSSF,2019e1,nc,000,0017,0000212,,,,,,,,,,,,,,,,,,,,,,,,,,,,,,,,,,,,,,,,,,,,,,,,,,,,,,,,24809,22806,31925,34629,25155,,,,,,80069,18988,8570,52511,57814,11801,7024,38989,16951,5090,1233,10628,378,0,0,378,4926,2097,313,2516,,,,,,,,,,,,,,,,,,,,,,,,,,,,,,,,,,,,,,,,,,,,,,,,,,,,,,,,,,,,,,,,,,,
