ACSSF,2019e1,nc,000,0007,0000001,2085083,0,464,40,149101,11829,785,94,0,5353,207,391,1580,1365,2632,3643,0,795,10288,264,3345,2511,50592,379,768,8190,0,1045,3198,121,15307,3997,12338,58811,7766,545618,618,47224,7711,128160,21587,667067,526,20626,921,21583,386,1994,559094,812,231628,1383,8403,261,26,756,171,4571,37238,917,111628,10417,4728,25016,13706,118302,139336,2090,2015,8413,1815,0,23688,258,789,732,413,377,2875,434,377,0,1810,67,0,80,14485,2653,46102,11295,889,9127,51686,14048,193,420,279,292,844,56,1808,6871,919,383,2896,0,1750,685833,2085083,149101,11829,50592,15307,12338,58811,545618,47224,128160,21587,667067,20626,21583,559094,231628,8403,37238,111628,10417,25016,118302,139336,8413,23688,46102,11295,9127,51686,14048
ACSSF,2019e1,nc,000,0007,0000002,1479812,0,438,40,103981,10121,732,94,0,4395,123,391,1536,1341,2065,3038,0,741,7833,264,2496,2210,38360,379,543,6054,0,689,2206,121,9561,3327,9716,40065,6101,379993,402,33021,4463,91771,13714,456710,137,14591,796,15859,386,1922,389171,630,173901,1164,6830,189,0,220,160,3714,27947,675,81470,7715,4268,19827,10379,80308,99050,1820,1618,6201,1634,0,19957,258,789,679,122,377,2603,434,377,0,1249,67,0,80,12323,2261,35828,8455,889,7104,39212,12289,83,420,279,276,769,56,1503,6015,919,383,2424,0,1694,481481,1479812,103981,10121,38360,9561,9716,40065,379993,33021,91771,13714,456710,14591,15859,389171,173901,6830,27947,81470,7715,19827,80308,99050,6201,19957,35828,8455,7104,39212,12289
ACSSF,2019e1,nc,000,0007,0000003,,,,,,,,,,,,,,,,,,,,,,,,,,,,,,,,,,,,,,,,,,,,,,,,,,,,,,,,,,,,,,,,,,,,,,,,,,,,,,,,,,,,,,,,,,,,,,,,,,,,,,,,,,,,,605271,45120,1708,12232,5746,2622,18746,165625,14203,36389,7873,210357,6035,5724,169923,57727,1573,9291,30158,2702,5189,37994,40286,2212,3731,10274,2840,2023,12474,1759
ACSSF,2019e1,nc,000,0007,0000004,2003645,0,464,40,142744,11691,785,94,0,5215,207,391,1580,1365,2632,3529,0,777,9363,264,3274,2272,49454,379,543,7866,0,785,3158,121,14451,3942,12029,56815,7660,520736,618,44114,7491,122994,20943,643241,526,20379,921,21256,386,1994,538978,812,225213,1383,8249,261,26,756,160,4538,36077,917,108699,10189,4728,24265,13167,109843,131814,2090,2015,8324,1815,0,23270,258,789,732,413,377,2875,434,377,0,1810,67,0,80,14148,2572,44391,10689,889,9087,49406,13868,193,420,279,292,844,56,1692,6871,919,383,2832,0,1750,658966,2003645,142744,11691,49454,14451,12029,56815,520736,44114,122994,20943,643241,20379,21256,538978,225213,8249,36077,108699,10189,24265,109843,131814,8324,23270,44391,10689,9087,49406,13868
ACSSF,2019e1,nc,000,0007,0000005,1802893,0,360,40,127354,10523,742,94,0,4328,123,391,1536,1305,2560,3420,0,734,8574,264,3129,2096,45028,379,543,7174,0,743,3020,121,12669,3758,11011,51866,6853,462318,618,38427,6051,109605,19375,580432,526,19326,921,19005,268,1994,486232,732,208841,1291,7647,261,26,756,126,4283,31914,866,99662,8773,4636,22497,12185,95652,117119,2090,1963,7903,1481,0,21955,258,789,653,347,377,2875,434,377,0,1810,67,0,80,13034,2516,40627,9490,857,7759,43837,13106,193,420,226,292,844,56,1692,6162,919,383,2832,0,1589,589424,1802893,127354,10523,45028,12669,11011,51866,462318,38427,109605,19375,580432,19326,19005,486232,208841,7647,31914,99662,8773,22497,95652,117119,7903,21955,40627,9490,7759,43837,13106
ACSSF,2019e1,nc,000,0007,0000006,731283,0,200,0,60425,7260,633,94,0,2670,123,320,1184,1224,1568,1086,0,574,3469,0,1458,1193,18687,126,489,3317,0,162,1511,121,5635,1742,4747,17621,3029,177895,362,14970,1654,43836,6397,216395,72,7239,199,6320,218,1630,179913,428,80559,634,3041,92,0,145,126,1851,14514,380,38840,4074,2149,9199,6418,35353,49201,1324,1208,3807,786,0,12079,0,789,473,122,0,2326,434,0,0,715,67,0,80,6607,1640,16587,3756,255,2996,18314,7493,83,372,116,276,745,0,1003,4258,264,0,1096,0,859,259901,731283,60425,7260,18687,5635,4747,17621,177895,14970,43836,6397,216395,7239,6320,179913,80559,3041,14514,38840,4074,9199,35353,49201,3807,12079,16587,3756,2996,18314,7493
ACSSF,2019e1,nc,000,0007,0000007,1071610,0,160,40,66929,3263,109,0,0,1658,0,71,352,81,992,2334,0,160,5105,264,1671,903,26341,253,54,3857,0,581,1509,0,7034,2016,6264,34245,3824,284423,256,23457,4397,65769,12978,364037,454,12087,722,12685,50,364,306319,304,128282,657,4606,169,26,611,0,2432,17400,486,60822,4699,2487,13298,5767,60299,67918,766,755,4096,695,0,9876,258,0,180,225,377,549,0,377,0,1095,0,0,0,6427,876,24040,5734,602,4763,25523,5613,110,48,110,16,99,56,689,1904,655,383,1736,0,730,329523,1071610,66929,3263,26341,7034,6264,34245,284423,23457,65769,12978,364037,12087,12685,306319,128282,4606,17400,60822,4699,13298,60299,67918,4096,9876,24040,5734,4763,25523,5613
ACSSF,2019e1,nc,000,0007,0000008,,,,,,,,,,,,,,,,,,,,,,,,,,,,,,,,,,,,,,,,,,,,,,,,,,,,,,,,,,,,,,,,,,,,,,,,,,,,,,,,,,,,,,,,,,,,,,,,,,,,,,,,,,,,,200752,15390,1168,4426,1782,1018,4949,58418,5687,13389,1568,62809,1053,2251,52746,16372,602,4163,9037,1416,1768,14191,14695,421,1315,3764,1199,1328,5569,762
ACSSF,2019e1,nc,000,0007,0000009,,,,,,,,,,,,,,,,,,,,,,,,,,,,,,,,,,,,,,,,,,,,,,,,,,,,,,,,,,,,,,,,,,,,,,,,,,,,,,,,,,,,,,,,,,,,,,,,,,,,,,,,,,,,,48995,3152,43,1280,233,359,1173,13321,1618,2543,467,14032,80,541,12463,4399,265,1024,1421,154,250,2774,3212,145,285,1468,339,637,1078,497
ACSSF,2019e1,nc,000,0007,0000010,,,,,,,,,,,,,,,,,,,,,,,,,,,,,,,,,,,,,,,,,,,,,,,,,,,,,,,,,,,,,,,,,,,,,,,,,,,,,,,,,,,,,,,,,,,,,,,,,,,,,,,,,,,,,151757,12238,1125,3146,1549,659,3776,45097,4069,10846,1101,48777,973,1710,40283,11973,337,3139,7616,1262,1518,11417,11483,276,1030,2296,860,691,4491,265
ACSSF,2019e1,nc,000,0007,0000011,,,,,,,,,,,,,,,,,,,,,,,,,,,,,,,,,,,,,,,,,,,,,,,,,,,,,,,,,,,,,,,,,,,,,,,,,,,,,,,,,,,,,,,,,,,,,,,,,,,,,,,,,,,,,81438,6357,138,1138,856,309,1996,24882,3110,5166,644,23826,247,327,20116,6415,154,1161,2929,228,751,8459,7522,89,418,1711,606,40,2280,180
ACSSF,2019e1,nc,000,0007,0000012,,,,,,,,,,,,,,,,,,,,,,,,,,,,,,,,,,,,,,,,,,,,,,,,,,,,,,,,,,,,,,,,,,,,,,,,,,,,,,,,,,,,,,,,,,,,,,,,,,,,,,,,,,,,,282190,21747,1306,5564,2638,1327,6945,83300,8797,18555,2212,86635,1300,2578,72862,22787,756,5324,11966,1644,2519,22650,22217,510,1733,5475,1805,1368,7849,942
ACSSF,2019e1,nc,000,0007,0000013,,,,,,,,,,,,,,,,,,,,,,,,,,,,,,,,,,,,,,,,,,,,,,,,,,,,,,,,,,,,,,,,,,,,,,,,,,,,,,,,,,,,,,,,,,,,,,,,,,,,,,,,,,,,,31779,1845,258,908,44,260,1623,9874,755,1219,399,12584,300,295,8812,1986,156,380,1693,21,163,2433,1730,227,176,416,40,42,1080,437
ACSSF,2019e1,nc,000,0007,0000014,,,,,,,,,,,,,,,,,,,,,,,,,,,,,,,,,,,,,,,,,,,,,,,,,,,,,,,,,,,,,,,,,,,,,,,,,,,,,,,,,,,,,,,,,,,,,,,,,,,,,,,,,,,,,40507,966,0,709,675,467,1734,13742,587,3171,258,12713,297,762,12376,5768,465,781,2700,0,154,2394,3158,68,156,550,104,75,1355,259
ACSSF,2019e1,nc,000,0007,0000015,,,,,,,,,,,,,,,,,,,,,,,,,,,,,,,,,,,,,,,,,,,,,,,,,,,,,,,,,,,,,,,,,,,,,,,,,,,,,,,,,,,,,,,,,,,,,,,,,,,,,,,,,,,,,60560,1921,250,1863,634,1157,1944,22866,1039,3994,551,20566,1704,737,14892,5901,106,1709,2180,157,701,6356,5486,413,283,2060,411,229,1693,140
ACSSF,2019e1,nc,000,0007,0000016,,,,,,,,,,,,,,,,,,,,,,,,,,,,,,,,,,,,,,,,,,,,,,,,,,,,,,,,,,,,,,,,,,,,,,,,,,,,,,,,,,,,,,,,,,,,,,,,,,,,,,,,,,,,,,,,,,,,,,,,,,,,,,,,,,,,,,,,,,
ACSSF,2019e1,nc,000,0007,0000017,,,,,,,,,,,,,,,,,,,,,,,,,,,,,,,,,,,,,,,,,,,,,,,,,,,,,,,,,,,,,,,,,,,,,,,,,,,,,,,,,,,,,,,,,,,,,,,,,,,,,,,,,,,,,41458,1484,111,1829,111,492,1341,6912,998,1457,243,15318,147,78,9894,5947,0,578,2256,41,329,3853,2070,470,1947,656,119,209,1747,118
ACSSF,2019e1,nc,000,0007,0000018,,,,,,,,,,,,,,,,,,,,,,,,,,,,,,,,,,,,,,,,,,,,,,,,,,,,,,,,,,,,,,,,,,,,,,,,,,,,,,,,,,,,,,,,,,,,,,,,,,,,,,,,,,,,,,,,,,,,,,,,,,,,,,,,,,,,,,,,,,
ACSSF,2019e1,nc,000,0007,0000019,,,,,,,,,,,,,,,,,,,,,,,,,,,,,,,,,,,,,,,,,,,,,,,,,,,,,,,,,,,,,,,,,,,,,,,,,,,,,,,,,,,,,,,,,,,,,,,,,,,,,,,,,,,,,20682,1766,126,224,132,79,1034,7405,578,1721,165,5683,216,253,6388,1533,0,466,1107,553,129,782,1464,39,272,370,58,0,399,53
ACSSF,2019e1,nc,000,0007,0000020,,,,,,,,,,,,,,,,,,,,,,,,,,,,,,,,,,,,,,,,,,,,,,,,,,,,,,,,,,,,,,,,,,,,,,,,,,,,,,,,,,,,,,,,,,,,,,,,,,,,,,,,,,,,,,,,,,,,,,,,,,,,,,,,,,,,,,,,,,
ACSSF,2019e1,nc,000,0007,0000021,,,,,,,,,,,,,,,,,,,,,,,,,,,,,,,,,,,,,,,,,,,,,,,,,,,,,,,,,,,,,,,,,,,,,,,,,,,,,,,,,,,,,,,,,,,,,,,,,,,,,,,,,,,,,,,,,,,,,,,,,,,,,,,,,,,,,,,,,,
ACSSF,2019e1,nc,000,0007,0000022,,,,,,,,,,,,,,,,,,,,,,,,,,,,,,,,,,,,,,,,,,,,,,,,,,,,,,,,,,,,,,,,,,,,,,,,,,,,,,,,,,,,,,,,,,,,,,,,,,,,,,,,,,,,,,,,,,,,,,,,,,,,,,,,,,,,,,,,,,
ACSSF,2019e1,nc,000,0007,0000023,,,,,,,,,,,,,,,,,,,,,,,,,,,,,,,,,,,,,,,,,,,,,,,,,,,,,,,,,,,,,,,,,,,,,,,,,,,,,,,,,,,,,,,,,,,,,,,,,,,,,,,,,,,,,20622,1030,0,941,0,52,385,4930,462,1180,852,5542,200,0,6712,2725,0,202,1574,266,99,733,1499,80,448,603,155,221,519,587
ACSSF,2019e1,nc,000,0007,0000024,,,,,,,,,,,,,,,,,,,,,,,,,,,,,,,,,,,,,,,,,,,,,,,,,,,,,,,,,,,,,,,,,,,,,,,,,,,,,,,,,,,,,,,,,,,,,,,,,,,,,,,,,,,,,68686,5574,142,1717,272,649,1311,14063,1328,4343,802,18891,1017,651,13513,7472,156,1517,3218,554,328,1649,3842,282,1298,3023,466,189,753,289
ACSSF,2019e1,nc,000,0007,0000025,,,,,,,,,,,,,,,,,,,,,,,,,,,,,,,,,,,,,,,,,,,,,,,,,,,,,,,,,,,,,,,,,,,,,,,,,,,,,,,,,,,,,,,,,,,,,,,,,,,,,,,,,,,,,22762,1811,68,185,28,177,1391,6253,671,1179,0,12017,286,79,7421,1990,102,54,992,58,0,1385,1410,48,0,286,0,0,243,0
ACSSF,2019e1,nc,000,0007,0000026,,,,,,,,,,,,,,,,,,,,,,,,,,,,,,,,,,,,,,,,,,,,,,,,,,,,,,,,,,,,,,,,,,,,,,,,,,,,,,,,,,,,,,,,,,,,,,,,,,,,,,,,,,,,,70103,7085,1056,1731,586,678,639,18558,1225,4863,1067,19483,543,622,14175,7541,846,1276,4535,437,1091,3903,3234,330,838,2089,320,321,1394,1276
ACSSF,2019e1,nc,000,0007,0000027,,,,,,,,,,,,,,,,,,,,,,,,,,,,,,,,,,,,,,,,,,,,,,,,,,,,,,,,,,,,,,,,,,,,,,,,,,,,,,,,,,,,,,,,,,,,,,,,,,,,,,,,,,,,,76510,4930,366,1446,619,470,2321,21098,2208,4087,576,27730,645,663,20658,8320,454,1485,3151,642,680,3377,7326,136,832,1415,606,0,2832,864
ACSSF,2019e1,nc,000,0007,0000028,,,,,,,,,,,,,,,,,,,,,,,,,,,,,,,,,,,,,,,,,,,,,,,,,,,,,,,,,,,,,,,,,,,,,,,,,,,,,,,,,,,,,,,,,,,,,,,,,,,,,,,,,,,,,,,,,,,,,,,,,,,,,,,,,,,,,,,,,,
ACSSF,2019e1,nc,000,0007,0000029,,,,,,,,,,,,,,,,,,,,,,,,,,,,,,,,,,,,,,,,,,,,,,,,,,,,,,,,,,,,,,,,,,,,,,,,,,,,,,,,,,,,,,,,,,,,,,,,,,,,,,,,,,,,,37292,2330,247,1736,65,0,1362,7730,1790,1307,518,14024,152,334,12625,2857,93,414,1239,89,239,2832,2328,108,793,524,43,66,750,211
ACSSF,2019e1,nc,000,0007,0000030,,,,,,,,,,,,,,,,,,,,,,,,,,,,,,,,,,,,,,,,,,,,,,,,,,,,,,,,,,,,,,,,,,,,,,,,,,,,,,,,,,,,,,,,,,,,,,,,,,,,,,,,,,,,,92712,4721,830,1601,743,1019,1924,24005,3393,6124,535,27423,325,1001,23472,11094,207,1535,5544,163,282,5902,5758,266,1310,1732,502,90,1609,1238
ACSSF,2019e1,nc,000,0007,0000031,,,,,,,,,,,,,,,,,,,,,,,,,,,,,,,,,,,,,,,,,,,,,,,,,,,,,,,,,,,,,,,,,,,,,,,,,,,,,,,,,,,,,,,,,,,,,,,,,,,,,,,,,,,,,29551,542,31,806,46,12,1079,6022,694,2081,224,7938,332,259,5638,3545,28,212,1435,30,732,1165,2054,144,407,1319,0,0,272,759
ACSSF,2019e1,nc,000,0007,0000032,,,,,,,,,,,,,,,,,,,,,,,,,,,,,,,,,,,,,,,,,,,,,,,,,,,,,,,,,,,,,,,,,,,,,,,,,,,,,,,,,,,,,,,,,,,,,,,,,,,,,,,,,,,,,28851,988,48,541,239,338,881,9221,170,1779,271,10928,53,580,10585,2364,106,664,1069,41,201,1840,1990,50,0,618,225,182,1247,110
ACSSF,2019e1,nc,000,0007,0000033,,,,,,,,,,,,,,,,,,,,,,,,,,,,,,,,,,,,,,,,,,,,,,,,,,,,,,,,,,,,,,,,,,,,,,,,,,,,,,,,,,,,,,,,,,,,,,,,,,,,,,,,,,,,,42840,1167,71,389,407,173,1327,9120,433,3221,1276,18840,564,411,13924,6513,583,709,2588,167,211,3088,2004,283,370,883,122,252,1124,213
ACSSF,2019e1,nc,000,0007,0000034,,,,,,,,,,,,,,,,,,,,,,,,,,,,,,,,,,,,,,,,,,,,,,,,,,,,,,,,,,,,,,,,,,,,,,,,,,,,,,,,,,,,,,,,,,,,,,,,,,,,,,,,,,,,,42892,955,633,1087,0,74,224,12839,363,2787,384,11118,251,273,11648,4727,0,389,2296,0,1197,3119,2613,234,551,1467,255,73,701,34
ACSSF,2019e1,nc,000,0007,0000035,,,,,,,,,,,,,,,,,,,,,,,,,,,,,,,,,,,,,,,,,,,,,,,,,,,,,,,,,,,,,,,,,,,,,,,,,,,,,,,,,,,,,,,,,,,,,,,,,,,,,,,,,,,,,18557,1258,67,54,0,208,988,5079,558,1322,990,8246,182,192,6353,1458,0,203,623,317,219,466,2094,87,0,657,68,167,137,0
ACSSF,2019e1,nc,000,0007,0000036,,,,,,,,,,,,,,,,,,,,,,,,,,,,,,,,,,,,,,,,,,,,,,,,,,,,,,,,,,,,,,,,,,,,,,,,,,,,,,,,,,,,,,,,,,,,,,,,,,,,,,,,,,,,,222783,8541,1467,5212,1632,634,4524,55001,2517,12959,1222,72389,2574,2084,59919,28412,1148,4354,14293,1212,3673,10641,16547,823,4948,5875,1412,1438,5939,2266
ACSSF,2019e1,nc,000,0007,0000037,,,,,,,,,,,,,,,,,,,,,,,,,,,,,,,,,,,,,,,,,,,,,,,,,,,,,,,,,,,,,,,,,,,,,,,,,,,,,,,,,,,,,,,,,,,,,,,,,,,,,,,,,,,,,25459,1211,84,718,932,285,380,5740,1129,1744,150,7685,28,1070,7034,3966,0,344,2016,102,169,1445,1666,181,98,932,218,503,881,46
ACSSF,2019e1,nc,000,0007,0000038,,,,,,,,,,,,,,,,,,,,,,,,,,,,,,,,,,,,,,,,,,,,,,,,,,,,,,,,,,,,,,,,,,,,,,,,,,,,,,,,,,,,,,,,,,,,,,,,,,,,,,,,,,,,,,,,,,,,,,,,,,,,,,,,,,,,,,,,,,
ACSSF,2019e1,nc,000,0007,0000039,,,,,,,,,,,,,,,,,,,,,,,,,,,,,,,,,,,,,,,,,,,,,,,,,,,,,,,,,,,,,,,,,,,,,,,,,,,,,,,,,,,,,,,,,,,,,,,,,,,,,,,,,,,,,58627,2813,810,1417,141,401,756,15053,1659,3336,514,19216,901,698,17041,10473,312,1825,5232,517,601,3410,5008,346,161,1605,435,667,1477,189
ACSSF,2019e1,nc,000,0007,0000040,,,,,,,,,,,,,,,,,,,,,,,,,,,,,,,,,,,,,,,,,,,,,,,,,,,,,,,,,,,,,,,,,,,,,,,,,,,,,,,,,,,,,,,,,,,,,,,,,,,,,,,,,,,,,62746,1520,436,268,966,0,2812,14544,1457,2949,747,16908,273,962,17435,9954,0,718,2581,490,393,2935,3692,186,325,959,0,217,2148,661
ACSSF,2019e1,nc,000,0007,0000041,,,,,,,,,,,,,,,,,,,,,,,,,,,,,,,,,,,,,,,,,,,,,,,,,,,,,,,,,,,,,,,,,,,,,,,,,,,,,,,,,,,,,,,,,,,,,,,,,,,,,,,,,,,,,40533,2499,57,1664,439,612,552,11877,401,2840,603,12245,138,38,10346,3486,119,890,3467,110,1257,2408,2076,272,125,1602,101,40,1200,407
ACSSF,2019e1,nc,000,0007,0000042,,,,,,,,,,,,,,,,,,,,,,,,,,,,,,,,,,,,,,,,,,,,,,,,,,,,,,,,,,,,,,,,,,,,,,,,,,,,,,,,,,,,,,,,,,,,,,,,,,,,,,,,,,,,,25135,2379,0,947,0,30,207,7521,1070,1567,110,5471,451,389,6342,1920,135,481,1123,0,131,1451,1766,100,927,428,190,0,766,557
ACSSF,2019e1,nc,000,0007,0000043,,,,,,,,,,,,,,,,,,,,,,,,,,,,,,,,,,,,,,,,,,,,,,,,,,,,,,,,,,,,,,,,,,,,,,,,,,,,,,,,,,,,,,,,,,,,,,,,,,,,,,,,,,,,,,,,,,,,,,,,,,,,,,,,,,,,,,,,,,
ACSSF,2019e1,nc,000,0007,0000044,,,,,,,,,,,,,,,,,,,,,,,,,,,,,,,,,,,,,,,,,,,,,,,,,,,,,,,,,,,,,,,,,,,,,,,,,,,,,,,,,,,,,,,,,,,,,,,,,,,,,,,,,,,,,,,,,,,,,,,,,,,,,,,,,,,,,,,,,,
ACSSF,2019e1,nc,000,0007,0000045,,,,,,,,,,,,,,,,,,,,,,,,,,,,,,,,,,,,,,,,,,,,,,,,,,,,,,,,,,,,,,,,,,,,,,,,,,,,,,,,,,,,,,,,,,,,,,,,,,,,,,,,,,,,,,,,,,,,,,,,,,,,,,,,,,,,,,,,,,
ACSSF,2019e1,nc,000,0007,0000046,,,,,,,,,,,,,,,,,,,,,,,,,,,,,,,,,,,,,,,,,,,,,,,,,,,,,,,,,,,,,,,,,,,,,,,,,,,,,,,,,,,,,,,,,,,,,,,,,,,,,,,,,,,,,28854,1479,160,590,59,330,1181,4040,500,1561,0,14075,73,166,8493,3502,0,268,503,115,623,3288,1497,44,383,165,49,0,445,175
ACSSF,2019e1,nc,000,0007,0000047,,,,,,,,,,,,,,,,,,,,,,,,,,,,,,,,,,,,,,,,,,,,,,,,,,,,,,,,,,,,,,,,,,,,,,,,,,,,,,,,,,,,,,,,,,,,,,,,,,,,,,,,,,,,,,,,,,,,,,,,,,,,,,,,,,,,,,,,,,
ACSSF,2019e1,nc,000,0007,0000048,,,,,,,,,,,,,,,,,,,,,,,,,,,,,,,,,,,,,,,,,,,,,,,,,,,,,,,,,,,,,,,,,,,,,,,,,,,,,,,,,,,,,,,,,,,,,,,,,,,,,,,,,,,,,,,,,,,,,,,,,,,,,,,,,,,,,,,,,,
ACSSF,2019e1,nc,000,0007,0000049,,,,,,,,,,,,,,,,,,,,,,,,,,,,,,,,,,,,,,,,,,,,,,,,,,,,,,,,,,,,,,,,,,,,,,,,,,,,,,,,,,,,,,,,,,,,,,,,,,,,,,,,,,,,,53926,2301,0,1517,233,54,1581,15003,1064,3116,1000,17577,1547,1071,13856,8542,552,851,4901,95,1346,3306,3416,575,663,2155,573,831,1145,97
ACSSF,2019e1,nc,000,0007,0000050,,,,,,,,,,,,,,,,,,,,,,,,,,,,,,,,,,,,,,,,,,,,,,,,,,,,,,,,,,,,,,,,,,,,,,,,,,,,,,,,,,,,,,,,,,,,,,,,,,,,,,,,,,,,,283225,24116,3108,8327,3503,1692,7315,75330,5695,19413,3344,85276,4465,3826,76752,37772,1705,7508,19760,1855,4686,9654,18782,1960,2838,6296,2134,1260,7386,1573
ACSSF,2019e1,nc,000,0007,0000051,,,,,,,,,,,,,,,,,,,,,,,,,,,,,,,,,,,,,,,,,,,,,,,,,,,,,,,,,,,,,,,,,,,,,,,,,,,,,,,,,,,,,,,,,,,,,,,,,,,,,,,,,,,,,,,,,,,,,,,,,,,,,,,,,,,,,,,,,,
ACSSF,2019e1,nc,000,0007,0000052,,,,,,,,,,,,,,,,,,,,,,,,,,,,,,,,,,,,,,,,,,,,,,,,,,,,,,,,,,,,,,,,,,,,,,,,,,,,,,,,,,,,,,,,,,,,,,,,,,,,,,,,,,,,,,,,,,,,,,,,,,,,,,,,,,,,,,,,,,
ACSSF,2019e1,nc,000,0007,0000053,,,,,,,,,,,,,,,,,,,,,,,,,,,,,,,,,,,,,,,,,,,,,,,,,,,,,,,,,,,,,,,,,,,,,,,,,,,,,,,,,,,,,,,,,,,,,,,,,,,,,,,,,,,,,,,,,,,,,,,,,,,,,,,,,,,,,,,,,,
ACSSF,2019e1,nc,000,0007,0000054,,,,,,,,,,,,,,,,,,,,,,,,,,,,,,,,,,,,,,,,,,,,,,,,,,,,,,,,,,,,,,,,,,,,,,,,,,,,,,,,,,,,,,,,,,,,,,,,,,,,,,,,,,,,,26278,1436,140,642,248,667,1006,8626,832,2038,437,7053,682,479,6106,2575,0,1115,1465,0,343,2853,2488,117,124,929,68,179,984,70
ACSSF,2019e1,nc,000,0007,0000055,,,,,,,,,,,,,,,,,,,,,,,,,,,,,,,,,,,,,,,,,,,,,,,,,,,,,,,,,,,,,,,,,,,,,,,,,,,,,,,,,,,,,,,,,,,,,,,,,,,,,,,,,,,,,46848,1288,898,1552,1069,211,1327,13737,536,2820,861,14168,644,351,15475,6603,157,1874,3352,640,720,1581,3611,544,551,1829,727,297,2004,0
ACSSF,2019e1,nc,000,0007,0000056,,,,,,,,,,,,,,,,,,,,,,,,,,,,,,,,,,,,,,,,,,,,,,,,,,,,,,,,,,,,,,,,,,,,,,,,,,,,,,,,,,,,,,,,,,,,,,,,,,,,,,,,,,,,,166455,6192,1364,4312,1071,421,3311,41405,1863,9297,1040,54535,2171,1579,42556,19104,663,2944,9151,722,2280,7382,12984,728,3897,3746,804,1147,3782,1120
ACSSF,2019e1,nc,000,0007,0000057,,,,,,,,,,,,,,,,,,,,,,,,,,,,,,,,,,,,,,,,,,,,,,,,,,,,,,,,,,,,,,,,,,,,,,,,,,,,,,,,,,,,,,,,,,,,,,,,,,,,,,,,,,,,,,,,,,,,,,,,,,,,,,,,,,,,,,,,,,
ACSSF,2019e1,nc,000,0007,0000058,,,,,,,,,,,,,,,,,,,,,,,,,,,,,,,,,,,,,,,,,,,,,,,,,,,,,,,,,,,,,,,,,,,,,,,,,,,,,,,,,,,,,,,,,,,,,,,,,,,,,,,,,,,,,60032,6541,1056,1474,489,678,639,14654,1225,4583,826,16711,353,535,12440,6256,710,833,3406,437,1023,3419,2678,330,838,1766,320,321,1292,899
ACSSF,2019e1,nc,000,0007,0000059,,,,,,,,,,,,,,,,,,,,,,,,,,,,,,,,,,,,,,,,,,,,,,,,,,,,,,,,,,,,,,,,,,,,,,,,,,,,,,,,,,,,,,,,,,,,,,,,,,,,,,,,,,,,,43917,2983,142,844,272,649,1270,8039,789,2364,530,13073,635,209,9420,4383,103,950,2166,170,138,798,2390,0,1147,2058,183,189,741,248
ACSSF,2019e1,nc,000,0007,0000060,,,,,,,,,,,,,,,,,,,,,,,,,,,,,,,,,,,,,,,,,,,,,,,,,,,,,,,,,,,,,,,,,,,,,,,,,,,,,,,,,,,,,,,,,,,,,,,,,,,,,,,,,,,,,,,,,,,,,,,,,,,,,,,,,,,,,,,,,,
ACSSF,2019e1,nc,000,0007,0000061,,,,,,,,,,,,,,,,,,,,,,,,,,,,,,,,,,,,,,,,,,,,,,,,,,,,,,,,,,,,,,,,,,,,,,,,,,,,,,,,,,,,,,,,,,,,,,,,,,,,,,,,,,,,,49447,2148,391,1208,392,426,1133,13053,1477,2684,309,12029,186,473,11685,6434,125,752,2207,163,231,3148,3184,266,1000,990,314,47,853,1068
ACSSF,2019e1,nc,000,0007,0000062,,,,,,,,,,,,,,,,,,,,,,,,,,,,,,,,,,,,,,,,,,,,,,,,,,,,,,,,,,,,,,,,,,,,,,,,,,,,,,,,,,,,,,,,,,,,,,,,,,,,,,,,,,,,,,,,,,,,,,,,,,,,,,,,,,,,,,,,,,
ACSSF,2019e1,nc,000,0007,0000063,,,,,,,,,,,,,,,,,,,,,,,,,,,,,,,,,,,,,,,,,,,,,,,,,,,,,,,,,,,,,,,,,,,,,,,,,,,,,,,,,,,,,,,,,,,,,,,,,,,,,,,,,,,,,,,,,,,,,,,,,,,,,,,,,,,,,,,,,,
ACSSF,2019e1,nc,000,0007,0000064,,,,,,,,,,,,,,,,,,,,,,,,,,,,,,,,,,,,,,,,,,,,,,,,,,,,,,,,,,,,,,,,,,,,,,,,,,,,,,,,,,,,,,,,,,,,,,,,,,,,,,,,,,,,,,,,,,,,,,,,,,,,,,,,,,,,,,,,,,
ACSSF,2019e1,nc,000,0007,0000065,,,,,,,,,,,,,,,,,,,,,,,,,,,,,,,,,,,,,,,,,,,,,,,,,,,,,,,,,,,,,,,,,,,,,,,,,,,,,,,,,,,,,,,,,,,,,,,,,,,,,,,,,,,,,113321,15700,1583,3426,1013,527,2959,28644,2063,7185,1142,30521,1111,1701,26490,12243,539,2013,7401,997,2665,4139,6902,843,1443,1571,340,655,2518,1150
ACSSF,2019e1,nc,000,0007,0000066,,,,,,,,,,,,,,,,,,,,,,,,,,,,,,,,,,,,,,,,,,,,,,,,,,,,,,,,,,,,,,,,,,,,,,,,,,,,,,,,,,,,,,,,,,,,,,,,,,,,,,,,,,,,,31583,1954,521,897,106,102,314,8986,1541,2029,398,9297,212,385,9797,4894,211,883,1996,184,226,1529,2454,346,161,955,170,215,208,0
ACSSF,2019e1,nc,000,0007,0000067,,,,,,,,,,,,,,,,,,,,,,,,,,,,,,,,,,,,,,,,,,,,,,,,,,,,,,,,,,,,,,,,,,,,,,,,,,,,,,,,,,,,,,,,,,,,,,,,,,,,,,,,,,,,,46575,3423,291,500,465,402,1104,12399,818,2209,305,17419,328,215,10977,5001,245,1139,1658,426,474,1748,4614,136,694,1104,358,0,2364,753
ACSSF,2019e1,nc,000,0007,0000068,,,,,,,,,,,,,,,,,,,,,,,,,,,,,,,,,,,,,,,,,,,,,,,,,,,,,,,,,,,,,,,,,,,,,,,,,,,,,,,,,,,,,,,,,,,,,,,,,,,,,,,,,,,,,26278,1436,140,642,248,667,1006,8626,832,2038,437,7053,682,479,6106,2575,0,1115,1465,0,343,2853,2488,117,124,929,68,179,984,70
ACSSF,2019e1,nc,000,0007,0000069,,,,,,,,,,,,,,,,,,,,,,,,,,,,,,,,,,,,,,,,,,,,,,,,,,,,,,,,,,,,,,,,,,,,,,,,,,,,,,,,,,,,,,,,,,,,,,,,,,,,,,,,,,,,,166455,6192,1364,4312,1071,421,3311,41405,1863,9297,1040,54535,2171,1579,42556,19104,663,2944,9151,722,2280,7382,12984,728,3897,3746,804,1147,3782,1120
ACSSF,2019e1,nc,000,0007,0000070,,,,,,,,,,,,,,,,,,,,,,,,,,,,,,,,,,,,,,,,,,,,,,,,,,,,,,,,,,,,,,,,,,,,,,,,,,,,,,,,,,,,,,,,,,,,,,,,,,,,,,,,,,,,,,,,,,,,,,,,,,,,,,,,,,,,,,,,,,
ACSSF,2019e1,nc,000,0007,0000071,,,,,,,,,,,,,,,,,,,,,,,,,,,,,,,,,,,,,,,,,,,,,,,,,,,,,,,,,,,,,,,,,,,,,,,,,,,,,,,,,,,,,,,,,,,,,,,,,,,,,,,,,,,,,,,,,,,,,,,,,,,,,,,,,,,,,,,,,,
ACSSF,2019e1,nc,000,0007,0000072,,,,,,,,,,,,,,,,,,,,,,,,,,,,,,,,,,,,,,,,,,,,,,,,,,,,,,,,,,,,,,,,,,,,,,,,,,,,,,,,,,,,,,,,,,,,,,,,,,,,,,,,,,,,,59940,6541,1056,1474,489,678,639,14562,1225,4583,826,16619,353,535,12440,6256,710,833,3406,437,1023,3419,2678,330,838,1766,320,321,1292,899
ACSSF,2019e1,nc,000,0007,0000073,,,,,,,,,,,,,,,,,,,,,,,,,,,,,,,,,,,,,,,,,,,,,,,,,,,,,,,,,,,,,,,,,,,,,,,,,,,,,,,,,,,,,,,,,,,,,,,,,,,,,,,,,,,,,43917,2983,142,844,272,649,1270,8039,789,2364,530,13073,635,209,9420,4383,103,950,2166,170,138,798,2390,0,1147,2058,183,189,741,248
ACSSF,2019e1,nc,000,0007,0000074,,,,,,,,,,,,,,,,,,,,,,,,,,,,,,,,,,,,,,,,,,,,,,,,,,,,,,,,,,,,,,,,,,,,,,,,,,,,,,,,,,,,,,,,,,,,,,,,,,,,,,,,,,,,,49447,2148,391,1208,392,426,1133,13053,1477,2684,309,12029,186,473,11685,6434,125,752,2207,163,231,3148,3184,266,1000,990,314,47,853,1068
ACSSF,2019e1,nc,000,0007,0000075,,,,,,,,,,,,,,,,,,,,,,,,,,,,,,,,,,,,,,,,,,,,,,,,,,,,,,,,,,,,,,,,,,,,,,,,,,,,,,,,,,,,,,,,,,,,,,,,,,,,,,,,,,,,,,,,,,,,,,,,,,,,,,,,,,,,,,,,,,
ACSSF,2019e1,nc,000,0007,0000076,,,,,,,,,,,,,,,,,,,,,,,,,,,,,,,,,,,,,,,,,,,,,,,,,,,,,,,,,,,,,,,,,,,,,,,,,,,,,,,,,,,,,,,,,,,,,,,,,,,,,,,,,,,,,,,,,,,,,,,,,,,,,,,,,,,,,,,,,,
ACSSF,2019e1,nc,000,0007,0000077,,,,,,,,,,,,,,,,,,,,,,,,,,,,,,,,,,,,,,,,,,,,,,,,,,,,,,,,,,,,,,,,,,,,,,,,,,,,,,,,,,,,,,,,,,,,,,,,,,,,,,,,,,,,,,,,,,,,,,,,,,,,,,,,,,,,,,,,,,
ACSSF,2019e1,nc,000,0007,0000078,,,,,,,,,,,,,,,,,,,,,,,,,,,,,,,,,,,,,,,,,,,,,,,,,,,,,,,,,,,,,,,,,,,,,,,,,,,,,,,,,,,,,,,,,,,,,,,,,,,,,,,,,,,,,45277,1288,898,1552,1069,211,1273,12979,536,2399,861,13587,575,351,14928,6285,157,1874,3352,640,720,1581,3524,490,551,1829,727,201,2004,0
ACSSF,2019e1,nc,000,0007,0000079,,,,,,,,,,,,,,,,,,,,,,,,,,,,,,,,,,,,,,,,,,,,,,,,,,,,,,,,,,,,,,,,,,,,,,,,,,,,,,,,,,,,,,,,,,,,,,,,,,,,,,,,,,,,,112856,15700,1583,3426,1013,527,2959,28576,2063,7185,995,30521,1111,1614,26397,12002,539,2013,7401,997,2665,4060,6902,843,1443,1494,340,655,2518,1150
ACSSF,2019e1,nc,000,0007,0000080,,,,,,,,,,,,,,,,,,,,,,,,,,,,,,,,,,,,,,,,,,,,,,,,,,,,,,,,,,,,,,,,,,,,,,,,,,,,,,,,,,,,,,,,,,,,,,,,,,,,,,,,,,,,,31583,1954,521,897,106,102,314,8986,1541,2029,398,9297,212,385,9797,4894,211,883,1996,184,226,1529,2454,346,161,955,170,215,208,0
ACSSF,2019e1,nc,000,0007,0000081,,,,,,,,,,,,,,,,,,,,,,,,,,,,,,,,,,,,,,,,,,,,,,,,,,,,,,,,,,,,,,,,,,,,,,,,,,,,,,,,,,,,,,,,,,,,,,,,,,,,,,,,,,,,,46575,3423,291,500,465,402,1104,12399,818,2209,305,17419,328,215,10977,5001,245,1139,1658,426,474,1748,4614,136,694,1104,358,0,2364,753
ACSSF,2019e1,nc,000,0007,0000082,,,,,,,,,,,,,,,,,,,,,,,,,,,,,,,,,,,,,,,,,,,,,,,,,,,,,,,,,,,,,,,,,,,,,,,,,,,,,,,,,,,,,,,,,,,,,,,,,,,,,,,,,,,,,112611,12250,851,3613,662,837,2091,30832,2923,7023,937,29439,587,437,27321,8989,958,1946,5846,521,1127,5554,5969,120,2363,2268,559,361,2595,1257
ACSSF,2019e1,nc,000,0007,0000083,,,,,,,,,,,,,,,,,,,,,,,,,,,,,,,,,,,,,,,,,,,,,,,,,,,,,,,,,,,,,,,,,,,,,,,,,,,,,,,,,,,,,,,,,,,,,,,,,,,,,,,,,,,,,213100,10650,1160,6114,2032,846,5782,58586,5052,15772,2384,68187,3282,3070,57430,29372,1040,4392,12062,582,4107,8467,14386,1240,1578,6450,1111,637,4288,1417
ACSSF,2019e1,nc,000,0007,0000084,,,,,,,,,,,,,,,,,,,,,,,,,,,,,,,,,,,,,,,,,,,,,,,,,,,,,,,,,,,,,,,,,,,,,,,,,,,,,,,,,,,,,,,,,,,,,,,,,,,,,,,,,,,,,168698,9472,1387,3266,1242,519,5031,47339,4386,10634,2198,43522,1528,1836,49299,20082,202,2477,8315,1903,1090,8142,10390,398,1968,3156,514,768,4512,1840
ACSSF,2019e1,nc,000,0007,0000085,,,,,,,,,,,,,,,,,,,,,,,,,,,,,,,,,,,,,,,,,,,,,,,,,,,,,,,,,,,,,,,,,,,,,,,,,,,,,,,,,,,,,,,,,,,,,,,,,,,,,,,,,,,,,211982,20513,2503,6173,2127,1616,4528,54714,2988,13144,2462,59240,2182,1980,52590,24662,812,4894,15715,1546,4245,9104,13344,1700,2347,5160,1212,791,5258,2106
ACSSF,2019e1,nc,000,0007,0000086,,,,,,,,,,,,,,,,,,,,,,,,,,,,,,,,,,,,,,,,,,,,,,,,,,,,,,,,,,,,,,,,,,,,,,,,,,,,,,,,,,,,,,,,,,,,,,,,,,,,,,,,,,,,,143226,8826,432,2496,1278,633,5147,43391,3590,8261,1507,53534,839,1222,40360,14640,560,2491,5708,669,1477,9664,13314,193,871,2173,992,57,4578,1069
ACSSF,2019e1,nc,000,0007,0000087,,,,,,,,,,,,,,,,,,,,,,,,,,,,,,,,,,,,,,,,,,,,,,,,,,,,,,,,,,,,,,,,,,,,,,,,,,,,,,,,,,,,,,,,,,,,,,,,,,,,,,,,,,,,,148857,8151,603,3889,929,1048,5779,38495,3627,10405,1488,48391,1459,1514,38156,13999,392,2082,8180,511,1407,8384,8332,535,1266,2692,493,686,3512,1011
ACSSF,2019e1,nc,000,0007,0000088,,,,,,,,,,,,,,,,,,,,,,,,,,,,,,,,,,,,,,,,,,,,,,,,,,,,,,,,,,,,,,,,,,,,,,,,,,,,,,,,,,,,,,,,,,,,,,,,,,,,,,,,,,,,,181754,29802,1421,3320,1009,990,3609,44280,4525,10197,1059,49104,1563,1817,42255,20835,936,3595,10250,933,1392,8556,11905,492,752,2652,744,1105,5346,589
ACSSF,2019e1,nc,000,0007,0000089,,,,,,,,,,,,,,,,,,,,,,,,,,,,,,,,,,,,,,,,,,,,,,,,,,,,,,,,,,,,,,,,,,,,,,,,,,,,,,,,,,,,,,,,,,,,,,,,,,,,,,,,,,,,,158616,9600,436,4560,1360,1754,4339,29639,4921,7743,1466,51596,1211,2066,37035,19580,312,2899,7908,557,1421,8926,9256,695,3735,3872,1041,1090,3944,412
ACSSF,2019e1,nc,000,0007,0000090,,,,,,,,,,,,,,,,,,,,,,,,,,,,,,,,,,,,,,,,,,,,,,,,,,,,,,,,,,,,,,,,,,,,,,,,,,,,,,,,,,,,,,,,,,,,,,,,,,,,,,,,,,,,,150683,7926,293,4487,749,294,2887,43710,2265,9966,1629,48600,2090,2135,39260,19868,873,3208,10689,874,2894,6994,11351,1046,1804,4950,1061,1085,3430,305
ACSSF,2019e1,nc,000,0007,0000091,,,,,,,,,,,,,,,,,,,,,,,,,,,,,,,,,,,,,,,,,,,,,,,,,,,,,,,,,,,,,,,,,,,,,,,,,,,,,,,,,,,,,,,,,,,,,,,,,,,,,,,,,,,,,143930,7074,314,3538,1005,996,5708,38762,4614,8587,2166,56146,1032,1168,46230,9941,148,2345,6064,868,1579,10439,10421,364,1127,2724,646,687,3075,351
ACSSF,2019e1,nc,000,0007,0000092,,,,,,,,,,,,,,,,,,,,,,,,,,,,,,,,,,,,,,,,,,,,,,,,,,,,,,,,,,,,,,,,,,,,,,,,,,,,,,,,,,,,,,,,,,,,,,,,,,,,,,,,,,,,,150116,11861,532,4051,1053,1400,6212,48779,2406,7808,1738,54321,1429,2228,45218,13241,533,2144,4547,73,1493,15534,12192,565,702,3896,1359,377,4026,341
ACSSF,2019e1,nc,000,0007,0000093,,,,,,,,,,,,,,,,,,,,,,,,,,,,,,,,,,,,,,,,,,,,,,,,,,,,,,,,,,,,,,,,,,,,,,,,,,,,,,,,,,,,,,,,,,,,,,,,,,,,,,,,,,,,,155241,6499,1174,3091,1158,401,3360,32600,2315,7998,721,48066,2159,1200,39921,18687,827,2576,9717,862,2307,8180,10177,634,3966,4073,977,1184,4219,2099
ACSSF,2019e1,nc,000,0007,0000094,,,,,,,,,,,,,,,,,,,,,,,,,,,,,,,,,,,,,,,,,,,,,,,,,,,,,,,,,,,,,,,,,,,,,,,,,,,,,,,,,,,,,,,,,,,,,,,,,,,,,,,,,,,,,146269,6477,723,1994,703,1004,4338,34491,3612,10622,1832,56921,1265,910,44019,17732,810,2189,6627,518,477,10358,8299,431,1209,2036,586,299,2903,1251
ACSSF,2019e1,nc,000,0007,0000095,,,,,,,,,,,,,,,,,,,,,,,,,,,,,,,,,,,,,,,,,,,,,,,,,,,,,,,,,,,,,,,,,,,,,,,,,,,,,,,,,,,,,,,,,,,,,,,,,,,,,,,,,,,,,28777,1360,66,938,646,32,719,8988,1087,2098,531,10779,194,306,5729,2346,82,458,1464,5,610,3829,3365,50,39,426,299,57,1115,205
ACSSF,2019e1,nc,000,0007,0000096,,,,,,,,,,,,,,,,,,,,,,,,,,,,,,,,,,,,,,,,,,,,,,,,,,,,,,,,,,,,,,,,,,,,,,,,,,,,,,,,,,,,,,,,,,,,,,,,,,,,,,,,,,,,,21034,2476,0,389,0,131,569,6996,235,1539,198,7867,0,153,5803,2240,24,495,675,0,81,2166,2256,0,0,261,250,0,421,0
ACSSF,2019e1,nc,000,0007,0000097,,,,,,,,,,,,,,,,,,,,,,,,,,,,,,,,,,,,,,,,,,,,,,,,,,,,,,,,,,,,,,,,,,,,,,,,,,,,,,,,,,,,,,,,,,,,,,,,,,,,,,,,,,,,,,,,,,,,,,,,,,,,,,,,,,,,,,,,,,
ACSSF,2019e1,nc,000,0007,0000098,,,,,,,,,,,,,,,,,,,,,,,,,,,,,,,,,,,,,,,,,,,,,,,,,,,,,,,,,,,,,,,,,,,,,,,,,,,,,,,,,,,,,,,,,,,,,,,,,,,,,,,,,,,,,,,,,,,,,,,,,,,,,,,,,,,,,,,,,,
ACSSF,2019e1,nc,000,0007,0000099,,,,,,,,,,,,,,,,,,,,,,,,,,,,,,,,,,,,,,,,,,,,,,,,,,,,,,,,,,,,,,,,,,,,,,,,,,,,,,,,,,,,,,,,,,,,,,,,,,,,,,,,,,,,,,,,,,,,,,,,,,,,,,,,,,,,,,,,,,
ACSSF,2019e1,nc,000,0007,0000100,,,,,,,,,,,,,,,,,,,,,,,,,,,,,,,,,,,,,,,,,,,,,,,,,,,,,,,,,,,,,,,,,,,,,,,,,,,,,,,,,,,,,,,,,,,,,,,,,,,,,,,,,,,,,,,,,,,,,,,,,,,,,,,,,,,,,,,,,,
ACSSF,2019e1,nc,000,0007,0000101,,,,,,,,,,,,,,,,,,,,,,,,,,,,,,,,,,,,,,,,,,,,,,,,,,,,,,,,,,,,,,,,,,,,,,,,,,,,,,,,,,,,,,,,,,,,,,,,,,,,,,,,,,,,,19434,349,0,437,88,196,208,5317,181,2292,87,5591,521,35,5827,3071,83,551,1182,271,314,472,901,0,67,571,21,0,685,351
ACSSF,2019e1,nc,000,0007,0000102,,,,,,,,,,,,,,,,,,,,,,,,,,,,,,,,,,,,,,,,,,,,,,,,,,,,,,,,,,,,,,,,,,,,,,,,,,,,,,,,,,,,,,,,,,,,,,,,,,,,,,,,,,,,,15967,819,825,175,0,0,435,6976,735,1071,67,3694,20,106,6114,1186,0,383,419,162,50,1262,1437,0,72,169,199,86,480,0
ACSSF,2019e1,nc,000,0007,0000103,,,,,,,,,,,,,,,,,,,,,,,,,,,,,,,,,,,,,,,,,,,,,,,,,,,,,,,,,,,,,,,,,,,,,,,,,,,,,,,,,,,,,,,,,,,,,,,,,,,,,,,,,,,,,,,,,,,,,,,,,,,,,,,,,,,,,,,,,,
ACSSF,2019e1,nc,000,0007,0000104,,,,,,,,,,,,,,,,,,,,,,,,,,,,,,,,,,,,,,,,,,,,,,,,,,,,,,,,,,,,,,,,,,,,,,,,,,,,,,,,,,,,,,,,,,,,,,,,,,,,,,,,,,,,,,,,,,,,,,,,,,,,,,,,,,,,,,,,,,
ACSSF,2019e1,nc,000,0007,0000105,,,,,,,,,,,,,,,,,,,,,,,,,,,,,,,,,,,,,,,,,,,,,,,,,,,,,,,,,,,,,,,,,,,,,,,,,,,,,,,,,,,,,,,,,,,,,,,,,,,,,,,,,,,,,42892,955,633,1087,0,74,224,12839,363,2787,384,11118,251,273,11648,4727,0,389,2296,0,1197,3119,2613,234,551,1467,255,73,701,34
ACSSF,2019e1,nc,000,0007,0000106,,,,,,,,,,,,,,,,,,,,,,,,,,,,,,,,,,,,,,,,,,,,,,,,,,,,,,,,,,,,,,,,,,,,,,,,,,,,,,,,,,,,,,,,,,,,,,,,,,,,,,,,,,,,,36651,4762,903,692,429,270,746,9023,817,2104,186,9979,401,297,8625,4695,134,455,2139,129,700,1006,3470,488,630,279,173,215,941,328
ACSSF,2019e1,nc,000,0007,0000107,,,,,,,,,,,,,,,,,,,,,,,,,,,,,,,,,,,,,,,,,,,,,,,,,,,,,,,,,,,,,,,,,,,,,,,,,,,,,,,,,,,,,,,,,,,,,,,,,,,,,,,,,,,,,41890,7588,562,1034,256,0,929,11192,436,2324,248,9559,553,593,10220,3930,208,552,1772,353,553,1682,2377,158,291,667,167,300,1160,576
ACSSF,2019e1,nc,000,0007,0000108,,,,,,,,,,,,,,,,,,,,,,,,,,,,,,,,,,,,,,,,,,,,,,,,,,,,,,,,,,,,,,,,,,,,,,,,,,,,,,,,,,,,,,,,,,,,,,,,,,,,,,,,,,,,,31884,2416,286,1166,364,463,1345,7839,1491,2794,656,9550,424,698,8497,3396,130,787,2806,274,1328,752,2158,368,507,958,36,250,879,0
ACSSF,2019e1,nc,000,0007,0000109,,,,,,,,,,,,,,,,,,,,,,,,,,,,,,,,,,,,,,,,,,,,,,,,,,,,,,,,,,,,,,,,,,,,,,,,,,,,,,,,,,,,,,,,,,,,,,,,,,,,,,,,,,,,,,,,,,,,,,,,,,,,,,,,,,,,,,,,,,
ACSSF,2019e1,nc,000,0007,0000110,,,,,,,,,,,,,,,,,,,,,,,,,,,,,,,,,,,,,,,,,,,,,,,,,,,,,,,,,,,,,,,,,,,,,,,,,,,,,,,,,,,,,,,,,,,,,,,,,,,,,,,,,,,,,37209,2967,58,561,467,50,1085,9764,987,2700,509,11113,1263,582,8480,7221,375,1680,2634,42,394,1102,2998,242,0,1165,653,88,559,0
ACSSF,2019e1,nc,000,0007,0000111,,,,,,,,,,,,,,,,,,,,,,,,,,,,,,,,,,,,,,,,,,,,,,,,,,,,,,,,,,,,,,,,,,,,,,,,,,,,,,,,,,,,,,,,,,,,,,,,,,,,,,,,,,,,,30321,1887,140,1476,172,256,698,8997,436,1529,736,10609,301,533,7425,3825,83,151,2449,143,734,1100,1912,111,706,425,272,118,963,246
ACSSF,2019e1,nc,000,0007,0000112,,,,,,,,,,,,,,,,,,,,,,,,,,,,,,,,,,,,,,,,,,,,,,,,,,,,,,,,,,,,,,,,,,,,,,,,,,,,,,,,,,,,,,,,,,,,,,,,,,,,,,,,,,,,,40114,1281,798,1608,765,139,1345,11564,526,2051,232,12799,198,150,13100,6449,140,1894,3218,524,402,1673,2995,284,205,1716,303,113,2090,0
ACSSF,2019e1,nc,000,0007,0000113,,,,,,,,,,,,,,,,,,,,,,,,,,,,,,,,,,,,,,,,,,,,,,,,,,,,,,,,,,,,,,,,,,,,,,,,,,,,,,,,,,,,,,,,,,,,,,,,,,,,,,,,,,,,,40460,1676,289,1140,1050,514,768,10383,804,4236,506,15538,1091,973,11802,6820,474,1880,3194,148,476,1583,2260,309,328,765,415,141,641,423
ACSSF,2019e1,nc,000,0007,0000114,,,,,,,,,,,,,,,,,,,,,,,,,,,,,,,,,,,,,,,,,,,,,,,,,,,,,,,,,,,,,,,,,,,,,,,,,,,,,,,,,,,,,,,,,,,,,,,,,,,,,,,,,,,,,42449,3738,1012,1165,204,456,517,11668,859,3180,666,12726,492,436,8751,5115,371,834,3207,85,523,2846,2074,330,277,1374,100,81,339,897
ACSSF,2019e1,nc,000,0007,0000115,,,,,,,,,,,,,,,,,,,,,,,,,,,,,,,,,,,,,,,,,,,,,,,,,,,,,,,,,,,,,,,,,,,,,,,,,,,,,,,,,,,,,,,,,,,,,,,,,,,,,,,,,,,,,27654,3347,44,566,382,222,122,6890,366,1683,401,6757,51,186,5424,2426,475,442,1328,352,568,1057,1160,0,561,715,220,240,1055,379
ACSSF,2019e1,nc,000,0007,0000116,,,,,,,,,,,,,,,,,,,,,,,,,,,,,,,,,,,,,,,,,,,,,,,,,,,,,,,,,,,,,,,,,,,,,,,,,,,,,,,,,,,,,,,,,,,,,,,,,,,,,,,,,,,,,40533,2499,57,1664,439,612,552,11877,401,2840,603,12245,138,38,10346,3486,119,890,3467,110,1257,2408,2076,272,125,1602,101,40,1200,407
ACSSF,2019e1,nc,000,0007,0000117,,,,,,,,,,,,,,,,,,,,,,,,,,,,,,,,,,,,,,,,,,,,,,,,,,,,,,,,,,,,,,,,,,,,,,,,,,,,,,,,,,,,,,,,,,,,,,,,,,,,,,,,,,,,,30493,1218,0,206,324,258,575,8342,745,3361,189,8598,340,323,6203,2885,154,997,1315,167,681,1153,2106,54,65,756,53,227,765,143
ACSSF,2019e1,nc,000,0007,0000118,,,,,,,,,,,,,,,,,,,,,,,,,,,,,,,,,,,,,,,,,,,,,,,,,,,,,,,,,,,,,,,,,,,,,,,,,,,,,,,,,,,,,,,,,,,,,,,,,,,,,,,,,,,,,31779,1845,258,908,44,260,1623,9874,755,1219,399,12584,300,295,8812,1986,156,380,1693,21,163,2433,1730,227,176,416,40,42,1080,437
ACSSF,2019e1,nc,000,0007,0000119,,,,,,,,,,,,,,,,,,,,,,,,,,,,,,,,,,,,,,,,,,,,,,,,,,,,,,,,,,,,,,,,,,,,,,,,,,,,,,,,,,,,,,,,,,,,,,,,,,,,,,,,,,,,,28119,1814,155,913,392,361,572,7454,939,2162,309,6995,139,473,5160,2856,125,614,1687,46,119,1956,1711,266,696,918,254,0,644,412
ACSSF,2019e1,nc,000,0007,0000120,,,,,,,,,,,,,,,,,,,,,,,,,,,,,,,,,,,,,,,,,,,,,,,,,,,,,,,,,,,,,,,,,,,,,,,,,,,,,,,,,,,,,,,,,,,,,,,,,,,,,,,,,,,,,,,,,,,,,,,,,,,,,,,,,,,,,,,,,,
ACSSF,2019e1,nc,000,0007,0000121,,,,,,,,,,,,,,,,,,,,,,,,,,,,,,,,,,,,,,,,,,,,,,,,,,,,,,,,,,,,,,,,,,,,,,,,,,,,,,,,,,,,,,,,,,,,,,,,,,,,,,,,,,,,,25026,1246,349,211,53,362,432,5673,1010,2278,226,8368,186,161,8240,3796,82,396,2537,0,89,2265,1007,0,107,523,72,90,554,0
ACSSF,2019e1,nc,000,0007,0000122,,,,,,,,,,,,,,,,,,,,,,,,,,,,,,,,,,,,,,,,,,,,,,,,,,,,,,,,,,,,,,,,,,,,,,,,,,,,,,,,,,,,,,,,,,,,,,,,,,,,,,,,,,,,,,,,,,,,,,,,,,,,,,,,,,,,,,,,,,
ACSSF,2019e1,nc,000,0007,0000123,,,,,,,,,,,,,,,,,,,,,,,,,,,,,,,,,,,,,,,,,,,,,,,,,,,,,,,,,,,,,,,,,,,,,,,,,,,,,,,,,,,,,,,,,,,,,,,,,,,,,,,,,,,,,19543,1736,183,313,193,35,452,7588,383,1113,99,7886,201,73,4648,2146,45,473,557,313,79,481,1486,74,171,383,65,0,604,431
ACSSF,2019e1,nc,000,0007,0000124,,,,,,,,,,,,,,,,,,,,,,,,,,,,,,,,,,,,,,,,,,,,,,,,,,,,,,,,,,,,,,,,,,,,,,,,,,,,,,,,,,,,,,,,,,,,,,,,,,,,,,,,,,,,,24205,1119,108,124,285,293,680,4807,435,1192,179,8964,0,118,6532,1991,156,666,827,0,290,1235,1992,62,523,624,245,0,930,322
ACSSF,2019e1,nc,000,0007,0000125,,,,,,,,,,,,,,,,,,,,,,,,,,,,,,,,,,,,,,,,,,,,,,,,,,,,,,,,,,,,,,,,,,,,,,,,,,,,,,,,,,,,,,,,,,,,,,,,,,,,,,,,,,,,,32762,2075,75,1009,141,142,1189,8703,1390,1782,298,10880,444,472,9478,4183,253,346,1767,329,311,1661,3848,0,138,408,296,0,1298,111
ACSSF,2019e1,nc,000,0007,0000126,,,,,,,,,,,,,,,,,,,,,,,,,,,,,,,,,,,,,,,,,,,,,,,,,,,,,,,,,,,,,,,,,,,,,,,,,,,,,,,,,,,,,,,,,,,,,,,,,,,,,,,,,,,,,22045,1142,38,186,272,0,564,5662,409,1309,1355,8859,231,139,6939,2858,0,249,1130,176,0,1597,774,0,0,166,89,167,309,0
ACSSF,2019e1,nc,000,0007,0000127,,,,,,,,,,,,,,,,,,,,,,,,,,,,,,,,,,,,,,,,,,,,,,,,,,,,,,,,,,,,,,,,,,,,,,,,,,,,,,,,,,,,,,,,,,,,,,,,,,,,,,,,,,,,,20726,1989,0,239,252,0,2181,6005,683,176,259,7113,38,230,8051,1130,0,98,554,0,0,1521,1756,0,0,105,0,0,375,231
ACSSF,2019e1,nc,000,0007,0000128,,,,,,,,,,,,,,,,,,,,,,,,,,,,,,,,,,,,,,,,,,,,,,,,,,,,,,,,,,,,,,,,,,,,,,,,,,,,,,,,,,,,,,,,,,,,,,,,,,,,,,,,,,,,,,,,,,,,,,,,,,,,,,,,,,,,,,,,,,
ACSSF,2019e1,nc,000,0007,0000129,,,,,,,,,,,,,,,,,,,,,,,,,,,,,,,,,,,,,,,,,,,,,,,,,,,,,,,,,,,,,,,,,,,,,,,,,,,,,,,,,,,,,,,,,,,,,,,,,,,,,,,,,,,,,34380,1693,140,933,248,311,1340,12391,989,2493,339,10189,790,518,8278,3719,0,1345,1757,149,415,3540,2919,338,283,1183,112,191,973,70
ACSSF,2019e1,nc,000,0007,0000130,,,,,,,,,,,,,,,,,,,,,,,,,,,,,,,,,,,,,,,,,,,,,,,,,,,,,,,,,,,,,,,,,,,,,,,,,,,,,,,,,,,,,,,,,,,,,,,,,,,,,,,,,,,,,26180,228,110,930,386,846,604,10475,50,1501,212,10377,914,219,6614,2182,106,364,423,8,286,2816,2567,75,0,877,299,38,720,70
ACSSF,2019e1,nc,000,0007,0000131,,,,,,,,,,,,,,,,,,,,,,,,,,,,,,,,,,,,,,,,,,,,,,,,,,,,,,,,,,,,,,,,,,,,,,,,,,,,,,,,,,,,,,,,,,,,,,,,,,,,,,,,,,,,,23734,2776,234,842,104,98,1571,7747,203,838,582,8955,0,932,7118,1983,61,230,613,0,689,2134,1645,102,0,421,167,50,686,0
ACSSF,2019e1,nc,000,0007,0000132,,,,,,,,,,,,,,,,,,,,,,,,,,,,,,,,,,,,,,,,,,,,,,,,,,,,,,,,,,,,,,,,,,,,,,,,,,,,,,,,,,,,,,,,,,,,,,,,,,,,,,,,,,,,,,,,,,,,,,,,,,,,,,,,,,,,,,,,,,
ACSSF,2019e1,nc,000,0007,0000133,,,,,,,,,,,,,,,,,,,,,,,,,,,,,,,,,,,,,,,,,,,,,,,,,,,,,,,,,,,,,,,,,,,,,,,,,,,,,,,,,,,,,,,,,,,,,,,,,,,,,,,,,,,,,33198,1342,48,772,239,338,1302,10598,246,1879,314,12517,53,649,11402,2845,106,885,1241,41,257,2355,2714,50,0,907,225,182,1366,110
ACSSF,2019e1,nc,000,0007,0000134,,,,,,,,,,,,,,,,,,,,,,,,,,,,,,,,,,,,,,,,,,,,,,,,,,,,,,,,,,,,,,,,,,,,,,,,,,,,,,,,,,,,,,,,,,,,,,,,,,,,,,,,,,,,,18986,532,0,166,259,326,342,5632,476,814,120,8094,42,0,6498,1084,20,473,1063,77,670,1504,1299,127,41,182,21,325,574,0
ACSSF,2019e1,nc,000,0007,0000135,,,,,,,,,,,,,,,,,,,,,,,,,,,,,,,,,,,,,,,,,,,,,,,,,,,,,,,,,,,,,,,,,,,,,,,,,,,,,,,,,,,,,,,,,,,,,,,,,,,,,,,,,,,,,25233,1669,67,253,12,208,1150,7023,1034,1960,990,11015,182,192,8610,1688,35,280,681,317,219,894,2622,87,0,657,121,212,296,0
ACSSF,2019e1,nc,000,0007,0000136,,,,,,,,,,,,,,,,,,,,,,,,,,,,,,,,,,,,,,,,,,,,,,,,,,,,,,,,,,,,,,,,,,,,,,,,,,,,,,,,,,,,,,,,,,,,,,,,,,,,,,,,,,,,,,,,,,,,,,,,,,,,,,,,,,,,,,,,,,
ACSSF,2019e1,nc,000,0007,0000137,,,,,,,,,,,,,,,,,,,,,,,,,,,,,,,,,,,,,,,,,,,,,,,,,,,,,,,,,,,,,,,,,,,,,,,,,,,,,,,,,,,,,,,,,,,,,,,,,,,,,,,,,,,,,37397,933,71,339,135,173,1221,8242,433,2692,346,16554,564,411,12480,5978,583,649,2228,167,211,2228,2038,283,370,769,122,85,1124,213
ACSSF,2019e1,nc,000,0007,0000138,,,,,,,,,,,,,,,,,,,,,,,,,,,,,,,,,,,,,,,,,,,,,,,,,,,,,,,,,,,,,,,,,,,,,,,,,,,,,,,,,,,,,,,,,,,,,,,,,,,,,,,,,,,,,16790,816,30,534,65,0,499,3078,1183,220,314,6116,0,321,6038,1240,24,121,344,64,239,1695,951,57,189,356,29,0,103,211
ACSSF,2019e1,nc,000,0007,0000139,,,,,,,,,,,,,,,,,,,,,,,,,,,,,,,,,,,,,,,,,,,,,,,,,,,,,,,,,,,,,,,,,,,,,,,,,,,,,,,,,,,,,,,,,,,,,,,,,,,,,,,,,,,,,20527,1514,217,1202,0,0,888,4652,607,1087,204,7933,152,13,6587,1617,69,293,895,25,0,1137,1377,51,604,168,14,66,647,0
ACSSF,2019e1,nc,000,0007,0000140,,,,,,,,,,,,,,,,,,,,,,,,,,,,,,,,,,,,,,,,,,,,,,,,,,,,,,,,,,,,,,,,,,,,,,,,,,,,,,,,,,,,,,,,,,,,,,,,,,,,,,,,,,,,,24745,786,70,815,153,0,505,6210,444,1137,119,8491,442,164,5141,3577,0,246,2202,146,515,1972,2625,185,483,681,386,407,579,304
ACSSF,2019e1,nc,000,0007,0000141,,,,,,,,,,,,,,,,,,,,,,,,,,,,,,,,,,,,,,,,,,,,,,,,,,,,,,,,,,,,,,,,,,,,,,,,,,,,,,,,,,,,,,,,,,,,,,,,,,,,,,,,,,,,,,,,,,,,,,,,,,,,,,,,,,,,,,,,,,
ACSSF,2019e1,nc,000,0007,0000142,,,,,,,,,,,,,,,,,,,,,,,,,,,,,,,,,,,,,,,,,,,,,,,,,,,,,,,,,,,,,,,,,,,,,,,,,,,,,,,,,,,,,,,,,,,,,,,,,,,,,,,,,,,,,,,,,,,,,,,,,,,,,,,,,,,,,,,,,,
ACSSF,2019e1,nc,000,0007,0000143,,,,,,,,,,,,,,,,,,,,,,,,,,,,,,,,,,,,,,,,,,,,,,,,,,,,,,,,,,,,,,,,,,,,,,,,,,,,,,,,,,,,,,,,,,,,,,,,,,,,,,,,,,,,,53460,1698,238,1761,495,198,984,17134,173,3531,502,19466,626,679,16420,6746,160,1283,2699,201,532,1708,5260,94,273,995,142,254,1252,63
ACSSF,2019e1,nc,000,0007,0000144,,,,,,,,,,,,,,,,,,,,,,,,,,,,,,,,,,,,,,,,,,,,,,,,,,,,,,,,,,,,,,,,,,,,,,,,,,,,,,,,,,,,,,,,,,,,,,,,,,,,,,,,,,,,,28510,780,471,729,54,121,427,6007,508,1564,156,9365,529,479,7238,2813,276,316,1392,189,281,1941,1705,0,690,460,0,283,352,104
ACSSF,2019e1,nc,000,0007,0000145,,,,,,,,,,,,,,,,,,,,,,,,,,,,,,,,,,,,,,,,,,,,,,,,,,,,,,,,,,,,,,,,,,,,,,,,,,,,,,,,,,,,,,,,,,,,,,,,,,,,,,,,,,,,,37454,1827,129,485,418,154,567,9381,725,2447,252,11557,254,82,12294,7167,324,828,2752,405,984,1757,2140,0,814,1508,341,291,1407,429
ACSSF,2019e1,nc,000,0007,0000146,,,,,,,,,,,,,,,,,,,,,,,,,,,,,,,,,,,,,,,,,,,,,,,,,,,,,,,,,,,,,,,,,,,,,,,,,,,,,,,,,,,,,,,,,,,,,,,,,,,,,,,,,,,,,26511,840,142,575,60,0,707,4905,275,1674,79,8791,76,441,6060,3511,90,851,2081,271,412,1619,1763,40,417,1137,101,78,947,697
ACSSF,2019e1,nc,000,0007,0000147,,,,,,,,,,,,,,,,,,,,,,,,,,,,,,,,,,,,,,,,,,,,,,,,,,,,,,,,,,,,,,,,,,,,,,,,,,,,,,,,,,,,,,,,,,,,,,,,,,,,,,,,,,,,,31003,1002,417,387,452,111,697,7708,199,1787,114,10483,510,160,8542,3516,232,599,2389,0,863,1055,1742,181,1230,748,353,98,987,387
ACSSF,2019e1,nc,000,0007,0000148,,,,,,,,,,,,,,,,,,,,,,,,,,,,,,,,,,,,,,,,,,,,,,,,,,,,,,,,,,,,,,,,,,,,,,,,,,,,,,,,,,,,,,,,,,,,,,,,,,,,,,,,,,,,,30834,1305,87,1646,90,342,1241,3977,653,1338,152,11904,147,78,7016,5098,0,168,1782,41,173,2210,1825,470,1421,421,0,209,1245,118
ACSSF,2019e1,nc,000,0007,0000149,,,,,,,,,,,,,,,,,,,,,,,,,,,,,,,,,,,,,,,,,,,,,,,,,,,,,,,,,,,,,,,,,,,,,,,,,,,,,,,,,,,,,,,,,,,,,,,,,,,,,,,,,,,,,18357,451,24,246,66,199,448,4997,632,446,190,6288,0,31,4933,1584,100,689,643,0,352,2226,893,0,526,308,225,0,696,0
ACSSF,2019e1,nc,000,0007,0000150,,,,,,,,,,,,,,,,,,,,,,,,,,,,,,,,,,,,,,,,,,,,,,,,,,,,,,,,,,,,,,,,,,,,,,,,,,,,,,,,,,,,,,,,,,,,,,,,,,,,,,,,,,,,,28783,1479,160,590,59,330,1181,4040,500,1561,0,14075,73,166,8493,3502,0,268,432,115,623,3288,1426,44,383,165,49,0,445,175
ACSSF,2019e1,nc,000,0007,0000151,,,,,,,,,,,,,,,,,,,,,,,,,,,,,,,,,,,,,,,,,,,,,,,,,,,,,,,,,,,,,,,,,,,,,,,,,,,,,,,,,,,,,,,,,,,,,,,,,,,,,,,,,,,,,22762,1811,68,185,28,177,1391,6253,671,1179,0,12017,286,79,7421,1990,102,54,992,58,0,1385,1410,48,0,286,0,0,243,0
ACSSF,2019e1,nc,000,0007,0000152,,,,,,,,,,,,,,,,,,,,,,,,,,,,,,,,,,,,,,,,,,,,,,,,,,,,,,,,,,,,,,,,,,,,,,,,,,,,,,,,,,,,,,,,,,,,,,,,,,,,,,,,,,,,,,,,,,,,,,,,,,,,,,,,,,,,,,,,,,
ACSSF,2019e1,nc,000,0007,0000153,,,,,,,,,,,,,,,,,,,,,,,,,,,,,,,,,,,,,,,,,,,,,,,,,,,,,,,,,,,,,,,,,,,,,,,,,,,,,,,,,,,,,,,,,,,,,,,,,,,,,,,,,,,,,28653,1763,84,718,932,331,380,6207,1492,1890,213,7900,102,1070,7274,4124,56,432,2101,102,169,1445,1930,181,217,932,259,503,937,46
ACSSF,2019e1,nc,000,0007,0000154,,,,,,,,,,,,,,,,,,,,,,,,,,,,,,,,,,,,,,,,,,,,,,,,,,,,,,,,,,,,,,,,,,,,,,,,,,,,,,,,,,,,,,,,,,,,,,,,,,,,,,,,,,,,,29551,542,31,806,46,12,1079,6022,694,2081,224,7938,332,259,5638,3545,28,212,1435,30,732,1165,2054,144,407,1319,0,0,272,759
ACSSF,2019e1,nc,000,0007,0000155,,,,,,,,,,,,,,,,,,,,,,,,,,,,,,,,,,,,,,,,,,,,,,,,,,,,,,,,,,,,,,,,,,,,,,,,,,,,,,,,,,,,,,,,,,,,,,,,,,,,,,,,,,,,,,,,,,,,,,,,,,,,,,,,,,,,,,,,,,
ACSSF,2019e1,nc,000,0007,0000156,,,,,,,,,,,,,,,,,,,,,,,,,,,,,,,,,,,,,,,,,,,,,,,,,,,,,,,,,,,,,,,,,,,,,,,,,,,,,,,,,,,,,,,,,,,,,,,,,,,,,,,,,,,,,,,,,,,,,,,,,,,,,,,,,,,,,,,,,,
ACSSF,2019e1,nc,000,0007,0000157,,,,,,,,,,,,,,,,,,,,,,,,,,,,,,,,,,,,,,,,,,,,,,,,,,,,,,,,,,,,,,,,,,,,,,,,,,,,,,,,,,,,,,,,,,,,,,,,,,,,,,,,,,,,,,,,,,,,,,,,,,,,,,,,,,,,,,,,,,
ACSSF,2019e1,nc,000,0007,0000158,,,,,,,,,,,,,,,,,,,,,,,,,,,,,,,,,,,,,,,,,,,,,,,,,,,,,,,,,,,,,,,,,,,,,,,,,,,,,,,,,,,,,,,,,,,,,,,,,,,,,,,,,,,,,25135,2379,0,947,0,30,207,7521,1070,1567,110,5471,451,389,6342,1920,135,481,1123,0,131,1451,1766,100,927,428,190,0,766,557
ACSSF,2019e1,nc,000,0007,0000159,,,,,,,,,,,,,,,,,,,,,,,,,,,,,,,,,,,,,,,,,,,,,,,,,,,,,,,,,,,,,,,,,,,,,,,,,,,,,,,,,,,,,,,,,,,,,,,,,,,,,,,,,,,,,20622,1030,0,941,0,52,385,4930,462,1180,852,5542,200,0,6712,2725,0,202,1574,266,99,733,1499,80,448,603,155,221,519,587
ACSSF,2019e1,nc,000,0007,0000160,,,,,,,,,,,,,,,,,,,,,,,,,,,,,,,,,,,,,,,,,,,,,,,,,,,,,,,,,,,,,,,,,,,,,,,,,,,,,,,,,,,,,,,,,,,,,,,,,,,,,,,,,,,,,27825,2120,126,544,188,205,1370,10324,623,2082,196,7930,282,363,8416,1832,57,711,1591,661,273,1040,1881,95,272,503,58,244,604,53
ACSSF,2019e1,nc,000,0007,0000161,,,,,,,,,,,,,,,,,,,,,,,,,,,,,,,,,,,,,,,,,,,,,,,,,,,,,,,,,,,,,,,,,,,,,,,,,,,,,,,,,,,,,,,,,,,,,,,,,,,,,,,,,,,,,47527,1315,436,205,966,0,2501,10244,654,2902,242,12385,273,335,12729,7646,0,718,1997,296,393,1482,2897,186,325,805,0,217,925,661
ACSSF,2019e1,nc,000,0007,0000162,,,,,,,,,,,,,,,,,,,,,,,,,,,,,,,,,,,,,,,,,,,,,,,,,,,,,,,,,,,,,,,,,,,,,,,,,,,,,,,,,,,,,,,,,,,,,,,,,,,,,,,,,,,,,26548,946,138,248,0,111,422,7038,876,1315,56,9341,252,171,7886,3997,159,798,2501,442,825,1008,2580,78,0,490,38,428,1539,189
ACSSF,2019e1,nc,000,0007,0000163,,,,,,,,,,,,,,,,,,,,,,,,,,,,,,,,,,,,,,,,,,,,,,,,,,,,,,,,,,,,,,,,,,,,,,,,,,,,,,,,,,,,,,,,,,,,,,,,,,,,,,,,,,,,,45009,2412,738,1179,141,310,474,12045,1577,2623,514,13719,797,610,13157,7523,312,1371,3783,184,226,2904,3326,346,161,1184,435,341,694,0
ACSSF,2019e1,nc,000,0007,0000164,,,,,,,,,,,,,,,,,,,,,,,,,,,,,,,,,,,,,,,,,,,,,,,,,,,,,,,,,,,,,,,,,,,,,,,,,,,,,,,,,,,,,,,,,,,,,,,,,,,,,,,,,,,,,40507,966,0,709,675,467,1734,13742,587,3171,258,12713,297,762,12376,5768,465,781,2700,0,154,2394,3158,68,156,550,104,75,1355,259
ACSSF,2019e1,nc,000,0007,0000165,,,,,,,,,,,,,,,,,,,,,,,,,,,,,,,,,,,,,,,,,,,,,,,,,,,,,,,,,,,,,,,,,,,,,,,,,,,,,,,,,,,,,,,,,,,,,,,,,,,,,,,,,,,,,,,,,,,,,,,,,,,,,,,,,,,,,,,,,,
ACSSF,2019e1,nc,000,0007,0000166,,,,,,,,,,,,,,,,,,,,,,,,,,,,,,,,,,,,,,,,,,,,,,,,,,,,,,,,,,,,,,,,,,,,,,,,,,,,,,,,,,,,,,,,,,,,,,,,,,,,,,,,,,,,,22371,1787,142,257,118,280,776,4149,488,975,280,6069,284,125,4320,1889,0,216,911,57,0,491,1580,0,755,655,36,0,339,51
ACSSF,2019e1,nc,000,0007,0000167,,,,,,,,,,,,,,,,,,,,,,,,,,,,,,,,,,,,,,,,,,,,,,,,,,,,,,,,,,,,,,,,,,,,,,,,,,,,,,,,,,,,,,,,,,,,,,,,,,,,,,,,,,,,,26125,2485,0,1134,0,0,321,5919,355,2183,314,7669,175,342,5615,3650,156,812,775,416,230,575,1201,282,232,897,0,0,139,41
ACSSF,2019e1,nc,000,0007,0000168,,,,,,,,,,,,,,,,,,,,,,,,,,,,,,,,,,,,,,,,,,,,,,,,,,,,,,,,,,,,,,,,,,,,,,,,,,,,,,,,,,,,,,,,,,,,,,,,,,,,,,,,,,,,,20190,1302,0,326,154,369,214,3995,485,1185,208,5153,558,184,3578,1933,0,489,1532,81,98,583,1061,0,311,1471,430,189,275,197
ACSSF,2019e1,nc,000,0007,0000169,,,,,,,,,,,,,,,,,,,,,,,,,,,,,,,,,,,,,,,,,,,,,,,,,,,,,,,,,,,,,,,,,,,,,,,,,,,,,,,,,,,,,,,,,,,,,,,,,,,,,,,,,,,,,,,,,,,,,,,,,,,,,,,,,,,,,,,,,,
ACSSF,2019e1,nc,000,0007,0000170,,,,,,,,,,,,,,,,,,,,,,,,,,,,,,,,,,,,,,,,,,,,,,,,,,,,,,,,,,,,,,,,,,,,,,,,,,,,,,,,,,,,,,,,,,,,,,,,,,,,,,,,,,,,,,,,,,,,,,,,,,,,,,,,,,,,,,,,,,
ACSSF,2019e1,nc,000,0007,0000171,,,,,,,,,,,,,,,,,,,,,,,,,,,,,,,,,,,,,,,,,,,,,,,,,,,,,,,,,,,,,,,,,,,,,,,,,,,,,,,,,,,,,,,,,,,,,,,,,,,,,,,,,,,,,12662,810,0,322,184,0,514,2673,337,758,151,3519,82,413,3378,589,154,171,574,0,154,1521,669,214,91,265,162,0,394,49
ACSSF,2019e1,nc,000,0007,0000172,,,,,,,,,,,,,,,,,,,,,,,,,,,,,,,,,,,,,,,,,,,,,,,,,,,,,,,,,,,,,,,,,,,,,,,,,,,,,,,,,,,,,,,,,,,,,,,,,,,,,,,,,,,,,43118,1539,0,1299,49,54,1104,12600,813,2425,899,14392,1465,658,11076,8028,398,680,4352,95,1192,1975,2847,361,572,1990,464,831,837,48
ACSSF,2019e1,nc,000,0007,0000173,,,,,,,,,,,,,,,,,,,,,,,,,,,,,,,,,,,,,,,,,,,,,,,,,,,,,,,,,,,,,,,,,,,,,,,,,,,,,,,,,,,,,,,,,,,,,,,,,,,,,,,,,,,,,59436,5279,142,1225,272,649,1005,12556,1311,3590,517,14839,1017,651,11032,6138,129,1045,2667,444,253,1527,3447,282,1152,2621,466,189,753,289
ACSSF,2019e1,nc,000,0007,0000174,,,,,,,,,,,,,,,,,,,,,,,,,,,,,,,,,,,,,,,,,,,,,,,,,,,,,,,,,,,,,,,,,,,,,,,,,,,,,,,,,,,,,,,,,,,,,,,,,,,,,,,,,,,,,25135,2379,0,947,0,30,207,7521,1070,1567,110,5471,451,389,6342,1920,135,481,1123,0,131,1451,1766,100,927,428,190,0,766,557
ACSSF,2019e1,nc,000,0007,0000175,,,,,,,,,,,,,,,,,,,,,,,,,,,,,,,,,,,,,,,,,,,,,,,,,,,,,,,,,,,,,,,,,,,,,,,,,,,,,,,,,,,,,,,,,,,,,,,,,,,,,,,,,,,,,31779,1845,258,908,44,260,1623,9874,755,1219,399,12584,300,295,8812,1986,156,380,1693,21,163,2433,1730,227,176,416,40,42,1080,437
ACSSF,2019e1,nc,000,0007,0000176,,,,,,,,,,,,,,,,,,,,,,,,,,,,,,,,,,,,,,,,,,,,,,,,,,,,,,,,,,,,,,,,,,,,,,,,,,,,,,,,,,,,,,,,,,,,,,,,,,,,,,,,,,,,,40507,966,0,709,675,467,1734,13742,587,3171,258,12713,297,762,12376,5768,465,781,2700,0,154,2394,3158,68,156,550,104,75,1355,259
ACSSF,2019e1,nc,000,0007,0000177,,,,,,,,,,,,,,,,,,,,,,,,,,,,,,,,,,,,,,,,,,,,,,,,,,,,,,,,,,,,,,,,,,,,,,,,,,,,,,,,,,,,,,,,,,,,,,,,,,,,,,,,,,,,,46012,1738,110,1284,386,637,1250,17484,791,2717,443,16019,1512,392,11686,4737,106,1193,1336,157,486,4448,3863,371,159,1627,357,64,1096,140
ACSSF,2019e1,nc,000,0007,0000178,,,,,,,,,,,,,,,,,,,,,,,,,,,,,,,,,,,,,,,,,,,,,,,,,,,,,,,,,,,,,,,,,,,,,,,,,,,,,,,,,,,,,,,,,,,,,,,,,,,,,,,,,,,,,,,,,,,,,,,,,,,,,,,,,,,,,,,,,,
ACSSF,2019e1,nc,000,0007,0000179,,,,,,,,,,,,,,,,,,,,,,,,,,,,,,,,,,,,,,,,,,,,,,,,,,,,,,,,,,,,,,,,,,,,,,,,,,,,,,,,,,,,,,,,,,,,,,,,,,,,,,,,,,,,,37861,1218,111,1661,111,492,1341,6844,998,1457,243,14406,121,78,8681,5077,0,578,2093,0,329,3813,1997,470,1947,656,119,209,1747,118
ACSSF,2019e1,nc,000,0007,0000180,,,,,,,,,,,,,,,,,,,,,,,,,,,,,,,,,,,,,,,,,,,,,,,,,,,,,,,,,,,,,,,,,,,,,,,,,,,,,,,,,,,,,,,,,,,,,,,,,,,,,,,,,,,,,,,,,,,,,,,,,,,,,,,,,,,,,,,,,,
ACSSF,2019e1,nc,000,0007,0000181,,,,,,,,,,,,,,,,,,,,,,,,,,,,,,,,,,,,,,,,,,,,,,,,,,,,,,,,,,,,,,,,,,,,,,,,,,,,,,,,,,,,,,,,,,,,,,,,,,,,,,,,,,,,,20682,1766,126,224,132,79,1034,7405,578,1721,165,5683,216,253,6388,1533,0,466,1107,553,129,782,1464,39,272,370,58,0,399,53
ACSSF,2019e1,nc,000,0007,0000182,,,,,,,,,,,,,,,,,,,,,,,,,,,,,,,,,,,,,,,,,,,,,,,,,,,,,,,,,,,,,,,,,,,,,,,,,,,,,,,,,,,,,,,,,,,,,,,,,,,,,,,,,,,,,,,,,,,,,,,,,,,,,,,,,,,,,,,,,,
ACSSF,2019e1,nc,000,0007,0000183,,,,,,,,,,,,,,,,,,,,,,,,,,,,,,,,,,,,,,,,,,,,,,,,,,,,,,,,,,,,,,,,,,,,,,,,,,,,,,,,,,,,,,,,,,,,,,,,,,,,,,,,,,,,,25428,2007,57,1118,361,538,263,7240,263,2138,253,6862,85,38,5505,2227,39,805,2414,62,948,1302,1473,240,0,1181,101,40,959,341
ACSSF,2019e1,nc,000,0007,0000184,,,,,,,,,,,,,,,,,,,,,,,,,,,,,,,,,,,,,,,,,,,,,,,,,,,,,,,,,,,,,,,,,,,,,,,,,,,,,,,,,,,,,,,,,,,,,,,,,,,,,,,,,,,,,,,,,,,,,,,,,,,,,,,,,,,,,,,,,,
ACSSF,2019e1,nc,000,0007,0000185,,,,,,,,,,,,,,,,,,,,,,,,,,,,,,,,,,,,,,,,,,,,,,,,,,,,,,,,,,,,,,,,,,,,,,,,,,,,,,,,,,,,,,,,,,,,,,,,,,,,,,,,,,,,,,,,,,,,,,,,,,,,,,,,,,,,,,,,,,
ACSSF,2019e1,nc,000,0007,0000186,,,,,,,,,,,,,,,,,,,,,,,,,,,,,,,,,,,,,,,,,,,,,,,,,,,,,,,,,,,,,,,,,,,,,,,,,,,,,,,,,,,,,,,,,,,,,,,,,,,,,,,,,,,,,,,,,,,,,,,,,,,,,,,,,,,,,,,,,,
ACSSF,2019e1,nc,000,0007,0000187,,,,,,,,,,,,,,,,,,,,,,,,,,,,,,,,,,,,,,,,,,,,,,,,,,,,,,,,,,,,,,,,,,,,,,,,,,,,,,,,,,,,,,,,,,,,,,,,,,,,,,,,,,,,,70103,7085,1056,1731,586,678,639,18558,1225,4863,1067,19483,543,622,14175,7541,846,1276,4535,437,1091,3903,3234,330,838,2089,320,321,1394,1276
ACSSF,2019e1,nc,000,0007,0000188,,,,,,,,,,,,,,,,,,,,,,,,,,,,,,,,,,,,,,,,,,,,,,,,,,,,,,,,,,,,,,,,,,,,,,,,,,,,,,,,,,,,,,,,,,,,,,,,,,,,,,,,,,,,,76510,4930,366,1446,619,470,2321,21098,2208,4087,576,27730,645,663,20658,8320,454,1485,3151,642,680,3377,7326,136,832,1415,606,0,2832,864
ACSSF,2019e1,nc,000,0007,0000189,,,,,,,,,,,,,,,,,,,,,,,,,,,,,,,,,,,,,,,,,,,,,,,,,,,,,,,,,,,,,,,,,,,,,,,,,,,,,,,,,,,,,,,,,,,,,,,,,,,,,,,,,,,,,,,,,,,,,,,,,,,,,,,,,,,,,,,,,,
ACSSF,2019e1,nc,000,0007,0000190,,,,,,,,,,,,,,,,,,,,,,,,,,,,,,,,,,,,,,,,,,,,,,,,,,,,,,,,,,,,,,,,,,,,,,,,,,,,,,,,,,,,,,,,,,,,,,,,,,,,,,,,,,,,,37292,2330,247,1736,65,0,1362,7730,1790,1307,518,14024,152,334,12625,2857,93,414,1239,89,239,2832,2328,108,793,524,43,66,750,211
ACSSF,2019e1,nc,000,0007,0000191,,,,,,,,,,,,,,,,,,,,,,,,,,,,,,,,,,,,,,,,,,,,,,,,,,,,,,,,,,,,,,,,,,,,,,,,,,,,,,,,,,,,,,,,,,,,,,,,,,,,,,,,,,,,,92712,4721,830,1601,743,1019,1924,24005,3393,6124,535,27423,325,1001,23472,11094,207,1535,5544,163,282,5902,5758,266,1310,1732,502,90,1609,1238
ACSSF,2019e1,nc,000,0007,0000192,,,,,,,,,,,,,,,,,,,,,,,,,,,,,,,,,,,,,,,,,,,,,,,,,,,,,,,,,,,,,,,,,,,,,,,,,,,,,,,,,,,,,,,,,,,,,,,,,,,,,,,,,,,,,29551,542,31,806,46,12,1079,6022,694,2081,224,7938,332,259,5638,3545,28,212,1435,30,732,1165,2054,144,407,1319,0,0,272,759
ACSSF,2019e1,nc,000,0007,0000193,,,,,,,,,,,,,,,,,,,,,,,,,,,,,,,,,,,,,,,,,,,,,,,,,,,,,,,,,,,,,,,,,,,,,,,,,,,,,,,,,,,,,,,,,,,,,,,,,,,,,,,,,,,,,28851,988,48,541,239,338,881,9221,170,1779,271,10928,53,580,10585,2364,106,664,1069,41,201,1840,1990,50,0,618,225,182,1247,110
ACSSF,2019e1,nc,000,0007,0000194,,,,,,,,,,,,,,,,,,,,,,,,,,,,,,,,,,,,,,,,,,,,,,,,,,,,,,,,,,,,,,,,,,,,,,,,,,,,,,,,,,,,,,,,,,,,,,,,,,,,,,,,,,,,,33845,1115,71,234,363,0,678,8064,345,2294,1195,14696,112,130,11200,4906,492,497,1885,93,211,2485,1592,229,234,796,86,252,622,125
ACSSF,2019e1,nc,000,0007,0000195,,,,,,,,,,,,,,,,,,,,,,,,,,,,,,,,,,,,,,,,,,,,,,,,,,,,,,,,,,,,,,,,,,,,,,,,,,,,,,,,,,,,,,,,,,,,,,,,,,,,,,,,,,,,,42892,955,633,1087,0,74,224,12839,363,2787,384,11118,251,273,11648,4727,0,389,2296,0,1197,3119,2613,234,551,1467,255,73,701,34
ACSSF,2019e1,nc,000,0007,0000196,,,,,,,,,,,,,,,,,,,,,,,,,,,,,,,,,,,,,,,,,,,,,,,,,,,,,,,,,,,,,,,,,,,,,,,,,,,,,,,,,,,,,,,,,,,,,,,,,,,,,,,,,,,,,18557,1258,67,54,0,208,988,5079,558,1322,990,8246,182,192,6353,1458,0,203,623,317,219,466,2094,87,0,657,68,167,137,0
ACSSF,2019e1,nc,000,0007,0000197,,,,,,,,,,,,,,,,,,,,,,,,,,,,,,,,,,,,,,,,,,,,,,,,,,,,,,,,,,,,,,,,,,,,,,,,,,,,,,,,,,,,,,,,,,,,,,,,,,,,,,,,,,,,,222783,8541,1467,5212,1632,634,4524,55001,2517,12959,1222,72389,2574,2084,59919,28412,1148,4354,14293,1212,3673,10641,16547,823,4948,5875,1412,1438,5939,2266
ACSSF,2019e1,nc,000,0007,0000198,,,,,,,,,,,,,,,,,,,,,,,,,,,,,,,,,,,,,,,,,,,,,,,,,,,,,,,,,,,,,,,,,,,,,,,,,,,,,,,,,,,,,,,,,,,,,,,,,,,,,,,,,,,,,25459,1211,84,718,932,285,380,5740,1129,1744,150,7685,28,1070,7034,3966,0,344,2016,102,169,1445,1666,181,98,932,218,503,881,46
ACSSF,2019e1,nc,000,0007,0000199,,,,,,,,,,,,,,,,,,,,,,,,,,,,,,,,,,,,,,,,,,,,,,,,,,,,,,,,,,,,,,,,,,,,,,,,,,,,,,,,,,,,,,,,,,,,,,,,,,,,,,,,,,,,,,,,,,,,,,,,,,,,,,,,,,,,,,,,,,
ACSSF,2019e1,nc,000,0007,0000200,,,,,,,,,,,,,,,,,,,,,,,,,,,,,,,,,,,,,,,,,,,,,,,,,,,,,,,,,,,,,,,,,,,,,,,,,,,,,,,,,,,,,,,,,,,,,,,,,,,,,,,,,,,,,20622,1030,0,941,0,52,385,4930,462,1180,852,5542,200,0,6712,2725,0,202,1574,266,99,733,1499,80,448,603,155,221,519,587
ACSSF,2019e1,nc,000,0007,0000201,,,,,,,,,,,,,,,,,,,,,,,,,,,,,,,,,,,,,,,,,,,,,,,,,,,,,,,,,,,,,,,,,,,,,,,,,,,,,,,,,,,,,,,,,,,,,,,,,,,,,,,,,,,,,58627,2813,810,1417,141,401,756,15053,1659,3336,514,19216,901,698,17041,10473,312,1825,5232,517,601,3410,5008,346,161,1605,435,667,1477,189
ACSSF,2019e1,nc,000,0007,0000202,,,,,,,,,,,,,,,,,,,,,,,,,,,,,,,,,,,,,,,,,,,,,,,,,,,,,,,,,,,,,,,,,,,,,,,,,,,,,,,,,,,,,,,,,,,,,,,,,,,,,,,,,,,,,50037,1198,104,161,966,0,1910,12774,1124,1193,747,13672,273,962,13902,7968,0,485,1820,258,294,2259,3692,186,235,816,0,217,2097,128
ACSSF,2019e1,nc,000,0007,0000203,,,,,,,,,,,,,,,,,,,,,,,,,,,,,,,,,,,,,,,,,,,,,,,,,,,,,,,,,,,,,,,,,,,,,,,,,,,,,,,,,,,,,,,,,,,,,,,,,,,,,,,,,,,,,,,,,,,,,,,,,,,,,,,,,,,,,,,,,,
ACSSF,2019e1,nc,000,0007,0000204,,,,,,,,,,,,,,,,,,,,,,,,,,,,,,,,,,,,,,,,,,,,,,,,,,,,,,,,,,,,,,,,,,,,,,,,,,,,,,,,,,,,,,,,,,,,,,,,,,,,,,,,,,,,,,,,,,,,,,,,,,,,,,,,,,,,,,,,,,
ACSSF,2019e1,nc,000,0007,0000205,,,,,,,,,,,,,,,,,,,,,,,,,,,,,,,,,,,,,,,,,,,,,,,,,,,,,,,,,,,,,,,,,,,,,,,,,,,,,,,,,,,,,,,,,,,,,,,,,,,,,,,,,,,,,,,,,,,,,,,,,,,,,,,,,,,,,,,,,,
ACSSF,2019e1,nc,000,0007,0000206,,,,,,,,,,,,,,,,,,,,,,,,,,,,,,,,,,,,,,,,,,,,,,,,,,,,,,,,,,,,,,,,,,,,,,,,,,,,,,,,,,,,,,,,,,,,,,,,,,,,,,,,,,,,,27722,1143,160,590,59,330,1181,3760,231,1561,0,13809,73,45,8359,3305,0,268,503,115,623,3185,1387,44,383,165,49,0,445,175
ACSSF,2019e1,nc,000,0007,0000207,,,,,,,,,,,,,,,,,,,,,,,,,,,,,,,,,,,,,,,,,,,,,,,,,,,,,,,,,,,,,,,,,,,,,,,,,,,,,,,,,,,,,,,,,,,,,,,,,,,,,,,,,,,,,,,,,,,,,,,,,,,,,,,,,,,,,,,,,,
ACSSF,2019e1,nc,000,0007,0000208,,,,,,,,,,,,,,,,,,,,,,,,,,,,,,,,,,,,,,,,,,,,,,,,,,,,,,,,,,,,,,,,,,,,,,,,,,,,,,,,,,,,,,,,,,,,,,,,,,,,,,,,,,,,,53926,2301,0,1517,233,54,1581,15003,1064,3116,1000,17577,1547,1071,13856,8542,552,851,4901,95,1346,3306,3416,575,663,2155,573,831,1145,97
ACSSF,2019e1,nc,000,0007,0000209,,,,,,,,,,,,,,,,,,,,,,,,,,,,,,,,,,,,,,,,,,,,,,,,,,,,,,,,,,,,,,,,,,,,,,,,,,,,,,,,,,,,,,,,,,,,,,,,,,,,,,,,,,,,,283225,24116,3108,8327,3503,1692,7315,75330,5695,19413,3344,85276,4465,3826,76752,37772,1705,7508,19760,1855,4686,9654,18782,1960,2838,6296,2134,1260,7386,1573
ACSSF,2019e1,nc,000,0007,0000210,,,,,,,,,,,,,,,,,,,,,,,,,,,,,,,,,,,,,,,,,,,,,,,,,,,,,,,,,,,,,,,,,,,,,,,,,,,,,,,,,,,,,,,,,,,,,,,,,,,,,,,,,,,,,,,,,,,,,,,,,,,,,,,,,,,,,,,,,,
ACSSF,2019e1,nc,000,0007,0000211,,,,,,,,,,,,,,,,,,,,,,,,,,,,,,,,,,,,,,,,,,,,,,,,,,,,,,,,,,,,,,,,,,,,,,,,,,,,,,,,,,,,,,,,,,,,,,,,,,,,,,,,,,,,,,,,,,,,,,,,,,,,,,,,,,,,,,,,,,
ACSSF,2019e1,nc,000,0007,0000212,,,,,,,,,,,,,,,,,,,,,,,,,,,,,,,,,,,,,,,,,,,,,,,,,,,,,,,,,,,,,,,,,,,,,,,,,,,,,,,,,,,,,,,,,,,,,,,,,,,,,,,,,,,,,,,,,,,,,,,,,,,,,,,,,,,,,,,,,,
