ACSSF,2019e1,nc,000,0060,0000001,7187077,818924,371108,221990,130490,5028,10145,3455,447816,375665,51892,6469,10264,3526,1839042,998391,880313,87267,13393,11061,6357,840651,794086,24589,10910,8269,2797,2207926,1451990,1335394,73891,19224,15856,7625,755936,712018,22232,11466,7375,2845,2321185,1693451,1504999,59351,61174,52698,15229,627734,565362,17780,20316,17541,6735,7187077,818924,371108,221990,130490,18628,447816,375665,51892,20259,1839042,998391,880313,87267,30811,840651,794086,24589,21976,2207926,1451990,1335394,73891,42705,755936,712018,22232,21686,2321185,1693451,1504999,59351,129101,627734,565362,17780,44592
ACSSF,2019e1,nc,000,0060,0000002,4710998,498505,241534,127951,96958,3716,9571,3338,256971,203015,37198,5307,8403,3048,1051106,583015,490461,66418,11398,8981,5757,468091,433063,17118,8585,7067,2258,1402026,939351,845152,58581,15809,12612,7197,462675,428302,16674,9396,6120,2183,1759361,1318124,1154927,47797,54230,47153,14017,441237,390168,12778,16575,15718,5998,4710998,498505,241534,127951,96958,16625,256971,203015,37198,16758,1051106,583015,490461,66418,26136,468091,433063,17118,17910,1402026,939351,845152,58581,35618,462675,428302,16674,17699,1759361,1318124,1154927,47797,115400,441237,390168,12778,38291
ACSSF,2019e1,nc,000,0060,0000003,2476079,320419,129574,94039,33532,1312,574,117,190845,172650,14694,1162,1861,478,787936,415376,389852,20849,1995,2080,600,372560,361023,7471,2325,1202,539,805900,512639,490242,15310,3415,3244,428,293261,283716,5558,2070,1255,662,561824,375327,350072,11554,6944,5545,1212,186497,175194,5002,3741,1823,737,2476079,320419,129574,94039,33532,2003,190845,172650,14694,3501,787936,415376,389852,20849,4675,372560,361023,7471,4066,805900,512639,490242,15310,7087,293261,283716,5558,3987,561824,375327,350072,11554,13701,186497,175194,5002,6301
ACSSF,2019e1,nc,000,0060,0000004,6756380,749770,345294,205026,122177,4491,10145,3455,404476,336444,48499,6142,10083,3308,1691876,926995,813528,83307,13244,10619,6297,764881,721254,22070,10805,8077,2675,2070641,1374579,1262834,69545,19007,15634,7559,696062,654284,20704,11009,7220,2845,2244093,1649221,1463428,57667,60760,52257,15109,594872,533957,17068,20049,17063,6735,6756380,749770,345294,205026,122177,18091,404476,336444,48499,19533,1691876,926995,813528,83307,30160,764881,721254,22070,21557,2070641,1374579,1262834,69545,42200,696062,654284,20704,21074,2244093,1649221,1463428,57667,128126,594872,533957,17068,43847
ACSSF,2019e1,nc,000,0060,0000005,5786008,609914,291585,167156,106999,4171,9822,3437,318329,257569,41838,5987,9906,3029,1400459,778223,673850,76752,12258,9304,6059,622236,581760,19795,10280,7906,2495,1750731,1175119,1072936,62906,17906,13904,7467,575612,538944,18047,9883,6571,2167,2024904,1509636,1331046,54783,57504,51332,14971,515268,458862,14507,18943,16357,6599,5786008,609914,291585,167156,106999,17430,318329,257569,41838,18922,1400459,778223,673850,76752,27621,622236,581760,19795,20681,1750731,1175119,1072936,62906,39277,575612,538944,18047,18621,2024904,1509636,1331046,54783,123807,515268,458862,14507,41899
ACSSF,2019e1,nc,000,0060,0000006,2322015,235713,127623,57387,57463,2632,7037,3104,108090,75802,20195,3750,5670,2673,459573,271709,220089,34347,6689,5642,4942,187864,169229,8779,3971,4163,1722,642231,449679,395331,31745,9047,8064,5492,192552,173833,8875,4883,3740,1221,984498,758697,647118,28487,36395,35627,11070,225801,192396,6456,9972,12496,4481,2322015,235713,127623,57387,57463,12773,108090,75802,20195,12093,459573,271709,220089,34347,17273,187864,169229,8779,9856,642231,449679,395331,31745,22603,192552,173833,8875,9844,984498,758697,647118,28487,83092,225801,192396,6456,26949
ACSSF,2019e1,nc,000,0060,0000007,3463993,374201,163962,109769,49536,1539,2785,333,210239,181767,21643,2237,4236,356,940886,506514,453761,42405,5569,3662,1117,434372,412531,11016,6309,3743,773,1108500,725440,677605,31161,8859,5840,1975,383060,365111,9172,5000,2831,946,1040406,750939,683928,26296,21109,15705,3901,289467,266466,8051,8971,3861,2118,3463993,374201,163962,109769,49536,4657,210239,181767,21643,6829,940886,506514,453761,42405,10348,434372,412531,11016,10825,1108500,725440,677605,31161,16674,383060,365111,9172,8777,1040406,750939,683928,26296,40715,289467,266466,8051,14950
ACSSF,2019e1,nc,000,0060,0000008,970372,139856,53709,37870,15178,320,323,18,86147,78875,6661,155,177,279,291417,148772,139678,6555,986,1315,238,142645,139494,2275,525,171,180,319910,199460,189898,6639,1101,1730,92,120450,115340,2657,1126,649,678,219189,139585,132382,2884,3256,925,138,79604,75095,2561,1106,706,136,970372,139856,53709,37870,15178,661,86147,78875,6661,611,291417,148772,139678,6555,2539,142645,139494,2275,876,319910,199460,189898,6639,2923,120450,115340,2657,2453,219189,139585,132382,2884,4319,79604,75095,2561,1948
ACSSF,2019e1,nc,000,0060,0000009,237189,35058,13192,8004,4909,193,68,18,21866,20145,1678,23,20,0,60081,27529,24932,1472,610,489,26,32552,31434,695,185,98,140,77828,45473,42070,2366,341,696,0,32355,30178,1180,431,140,426,64222,41368,37468,1388,1886,544,82,22854,20621,1340,283,610,0,237189,35058,13192,8004,4909,279,21866,20145,1678,43,60081,27529,24932,1472,1125,32552,31434,695,423,77828,45473,42070,2366,1037,32355,30178,1180,997,64222,41368,37468,1388,2512,22854,20621,1340,893
ACSSF,2019e1,nc,000,0060,0000010,733183,104798,40517,29866,10269,127,255,0,64281,58730,4983,132,157,279,231336,121243,114746,5083,376,826,212,110093,108060,1580,340,73,40,242082,153987,147828,4273,760,1034,92,88095,85162,1477,695,509,252,154967,98217,94914,1496,1370,381,56,56750,54474,1221,823,96,136,733183,104798,40517,29866,10269,382,64281,58730,4983,568,231336,121243,114746,5083,1414,110093,108060,1580,453,242082,153987,147828,4273,1886,88095,85162,1477,1456,154967,98217,94914,1496,1807,56750,54474,1221,1055
ACSSF,2019e1,nc,000,0060,0000011,430697,69154,25814,16964,8313,537,0,0,43340,39221,3393,327,181,218,147166,71396,66785,3960,149,442,60,75770,72832,2519,105,192,122,137285,77411,72560,4346,217,222,66,59874,57734,1528,457,155,0,77092,44230,41571,1684,414,441,120,32862,31405,712,267,478,0,430697,69154,25814,16964,8313,537,43340,39221,3393,726,147166,71396,66785,3960,651,75770,72832,2519,419,137285,77411,72560,4346,505,59874,57734,1528,612,77092,44230,41571,1684,975,32862,31405,712,745
ACSSF,2019e1,nc,000,0060,0000012,1401069,209010,79523,54834,23491,857,323,18,129487,118096,10054,482,358,497,438583,220168,206463,10515,1135,1757,298,218415,212326,4794,630,363,302,457195,276871,262458,10985,1318,1952,158,180324,173074,4185,1583,804,678,296281,183815,173953,4568,3670,1366,258,112466,106500,3273,1373,1184,136,1401069,209010,79523,54834,23491,1198,129487,118096,10054,1337,438583,220168,206463,10515,3190,218415,212326,4794,1295,457195,276871,262458,10985,3428,180324,173074,4185,3065,296281,183815,173953,4568,5294,112466,106500,3273,2693
ACSSF,2019e1,nc,000,0060,0000013,,,,,,,,,,,,,,,,,,,,,,,,,,,,,,,,,,,,,,,,,,,,,,,,,,,,,,114122,14521,6668,3127,3383,158,7853,6359,1450,44,34596,19657,17110,2161,386,14939,14051,362,526,36068,25843,23495,1370,978,10225,9819,169,237,28937,21192,19194,914,1084,7745,7181,138,426
ACSSF,2019e1,nc,000,0060,0000014,,,,,,,,,,,,,,,,,,,,,,,,,,,,,,,,,,,,,,,,,,,,,,,,,,,,,,114779,7648,3637,3509,41,87,4011,3372,639,0,30257,14526,13211,1248,67,15731,15021,333,377,39043,19736,18860,521,355,19307,18975,308,24,37831,18251,17348,666,237,19580,18218,375,987
ACSSF,2019e1,nc,000,0060,0000015,193633,15553,5563,3192,2185,186,0,0,9990,7854,837,1208,91,0,46011,23577,20103,2484,990,0,0,22434,21569,202,638,25,0,53763,35146,33211,1194,741,0,0,18617,18114,154,335,0,14,78306,52818,49507,1128,1769,388,26,25488,23919,686,673,134,76,193633,15553,5563,3192,2185,186,9990,7854,837,1299,46011,23577,20103,2484,990,22434,21569,202,663,53763,35146,33211,1194,741,18617,18114,154,349,78306,52818,49507,1128,2183,25488,23919,686,883
ACSSF,2019e1,nc,000,0060,0000016,,,,,,,,,,,,,,,,,,,,,,,,,,,,,,,,,,,,,,,,,,,,,,,,,,,,,,67177,11908,4546,2430,1202,914,7362,5766,1300,296,22081,10912,10520,210,182,11169,10484,78,607,20708,13282,11973,701,608,7426,7050,77,299,12480,8173,8009,0,164,4307,4234,0,73
ACSSF,2019e1,nc,000,0060,0000017,142955,12960,5995,3588,2407,0,0,0,6965,6146,280,150,86,303,37386,23849,21993,1242,120,288,206,13537,12362,323,393,76,383,43402,30543,27800,1268,360,690,425,12859,12323,191,158,187,0,49207,40016,34610,1761,1939,1102,604,9191,7023,402,1094,273,399,142955,12960,5995,3588,2407,0,6965,6146,280,539,37386,23849,21993,1242,614,13537,12362,323,852,43402,30543,27800,1268,1475,12859,12323,191,345,49207,40016,34610,1761,3645,9191,7023,402,1766
ACSSF,2019e1,nc,000,0060,0000018,,,,,,,,,,,,,,,,,,,,,,,,,,,,,,,,,,,,,,,,,,,,,,,,,,,,,,,,,,,,,,,,,,,,,,,,,,,,,,,,,,,,,,,,,,
ACSSF,2019e1,nc,000,0060,0000019,,,,,,,,,,,,,,,,,,,,,,,,,,,,,,,,,,,,,,,,,,,,,,,,,,,,,,52454,4749,2639,2392,221,26,2110,2053,57,0,13771,6969,6272,498,199,6802,6744,0,58,17815,9870,9365,363,142,7945,7290,129,526,16119,9472,9075,40,357,6647,6051,407,189
ACSSF,2019e1,nc,000,0060,0000020,111167,14990,7407,4214,2935,0,258,0,7583,6923,395,46,219,0,32022,18216,15970,1735,146,365,0,13806,12984,362,220,142,98,38138,26595,23209,1579,172,1635,0,11543,10999,480,64,0,0,26017,18600,15701,1233,262,1265,139,7417,7290,0,0,127,0,111167,14990,7407,4214,2935,258,7583,6923,395,265,32022,18216,15970,1735,511,13806,12984,362,460,38138,26595,23209,1579,1807,11543,10999,480,64,26017,18600,15701,1233,1666,7417,7290,0,127
ACSSF,2019e1,nc,000,0060,0000021,,,,,,,,,,,,,,,,,,,,,,,,,,,,,,,,,,,,,,,,,,,,,,,,,,,,,,55042,7039,3299,1986,1313,0,3740,2870,470,400,11838,4843,3085,1474,284,6995,5680,901,414,11942,7881,7592,125,164,4061,4061,0,0,24223,14541,13557,355,629,9682,9003,73,606
ACSSF,2019e1,nc,000,0060,0000022,,,,,,,,,,,,,,,,,,,,,,,,,,,,,,,,,,,,,,,,,,,,,,,,,,,,,,,,,,,,,,,,,,,,,,,,,,,,,,,,,,,,,,,,,,
ACSSF,2019e1,nc,000,0060,0000023,,,,,,,,,,,,,,,,,,,,,,,,,,,,,,,,,,,,,,,,,,,,,,,,,,,,,,67879,6602,4023,3168,804,51,2579,2232,273,74,18526,10393,8437,1411,545,8133,7367,537,229,27878,16736,16347,354,35,11142,10961,0,181,14873,8315,7672,109,534,6558,6290,162,106
ACSSF,2019e1,nc,000,0060,0000024,208611,18697,8857,6102,2201,79,453,22,9840,8258,950,205,427,0,56438,32015,28905,1607,552,909,42,24423,23301,577,378,167,0,81637,56354,49743,4769,982,595,265,25283,22514,1472,646,434,217,51839,37380,31764,2877,873,1389,477,14459,12192,816,603,537,311,208611,18697,8857,6102,2201,554,9840,8258,950,632,56438,32015,28905,1607,1503,24423,23301,577,545,81637,56354,49743,4769,1842,25283,22514,1472,1297,51839,37380,31764,2877,2739,14459,12192,816,1451
ACSSF,2019e1,nc,000,0060,0000025,,,,,,,,,,,,,,,,,,,,,,,,,,,,,,,,,,,,,,,,,,,,,,,,,,,,,,120125,17252,5634,4123,1016,495,11618,10087,405,1126,42438,22835,20223,1801,811,19603,18245,1099,259,37697,24139,23088,314,737,13558,13262,77,219,22738,15573,14960,249,364,7165,6640,525,0
ACSSF,2019e1,nc,000,0060,0000026,223247,24014,12375,5162,6417,373,224,199,11639,5998,4071,25,820,725,41630,22890,19035,2464,311,609,471,18740,17149,1308,87,0,196,47572,32857,29574,2582,163,144,394,14715,13910,135,140,161,369,110031,85665,75436,2325,3220,3346,1338,24366,20912,719,1081,1229,425,223247,24014,12375,5162,6417,796,11639,5998,4071,1570,41630,22890,19035,2464,1391,18740,17149,1308,283,47572,32857,29574,2582,701,14715,13910,135,670,110031,85665,75436,2325,7904,24366,20912,719,2735
ACSSF,2019e1,nc,000,0060,0000027,258434,28975,14750,7699,6724,119,152,56,14225,10633,3314,0,278,0,68338,36023,32471,2980,379,68,125,32315,30661,886,396,322,50,75246,50321,46817,3134,119,116,135,24925,22983,1143,433,366,0,85875,62435,55901,2816,1178,2242,298,23440,21298,562,517,977,86,258434,28975,14750,7699,6724,327,14225,10633,3314,278,68338,36023,32471,2980,572,32315,30661,886,768,75246,50321,46817,3134,370,24925,22983,1143,799,85875,62435,55901,2816,3718,23440,21298,562,1580
ACSSF,2019e1,nc,000,0060,0000028,,,,,,,,,,,,,,,,,,,,,,,,,,,,,,,,,,,,,,,,,,,,,,,,,,,,,,,,,,,,,,,,,,,,,,,,,,,,,,,,,,,,,,,,,,
ACSSF,2019e1,nc,000,0060,0000029,157145,23147,9375,8244,1105,26,0,0,13772,13189,498,44,41,0,46675,26340,23289,2653,292,106,0,20335,19139,1151,45,0,0,50475,34891,32383,1681,470,174,183,15584,14385,500,305,394,0,36848,29272,26489,756,855,1058,114,7576,7346,116,51,63,0,157145,23147,9375,8244,1105,26,13772,13189,498,85,46675,26340,23289,2653,398,20335,19139,1151,45,50475,34891,32383,1681,827,15584,14385,500,699,36848,29272,26489,756,2027,7576,7346,116,114
ACSSF,2019e1,nc,000,0060,0000030,359317,41594,19161,10670,4871,432,2157,1031,22433,18904,1163,555,1157,654,80865,45841,38535,3760,1159,1265,1122,35024,31868,814,946,982,414,103795,66852,59526,3440,1534,1268,1084,36943,34217,1264,1005,146,311,133063,98634,86368,3647,3847,3959,813,34429,31510,875,467,957,620,359317,41594,19161,10670,4871,3620,22433,18904,1163,2366,80865,45841,38535,3760,3546,35024,31868,814,2342,103795,66852,59526,3440,3886,36943,34217,1264,1462,133063,98634,86368,3647,8619,34429,31510,875,2044
ACSSF,2019e1,nc,000,0060,0000031,,,,,,,,,,,,,,,,,,,,,,,,,,,,,,,,,,,,,,,,,,,,,,,,,,,,,,87796,9596,3396,2112,1284,0,6200,4955,1101,144,26710,14308,13267,948,93,12402,11985,80,337,30256,19264,17721,1224,319,10992,10488,343,161,21234,16161,14850,1009,302,5073,4840,47,186
ACSSF,2019e1,nc,000,0060,0000032,,,,,,,,,,,,,,,,,,,,,,,,,,,,,,,,,,,,,,,,,,,,,,,,,,,,,,88613,8428,4308,2510,1533,265,4120,3701,318,101,21545,11582,9468,1824,290,9963,9003,405,555,32102,18345,17436,593,316,13757,12864,697,196,26538,15329,14754,229,346,11209,10590,194,425
ACSSF,2019e1,nc,000,0060,0000033,126121,12343,6340,4993,1347,0,0,0,6003,5226,484,119,160,14,35183,19667,16826,2036,349,456,0,15516,14795,285,280,156,0,39639,28282,26975,780,187,340,0,11357,10723,49,404,144,37,38956,29831,26636,1099,786,1129,181,9125,8165,235,377,240,108,126121,12343,6340,4993,1347,0,6003,5226,484,293,35183,19667,16826,2036,805,15516,14795,285,436,39639,28282,26975,780,527,11357,10723,49,585,38956,29831,26636,1099,2096,9125,8165,235,725
ACSSF,2019e1,nc,000,0060,0000034,,,,,,,,,,,,,,,,,,,,,,,,,,,,,,,,,,,,,,,,,,,,,,,,,,,,,,138897,17381,9237,4184,4798,255,8144,6337,1467,340,34542,18155,15721,2324,110,16387,15987,387,13,53524,35919,33602,1723,594,17605,16784,434,387,33450,27080,25121,723,1236,6370,5516,210,644
ACSSF,2019e1,nc,000,0060,0000035,,,,,,,,,,,,,,,,,,,,,,,,,,,,,,,,,,,,,,,,,,,,,,,,,,,,,,62105,4887,1997,1608,389,0,2890,2442,434,14,20213,11734,10928,806,0,8479,8291,148,40,20881,14253,13414,716,123,6628,6269,183,176,16124,11580,11044,257,279,4544,4478,66,0
ACSSF,2019e1,nc,000,0060,0000036,752114,72795,44771,16420,24230,750,2706,665,28024,15074,8359,1769,1929,893,121680,74966,56248,12944,2959,1923,892,46714,40307,3412,987,1756,252,214044,156621,137169,11120,4146,2857,1329,57423,51548,2829,1707,917,422,343595,274782,235085,10743,12815,12211,3928,68813,58226,2774,2686,3141,1986,752114,72795,44771,16420,24230,4121,28024,15074,8359,4591,121680,74966,56248,12944,5774,46714,40307,3412,2995,214044,156621,137169,11120,8332,57423,51548,2829,3046,343595,274782,235085,10743,28954,68813,58226,2774,7813
ACSSF,2019e1,nc,000,0060,0000037,,,,,,,,,,,,,,,,,,,,,,,,,,,,,,,,,,,,,,,,,,,,,,,,,,,,,,73523,6477,2898,1851,1047,0,3579,3200,328,51,15840,7368,6961,303,104,8472,8289,18,165,22408,12554,11384,682,488,9854,9341,434,79,28798,19013,16653,840,1520,9785,9168,227,390
ACSSF,2019e1,nc,000,0060,0000038,,,,,,,,,,,,,,,,,,,,,,,,,,,,,,,,,,,,,,,,,,,,,,,,,,,,,,,,,,,,,,,,,,,,,,,,,,,,,,,,,,,,,,,,,,
ACSSF,2019e1,nc,000,0060,0000039,,,,,,,,,,,,,,,,,,,,,,,,,,,,,,,,,,,,,,,,,,,,,,,,,,,,,,162287,11302,5684,4465,700,519,5618,5348,210,60,31044,17796,15930,1588,278,13248,12887,174,187,50048,31495,29460,978,1057,18553,17630,168,755,69893,50015,47380,728,1907,19878,18525,208,1145
ACSSF,2019e1,nc,000,0060,0000040,,,,,,,,,,,,,,,,,,,,,,,,,,,,,,,,,,,,,,,,,,,,,,,,,,,,,,108676,9030,4624,3084,1205,335,4406,3880,356,170,32295,18359,16653,1399,307,13936,13358,148,430,40562,25912,24027,796,1089,14650,12413,1867,370,26789,20204,18274,1621,309,6585,6022,443,120
ACSSF,2019e1,nc,000,0060,0000041,93642,5191,2550,1380,586,282,302,0,2641,2641,0,0,0,0,12281,6180,5122,829,111,118,0,6101,5765,0,150,186,0,17078,10263,8649,906,310,330,68,6815,5726,456,202,431,0,59092,43041,35746,2969,1507,2240,579,16051,13750,306,897,1058,40,93642,5191,2550,1380,586,584,2641,2641,0,0,12281,6180,5122,829,229,6101,5765,0,336,17078,10263,8649,906,708,6815,5726,456,633,59092,43041,35746,2969,4326,16051,13750,306,1995
ACSSF,2019e1,nc,000,0060,0000042,,,,,,,,,,,,,,,,,,,,,,,,,,,,,,,,,,,,,,,,,,,,,,,,,,,,,,112043,13076,6669,5244,1305,120,6407,5807,438,162,28701,15788,13385,1951,452,12913,11876,449,588,34309,24495,23216,997,282,9814,9696,80,38,35957,26403,23885,798,1720,9554,9235,0,319
ACSSF,2019e1,nc,000,0060,0000043,,,,,,,,,,,,,,,,,,,,,,,,,,,,,,,,,,,,,,,,,,,,,,,,,,,,,,100084,18506,7725,4147,3411,167,10781,9263,1357,161,34692,20295,18632,1663,0,14397,13992,392,13,31909,19356,18144,1149,63,12553,12052,488,13,14977,9438,8718,351,369,5539,4694,99,746
ACSSF,2019e1,nc,000,0060,0000044,,,,,,,,,,,,,,,,,,,,,,,,,,,,,,,,,,,,,,,,,,,,,,,,,,,,,,85215,18646,6059,4179,1695,185,12587,11322,1183,82,29451,14012,13065,628,319,15439,15007,359,73,24479,14660,14245,373,42,9819,9600,136,83,12639,8677,8573,48,56,3962,3713,146,103
ACSSF,2019e1,nc,000,0060,0000045,,,,,,,,,,,,,,,,,,,,,,,,,,,,,,,,,,,,,,,,,,,,,,,,,,,,,,66036,11370,4099,3634,465,0,7271,6594,618,59,27272,15197,14820,377,0,12075,11587,444,44,17982,11377,10526,806,45,6605,6309,243,53,9412,6416,5623,664,129,2996,2996,0,0
ACSSF,2019e1,nc,000,0060,0000046,,,,,,,,,,,,,,,,,,,,,,,,,,,,,,,,,,,,,,,,,,,,,,,,,,,,,,98238,13460,5174,2596,2427,151,8286,7212,1074,0,29968,16543,15652,763,128,13425,12699,528,198,36831,24684,23454,922,308,12147,11943,23,181,17979,13297,12053,892,352,4682,4219,463,0
ACSSF,2019e1,nc,000,0060,0000047,,,,,,,,,,,,,,,,,,,,,,,,,,,,,,,,,,,,,,,,,,,,,,,,,,,,,,48325,6294,2620,2138,482,0,3674,3283,391,0,15183,6429,6375,7,47,8754,8397,290,67,17325,9996,9302,411,283,7329,6981,36,312,9523,4706,4273,230,203,4817,4348,455,14
ACSSF,2019e1,nc,000,0060,0000048,,,,,,,,,,,,,,,,,,,,,,,,,,,,,,,,,,,,,,,,,,,,,,,,,,,,,,,,,,,,,,,,,,,,,,,,,,,,,,,,,,,,,,,,,,
ACSSF,2019e1,nc,000,0060,0000049,154095,14142,7673,3711,3853,51,0,58,6469,4762,1097,385,149,76,36140,20276,16763,2126,1281,62,44,15864,14935,536,393,0,0,46031,31489,28775,1731,866,0,117,14542,13143,747,527,0,125,57782,45594,39077,1897,3303,1006,311,12188,10859,234,796,117,182,154095,14142,7673,3711,3853,109,6469,4762,1097,610,36140,20276,16763,2126,1387,15864,14935,536,393,46031,31489,28775,1731,983,14542,13143,747,652,57782,45594,39077,1897,4620,12188,10859,234,1095
ACSSF,2019e1,nc,000,0060,0000050,747815,49747,28066,12101,13432,841,1423,269,21681,14913,4223,646,1761,138,113857,66595,49259,12151,1734,1316,2135,47262,41141,1738,2221,1572,590,179713,127929,109507,10827,3309,2144,2142,51784,46266,2004,1850,1324,340,404498,316534,268816,8615,17880,16080,5143,87964,72448,2652,5728,5750,1386,747815,49747,28066,12101,13432,2533,21681,14913,4223,2545,113857,66595,49259,12151,5185,47262,41141,1738,4383,179713,127929,109507,10827,7595,51784,46266,2004,3514,404498,316534,268816,8615,39103,87964,72448,2652,12864
ACSSF,2019e1,nc,000,0060,0000051,,,,,,,,,,,,,,,,,,,,,,,,,,,,,,,,,,,,,,,,,,,,,,,,,,,,,,80491,11445,5583,2335,2686,562,5862,4337,1431,94,25703,11996,11331,539,126,13707,13502,58,147,28761,17758,16890,670,198,11003,10588,408,7,14582,10104,8731,369,1004,4478,4093,175,210
ACSSF,2019e1,nc,000,0060,0000052,,,,,,,,,,,,,,,,,,,,,,,,,,,,,,,,,,,,,,,,,,,,,,,,,,,,,,,,,,,,,,,,,,,,,,,,,,,,,,,,,,,,,,,,,,
ACSSF,2019e1,nc,000,0060,0000053,,,,,,,,,,,,,,,,,,,,,,,,,,,,,,,,,,,,,,,,,,,,,,,,,,,,,,,,,,,,,,,,,,,,,,,,,,,,,,,,,,,,,,,,,,
ACSSF,2019e1,nc,000,0060,0000054,,,,,,,,,,,,,,,,,,,,,,,,,,,,,,,,,,,,,,,,,,,,,,,,,,,,,,66935,5586,2034,975,946,113,3552,2148,361,1043,11459,5427,4894,244,289,6032,6032,0,0,17153,11610,10446,615,549,5543,5543,0,0,32737,24872,22883,913,1076,7865,7448,238,179
ACSSF,2019e1,nc,000,0060,0000055,118721,3374,2258,590,1034,253,337,44,1116,520,40,272,284,0,11915,6914,3778,1063,582,427,1064,5001,3856,392,364,389,0,22217,14932,12959,1282,359,144,188,7285,5576,120,816,730,43,81215,60273,43816,1063,7151,7390,853,20942,14673,354,2937,2700,278,118721,3374,2258,590,1034,634,1116,520,40,556,11915,6914,3778,1063,2073,5001,3856,392,753,22217,14932,12959,1282,691,7285,5576,120,1589,81215,60273,43816,1063,15394,20942,14673,354,5915
ACSSF,2019e1,nc,000,0060,0000056,596804,63379,39871,13853,22091,750,2512,665,23508,11914,7493,1364,1929,808,96261,61348,44471,12051,2514,1520,792,34913,29716,3008,945,992,252,169187,123965,108776,8548,3077,2563,1001,45222,40281,2605,1304,806,226,267977,218602,184827,8420,10672,11587,3096,49375,41014,1633,2492,2894,1342,596804,63379,39871,13853,22091,3927,23508,11914,7493,4101,96261,61348,44471,12051,4826,34913,29716,3008,2189,169187,123965,108776,8548,6641,45222,40281,2605,2336,267977,218602,184827,8420,25355,49375,41014,1633,6728
ACSSF,2019e1,nc,000,0060,0000057,,,,,,,,,,,,,,,,,,,,,,,,,,,,,,,,,,,,,,,,,,,,,,,,,,,,,,61361,6480,3329,1673,1656,0,3151,2503,195,453,13749,9074,8508,72,494,4675,4453,91,131,16102,12362,10981,617,764,3740,3457,136,147,25030,19872,17003,789,2080,5158,4170,138,850
ACSSF,2019e1,nc,000,0060,0000058,190711,20267,10602,5004,4978,197,224,199,9665,5479,2616,25,820,725,32975,20388,16533,2464,311,609,471,12587,11366,938,87,0,196,40081,28752,25803,2248,163,144,394,11329,10751,69,140,0,369,97388,77145,67263,2122,3219,3203,1338,20243,17200,436,953,1229,425,190711,20267,10602,5004,4978,620,9665,5479,2616,1570,32975,20388,16533,2464,1391,12587,11366,938,283,40081,28752,25803,2248,701,11329,10751,69,509,97388,77145,67263,2122,7760,20243,17200,436,2607
ACSSF,2019e1,nc,000,0060,0000059,129266,10995,5212,3092,1566,79,453,22,5783,4823,415,205,340,0,33016,19729,17457,1174,329,727,42,13287,12465,411,244,167,0,50662,33962,29643,3112,671,271,265,16700,14413,1138,572,434,143,34593,25415,21176,2075,590,1228,346,9178,7498,422,479,537,242,129266,10995,5212,3092,1566,554,5783,4823,415,545,33016,19729,17457,1174,1098,13287,12465,411,411,50662,33962,29643,3112,1207,16700,14413,1138,1149,34593,25415,21176,2075,2164,9178,7498,422,1258
ACSSF,2019e1,nc,000,0060,0000060,,,,,,,,,,,,,,,,,,,,,,,,,,,,,,,,,,,,,,,,,,,,,,,,,,,,,,51520,7571,3764,3014,724,26,3807,3436,327,44,15848,9976,8102,1668,206,5872,4976,851,45,14272,9716,8140,1005,571,4556,3866,349,341,13829,10505,8990,551,964,3324,3161,49,114
ACSSF,2019e1,nc,000,0060,0000061,192908,22334,10704,5460,2833,132,1530,749,11630,10033,540,0,856,201,43379,26671,21159,2746,733,911,1122,16708,14268,346,770,910,414,52608,35118,30076,2126,1000,1144,772,17490,15958,865,367,146,154,74587,56618,48244,2270,2321,2970,813,17969,16175,620,182,585,407,192908,22334,10704,5460,2833,2411,11630,10033,540,1057,43379,26671,21159,2746,2766,16708,14268,346,2094,52608,35118,30076,2126,2916,17490,15958,865,667,74587,56618,48244,2270,6104,17969,16175,620,1174
ACSSF,2019e1,nc,000,0060,0000062,,,,,,,,,,,,,,,,,,,,,,,,,,,,,,,,,,,,,,,,,,,,,,,,,,,,,,,,,,,,,,,,,,,,,,,,,,,,,,,,,,,,,,,,,,
ACSSF,2019e1,nc,000,0060,0000063,72816,11271,4765,2015,1723,218,527,282,6506,4574,623,555,301,453,14017,7205,6146,272,426,309,52,6812,6665,41,106,0,0,23099,15774,13831,937,646,124,236,7325,6282,248,638,0,157,24429,18035,15751,558,1105,548,73,6394,5646,110,205,318,115,72816,11271,4765,2015,1723,1027,6506,4574,623,1309,14017,7205,6146,272,787,6812,6665,41,106,23099,15774,13831,937,1006,7325,6282,248,795,24429,18035,15751,558,1726,6394,5646,110,638
ACSSF,2019e1,nc,000,0060,0000064,,,,,,,,,,,,,,,,,,,,,,,,,,,,,,,,,,,,,,,,,,,,,,,,,,,,,,,,,,,,,,,,,,,,,,,,,,,,,,,,,,,,,,,,,,
ACSSF,2019e1,nc,000,0060,0000065,318649,26257,15356,5773,7846,512,1000,225,10901,6714,3228,92,729,138,53595,32355,23944,6471,788,462,690,21240,18047,1135,760,708,590,78589,56155,46117,5040,1726,1506,1766,22434,20482,1161,329,333,129,160208,126596,111104,4300,5139,3051,3002,33612,28495,1535,793,1681,1108,318649,26257,15356,5773,7846,1737,10901,6714,3228,959,53595,32355,23944,6471,1940,21240,18047,1135,2058,78589,56155,46117,5040,4998,22434,20482,1161,791,160208,126596,111104,4300,11192,33612,28495,1535,3582
ACSSF,2019e1,nc,000,0060,0000066,,,,,,,,,,,,,,,,,,,,,,,,,,,,,,,,,,,,,,,,,,,,,,,,,,,,,,80774,6875,3482,2446,700,336,3393,3183,210,0,15572,9046,8189,604,253,6526,6488,0,38,24488,14500,13655,633,212,9988,9613,168,207,33839,22550,21418,368,764,11289,10135,208,946
ACSSF,2019e1,nc,000,0060,0000067,158491,20200,11675,5061,6336,70,152,56,8525,6772,1661,0,92,0,42152,22537,20194,1945,330,68,0,19615,18490,799,276,0,50,44806,31538,28883,2477,62,116,0,13268,11990,704,267,307,0,51333,37881,33165,2133,900,1434,249,13452,12356,257,421,418,0,158491,20200,11675,5061,6336,278,8525,6772,1661,92,42152,22537,20194,1945,398,19615,18490,799,326,44806,31538,28883,2477,178,13268,11990,704,574,51333,37881,33165,2133,2583,13452,12356,257,839
ACSSF,2019e1,nc,000,0060,0000068,,,,,,,,,,,,,,,,,,,,,,,,,,,,,,,,,,,,,,,,,,,,,,,,,,,,,,66935,5586,2034,975,946,113,3552,2148,361,1043,11459,5427,4894,244,289,6032,6032,0,0,17153,11610,10446,615,549,5543,5543,0,0,32737,24872,22883,913,1076,7865,7448,238,179
ACSSF,2019e1,nc,000,0060,0000069,596804,63379,39871,13853,22091,750,2512,665,23508,11914,7493,1364,1929,808,96261,61348,44471,12051,2514,1520,792,34913,29716,3008,945,992,252,169187,123965,108776,8548,3077,2563,1001,45222,40281,2605,1304,806,226,267977,218602,184827,8420,10672,11587,3096,49375,41014,1633,2492,2894,1342,596804,63379,39871,13853,22091,3927,23508,11914,7493,4101,96261,61348,44471,12051,4826,34913,29716,3008,2189,169187,123965,108776,8548,6641,45222,40281,2605,2336,267977,218602,184827,8420,25355,49375,41014,1633,6728
ACSSF,2019e1,nc,000,0060,0000070,,,,,,,,,,,,,,,,,,,,,,,,,,,,,,,,,,,,,,,,,,,,,,,,,,,,,,61361,6480,3329,1673,1656,0,3151,2503,195,453,13749,9074,8508,72,494,4675,4453,91,131,16102,12362,10981,617,764,3740,3457,136,147,25030,19872,17003,789,2080,5158,4170,138,850
ACSSF,2019e1,nc,000,0060,0000071,,,,,,,,,,,,,,,,,,,,,,,,,,,,,,,,,,,,,,,,,,,,,,,,,,,,,,51520,7571,3764,3014,724,26,3807,3436,327,44,15848,9976,8102,1668,206,5872,4976,851,45,14272,9716,8140,1005,571,4556,3866,349,341,13829,10505,8990,551,964,3324,3161,49,114
ACSSF,2019e1,nc,000,0060,0000072,190329,20267,10602,5004,4978,197,224,199,9665,5479,2616,25,820,725,32885,20298,16443,2464,311,609,471,12587,11366,938,87,0,196,40081,28752,25803,2248,163,144,394,11329,10751,69,140,0,369,97096,76853,67171,2122,3019,3203,1338,20243,17200,436,953,1229,425,190329,20267,10602,5004,4978,620,9665,5479,2616,1570,32885,20298,16443,2464,1391,12587,11366,938,283,40081,28752,25803,2248,701,11329,10751,69,509,97096,76853,67171,2122,7560,20243,17200,436,2607
ACSSF,2019e1,nc,000,0060,0000073,129266,10995,5212,3092,1566,79,453,22,5783,4823,415,205,340,0,33016,19729,17457,1174,329,727,42,13287,12465,411,244,167,0,50662,33962,29643,3112,671,271,265,16700,14413,1138,572,434,143,34593,25415,21176,2075,590,1228,346,9178,7498,422,479,537,242,129266,10995,5212,3092,1566,554,5783,4823,415,545,33016,19729,17457,1174,1098,13287,12465,411,411,50662,33962,29643,3112,1207,16700,14413,1138,1149,34593,25415,21176,2075,2164,9178,7498,422,1258
ACSSF,2019e1,nc,000,0060,0000074,192908,22334,10704,5460,2833,132,1530,749,11630,10033,540,0,856,201,43379,26671,21159,2746,733,911,1122,16708,14268,346,770,910,414,52608,35118,30076,2126,1000,1144,772,17490,15958,865,367,146,154,74587,56618,48244,2270,2321,2970,813,17969,16175,620,182,585,407,192908,22334,10704,5460,2833,2411,11630,10033,540,1057,43379,26671,21159,2746,2766,16708,14268,346,2094,52608,35118,30076,2126,2916,17490,15958,865,667,74587,56618,48244,2270,6104,17969,16175,620,1174
ACSSF,2019e1,nc,000,0060,0000075,70161,11138,4713,1963,1723,218,527,282,6425,4493,623,555,301,453,13338,6731,5724,272,426,309,0,6607,6527,41,39,0,0,22711,15494,13663,937,534,124,236,7217,6174,248,638,0,157,22974,16580,14369,558,1105,548,0,6394,5646,110,205,318,115,70161,11138,4713,1963,1723,1027,6425,4493,623,1309,13338,6731,5724,272,735,6607,6527,41,39,22711,15494,13663,937,894,7217,6174,248,795,22974,16580,14369,558,1653,6394,5646,110,638
ACSSF,2019e1,nc,000,0060,0000076,,,,,,,,,,,,,,,,,,,,,,,,,,,,,,,,,,,,,,,,,,,,,,,,,,,,,,,,,,,,,,,,,,,,,,,,,,,,,,,,,,,,,,,,,,
ACSSF,2019e1,nc,000,0060,0000077,,,,,,,,,,,,,,,,,,,,,,,,,,,,,,,,,,,,,,,,,,,,,,,,,,,,,,,,,,,,,,,,,,,,,,,,,,,,,,,,,,,,,,,,,,
ACSSF,2019e1,nc,000,0060,0000078,115826,3374,2258,590,1034,253,337,44,1116,520,40,272,284,0,11324,6845,3709,1063,582,427,1064,4479,3403,392,295,389,0,21637,14539,12633,1282,292,144,188,7098,5389,120,816,730,43,79491,59515,43204,1063,7005,7390,853,19976,13770,354,2874,2700,278,115826,3374,2258,590,1034,634,1116,520,40,556,11324,6845,3709,1063,2073,4479,3403,392,684,21637,14539,12633,1282,624,7098,5389,120,1589,79491,59515,43204,1063,15248,19976,13770,354,5852
ACSSF,2019e1,nc,000,0060,0000079,317090,26257,15356,5773,7846,512,1000,225,10901,6714,3228,92,729,138,53595,32355,23944,6471,788,462,690,21240,18047,1135,760,708,590,78374,56155,46117,5040,1726,1506,1766,22219,20335,1161,329,265,129,158864,125872,110572,4300,5022,2976,3002,32992,28003,1535,665,1681,1108,317090,26257,15356,5773,7846,1737,10901,6714,3228,959,53595,32355,23944,6471,1940,21240,18047,1135,2058,78374,56155,46117,5040,4998,22219,20335,1161,723,158864,125872,110572,4300,11000,32992,28003,1535,3454
ACSSF,2019e1,nc,000,0060,0000080,,,,,,,,,,,,,,,,,,,,,,,,,,,,,,,,,,,,,,,,,,,,,,,,,,,,,,80774,6875,3482,2446,700,336,3393,3183,210,0,15572,9046,8189,604,253,6526,6488,0,38,24488,14500,13655,633,212,9988,9613,168,207,33839,22550,21418,368,764,11289,10135,208,946
ACSSF,2019e1,nc,000,0060,0000081,158491,20200,11675,5061,6336,70,152,56,8525,6772,1661,0,92,0,42152,22537,20194,1945,330,68,0,19615,18490,799,276,0,50,44806,31538,28883,2477,62,116,0,13268,11990,704,267,307,0,51333,37881,33165,2133,900,1434,249,13452,12356,257,421,418,0,158491,20200,11675,5061,6336,278,8525,6772,1661,92,42152,22537,20194,1945,398,19615,18490,799,326,44806,31538,28883,2477,178,13268,11990,704,574,51333,37881,33165,2133,2583,13452,12356,257,839
ACSSF,2019e1,nc,000,0060,0000082,519898,77390,32704,20441,11429,373,262,199,44686,37598,5907,37,356,788,145912,74980,69689,4175,225,176,715,70932,67463,2746,316,211,196,146481,97353,92179,4119,388,250,417,49128,47626,520,242,308,432,150115,111229,100098,3625,3371,3017,1118,38886,35932,963,750,847,394,519898,77390,32704,20441,11429,834,44686,37598,5907,1181,145912,74980,69689,4175,1116,70932,67463,2746,723,146481,97353,92179,4119,1055,49128,47626,520,982,150115,111229,100098,3625,7506,38886,35932,963,1991
ACSSF,2019e1,nc,000,0060,0000083,598266,51363,21939,12462,9210,0,267,0,29424,24076,3877,181,1249,41,136629,74363,65509,7683,183,556,432,62266,59241,890,1654,468,13,181003,125954,115821,6447,2256,1200,230,55049,51760,1176,1582,363,168,229271,176622,162867,4054,5377,2881,1443,52649,48936,1181,1525,959,48,598266,51363,21939,12462,9210,267,29424,24076,3877,1471,136629,74363,65509,7683,1171,62266,59241,890,2135,181003,125954,115821,6447,3686,55049,51760,1176,2113,229271,176622,162867,4054,9701,52649,48936,1181,2532
ACSSF,2019e1,nc,000,0060,0000084,508338,54832,24698,18316,5831,197,354,0,30134,27154,2327,43,610,0,147246,80102,72197,6157,1051,697,0,67144,64269,1487,421,845,122,177833,110950,105931,3248,662,974,135,66883,62261,2966,1155,281,220,128427,84061,78001,3192,1062,1682,124,44366,41640,1769,547,339,71,508338,54832,24698,18316,5831,551,30134,27154,2327,653,147246,80102,72197,6157,1748,67144,64269,1487,1388,177833,110950,105931,3248,1771,66883,62261,2966,1656,128427,84061,78001,3192,2868,44366,41640,1769,957
ACSSF,2019e1,nc,000,0060,0000085,581808,41013,24463,9161,12271,1123,1639,269,16550,10951,3321,465,1596,217,87119,52280,37417,9601,1973,1535,1754,34839,30170,1489,1221,1369,590,128609,90042,74334,8995,2702,1886,2125,38567,33949,1988,1058,1400,172,325067,252608,205644,9646,15453,16919,4946,72459,56073,2504,5675,6757,1450,581808,41013,24463,9161,12271,3031,16550,10951,3321,2278,87119,52280,37417,9601,5262,34839,30170,1489,3180,128609,90042,74334,8995,6713,38567,33949,1988,2630,325067,252608,205644,9646,37318,72459,56073,2504,13882
ACSSF,2019e1,nc,000,0060,0000086,529567,69136,28827,18440,9743,215,373,56,40309,35290,4451,99,423,46,153098,80673,74244,5731,379,194,125,72425,69874,1483,598,322,148,165641,108846,102531,5455,404,321,135,56795,53717,1935,614,529,0,141692,99564,91997,3216,1554,2394,403,42128,39192,832,871,1147,86,529567,69136,28827,18440,9743,644,40309,35290,4451,568,153098,80673,74244,5731,698,72425,69874,1483,1068,165641,108846,102531,5455,860,56795,53717,1935,1143,141692,99564,91997,3216,4351,42128,39192,832,2104
ACSSF,2019e1,nc,000,0060,0000087,548564,79536,36730,21682,13819,63,875,291,42806,36673,4996,567,539,31,168016,91851,82334,7525,802,443,747,76165,71226,3163,1099,543,134,162397,103147,95622,4972,1001,1003,549,59250,57138,1589,155,333,35,138615,97317,88468,3954,2891,1820,184,41298,38641,580,1425,410,242,548564,79536,36730,21682,13819,1229,42806,36673,4996,1137,168016,91851,82334,7525,1992,76165,71226,3163,1776,162397,103147,95622,4972,2553,59250,57138,1589,523,138615,97317,88468,3954,4895,41298,38641,580,2077
ACSSF,2019e1,nc,000,0060,0000088,574460,63839,30728,18300,11083,429,463,453,33111,28466,4430,0,154,61,157821,80176,73279,6244,194,182,277,77645,75156,1570,617,302,0,190955,114408,106699,5647,986,672,404,76547,74016,1605,389,537,0,161845,104800,97874,2719,3068,796,343,57045,53049,1087,1602,662,645,574460,63839,30728,18300,11083,1345,33111,28466,4430,215,157821,80176,73279,6244,653,77645,75156,1570,919,190955,114408,106699,5647,2062,76547,74016,1605,926,161845,104800,97874,2719,4207,57045,53049,1087,2909
ACSSF,2019e1,nc,000,0060,0000089,538634,55804,24140,15081,8433,0,604,22,31664,27239,3055,406,634,330,146140,84082,77288,4378,699,1417,300,62058,58693,1267,902,746,450,187908,126511,114246,8186,1418,1872,789,61397,57358,2043,874,966,156,148782,108744,94263,6687,3969,2793,1032,40038,34123,1854,1905,1520,636,538634,55804,24140,15081,8433,626,31664,27239,3055,1370,146140,84082,77288,4378,2416,62058,58693,1267,2098,187908,126511,114246,8186,4079,61397,57358,2043,1996,148782,108744,94263,6687,7794,40038,34123,1854,4061
ACSSF,2019e1,nc,000,0060,0000090,533272,56785,22723,14743,7293,481,130,76,34062,29777,3386,493,271,135,124150,63309,56202,4047,1799,1006,255,60841,58373,1000,661,734,73,160699,103123,94318,4526,2973,864,442,57576,54509,1467,1175,59,366,191638,142604,127128,3544,7480,3295,1157,49034,43816,1115,1541,1270,1292,533272,56785,22723,14743,7293,687,34062,29777,3386,899,124150,63309,56202,4047,3060,60841,58373,1000,1468,160699,103123,94318,4526,4279,57576,54509,1467,1600,191638,142604,127128,3544,11932,49034,43816,1115,4103
ACSSF,2019e1,nc,000,0060,0000091,549139,68378,28005,20935,6523,374,173,0,40373,36117,2543,1348,351,14,161297,86066,78826,5380,803,1057,0,75231,72459,2025,418,207,122,175661,115549,107191,4994,1295,1886,183,60112,56974,1581,812,745,0,143803,99140,90187,3240,2834,2705,174,44663,42970,1042,409,242,0,549139,68378,28005,20935,6523,547,40373,36117,2543,1713,161297,86066,78826,5380,1860,75231,72459,2025,747,175661,115549,107191,4994,3364,60112,56974,1581,1557,143803,99140,90187,3240,5713,44663,42970,1042,651
ACSSF,2019e1,nc,000,0060,0000092,570240,70044,28123,20604,5882,775,336,526,41921,37697,3177,444,292,311,161827,84961,77014,6505,1077,172,193,76866,73542,1515,1164,228,417,188375,114062,108353,3528,991,997,193,74313,70931,1491,718,600,573,149994,93137,89271,1931,1407,459,69,56857,54404,904,1285,52,212,570240,70044,28123,20604,5882,1637,41921,37697,3177,1047,161827,84961,77014,6505,1442,76866,73542,1515,1809,188375,114062,108353,3528,2181,74313,70931,1491,1891,149994,93137,89271,1931,1935,56857,54404,904,1549
ACSSF,2019e1,nc,000,0060,0000093,598431,68234,42932,15605,23390,566,2706,665,25302,12803,8115,1684,1807,893,104589,65850,48730,12115,2599,1614,792,38739,33144,3382,719,1242,252,177500,132425,116819,9714,2332,2538,1022,45075,40035,2647,1151,867,375,248108,203818,172468,9366,8638,10133,3213,44290,36617,2407,1999,2311,956,598431,68234,42932,15605,23390,3937,25302,12803,8115,4384,104589,65850,48730,12115,5005,38739,33144,3382,2213,177500,132425,116819,9714,5892,45075,40035,2647,2393,248108,203818,172468,9366,21984,44290,36617,2407,5266
ACSSF,2019e1,nc,000,0060,0000094,536460,62570,25096,16220,5583,432,1963,898,37474,31824,2307,702,1982,659,145198,79698,67584,7726,1609,2012,767,65500,60476,2572,1120,1052,280,164864,109620,101350,4060,1816,1393,1001,55244,51744,1224,1541,387,348,163828,119807,106733,4177,4070,3804,1023,44021,39969,1542,782,1025,703,536460,62570,25096,16220,5583,3293,37474,31824,2307,3343,145198,79698,67584,7726,4388,65500,60476,2572,2452,164864,109620,101350,4060,4210,55244,51744,1224,2276,163828,119807,106733,4177,8897,44021,39969,1542,2510
ACSSF,2019e1,nc,000,0060,0000095,,,,,,,,,,,,,,,,,,,,,,,,,,,,,,,,,,,,,,,,,,,,,,,,,,,,,,90791,11095,3519,3112,271,136,7576,6886,563,127,27033,14941,14655,145,141,12092,11942,114,36,27594,17091,16027,878,186,10503,10088,396,19,25069,15874,15280,354,240,9195,8971,128,96
ACSSF,2019e1,nc,000,0060,0000096,,,,,,,,,,,,,,,,,,,,,,,,,,,,,,,,,,,,,,,,,,,,,,,,,,,,,,109266,19279,6850,4836,2014,0,12429,11674,610,145,33921,17278,15802,1414,62,16643,16464,44,135,36943,22954,21834,1001,119,13989,13593,396,0,19123,12544,12346,42,156,6579,6170,186,223
ACSSF,2019e1,nc,000,0060,0000097,,,,,,,,,,,,,,,,,,,,,,,,,,,,,,,,,,,,,,,,,,,,,,,,,,,,,,100381,16916,5481,4817,664,0,11435,10605,771,59,38104,20645,20000,645,0,17459,16940,444,75,29923,19558,18643,806,109,10365,9795,243,327,15438,11431,10638,664,129,4007,4007,0,0
ACSSF,2019e1,nc,000,0060,0000098,,,,,,,,,,,,,,,,,,,,,,,,,,,,,,,,,,,,,,,,,,,,,,,,,,,,,,87249,14443,6951,5214,1718,19,7492,6720,589,183,30712,16095,15201,829,65,14617,13925,505,187,28041,18011,17154,660,197,10030,9821,209,0,14053,10464,9982,0,482,3589,3548,0,41
ACSSF,2019e1,nc,000,0060,0000099,,,,,,,,,,,,,,,,,,,,,,,,,,,,,,,,,,,,,,,,,,,,,,,,,,,,,,,,,,,,,,,,,,,,,,,,,,,,,,,,,,,,,,,,,,
ACSSF,2019e1,nc,000,0060,0000100,,,,,,,,,,,,,,,,,,,,,,,,,,,,,,,,,,,,,,,,,,,,,,,,,,,,,,69719,11717,3552,3005,547,0,8165,7987,67,111,24486,12128,11891,237,0,12358,11944,390,24,22545,14413,14145,246,22,8132,7948,123,61,10971,6794,6179,301,314,4177,4037,0,140
ACSSF,2019e1,nc,000,0060,0000101,,,,,,,,,,,,,,,,,,,,,,,,,,,,,,,,,,,,,,,,,,,,,,,,,,,,,,,,,,,,,,,,,,,,,,,,,,,,,,,,,,,,,,,,,,
ACSSF,2019e1,nc,000,0060,0000102,,,,,,,,,,,,,,,,,,,,,,,,,,,,,,,,,,,,,,,,,,,,,,,,,,,,,,,,,,,,,,,,,,,,,,,,,,,,,,,,,,,,,,,,,,
ACSSF,2019e1,nc,000,0060,0000103,,,,,,,,,,,,,,,,,,,,,,,,,,,,,,,,,,,,,,,,,,,,,,,,,,,,,,101032,14768,5190,3828,1362,0,9578,8819,747,12,36198,18338,17665,673,0,17860,17613,211,36,32449,23388,22905,362,121,9061,8838,66,157,17617,12136,11214,682,240,5481,5274,122,85
ACSSF,2019e1,nc,000,0060,0000104,,,,,,,,,,,,,,,,,,,,,,,,,,,,,,,,,,,,,,,,,,,,,,,,,,,,,,69968,13919,5447,2787,2622,38,8472,7199,1238,35,22952,11407,10600,681,126,11545,10852,602,91,20951,14352,12983,525,844,6599,6467,81,51,12146,8634,8265,244,125,3512,2963,281,268
ACSSF,2019e1,nc,000,0060,0000105,,,,,,,,,,,,,,,,,,,,,,,,,,,,,,,,,,,,,,,,,,,,,,,,,,,,,,138897,17381,9237,4184,4798,255,8144,6337,1467,340,34542,18155,15721,2324,110,16387,15987,387,13,53524,35919,33602,1723,594,17605,16784,434,387,33450,27080,25121,723,1236,6370,5516,210,644
ACSSF,2019e1,nc,000,0060,0000106,,,,,,,,,,,,,,,,,,,,,,,,,,,,,,,,,,,,,,,,,,,,,,,,,,,,,,95431,10593,5068,2920,1870,278,5525,4393,1132,0,16622,9196,7732,720,744,7426,7001,285,140,22596,16624,14650,1534,440,5972,5168,436,368,45620,37407,33163,1139,3105,8213,7103,232,878
ACSSF,2019e1,nc,000,0060,0000107,98394,6743,4432,1047,2882,156,347,0,2311,1030,1037,0,177,67,13440,7638,6622,454,413,66,83,5802,5005,291,154,352,0,24126,16299,15010,856,114,106,213,7827,7091,620,116,0,0,54085,40314,35439,1608,1945,388,934,13771,12418,204,192,361,596,98394,6743,4432,1047,2882,503,2311,1030,1037,244,13440,7638,6622,454,562,5802,5005,291,506,24126,16299,15010,856,433,7827,7091,620,116,54085,40314,35439,1608,3267,13771,12418,204,1149
ACSSF,2019e1,nc,000,0060,0000108,,,,,,,,,,,,,,,,,,,,,,,,,,,,,,,,,,,,,,,,,,,,,,,,,,,,,,89430,5052,2910,1521,1331,58,2142,1629,218,295,14148,7603,5147,2015,441,6545,4884,361,1300,22477,16961,13461,2209,1291,5516,5271,0,245,47753,38056,34992,963,2101,9697,8858,353,486
ACSSF,2019e1,nc,000,0060,0000109,,,,,,,,,,,,,,,,,,,,,,,,,,,,,,,,,,,,,,,,,,,,,,,,,,,,,,98174,12560,7768,3399,3498,871,4792,2713,1345,734,22674,13810,9411,4037,362,8864,8343,198,323,28354,20115,16041,2270,1804,8239,7543,526,170,34586,27781,24690,1441,1650,6805,5627,784,394
ACSSF,2019e1,nc,000,0060,0000110,,,,,,,,,,,,,,,,,,,,,,,,,,,,,,,,,,,,,,,,,,,,,,,,,,,,,,85303,5444,2451,1630,718,103,2993,2328,377,288,18593,11718,8657,2753,308,6875,6188,147,540,26238,19840,16729,1397,1714,6398,6203,195,0,35028,28301,26320,574,1407,6727,6304,261,162
ACSSF,2019e1,nc,000,0060,0000111,90283,1195,647,444,0,44,159,0,548,305,0,0,243,0,8096,4513,3459,342,416,296,0,3583,2832,0,254,300,197,15711,10318,8899,535,619,265,0,5393,4713,54,537,57,32,65281,51026,37751,437,5548,6546,744,14255,9984,144,1968,2071,88,90283,1195,647,444,0,203,548,305,0,243,8096,4513,3459,342,712,3583,2832,0,751,15711,10318,8899,535,884,5393,4713,54,626,65281,51026,37751,437,12838,14255,9984,144,4127
ACSSF,2019e1,nc,000,0060,0000112,98553,4333,3248,705,2187,209,103,44,1085,591,40,272,182,0,11694,7337,4280,1315,405,273,1064,4357,3465,331,144,417,0,19697,13639,11732,1274,210,144,279,6058,5118,66,264,567,43,62829,45887,36733,928,4157,3635,434,16942,12975,269,1934,1486,278,98553,4333,3248,705,2187,356,1085,591,40,454,11694,7337,4280,1315,1742,4357,3465,331,561,19697,13639,11732,1274,633,6058,5118,66,874,62829,45887,36733,928,8226,16942,12975,269,3698
ACSSF,2019e1,nc,000,0060,0000113,92247,3827,1542,435,946,0,161,0,2285,1924,74,41,246,0,8590,4780,3951,515,133,181,0,3810,3423,125,207,55,0,20514,14133,12985,752,328,68,0,6381,5159,107,658,321,136,59316,47762,39728,1525,2971,3257,281,11554,9179,405,904,1066,0,92247,3827,1542,435,946,161,2285,1924,74,287,8590,4780,3951,515,314,3810,3423,125,262,20514,14133,12985,752,396,6381,5159,107,1115,59316,47762,39728,1525,6509,11554,9179,405,1970
ACSSF,2019e1,nc,000,0060,0000114,122872,9500,4982,3025,1804,0,153,0,4518,2179,1008,25,820,486,16237,10332,8782,159,311,609,471,5905,5032,590,87,0,196,25977,19542,17722,1305,69,95,351,6435,6295,0,140,0,0,71158,56323,48637,1662,2237,2763,1024,14835,12204,0,977,1229,425,122872,9500,4982,3025,1804,153,4518,2179,1008,1331,16237,10332,8782,159,1391,5905,5032,590,283,25977,19542,17722,1305,515,6435,6295,0,140,71158,56323,48637,1662,6024,14835,12204,0,2631
ACSSF,2019e1,nc,000,0060,0000115,,,,,,,,,,,,,,,,,,,,,,,,,,,,,,,,,,,,,,,,,,,,,,,,,,,,,,100375,14514,7393,2137,4613,643,7121,3819,3063,239,25393,12558,10253,2305,0,12835,12117,718,0,21595,13315,11852,1277,186,8280,7615,135,530,38873,29342,26799,663,1880,9531,8708,719,104
ACSSF,2019e1,nc,000,0060,0000116,93629,5191,2550,1380,586,282,302,0,2641,2641,0,0,0,0,12281,6180,5122,829,111,118,0,6101,5765,0,150,186,0,17065,10257,8643,906,310,330,68,6808,5719,456,202,431,0,59092,43041,35746,2969,1507,2240,579,16051,13750,306,897,1058,40,93629,5191,2550,1380,586,584,2641,2641,0,0,12281,6180,5122,829,229,6101,5765,0,336,17065,10257,8643,906,708,6808,5719,456,633,59092,43041,35746,2969,4326,16051,13750,306,1995
ACSSF,2019e1,nc,000,0060,0000117,,,,,,,,,,,,,,,,,,,,,,,,,,,,,,,,,,,,,,,,,,,,,,,,,,,,,,97013,13348,6926,3074,3789,63,6422,4859,1132,431,22834,9898,7244,1950,704,12936,10881,1600,455,26187,16140,15212,598,330,10047,9584,463,0,34644,21651,20102,833,716,12993,12190,175,628
ACSSF,2019e1,nc,000,0060,0000118,,,,,,,,,,,,,,,,,,,,,,,,,,,,,,,,,,,,,,,,,,,,,,,,,,,,,,114204,14521,6668,3127,3383,158,7853,6359,1450,44,34596,19657,17110,2161,386,14939,14051,362,526,36081,25849,23501,1370,978,10232,9826,169,237,29006,21192,19194,914,1084,7814,7250,138,426
ACSSF,2019e1,nc,000,0060,0000119,98168,9136,4391,2265,1299,0,589,238,4745,3824,411,0,348,162,17613,9869,8124,845,305,163,432,7744,6796,90,625,66,167,26655,16173,14314,691,559,226,383,10482,9810,294,272,0,106,44764,32581,28563,1182,1305,1224,307,12183,11402,260,145,301,75,98168,9136,4391,2265,1299,827,4745,3824,411,510,17613,9869,8124,845,900,7744,6796,90,858,26655,16173,14314,691,1168,10482,9810,294,378,44764,32581,28563,1182,2836,12183,11402,260,521
ACSSF,2019e1,nc,000,0060,0000120,74715,11046,4863,2368,965,132,887,511,6183,5507,129,0,508,39,20301,13220,10585,1131,428,748,328,7081,5744,256,76,758,247,21237,15413,13012,839,441,656,465,5824,5042,571,95,68,48,22131,17087,13464,550,914,1653,506,5044,3933,360,37,284,430,74715,11046,4863,2368,965,1530,6183,5507,129,547,20301,13220,10585,1131,1504,7081,5744,256,1081,21237,15413,13012,839,1562,5824,5042,571,211,22131,17087,13464,550,3073,5044,3933,360,751
ACSSF,2019e1,nc,000,0060,0000121,,,,,,,,,,,,,,,,,,,,,,,,,,,,,,,,,,,,,,,,,,,,,,,,,,,,,,91597,8212,4140,3175,811,154,4072,4072,0,0,21306,11832,11006,419,407,9474,9135,34,305,25984,14976,13972,651,353,11008,10843,87,78,36095,27338,24581,1200,1557,8757,8412,43,302
ACSSF,2019e1,nc,000,0060,0000122,94837,13200,5767,2862,1796,300,527,282,7433,5501,623,555,301,453,21645,10920,8820,1365,426,309,0,10725,10193,434,98,0,0,29919,20290,18228,1259,443,124,236,9629,8522,312,638,0,157,30073,21628,19760,715,939,214,0,8445,7763,212,162,193,115,94837,13200,5767,2862,1796,1109,7433,5501,623,1309,21645,10920,8820,1365,735,10725,10193,434,98,29919,20290,18228,1259,803,9629,8522,312,795,30073,21628,19760,715,1153,8445,7763,212,470
ACSSF,2019e1,nc,000,0060,0000123,,,,,,,,,,,,,,,,,,,,,,,,,,,,,,,,,,,,,,,,,,,,,,,,,,,,,,68511,7087,3248,1683,1426,139,3839,3183,564,92,18963,9069,8733,268,68,9894,9639,212,43,18480,12274,11599,675,0,6206,5894,209,103,23981,16698,14839,1026,833,7283,7041,37,205
ACSSF,2019e1,nc,000,0060,0000124,,,,,,,,,,,,,,,,,,,,,,,,,,,,,,,,,,,,,,,,,,,,,,,,,,,,,,86556,12743,8017,3105,4773,139,4726,3696,1030,0,24099,13737,11398,2009,330,10362,9492,587,283,25610,18550,16490,1882,178,7060,6094,495,471,24104,18856,16392,890,1574,5248,4701,91,456
ACSSF,2019e1,nc,000,0060,0000125,,,,,,,,,,,,,,,,,,,,,,,,,,,,,,,,,,,,,,,,,,,,,,,,,,,,,,103367,9145,3485,2911,525,49,5660,3754,1720,186,25276,13217,12340,703,174,12059,11530,87,442,31156,19497,18728,577,192,11659,10995,439,225,37790,26881,24670,900,1311,10909,9556,434,919
ACSSF,2019e1,nc,000,0060,0000126,,,,,,,,,,,,,,,,,,,,,,,,,,,,,,,,,,,,,,,,,,,,,,,,,,,,,,77718,8782,4249,3440,713,96,4533,4047,253,233,26381,13387,12504,691,192,12994,12344,541,109,27640,17684,16892,561,231,9956,9799,0,157,14915,10348,9766,582,0,4567,4425,37,105
ACSSF,2019e1,nc,000,0060,0000127,,,,,,,,,,,,,,,,,,,,,,,,,,,,,,,,,,,,,,,,,,,,,,,,,,,,,,86878,16430,6511,5920,469,122,9919,9523,285,111,28389,17056,15644,1355,57,11333,11017,316,0,28488,18633,17475,611,547,9855,9470,71,314,13571,9655,9269,192,194,3916,3694,134,88
ACSSF,2019e1,nc,000,0060,0000128,,,,,,,,,,,,,,,,,,,,,,,,,,,,,,,,,,,,,,,,,,,,,,,,,,,,,,101719,16920,5869,3406,1549,914,11051,9130,1625,296,33888,16042,15283,577,182,17846,16952,287,607,32888,21021,19512,843,666,11867,11306,181,380,18023,11518,11143,78,297,6505,6432,0,73
ACSSF,2019e1,nc,000,0060,0000129,,,,,,,,,,,,,,,,,,,,,,,,,,,,,,,,,,,,,,,,,,,,,,,,,,,,,,99109,8067,2739,1224,1329,186,5328,3629,644,1055,20296,10299,8929,957,413,9997,9997,0,0,26958,17639,16691,378,570,9319,9220,0,99,43788,31223,29038,913,1272,12565,12017,238,310
ACSSF,2019e1,nc,000,0060,0000130,,,,,,,,,,,,,,,,,,,,,,,,,,,,,,,,,,,,,,,,,,,,,,,,,,,,,,94524,7486,2824,1968,856,0,4662,4225,193,244,25715,13278,11174,1527,577,12437,11572,202,663,26805,17507,16520,816,171,9298,8894,154,250,34518,21595,20469,215,911,12923,11902,448,573
ACSSF,2019e1,nc,000,0060,0000131,,,,,,,,,,,,,,,,,,,,,,,,,,,,,,,,,,,,,,,,,,,,,,,,,,,,,,84802,9355,3277,3049,228,0,6078,5553,270,255,24487,12950,12600,215,135,11537,11372,92,73,29130,17353,16754,344,255,11777,11477,121,179,21830,13364,12962,379,23,8466,8225,34,207
ACSSF,2019e1,nc,000,0060,0000132,,,,,,,,,,,,,,,,,,,,,,,,,,,,,,,,,,,,,,,,,,,,,,,,,,,,,,80875,9270,3946,3047,627,272,5324,4989,297,38,23992,11717,11031,686,0,12275,12062,213,0,27944,14984,14765,219,0,12960,12120,267,573,19669,9510,9189,227,94,10159,9906,94,159
ACSSF,2019e1,nc,000,0060,0000133,,,,,,,,,,,,,,,,,,,,,,,,,,,,,,,,,,,,,,,,,,,,,,,,,,,,,,114418,10612,5267,3405,1533,329,5345,4926,318,101,27798,15532,13194,2048,290,12266,11306,405,555,40413,23731,22731,684,316,16682,15789,697,196,35595,20141,19502,253,386,15454,14685,194,575
ACSSF,2019e1,nc,000,0060,0000134,,,,,,,,,,,,,,,,,,,,,,,,,,,,,,,,,,,,,,,,,,,,,,,,,,,,,,96327,11155,4496,3548,786,162,6659,5940,504,215,31331,13828,13673,7,148,17503,16974,330,199,32092,18637,17690,630,317,13455,12720,275,460,21749,11625,10536,353,736,10124,9575,457,92
ACSSF,2019e1,nc,000,0060,0000135,,,,,,,,,,,,,,,,,,,,,,,,,,,,,,,,,,,,,,,,,,,,,,,,,,,,,,96986,11369,4619,3549,1070,0,6750,6234,502,14,31566,17965,16645,806,514,13601,13401,148,52,32662,21047,20208,716,123,11615,11004,326,285,21389,15294,14758,257,279,6095,6024,71,0
ACSSF,2019e1,nc,000,0060,0000136,110767,14990,7407,4214,2935,0,258,0,7583,6923,395,46,219,0,31769,18030,15784,1735,146,365,0,13739,12917,362,220,142,98,37991,26550,23164,1579,172,1635,0,11441,10897,480,64,0,0,26017,18600,15701,1233,262,1265,139,7417,7290,0,0,127,0,110767,14990,7407,4214,2935,258,7583,6923,395,265,31769,18030,15784,1735,511,13739,12917,362,460,37991,26550,23164,1579,1807,11441,10897,480,64,26017,18600,15701,1233,1666,7417,7290,0,127
ACSSF,2019e1,nc,000,0060,0000137,106585,9721,5045,3756,1289,0,0,0,4676,4033,484,41,104,14,27971,15558,12909,2036,349,264,0,12413,11801,285,171,156,0,31979,22650,21466,780,187,217,0,9329,8695,49,404,144,37,36914,28348,25153,1099,786,1129,181,8566,7606,235,377,240,108,106585,9721,5045,3756,1289,0,4676,4033,484,159,27971,15558,12909,2036,613,12413,11801,285,327,31979,22650,21466,780,404,9329,8695,49,585,36914,28348,25153,1099,2096,8566,7606,235,725
ACSSF,2019e1,nc,000,0060,0000138,,,,,,,,,,,,,,,,,,,,,,,,,,,,,,,,,,,,,,,,,,,,,,,,,,,,,,78220,12013,4737,4399,338,0,7276,7105,171,0,25221,13471,12792,545,134,11750,11606,144,0,26533,18032,17633,234,165,8501,8087,56,358,14453,11696,10591,123,982,2757,2757,0,0
ACSSF,2019e1,nc,000,0060,0000139,,,,,,,,,,,,,,,,,,,,,,,,,,,,,,,,,,,,,,,,,,,,,,,,,,,,,,78950,11159,4638,3845,767,26,6521,6109,327,85,21454,12869,10497,2108,264,8585,7533,1007,45,23942,16859,14750,1447,662,7083,6298,444,341,22395,17576,15898,633,1045,4819,4589,116,114
ACSSF,2019e1,nc,000,0060,0000140,87548,9561,5129,814,3391,122,683,119,4432,2094,1333,734,271,0,14003,8762,6870,1319,247,0,326,5241,4719,199,151,172,0,23432,17445,15578,1041,347,291,188,5987,5402,333,152,23,77,40552,36140,31451,939,1645,1372,733,4412,3673,252,99,163,225,87548,9561,5129,814,3391,924,4432,2094,1333,1005,14003,8762,6870,1319,573,5241,4719,199,323,23432,17445,15578,1041,826,5987,5402,333,252,40552,36140,31451,939,3750,4412,3673,252,487
ACSSF,2019e1,nc,000,0060,0000141,,,,,,,,,,,,,,,,,,,,,,,,,,,,,,,,,,,,,,,,,,,,,,,,,,,,,,85710,14094,8308,5786,2088,434,5786,3960,1510,316,20661,11608,8604,2339,665,9053,7368,1089,596,31494,22760,21427,596,737,8734,8442,112,180,19461,15761,13395,413,1953,3700,3170,0,530
ACSSF,2019e1,nc,000,0060,0000142,80529,15820,11412,1703,8361,0,977,371,4408,1702,1661,0,567,478,16147,11595,8722,2308,25,498,42,4552,4224,328,0,0,0,26315,20851,18710,1137,287,621,96,5464,4286,420,108,650,0,22247,16848,12214,1107,991,2312,224,5399,3947,136,691,336,289,80529,15820,11412,1703,8361,1348,4408,1702,1661,1045,16147,11595,8722,2308,565,4552,4224,328,0,26315,20851,18710,1137,1004,5464,4286,420,758,22247,16848,12214,1107,3527,5399,3947,136,1316
ACSSF,2019e1,nc,000,0060,0000143,,,,,,,,,,,,,,,,,,,,,,,,,,,,,,,,,,,,,,,,,,,,,,,,,,,,,,113810,2416,978,290,363,325,1438,809,195,434,10833,6322,5429,594,299,4511,3900,61,550,25174,16488,13928,1335,1225,8686,7924,265,497,75387,55496,48727,1039,5730,19891,17193,598,2100
ACSSF,2019e1,nc,000,0060,0000144,,,,,,,,,,,,,,,,,,,,,,,,,,,,,,,,,,,,,,,,,,,,,,,,,,,,,,87199,11109,7695,2170,5171,354,3414,2117,956,341,13503,8884,5669,2566,649,4619,3911,476,232,20982,15214,12652,2267,295,5768,5476,292,0,41605,35514,31004,2534,1976,6091,5441,281,369
ACSSF,2019e1,nc,000,0060,0000145,110244,6625,4034,1702,2175,0,74,83,2591,1252,1047,129,73,90,14699,7596,6500,501,427,50,118,7103,6609,314,180,0,0,32359,23399,21419,1720,131,33,96,8960,8141,417,50,194,158,56561,43060,38747,1731,1374,586,622,13501,12357,669,40,217,218,110244,6625,4034,1702,2175,157,2591,1252,1047,292,14699,7596,6500,501,595,7103,6609,314,180,32359,23399,21419,1720,260,8960,8141,417,402,56561,43060,38747,1731,2582,13501,12357,669,475
ACSSF,2019e1,nc,000,0060,0000146,90974,5730,2988,1644,1039,0,305,0,2742,1604,642,74,97,325,18025,11401,8763,1432,969,237,0,6624,5500,670,92,362,0,28906,22367,19476,1725,519,217,430,6539,5771,421,347,0,0,38313,31875,26923,1354,1477,1283,838,6438,4941,210,275,589,423,90974,5730,2988,1644,1039,305,2742,1604,642,496,18025,11401,8763,1432,1206,6624,5500,670,454,28906,22367,19476,1725,1166,6539,5771,421,347,38313,31875,26923,1354,3598,6438,4941,210,1287
ACSSF,2019e1,nc,000,0060,0000147,96100,7440,4227,2311,1642,116,120,38,3213,1536,1015,585,77,0,13809,8798,5691,1885,466,656,100,5011,4076,275,74,586,0,25382,18097,13979,1299,1678,930,211,7285,6106,569,572,0,38,49469,40088,32624,1626,2093,3046,699,9381,7504,628,438,651,160,96100,7440,4227,2311,1642,274,3213,1536,1015,662,13809,8798,5691,1885,1222,5011,4076,275,660,25382,18097,13979,1299,2819,7285,6106,569,610,49469,40088,32624,1626,5838,9381,7504,628,1249
ACSSF,2019e1,nc,000,0060,0000148,,,,,,,,,,,,,,,,,,,,,,,,,,,,,,,,,,,,,,,,,,,,,,,,,,,,,,108126,10470,4924,2517,2407,0,5546,4989,280,277,26354,16682,15311,877,494,9672,9013,190,469,31721,22652,20676,725,1251,9069,8569,191,309,39581,31843,27879,1286,2678,7738,5910,235,1593
ACSSF,2019e1,nc,000,0060,0000149,,,,,,,,,,,,,,,,,,,,,,,,,,,,,,,,,,,,,,,,,,,,,,,,,,,,,,79338,9431,3708,3359,349,0,5723,5148,313,262,24425,14763,14052,424,287,9662,9071,208,383,27693,19220,17400,1245,575,8473,8237,0,236,17789,13704,12175,494,1035,4085,3605,212,268
ACSSF,2019e1,nc,000,0060,0000150,,,,,,,,,,,,,,,,,,,,,,,,,,,,,,,,,,,,,,,,,,,,,,,,,,,,,,98167,13460,5174,2596,2427,151,8286,7212,1074,0,29968,16543,15652,763,128,13425,12699,528,198,36760,24613,23383,922,308,12147,11943,23,181,17979,13297,12053,892,352,4682,4219,463,0
ACSSF,2019e1,nc,000,0060,0000151,,,,,,,,,,,,,,,,,,,,,,,,,,,,,,,,,,,,,,,,,,,,,,,,,,,,,,120125,17252,5634,4123,1016,495,11618,10087,405,1126,42438,22835,20223,1801,811,19603,18245,1099,259,37697,24139,23088,314,737,13558,13262,77,219,22738,15573,14960,249,364,7165,6640,525,0
ACSSF,2019e1,nc,000,0060,0000152,,,,,,,,,,,,,,,,,,,,,,,,,,,,,,,,,,,,,,,,,,,,,,,,,,,,,,100084,18506,7725,4147,3411,167,10781,9263,1357,161,34692,20295,18632,1663,0,14397,13992,392,13,31909,19356,18144,1149,63,12553,12052,488,13,14977,9438,8718,351,369,5539,4694,99,746
ACSSF,2019e1,nc,000,0060,0000153,,,,,,,,,,,,,,,,,,,,,,,,,,,,,,,,,,,,,,,,,,,,,,,,,,,,,,92278,9162,3722,2323,1399,0,5440,4604,664,172,21942,10388,9465,690,233,11554,11316,18,220,28717,16790,15018,1284,488,11927,11414,434,79,32457,20909,18273,1116,1520,11548,10470,266,812
ACSSF,2019e1,nc,000,0060,0000154,,,,,,,,,,,,,,,,,,,,,,,,,,,,,,,,,,,,,,,,,,,,,,,,,,,,,,87796,9596,3396,2112,1284,0,6200,4955,1101,144,26710,14308,13267,948,93,12402,11985,80,337,30256,19264,17721,1224,319,10992,10488,343,161,21234,16161,14850,1009,302,5073,4840,47,186
ACSSF,2019e1,nc,000,0060,0000155,,,,,,,,,,,,,,,,,,,,,,,,,,,,,,,,,,,,,,,,,,,,,,,,,,,,,,83405,15386,7967,2927,5024,16,7419,5924,1434,61,27346,14380,11921,2351,108,12966,11940,858,168,27845,17159,14803,2319,37,10686,10252,426,8,12828,9010,8223,367,420,3818,3720,31,67
ACSSF,2019e1,nc,000,0060,0000156,,,,,,,,,,,,,,,,,,,,,,,,,,,,,,,,,,,,,,,,,,,,,,,,,,,,,,80411,11445,5583,2335,2686,562,5862,4337,1431,94,25654,11996,11331,539,126,13658,13453,58,147,28730,17758,16890,670,198,10972,10557,408,7,14582,10104,8731,369,1004,4478,4093,175,210
ACSSF,2019e1,nc,000,0060,0000157,,,,,,,,,,,,,,,,,,,,,,,,,,,,,,,,,,,,,,,,,,,,,,,,,,,,,,74946,10485,4523,3530,993,0,5962,5599,363,0,23992,13303,12564,739,0,10689,10386,234,69,26657,16270,15677,438,155,10387,9502,784,101,13812,9539,8250,1177,112,4273,4189,84,0
ACSSF,2019e1,nc,000,0060,0000158,,,,,,,,,,,,,,,,,,,,,,,,,,,,,,,,,,,,,,,,,,,,,,,,,,,,,,112043,13076,6669,5244,1305,120,6407,5807,438,162,28701,15788,13385,1951,452,12913,11876,449,588,34309,24495,23216,997,282,9814,9696,80,38,35957,26403,23885,798,1720,9554,9235,0,319
ACSSF,2019e1,nc,000,0060,0000159,,,,,,,,,,,,,,,,,,,,,,,,,,,,,,,,,,,,,,,,,,,,,,,,,,,,,,67879,6602,4023,3168,804,51,2579,2232,273,74,18526,10393,8437,1411,545,8133,7367,537,229,27878,16736,16347,354,35,11142,10961,0,181,14873,8315,7672,109,534,6558,6290,162,106
ACSSF,2019e1,nc,000,0060,0000160,,,,,,,,,,,,,,,,,,,,,,,,,,,,,,,,,,,,,,,,,,,,,,,,,,,,,,99234,10914,4634,3675,933,26,6280,5601,647,32,28188,14126,13151,741,234,14062,13868,80,114,34092,19681,18971,554,156,14411,13544,266,601,26040,14341,13921,63,357,11699,10575,851,273
ACSSF,2019e1,nc,000,0060,0000161,,,,,,,,,,,,,,,,,,,,,,,,,,,,,,,,,,,,,,,,,,,,,,,,,,,,,,80170,6976,3618,2078,1205,335,3358,2832,356,170,24377,13287,11815,1165,307,11090,10512,148,430,28765,18875,17513,428,934,9890,8129,1391,370,20052,15117,14362,558,197,4935,4372,443,120
ACSSF,2019e1,nc,000,0060,0000162,,,,,,,,,,,,,,,,,,,,,,,,,,,,,,,,,,,,,,,,,,,,,,,,,,,,,,86294,6948,2813,1962,668,183,4135,4017,58,60,20845,11260,10527,733,0,9585,9336,209,40,26608,17546,16503,834,209,9062,8881,121,60,31893,23687,22780,446,461,8206,8157,0,49
ACSSF,2019e1,nc,000,0060,0000163,,,,,,,,,,,,,,,,,,,,,,,,,,,,,,,,,,,,,,,,,,,,,,,,,,,,,,119991,9171,4786,3750,700,336,4385,4175,210,0,23018,13441,12197,966,278,9577,9320,70,187,38719,23764,22209,633,922,14955,14092,168,695,49083,33680,31543,517,1620,15403,14099,208,1096
ACSSF,2019e1,nc,000,0060,0000164,,,,,,,,,,,,,,,,,,,,,,,,,,,,,,,,,,,,,,,,,,,,,,,,,,,,,,114779,7648,3637,3509,41,87,4011,3372,639,0,30257,14526,13211,1248,67,15731,15021,333,377,39043,19736,18860,521,355,19307,18975,308,24,37831,18251,17348,666,237,19580,18218,375,987
ACSSF,2019e1,nc,000,0060,0000165,,,,,,,,,,,,,,,,,,,,,,,,,,,,,,,,,,,,,,,,,,,,,,,,,,,,,,,,,,,,,,,,,,,,,,,,,,,,,,,,,,,,,,,,,,
ACSSF,2019e1,nc,000,0060,0000166,70319,6462,2927,1831,792,0,282,22,3535,3072,268,88,107,0,17730,10112,8907,453,141,569,42,7618,7140,195,148,135,0,27933,17576,15815,1069,495,118,79,10357,9081,698,366,146,66,18194,12770,10643,1175,167,548,237,5424,4372,353,263,436,0,70319,6462,2927,1831,792,304,3535,3072,268,195,17730,10112,8907,453,752,7618,7140,195,283,27933,17576,15815,1069,692,10357,9081,698,578,18194,12770,10643,1175,952,5424,4372,353,699
ACSSF,2019e1,nc,000,0060,0000167,,,,,,,,,,,,,,,,,,,,,,,,,,,,,,,,,,,,,,,,,,,,,,,,,,,,,,67323,5091,2594,2145,370,79,2497,2074,423,0,19037,10298,9464,408,426,8739,8601,0,138,28234,21425,18822,2099,504,6809,6174,383,252,14961,11366,10166,547,653,3595,3295,24,276
ACSSF,2019e1,nc,000,0060,0000168,70969,7144,3336,2126,1039,0,171,0,3808,3112,259,117,320,0,19671,11605,10534,746,103,222,0,8066,7560,382,124,0,0,25470,17353,15106,1601,307,153,186,8117,7259,391,206,261,0,18684,13244,10955,1155,345,680,109,5440,4525,439,166,101,209,70969,7144,3336,2126,1039,171,3808,3112,259,437,19671,11605,10534,746,325,8066,7560,382,124,25470,17353,15106,1601,646,8117,7259,391,467,18684,13244,10955,1155,1134,5440,4525,439,476
ACSSF,2019e1,nc,000,0060,0000169,,,,,,,,,,,,,,,,,,,,,,,,,,,,,,,,,,,,,,,,,,,,,,,,,,,,,,75804,16247,4938,3178,1575,185,11309,10139,1138,32,26153,12034,11098,617,319,14119,13712,334,73,21420,12816,12568,206,42,8604,8439,136,29,11984,8217,8113,48,56,3767,3518,146,103
ACSSF,2019e1,nc,000,0060,0000170,,,,,,,,,,,,,,,,,,,,,,,,,,,,,,,,,,,,,,,,,,,,,,,,,,,,,,89102,13868,4585,3521,934,130,9283,8317,939,27,24204,11894,10930,842,122,12310,11706,168,436,36061,21318,20379,734,205,14743,14397,190,156,14969,10067,9631,328,108,4902,4492,348,62
ACSSF,2019e1,nc,000,0060,0000171,,,,,,,,,,,,,,,,,,,,,,,,,,,,,,,,,,,,,,,,,,,,,,,,,,,,,,76364,11187,6029,3323,2706,0,5158,4358,726,74,25756,14409,12400,1450,559,11347,11009,118,220,24925,16872,15680,894,298,8053,7473,466,114,14496,9922,9239,501,182,4574,3918,270,386
ACSSF,2019e1,nc,000,0060,0000172,95267,5506,2700,1444,1147,51,0,58,2806,1899,371,311,149,76,17415,9564,7698,676,1084,62,44,7851,7040,418,393,0,0,25990,17317,15538,837,825,0,117,8673,7756,356,436,0,125,46356,37249,31415,1396,3161,966,311,9107,8165,0,643,117,182,95267,5506,2700,1444,1147,109,2806,1899,371,536,17415,9564,7698,676,1190,7851,7040,418,393,25990,17317,15538,837,942,8673,7756,356,561,46356,37249,31415,1396,4438,9107,8165,0,942
ACSSF,2019e1,nc,000,0060,0000173,200625,18635,8833,6078,2201,79,453,22,9802,8220,950,205,427,0,54749,30677,27657,1568,531,879,42,24072,23088,577,272,135,0,77493,52649,46601,4206,982,595,265,24844,22237,1402,572,416,217,49748,35732,30237,2834,795,1389,477,14016,11851,792,553,537,283,200625,18635,8833,6078,2201,554,9802,8220,950,632,54749,30677,27657,1568,1452,24072,23088,577,407,77493,52649,46601,4206,1842,24844,22237,1402,1205,49748,35732,30237,2834,2661,14016,11851,792,1373
ACSSF,2019e1,nc,000,0060,0000174,,,,,,,,,,,,,,,,,,,,,,,,,,,,,,,,,,,,,,,,,,,,,,,,,,,,,,112043,13076,6669,5244,1305,120,6407,5807,438,162,28701,15788,13385,1951,452,12913,11876,449,588,34309,24495,23216,997,282,9814,9696,80,38,35957,26403,23885,798,1720,9554,9235,0,319
ACSSF,2019e1,nc,000,0060,0000175,,,,,,,,,,,,,,,,,,,,,,,,,,,,,,,,,,,,,,,,,,,,,,,,,,,,,,114122,14521,6668,3127,3383,158,7853,6359,1450,44,34596,19657,17110,2161,386,14939,14051,362,526,36068,25843,23495,1370,978,10225,9819,169,237,28937,21192,19194,914,1084,7745,7181,138,426
ACSSF,2019e1,nc,000,0060,0000176,,,,,,,,,,,,,,,,,,,,,,,,,,,,,,,,,,,,,,,,,,,,,,,,,,,,,,114779,7648,3637,3509,41,87,4011,3372,639,0,30257,14526,13211,1248,67,15731,15021,333,377,39043,19736,18860,521,355,19307,18975,308,24,37831,18251,17348,666,237,19580,18218,375,987
ACSSF,2019e1,nc,000,0060,0000177,161550,13257,4432,2702,1657,73,0,0,8825,6796,730,1208,91,0,42592,21916,18490,2484,942,0,0,20676,19811,202,638,25,0,46909,30765,28875,1149,741,0,0,16144,15641,154,335,0,14,58792,37834,35278,893,1373,290,0,20958,19545,569,634,134,76,161550,13257,4432,2702,1657,73,8825,6796,730,1299,42592,21916,18490,2484,942,20676,19811,202,663,46909,30765,28875,1149,741,16144,15641,154,349,58792,37834,35278,893,1663,20958,19545,569,844
ACSSF,2019e1,nc,000,0060,0000178,,,,,,,,,,,,,,,,,,,,,,,,,,,,,,,,,,,,,,,,,,,,,,,,,,,,,,67177,11908,4546,2430,1202,914,7362,5766,1300,296,22081,10912,10520,210,182,11169,10484,78,607,20708,13282,11973,701,608,7426,7050,77,299,12480,8173,8009,0,164,4307,4234,0,73
ACSSF,2019e1,nc,000,0060,0000179,,,,,,,,,,,,,,,,,,,,,,,,,,,,,,,,,,,,,,,,,,,,,,,,,,,,,,125088,10064,4936,2786,2150,0,5128,4394,195,539,31001,19706,18264,828,614,11295,10481,224,590,37767,26779,24322,1160,1297,10988,10452,191,345,46256,37270,32237,1503,3530,8986,6818,402,1766
ACSSF,2019e1,nc,000,0060,0000180,,,,,,,,,,,,,,,,,,,,,,,,,,,,,,,,,,,,,,,,,,,,,,,,,,,,,,,,,,,,,,,,,,,,,,,,,,,,,,,,,,,,,,,,,,
ACSSF,2019e1,nc,000,0060,0000181,,,,,,,,,,,,,,,,,,,,,,,,,,,,,,,,,,,,,,,,,,,,,,,,,,,,,,52454,4749,2639,2392,221,26,2110,2053,57,0,13771,6969,6272,498,199,6802,6744,0,58,17815,9870,9365,363,142,7945,7290,129,526,16119,9472,9075,40,357,6647,6051,407,189
ACSSF,2019e1,nc,000,0060,0000182,,,,,,,,,,,,,,,,,,,,,,,,,,,,,,,,,,,,,,,,,,,,,,,,,,,,,,75832,10909,5419,3019,2142,258,5490,5072,287,131,22018,12754,11388,1013,353,9264,8795,321,148,25807,18591,16439,661,1491,7216,7000,216,0,17098,12151,9595,999,1557,4947,4820,0,127
ACSSF,2019e1,nc,000,0060,0000183,,,,,,,,,,,,,,,,,,,,,,,,,,,,,,,,,,,,,,,,,,,,,,,,,,,,,,52013,1752,1105,282,239,584,647,647,0,0,3805,2034,1440,383,211,1771,1460,0,311,6565,3391,2690,159,542,3174,2669,66,439,39891,28799,23417,1714,3668,11092,9310,0,1782
ACSSF,2019e1,nc,000,0060,0000184,,,,,,,,,,,,,,,,,,,,,,,,,,,,,,,,,,,,,,,,,,,,,,,,,,,,,,55042,7039,3299,1986,1313,0,3740,2870,470,400,11838,4843,3085,1474,284,6995,5680,901,414,11942,7881,7592,125,164,4061,4061,0,0,24223,14541,13557,355,629,9682,9003,73,606
ACSSF,2019e1,nc,000,0060,0000185,,,,,,,,,,,,,,,,,,,,,,,,,,,,,,,,,,,,,,,,,,,,,,,,,,,,,,,,,,,,,,,,,,,,,,,,,,,,,,,,,,,,,,,,,,
ACSSF,2019e1,nc,000,0060,0000186,,,,,,,,,,,,,,,,,,,,,,,,,,,,,,,,,,,,,,,,,,,,,,,,,,,,,,94700,10700,3215,2671,544,0,7485,7435,0,50,33316,18622,16995,955,672,14694,13511,942,241,31357,20115,19438,181,496,11242,11164,0,78,19327,13189,12612,213,364,6138,5868,270,0
ACSSF,2019e1,nc,000,0060,0000187,223247,24014,12375,5162,6417,373,224,199,11639,5998,4071,25,820,725,41630,22890,19035,2464,311,609,471,18740,17149,1308,87,0,196,47572,32857,29574,2582,163,144,394,14715,13910,135,140,161,369,110031,85665,75436,2325,3220,3346,1338,24366,20912,719,1081,1229,425,223247,24014,12375,5162,6417,796,11639,5998,4071,1570,41630,22890,19035,2464,1391,18740,17149,1308,283,47572,32857,29574,2582,701,14715,13910,135,670,110031,85665,75436,2325,7904,24366,20912,719,2735
ACSSF,2019e1,nc,000,0060,0000188,258434,28975,14750,7699,6724,119,152,56,14225,10633,3314,0,278,0,68338,36023,32471,2980,379,68,125,32315,30661,886,396,322,50,75246,50321,46817,3134,119,116,135,24925,22983,1143,433,366,0,85875,62435,55901,2816,1178,2242,298,23440,21298,562,517,977,86,258434,28975,14750,7699,6724,327,14225,10633,3314,278,68338,36023,32471,2980,572,32315,30661,886,768,75246,50321,46817,3134,370,24925,22983,1143,799,85875,62435,55901,2816,3718,23440,21298,562,1580
ACSSF,2019e1,nc,000,0060,0000189,,,,,,,,,,,,,,,,,,,,,,,,,,,,,,,,,,,,,,,,,,,,,,,,,,,,,,,,,,,,,,,,,,,,,,,,,,,,,,,,,,,,,,,,,,
ACSSF,2019e1,nc,000,0060,0000190,157145,23147,9375,8244,1105,26,0,0,13772,13189,498,44,41,0,46675,26340,23289,2653,292,106,0,20335,19139,1151,45,0,0,50475,34891,32383,1681,470,174,183,15584,14385,500,305,394,0,36848,29272,26489,756,855,1058,114,7576,7346,116,51,63,0,157145,23147,9375,8244,1105,26,13772,13189,498,85,46675,26340,23289,2653,398,20335,19139,1151,45,50475,34891,32383,1681,827,15584,14385,500,699,36848,29272,26489,756,2027,7576,7346,116,114
ACSSF,2019e1,nc,000,0060,0000191,359317,41594,19161,10670,4871,432,2157,1031,22433,18904,1163,555,1157,654,80865,45841,38535,3760,1159,1265,1122,35024,31868,814,946,982,414,103795,66852,59526,3440,1534,1268,1084,36943,34217,1264,1005,146,311,133063,98634,86368,3647,3847,3959,813,34429,31510,875,467,957,620,359317,41594,19161,10670,4871,3620,22433,18904,1163,2366,80865,45841,38535,3760,3546,35024,31868,814,2342,103795,66852,59526,3440,3886,36943,34217,1264,1462,133063,98634,86368,3647,8619,34429,31510,875,2044
ACSSF,2019e1,nc,000,0060,0000192,,,,,,,,,,,,,,,,,,,,,,,,,,,,,,,,,,,,,,,,,,,,,,,,,,,,,,87796,9596,3396,2112,1284,0,6200,4955,1101,144,26710,14308,13267,948,93,12402,11985,80,337,30256,19264,17721,1224,319,10992,10488,343,161,21234,16161,14850,1009,302,5073,4840,47,186
ACSSF,2019e1,nc,000,0060,0000193,,,,,,,,,,,,,,,,,,,,,,,,,,,,,,,,,,,,,,,,,,,,,,,,,,,,,,88613,8428,4308,2510,1533,265,4120,3701,318,101,21545,11582,9468,1824,290,9963,9003,405,555,32102,18345,17436,593,316,13757,12864,697,196,26538,15329,14754,229,346,11209,10590,194,425
ACSSF,2019e1,nc,000,0060,0000194,106226,10747,5530,4245,1285,0,0,0,5217,4670,268,119,160,0,30791,17299,14976,1518,349,456,0,13492,12927,129,280,156,0,32911,23165,22208,549,68,340,0,9746,9198,0,404,144,0,31777,24191,21366,1045,470,1129,181,7586,6826,207,233,240,80,106226,10747,5530,4245,1285,0,5217,4670,268,279,30791,17299,14976,1518,805,13492,12927,129,436,32911,23165,22208,549,408,9746,9198,0,548,31777,24191,21366,1045,1780,7586,6826,207,553
ACSSF,2019e1,nc,000,0060,0000195,,,,,,,,,,,,,,,,,,,,,,,,,,,,,,,,,,,,,,,,,,,,,,,,,,,,,,138897,17381,9237,4184,4798,255,8144,6337,1467,340,34542,18155,15721,2324,110,16387,15987,387,13,53524,35919,33602,1723,594,17605,16784,434,387,33450,27080,25121,723,1236,6370,5516,210,644
ACSSF,2019e1,nc,000,0060,0000196,,,,,,,,,,,,,,,,,,,,,,,,,,,,,,,,,,,,,,,,,,,,,,,,,,,,,,62105,4887,1997,1608,389,0,2890,2442,434,14,20213,11734,10928,806,0,8479,8291,148,40,20881,14253,13414,716,123,6628,6269,183,176,16124,11580,11044,257,279,4544,4478,66,0
ACSSF,2019e1,nc,000,0060,0000197,752114,72795,44771,16420,24230,750,2706,665,28024,15074,8359,1769,1929,893,121680,74966,56248,12944,2959,1923,892,46714,40307,3412,987,1756,252,214044,156621,137169,11120,4146,2857,1329,57423,51548,2829,1707,917,422,343595,274782,235085,10743,12815,12211,3928,68813,58226,2774,2686,3141,1986,752114,72795,44771,16420,24230,4121,28024,15074,8359,4591,121680,74966,56248,12944,5774,46714,40307,3412,2995,214044,156621,137169,11120,8332,57423,51548,2829,3046,343595,274782,235085,10743,28954,68813,58226,2774,7813
ACSSF,2019e1,nc,000,0060,0000198,,,,,,,,,,,,,,,,,,,,,,,,,,,,,,,,,,,,,,,,,,,,,,,,,,,,,,73523,6477,2898,1851,1047,0,3579,3200,328,51,15840,7368,6961,303,104,8472,8289,18,165,22408,12554,11384,682,488,9854,9341,434,79,28798,19013,16653,840,1520,9785,9168,227,390
ACSSF,2019e1,nc,000,0060,0000199,,,,,,,,,,,,,,,,,,,,,,,,,,,,,,,,,,,,,,,,,,,,,,,,,,,,,,,,,,,,,,,,,,,,,,,,,,,,,,,,,,,,,,,,,,
ACSSF,2019e1,nc,000,0060,0000200,,,,,,,,,,,,,,,,,,,,,,,,,,,,,,,,,,,,,,,,,,,,,,,,,,,,,,67879,6602,4023,3168,804,51,2579,2232,273,74,18526,10393,8437,1411,545,8133,7367,537,229,27878,16736,16347,354,35,11142,10961,0,181,14873,8315,7672,109,534,6558,6290,162,106
ACSSF,2019e1,nc,000,0060,0000201,,,,,,,,,,,,,,,,,,,,,,,,,,,,,,,,,,,,,,,,,,,,,,,,,,,,,,162287,11302,5684,4465,700,519,5618,5348,210,60,31044,17796,15930,1588,278,13248,12887,174,187,50048,31495,29460,978,1057,18553,17630,168,755,69893,50015,47380,728,1907,19878,18525,208,1145
ACSSF,2019e1,nc,000,0060,0000202,,,,,,,,,,,,,,,,,,,,,,,,,,,,,,,,,,,,,,,,,,,,,,,,,,,,,,101379,8864,4458,2918,1205,335,4406,3880,356,170,30687,17200,15648,1378,174,13487,13074,105,308,36954,23125,21422,749,954,13829,11611,1867,351,24874,18471,16726,1436,309,6403,5840,443,120
ACSSF,2019e1,nc,000,0060,0000203,,,,,,,,,,,,,,,,,,,,,,,,,,,,,,,,,,,,,,,,,,,,,,,,,,,,,,,,,,,,,,,,,,,,,,,,,,,,,,,,,,,,,,,,,,
ACSSF,2019e1,nc,000,0060,0000204,,,,,,,,,,,,,,,,,,,,,,,,,,,,,,,,,,,,,,,,,,,,,,,,,,,,,,85215,18646,6059,4179,1695,185,12587,11322,1183,82,29451,14012,13065,628,319,15439,15007,359,73,24479,14660,14245,373,42,9819,9600,136,83,12639,8677,8573,48,56,3962,3713,146,103
ACSSF,2019e1,nc,000,0060,0000205,,,,,,,,,,,,,,,,,,,,,,,,,,,,,,,,,,,,,,,,,,,,,,,,,,,,,,66036,11370,4099,3634,465,0,7271,6594,618,59,27272,15197,14820,377,0,12075,11587,444,44,17982,11377,10526,806,45,6605,6309,243,53,9412,6416,5623,664,129,2996,2996,0,0
ACSSF,2019e1,nc,000,0060,0000206,,,,,,,,,,,,,,,,,,,,,,,,,,,,,,,,,,,,,,,,,,,,,,,,,,,,,,92641,11852,4076,2596,1329,151,7776,7064,712,0,27857,14878,13987,763,128,12979,12253,528,198,35740,23663,22433,922,308,12077,11873,23,181,17192,12903,11659,892,352,4289,3826,463,0
ACSSF,2019e1,nc,000,0060,0000207,,,,,,,,,,,,,,,,,,,,,,,,,,,,,,,,,,,,,,,,,,,,,,,,,,,,,,48325,6294,2620,2138,482,0,3674,3283,391,0,15183,6429,6375,7,47,8754,8397,290,67,17325,9996,9302,411,283,7329,6981,36,312,9523,4706,4273,230,203,4817,4348,455,14
ACSSF,2019e1,nc,000,0060,0000208,154095,14142,7673,3711,3853,51,0,58,6469,4762,1097,385,149,76,36140,20276,16763,2126,1281,62,44,15864,14935,536,393,0,0,46031,31489,28775,1731,866,0,117,14542,13143,747,527,0,125,57782,45594,39077,1897,3303,1006,311,12188,10859,234,796,117,182,154095,14142,7673,3711,3853,109,6469,4762,1097,610,36140,20276,16763,2126,1387,15864,14935,536,393,46031,31489,28775,1731,983,14542,13143,747,652,57782,45594,39077,1897,4620,12188,10859,234,1095
ACSSF,2019e1,nc,000,0060,0000209,747815,49747,28066,12101,13432,841,1423,269,21681,14913,4223,646,1761,138,113857,66595,49259,12151,1734,1316,2135,47262,41141,1738,2221,1572,590,179713,127929,109507,10827,3309,2144,2142,51784,46266,2004,1850,1324,340,404498,316534,268816,8615,17880,16080,5143,87964,72448,2652,5728,5750,1386,747815,49747,28066,12101,13432,2533,21681,14913,4223,2545,113857,66595,49259,12151,5185,47262,41141,1738,4383,179713,127929,109507,10827,7595,51784,46266,2004,3514,404498,316534,268816,8615,39103,87964,72448,2652,12864
ACSSF,2019e1,nc,000,0060,0000210,,,,,,,,,,,,,,,,,,,,,,,,,,,,,,,,,,,,,,,,,,,,,,,,,,,,,,80491,11445,5583,2335,2686,562,5862,4337,1431,94,25703,11996,11331,539,126,13707,13502,58,147,28761,17758,16890,670,198,11003,10588,408,7,14582,10104,8731,369,1004,4478,4093,175,210
ACSSF,2019e1,nc,000,0060,0000211,,,,,,,,,,,,,,,,,,,,,,,,,,,,,,,,,,,,,,,,,,,,,,,,,,,,,,,,,,,,,,,,,,,,,,,,,,,,,,,,,,,,,,,,,,
ACSSF,2019e1,nc,000,0060,0000212,,,,,,,,,,,,,,,,,,,,,,,,,,,,,,,,,,,,,,,,,,,,,,,,,,,,,,,,,,,,,,,,,,,,,,,,,,,,,,,,,,,,,,,,,,
