ACSSF,2019e1,nc,000,0181,0000001,4944291,531214,4413077,4944291,4613035,990329,3622706,331256,4944291,4613035,705861,3907174,331256,4876778,66426,4810352
ACSSF,2019e1,nc,000,0181,0000002,,,,,,,,,,,,,,,,
ACSSF,2019e1,nc,000,0181,0000003,,,,,,,,,,,,,,,,
ACSSF,2019e1,nc,000,0181,0000004,,,,,,,,,,,,,,,,
ACSSF,2019e1,nc,000,0181,0000005,,,,,,,,,,,,,,,,
ACSSF,2019e1,nc,000,0181,0000006,,,,,,,,,,,,,,,,
ACSSF,2019e1,nc,000,0181,0000007,,,,,,,,,,,,,,,,
ACSSF,2019e1,nc,000,0181,0000008,,,,,,,,,,,,,,,,
ACSSF,2019e1,nc,000,0181,0000009,,,,,,,,,,,,,,,,
ACSSF,2019e1,nc,000,0181,0000010,,,,,,,,,,,,,,,,
ACSSF,2019e1,nc,000,0181,0000011,,,,,,,,,,,,,,,,
ACSSF,2019e1,nc,000,0181,0000012,,,,,,,,,,,,,,,,
ACSSF,2019e1,nc,000,0181,0000013,70399,7797,62602,70399,67651,13140,54511,2748,70399,67651,9132,58519,2748,70189,472,69717
ACSSF,2019e1,nc,000,0181,0000014,43100,5531,37569,43100,39132,9575,29557,3968,43100,39132,6571,32561,3968,42975,172,42803
ACSSF,2019e1,nc,000,0181,0000015,152113,12879,139234,152113,137755,25796,111959,14358,152113,137755,17227,120528,14358,150892,1636,149256
ACSSF,2019e1,nc,000,0181,0000016,34666,2131,32535,34666,32838,4343,28495,1828,34666,32838,2569,30269,1828,34649,54,34595
ACSSF,2019e1,nc,000,0181,0000017,89106,11133,77973,89106,82250,21025,61225,6856,89106,82250,16612,65638,6856,88750,573,88177
ACSSF,2019e1,nc,000,0181,0000018,27744,1971,25773,27744,26828,3748,23080,916,27744,26828,2223,24605,916,27742,41,27701
ACSSF,2019e1,nc,000,0181,0000019,32661,3832,28829,32661,31254,6509,24745,1407,32661,31254,4824,26430,1407,32367,420,31947
ACSSF,2019e1,nc,000,0181,0000020,91380,6803,84577,91380,88571,13522,75049,2809,91380,88571,9497,79074,2809,91083,640,90443
ACSSF,2019e1,nc,000,0181,0000021,19701,524,19177,19701,17272,2273,14999,2429,19701,17272,1083,16189,2429,19698,0,19698
ACSSF,2019e1,nc,000,0181,0000022,35930,3647,32283,35930,35439,10086,25353,491,35930,35439,8169,27270,491,35913,355,35558
ACSSF,2019e1,nc,000,0181,0000023,51662,4249,47413,51662,49260,6648,42612,2402,51662,49260,4734,44526,2402,48751,308,48443
ACSSF,2019e1,nc,000,0181,0000024,182760,15613,167147,182760,177869,29502,148367,4891,182760,177869,21961,155908,4891,169597,1224,168373
ACSSF,2019e1,nc,000,0181,0000025,43853,3117,40736,43853,42061,9200,32861,1792,43853,42061,5180,36881,1792,43680,234,43446
ACSSF,2019e1,nc,000,0181,0000026,210578,19152,191426,210578,198991,39038,159953,11587,210578,198991,25412,173579,11587,209445,2044,207401
ACSSF,2019e1,nc,000,0181,0000027,197849,20135,177714,197849,188777,39722,149055,9072,197849,188777,27235,161542,9072,196112,2567,193545
ACSSF,2019e1,nc,000,0181,0000028,14426,2175,12251,14426,13275,2573,10702,1151,14426,13275,1878,11397,1151,14331,330,14001
ACSSF,2019e1,nc,000,0181,0000029,83469,6635,76834,83469,79731,15856,63875,3738,83469,79731,11017,68714,3738,83216,1625,81591
ACSSF,2019e1,nc,000,0181,0000030,299341,36802,262539,299341,285112,68318,216794,14229,299341,285112,50405,234707,14229,293606,4802,288804
ACSSF,2019e1,nc,000,0181,0000031,29229,3516,25713,29229,27569,6854,20715,1660,29229,27569,4658,22911,1660,28501,335,28166
ACSSF,2019e1,nc,000,0181,0000032,48837,4432,44405,48837,45358,9288,36070,3479,48837,45358,6126,39232,3479,48751,465,48286
ACSSF,2019e1,nc,000,0181,0000033,86524,6531,79993,86524,80858,13719,67139,5666,86524,80858,9071,71787,5666,86512,520,85992
ACSSF,2019e1,nc,000,0181,0000034,65903,5453,60450,65903,58149,10741,47408,7754,65903,58149,7115,51034,7754,65760,731,65029
ACSSF,2019e1,nc,000,0181,0000035,26291,2810,23481,26291,23743,5425,18318,2548,26291,23743,3679,20064,2548,26291,495,25796
ACSSF,2019e1,nc,000,0181,0000036,767947,74086,693861,767947,705804,162455,543349,62143,767947,705804,112432,593372,62143,763196,7814,755382
ACSSF,2019e1,nc,000,0181,0000037,47116,6336,40780,47116,42612,10986,31626,4504,47116,42612,7987,34625,4504,46955,460,46495
ACSSF,2019e1,nc,000,0181,0000038,39400,7239,32161,39400,37198,9350,27848,2202,39400,37198,7452,29746,2202,39142,104,39038
ACSSF,2019e1,nc,000,0181,0000039,145462,20166,125296,145462,132696,28756,103940,12766,145462,132696,23021,109675,12766,143886,1756,142130
ACSSF,2019e1,nc,000,0181,0000040,99269,10458,88811,99269,94309,16360,77949,4960,99269,94309,11818,82491,4960,79886,1577,78309
ACSSF,2019e1,nc,000,0181,0000041,86968,8609,78359,86968,78959,13673,65286,8009,86968,78959,9252,69707,8009,84323,695,83628
ACSSF,2019e1,nc,000,0181,0000042,92094,24272,67822,92094,87022,36186,50836,5072,92094,87022,29072,57950,5072,92077,5392,86685
ACSSF,2019e1,nc,000,0181,0000043,49135,5958,43177,49135,46270,10560,35710,2865,49135,46270,7873,38397,2865,49086,751,48335
ACSSF,2019e1,nc,000,0181,0000044,43320,3272,40048,43320,42396,6858,35538,924,43320,42396,5006,37390,924,43277,818,42459
ACSSF,2019e1,nc,000,0181,0000045,28691,3393,25298,28691,27898,5143,22755,793,28691,27898,3677,24221,793,28535,396,28139
ACSSF,2019e1,nc,000,0181,0000046,49200,3956,45244,49200,46684,9300,37384,2516,49200,46684,5767,40917,2516,48426,442,47984
ACSSF,2019e1,nc,000,0181,0000047,17971,2235,15736,17971,17165,5472,11693,806,17971,17165,3884,13281,806,17934,271,17663
ACSSF,2019e1,nc,000,0181,0000048,30150,3311,26839,30150,29115,6241,22874,1035,30150,29115,4291,24824,1035,30120,952,29168
ACSSF,2019e1,nc,000,0181,0000049,83180,11040,72140,83180,73109,23493,49616,10071,83180,73109,15183,57926,10071,83008,665,82343
ACSSF,2019e1,nc,000,0181,0000050,637887,71531,566356,637887,573705,120150,453555,64182,637887,573705,88058,485647,64182,635358,14147,621211
ACSSF,2019e1,nc,000,0181,0000051,49470,4205,45265,49470,48360,9490,38870,1110,49470,48360,5745,42615,1110,48522,232,48290
ACSSF,2019e1,nc,000,0181,0000052,25294,2574,22720,25294,24186,3616,20570,1108,25294,24186,2998,21188,1108,25135,0,25135
ACSSF,2019e1,nc,000,0181,0000053,40533,6264,34269,40533,38914,9844,29070,1619,40533,38914,7150,31764,1619,40506,570,39936
ACSSF,2019e1,nc,000,0181,0000054,102342,8685,93657,102342,96031,17275,78756,6311,102342,96031,11888,84143,6311,101863,1097,100766
ACSSF,2019e1,nc,000,0181,0000055,99810,13515,86295,99810,90071,20680,69391,9739,99810,90071,15859,74212,9739,99205,2728,96477
ACSSF,2019e1,nc,000,0181,0000056,647768,61370,586398,647768,599988,135981,464007,47780,647768,599988,95249,504739,47780,643612,5771,637841
ACSSF,2019e1,nc,000,0181,0000057,56904,7271,49633,56904,54138,14678,39460,2766,56904,54138,11308,42830,2766,56849,192,56657
ACSSF,2019e1,nc,000,0181,0000058,178089,16815,161274,178089,167438,33855,133583,10651,178089,167438,22002,145436,10651,176956,1863,175093
ACSSF,2019e1,nc,000,0181,0000059,147992,12907,135085,147992,145367,24046,121321,2625,147992,145367,17988,127379,2625,135756,922,134834
ACSSF,2019e1,nc,000,0181,0000060,50186,4365,45821,50186,48770,9432,39338,1416,50186,48770,6806,41964,1416,50014,1159,48855
ACSSF,2019e1,nc,000,0181,0000061,191908,23357,168551,191908,184121,44650,139471,7787,191908,184121,32788,151333,7787,188347,3816,184531
ACSSF,2019e1,nc,000,0181,0000062,63790,17548,46242,63790,61013,25515,35498,2777,63790,61013,20959,40054,2777,63773,4565,59208
ACSSF,2019e1,nc,000,0181,0000063,65224,8035,57189,65224,63701,14024,49677,1523,65224,63701,9963,53738,1523,63060,633,62427
ACSSF,2019e1,nc,000,0181,0000064,79133,7290,71843,79133,77217,11631,65586,1916,79133,77217,8533,68684,1916,60284,1508,58776
ACSSF,2019e1,nc,000,0181,0000065,339593,39358,300235,339593,313280,66164,247116,26313,339593,313280,48692,264588,26313,337973,8470,329503
ACSSF,2019e1,nc,000,0181,0000066,102222,13428,88794,102222,96709,20242,76467,5513,102222,96709,16468,80241,5513,100878,1197,99681
ACSSF,2019e1,nc,000,0181,0000067,148983,14632,134351,148983,143837,29420,114417,5146,148983,143837,19355,124482,5146,147253,1971,145282
ACSSF,2019e1,nc,000,0181,0000068,102342,8685,93657,102342,96031,17275,78756,6311,102342,96031,11888,84143,6311,101863,1097,100766
ACSSF,2019e1,nc,000,0181,0000069,647768,61370,586398,647768,599988,135981,464007,47780,647768,599988,95249,504739,47780,643612,5771,637841
ACSSF,2019e1,nc,000,0181,0000070,56904,7271,49633,56904,54138,14678,39460,2766,56904,54138,11308,42830,2766,56849,192,56657
ACSSF,2019e1,nc,000,0181,0000071,50186,4365,45821,50186,48770,9432,39338,1416,50186,48770,6806,41964,1416,50014,1159,48855
ACSSF,2019e1,nc,000,0181,0000072,176372,16815,159557,176372,165721,33747,131974,10651,176372,165721,21894,143827,10651,175239,1863,173376
ACSSF,2019e1,nc,000,0181,0000073,147992,12907,135085,147992,145367,24046,121321,2625,147992,145367,17988,127379,2625,135756,922,134834
ACSSF,2019e1,nc,000,0181,0000074,191908,23357,168551,191908,184121,44650,139471,7787,191908,184121,32788,151333,7787,188347,3816,184531
ACSSF,2019e1,nc,000,0181,0000075,64405,8035,56370,64405,62882,13933,48949,1523,64405,62882,9872,53010,1523,62241,633,61608
ACSSF,2019e1,nc,000,0181,0000076,63790,17548,46242,63790,61013,25515,35498,2777,63790,61013,20959,40054,2777,63773,4565,59208
ACSSF,2019e1,nc,000,0181,0000077,79133,7290,71843,79133,77217,11631,65586,1916,79133,77217,8533,68684,1916,60284,1508,58776
ACSSF,2019e1,nc,000,0181,0000078,99437,13515,85922,99437,89744,20680,69064,9693,99437,89744,15859,73885,9693,98832,2728,96104
ACSSF,2019e1,nc,000,0181,0000079,338753,39308,299445,338753,312440,65997,246443,26313,338753,312440,48596,263844,26313,337133,8470,328663
ACSSF,2019e1,nc,000,0181,0000080,102222,13428,88794,102222,96709,20242,76467,5513,102222,96709,16468,80241,5513,100878,1197,99681
ACSSF,2019e1,nc,000,0181,0000081,148983,14632,134351,148983,143837,29420,114417,5146,148983,143837,19355,124482,5146,147253,1971,145282
ACSSF,2019e1,nc,000,0181,0000082,,,,,,,,,,,,,,,,
ACSSF,2019e1,nc,000,0181,0000083,,,,,,,,,,,,,,,,
ACSSF,2019e1,nc,000,0181,0000084,,,,,,,,,,,,,,,,
ACSSF,2019e1,nc,000,0181,0000085,,,,,,,,,,,,,,,,
ACSSF,2019e1,nc,000,0181,0000086,,,,,,,,,,,,,,,,
ACSSF,2019e1,nc,000,0181,0000087,,,,,,,,,,,,,,,,
ACSSF,2019e1,nc,000,0181,0000088,,,,,,,,,,,,,,,,
ACSSF,2019e1,nc,000,0181,0000089,,,,,,,,,,,,,,,,
ACSSF,2019e1,nc,000,0181,0000090,,,,,,,,,,,,,,,,
ACSSF,2019e1,nc,000,0181,0000091,,,,,,,,,,,,,,,,
ACSSF,2019e1,nc,000,0181,0000092,,,,,,,,,,,,,,,,
ACSSF,2019e1,nc,000,0181,0000093,,,,,,,,,,,,,,,,
ACSSF,2019e1,nc,000,0181,0000094,,,,,,,,,,,,,,,,
ACSSF,2019e1,nc,000,0181,0000095,,,,,,,,,,,,,,,,
ACSSF,2019e1,nc,000,0181,0000096,,,,,,,,,,,,,,,,
ACSSF,2019e1,nc,000,0181,0000097,,,,,,,,,,,,,,,,
ACSSF,2019e1,nc,000,0181,0000098,,,,,,,,,,,,,,,,
ACSSF,2019e1,nc,000,0181,0000099,,,,,,,,,,,,,,,,
ACSSF,2019e1,nc,000,0181,0000100,,,,,,,,,,,,,,,,
ACSSF,2019e1,nc,000,0181,0000101,,,,,,,,,,,,,,,,
ACSSF,2019e1,nc,000,0181,0000102,,,,,,,,,,,,,,,,
ACSSF,2019e1,nc,000,0181,0000103,,,,,,,,,,,,,,,,
ACSSF,2019e1,nc,000,0181,0000104,,,,,,,,,,,,,,,,
ACSSF,2019e1,nc,000,0181,0000105,,,,,,,,,,,,,,,,
ACSSF,2019e1,nc,000,0181,0000106,,,,,,,,,,,,,,,,
ACSSF,2019e1,nc,000,0181,0000107,,,,,,,,,,,,,,,,
ACSSF,2019e1,nc,000,0181,0000108,,,,,,,,,,,,,,,,
ACSSF,2019e1,nc,000,0181,0000109,,,,,,,,,,,,,,,,
ACSSF,2019e1,nc,000,0181,0000110,,,,,,,,,,,,,,,,
ACSSF,2019e1,nc,000,0181,0000111,,,,,,,,,,,,,,,,
ACSSF,2019e1,nc,000,0181,0000112,,,,,,,,,,,,,,,,
ACSSF,2019e1,nc,000,0181,0000113,,,,,,,,,,,,,,,,
ACSSF,2019e1,nc,000,0181,0000114,,,,,,,,,,,,,,,,
ACSSF,2019e1,nc,000,0181,0000115,,,,,,,,,,,,,,,,
ACSSF,2019e1,nc,000,0181,0000116,,,,,,,,,,,,,,,,
ACSSF,2019e1,nc,000,0181,0000117,,,,,,,,,,,,,,,,
ACSSF,2019e1,nc,000,0181,0000118,,,,,,,,,,,,,,,,
ACSSF,2019e1,nc,000,0181,0000119,,,,,,,,,,,,,,,,
ACSSF,2019e1,nc,000,0181,0000120,,,,,,,,,,,,,,,,
ACSSF,2019e1,nc,000,0181,0000121,,,,,,,,,,,,,,,,
ACSSF,2019e1,nc,000,0181,0000122,,,,,,,,,,,,,,,,
ACSSF,2019e1,nc,000,0181,0000123,,,,,,,,,,,,,,,,
ACSSF,2019e1,nc,000,0181,0000124,,,,,,,,,,,,,,,,
ACSSF,2019e1,nc,000,0181,0000125,,,,,,,,,,,,,,,,
ACSSF,2019e1,nc,000,0181,0000126,,,,,,,,,,,,,,,,
ACSSF,2019e1,nc,000,0181,0000127,,,,,,,,,,,,,,,,
ACSSF,2019e1,nc,000,0181,0000128,,,,,,,,,,,,,,,,
ACSSF,2019e1,nc,000,0181,0000129,,,,,,,,,,,,,,,,
ACSSF,2019e1,nc,000,0181,0000130,,,,,,,,,,,,,,,,
ACSSF,2019e1,nc,000,0181,0000131,,,,,,,,,,,,,,,,
ACSSF,2019e1,nc,000,0181,0000132,,,,,,,,,,,,,,,,
ACSSF,2019e1,nc,000,0181,0000133,,,,,,,,,,,,,,,,
ACSSF,2019e1,nc,000,0181,0000134,,,,,,,,,,,,,,,,
ACSSF,2019e1,nc,000,0181,0000135,,,,,,,,,,,,,,,,
ACSSF,2019e1,nc,000,0181,0000136,,,,,,,,,,,,,,,,
ACSSF,2019e1,nc,000,0181,0000137,,,,,,,,,,,,,,,,
ACSSF,2019e1,nc,000,0181,0000138,,,,,,,,,,,,,,,,
ACSSF,2019e1,nc,000,0181,0000139,,,,,,,,,,,,,,,,
ACSSF,2019e1,nc,000,0181,0000140,,,,,,,,,,,,,,,,
ACSSF,2019e1,nc,000,0181,0000141,,,,,,,,,,,,,,,,
ACSSF,2019e1,nc,000,0181,0000142,,,,,,,,,,,,,,,,
ACSSF,2019e1,nc,000,0181,0000143,,,,,,,,,,,,,,,,
ACSSF,2019e1,nc,000,0181,0000144,,,,,,,,,,,,,,,,
ACSSF,2019e1,nc,000,0181,0000145,,,,,,,,,,,,,,,,
ACSSF,2019e1,nc,000,0181,0000146,,,,,,,,,,,,,,,,
ACSSF,2019e1,nc,000,0181,0000147,,,,,,,,,,,,,,,,
ACSSF,2019e1,nc,000,0181,0000148,,,,,,,,,,,,,,,,
ACSSF,2019e1,nc,000,0181,0000149,,,,,,,,,,,,,,,,
ACSSF,2019e1,nc,000,0181,0000150,,,,,,,,,,,,,,,,
ACSSF,2019e1,nc,000,0181,0000151,,,,,,,,,,,,,,,,
ACSSF,2019e1,nc,000,0181,0000152,,,,,,,,,,,,,,,,
ACSSF,2019e1,nc,000,0181,0000153,,,,,,,,,,,,,,,,
ACSSF,2019e1,nc,000,0181,0000154,,,,,,,,,,,,,,,,
ACSSF,2019e1,nc,000,0181,0000155,,,,,,,,,,,,,,,,
ACSSF,2019e1,nc,000,0181,0000156,,,,,,,,,,,,,,,,
ACSSF,2019e1,nc,000,0181,0000157,,,,,,,,,,,,,,,,
ACSSF,2019e1,nc,000,0181,0000158,,,,,,,,,,,,,,,,
ACSSF,2019e1,nc,000,0181,0000159,,,,,,,,,,,,,,,,
ACSSF,2019e1,nc,000,0181,0000160,,,,,,,,,,,,,,,,
ACSSF,2019e1,nc,000,0181,0000161,,,,,,,,,,,,,,,,
ACSSF,2019e1,nc,000,0181,0000162,,,,,,,,,,,,,,,,
ACSSF,2019e1,nc,000,0181,0000163,,,,,,,,,,,,,,,,
ACSSF,2019e1,nc,000,0181,0000164,,,,,,,,,,,,,,,,
ACSSF,2019e1,nc,000,0181,0000165,,,,,,,,,,,,,,,,
ACSSF,2019e1,nc,000,0181,0000166,,,,,,,,,,,,,,,,
ACSSF,2019e1,nc,000,0181,0000167,,,,,,,,,,,,,,,,
ACSSF,2019e1,nc,000,0181,0000168,,,,,,,,,,,,,,,,
ACSSF,2019e1,nc,000,0181,0000169,,,,,,,,,,,,,,,,
ACSSF,2019e1,nc,000,0181,0000170,,,,,,,,,,,,,,,,
ACSSF,2019e1,nc,000,0181,0000171,,,,,,,,,,,,,,,,
ACSSF,2019e1,nc,000,0181,0000172,,,,,,,,,,,,,,,,
ACSSF,2019e1,nc,000,0181,0000173,,,,,,,,,,,,,,,,
ACSSF,2019e1,nc,000,0181,0000174,,,,,,,,,,,,,,,,
ACSSF,2019e1,nc,000,0181,0000175,,,,,,,,,,,,,,,,
ACSSF,2019e1,nc,000,0181,0000176,,,,,,,,,,,,,,,,
ACSSF,2019e1,nc,000,0181,0000177,,,,,,,,,,,,,,,,
ACSSF,2019e1,nc,000,0181,0000178,,,,,,,,,,,,,,,,
ACSSF,2019e1,nc,000,0181,0000179,,,,,,,,,,,,,,,,
ACSSF,2019e1,nc,000,0181,0000180,,,,,,,,,,,,,,,,
ACSSF,2019e1,nc,000,0181,0000181,,,,,,,,,,,,,,,,
ACSSF,2019e1,nc,000,0181,0000182,,,,,,,,,,,,,,,,
ACSSF,2019e1,nc,000,0181,0000183,,,,,,,,,,,,,,,,
ACSSF,2019e1,nc,000,0181,0000184,,,,,,,,,,,,,,,,
ACSSF,2019e1,nc,000,0181,0000185,,,,,,,,,,,,,,,,
ACSSF,2019e1,nc,000,0181,0000186,,,,,,,,,,,,,,,,
ACSSF,2019e1,nc,000,0181,0000187,,,,,,,,,,,,,,,,
ACSSF,2019e1,nc,000,0181,0000188,,,,,,,,,,,,,,,,
ACSSF,2019e1,nc,000,0181,0000189,,,,,,,,,,,,,,,,
ACSSF,2019e1,nc,000,0181,0000190,,,,,,,,,,,,,,,,
ACSSF,2019e1,nc,000,0181,0000191,,,,,,,,,,,,,,,,
ACSSF,2019e1,nc,000,0181,0000192,,,,,,,,,,,,,,,,
ACSSF,2019e1,nc,000,0181,0000193,,,,,,,,,,,,,,,,
ACSSF,2019e1,nc,000,0181,0000194,,,,,,,,,,,,,,,,
ACSSF,2019e1,nc,000,0181,0000195,,,,,,,,,,,,,,,,
ACSSF,2019e1,nc,000,0181,0000196,,,,,,,,,,,,,,,,
ACSSF,2019e1,nc,000,0181,0000197,,,,,,,,,,,,,,,,
ACSSF,2019e1,nc,000,0181,0000198,,,,,,,,,,,,,,,,
ACSSF,2019e1,nc,000,0181,0000199,,,,,,,,,,,,,,,,
ACSSF,2019e1,nc,000,0181,0000200,,,,,,,,,,,,,,,,
ACSSF,2019e1,nc,000,0181,0000201,,,,,,,,,,,,,,,,
ACSSF,2019e1,nc,000,0181,0000202,,,,,,,,,,,,,,,,
ACSSF,2019e1,nc,000,0181,0000203,,,,,,,,,,,,,,,,
ACSSF,2019e1,nc,000,0181,0000204,,,,,,,,,,,,,,,,
ACSSF,2019e1,nc,000,0181,0000205,,,,,,,,,,,,,,,,
ACSSF,2019e1,nc,000,0181,0000206,,,,,,,,,,,,,,,,
ACSSF,2019e1,nc,000,0181,0000207,,,,,,,,,,,,,,,,
ACSSF,2019e1,nc,000,0181,0000208,,,,,,,,,,,,,,,,
ACSSF,2019e1,nc,000,0181,0000209,,,,,,,,,,,,,,,,
ACSSF,2019e1,nc,000,0181,0000210,,,,,,,,,,,,,,,,
ACSSF,2019e1,nc,000,0181,0000211,,,,,,,,,,,,,,,,
ACSSF,2019e1,nc,000,0181,0000212,,,,,,,,,,,,,,,,
