ACSSF,2019e1,nc,000,0019,0000001,,,,,,,,,,,,,,,,,,,,,,,,,,,,,,,,,,,,,,,,,,,,,,,,,,,,,,,,,,,,,,,,,,,,,,,,,,,,,,,,,,,,,,,,,,,,,,,,,39.6,42.2,28.6,27.2,29.9,26.9,,,,,,,10371906,5034343,5337563,8834381,4275833,4558548,759234,363221,396013,410966,206276,204690,315215,162164,153051,52110,26849,25261,,,,,,,,,,,,,,,,,,,7074724,6091819,464384,262804,228465,27252,2226608,1855441,207559,108654,48213,6741,124944,106768,9911,6478,1690,97,307565,251233,22064,6664,17509,10095,6812,5079,1073,407,137,116,346567,300365,27307,8276,6784,3835,,,,,,,,,,,,,,,,,,,,,,,,,,,,,,,,,,,,,,,,,,,,,,,,,,,,,,,,,,,,
ACSSF,2019e1,nc,000,0019,0000002,,,,,,,,,,,,,,,,,,,,,,,,,,,,,,,,,,,,,,,,,,,,,,,,,,,,,,,,,,,,,,,,,,,,,,,,,,,,,,,,,,,,,,,,,,,,,,,,,37.4,40.2,28.6,25.8,28.8,26.2,,,,,,,6958781,3347774,3611007,5770900,2766813,3004087,599390,286277,313113,293346,140806,152540,249745,130444,119301,45400,23434,21966,,,,,,,,,,,,,,,,,,,4403194,3687197,338817,178343,176159,22678,1759908,1437360,189305,84925,42433,5885,48444,36695,5947,4760,1042,0,266780,215647,19943,6111,15502,9577,4397,3040,989,192,60,116,267954,231088,22385,6616,4289,3576,,,,,,,,,,,,,,,,,,,,,,,,,,,,,,,,,,,,,,,,,,,,,,,,,,,,,,,,,,,,
ACSSF,2019e1,nc,000,0019,0000003,,,,,,,,,,,,,,,,,,,,,,,,,,,,,,,,,,,,,,,,,,,,,,,,,,,,,,,,,,,,,,,,,,,,,,,,,,,,,,,,,,,,,,,,,,,,,,,,,44.5,46.4,28.4,30.8,37.2,33.2,,,,,,,3413125,1686569,1726556,3063481,1509020,1554461,159844,76944,82900,117620,65470,52150,65470,31720,33750,6710,3415,3295,,,,,,,,,,,,,,,,,,,2671530,2404622,125567,84461,52306,4574,466700,418081,18254,23729,5780,856,76500,70073,3964,1718,648,97,40785,35586,2121,553,2007,518,,,,,,,78613,69277,4922,1660,2495,259,,,,,,,,,,,,,,,,,,,,,,,,,,,,,,,,,,,,,,,,,,,,,,,,,,,,,,,,,,,,
ACSSF,2019e1,nc,000,0019,0000004,,,,,,,,,,,,,,,,,,,,,,,,,,,,,,,,,,,,,,,,,,,,,,,,,,,,,,,,,,,,,,,,,,,,,,,,,,,,,,,,,,,,,,,,,,,,,,,,,39.2,41.8,28.5,26.9,29.7,26.9,,,,,,,9784069,4743838,5040231,8308013,4018968,4289045,732457,350382,382075,389405,192258,197147,303228,155973,147255,50966,26257,24709,,,,,,,,,,,,,,,,,,,6665185,5726196,444784,249368,218390,26447,2088075,1730154,202167,102164,46964,6626,117282,99717,9794,6004,1670,97,303262,247533,21890,6496,17423,9920,6622,4924,1073,372,137,116,328765,283676,27086,7856,6354,3793,,,,,,,,,,,,,,,,,,,,,,,,,,,,,,,,,,,,,,,,,,,,,,,,,,,,,,,,,,,,
ACSSF,2019e1,nc,000,0019,0000005,,,,,,,,,,,,,,,,,,,,,,,,,,,,,,,,,,,,,,,,,,,,,,,,,,,,,,,,,,,,,,,,,,,,,,,,,,,,,,,,,,,,,,,,,,,,,,,,,38.7,41.3,28.5,26.9,29.5,26.4,,,,,,,8404494,4076570,4327924,7102908,3438872,3664036,644471,307489,336982,334668,163120,171548,274842,142456,132386,47605,24633,22972,,,,,,,,,,,,,,,,,,,5708759,4890912,383677,214037,196160,23973,1812361,1492294,185048,86061,42877,6081,43678,32100,5485,4642,1451,0,292792,238079,21275,6284,17306,9848,5852,4271,1073,332,60,116,293388,251067,25591,7393,5665,3672,,,,,,,,,,,,,,,,,,,,,,,,,,,,,,,,,,,,,,,,,,,,,,,,,,,,,,,,,,,,
ACSSF,2019e1,nc,000,0019,0000006,,,,,,,,,,,,,,,,,,,,,,,,,,,,,,,,,,,,,,,,,,,,,,,,,,,,,,,,,,,,,,,,,,,,,,,,,,,,,,,,,,,,,,,,,,,,,,,,,34.9,38.0,28.2,23.8,27.4,25.3,,,,,,,3494356,1671916,1822440,2819145,1343803,1475342,346271,165759,180512,139986,63295,76691,154920,82320,72600,34034,16739,17295,,,,,,,,,,,,,,,,,,,1884940,1521263,167051,80883,100078,15665,1120883,908060,133502,43582,31102,4637,16826,10883,3090,2002,851,0,187053,146785,14577,3573,13589,8529,,,,,,,163898,140643,14780,3621,2515,2339,,,,,,,,,,,,,,,,,,,,,,,,,,,,,,,,,,,,,,,,,,,,,,,,,,,,,,,,,,,,
ACSSF,2019e1,nc,000,0019,0000007,,,,,,,,,,,,,,,,,,,,,,,,,,,,,,,,,,,,,,,,,,,,,,,,,,,,,,,,,,,,,,,,,,,,,,,,,,,,,,,,,,,,,,,,,,,,,,,,,41.6,43.7,29.0,29.8,33.8,30.9,,,,,,,4910138,2404654,2505484,4283763,2095069,2188694,298200,141730,156470,194682,99825,94857,119922,60136,59786,13571,7894,5677,,,,,,,,,,,,,,,,,,,3823819,3369649,216626,133154,96082,8308,691478,584234,51546,42479,11775,1444,26852,21217,2395,2640,600,0,105739,91294,6698,2711,3717,1319,4105,2898,835,326,0,46,129490,110424,10811,3772,3150,1333,,,,,,,,,,,,,,,,,,,,,,,,,,,,,,,,,,,,,,,,,,,,,,,,,,,,,,,,,,,,
ACSSF,2019e1,nc,000,0019,0000008,,,,,,,,,,,,,,,,,,,,,,,,,,,,,,,,,,,,,,,,,,,,,,,,,,,,,,,,,,,,,,,,,,,,,,,,,,,,,,,,,,,,,,,,,,,,,,,,,43.0,45.3,28.1,26.7,33.1,32.2,,,,,,,1379575,667268,712307,1205105,580096,625009,87986,42893,45093,54737,29138,25599,28386,13517,14869,3361,1624,1737,,,,,,,,,,,,,,,,,,,956426,835284,61107,35331,22230,2474,275714,237860,17119,16103,4087,545,73604,67617,4309,1362,219,97,10470,9454,615,212,117,72,,,,,,,35377,32609,1495,463,689,121,,,,,,,,,,,,,,,,,,,,,,,,,,,,,,,,,,,,,,,,,,,,,,,,,,,,,,,,,,,,
ACSSF,2019e1,nc,000,0019,0000009,,,,,,,,,,,,,,,,,,,,,,,,,,,,,,,,,,,,,,,,,,,,,,,,,,,,,,,,,,,,,,,,,,,,,,,,,,,,,,,,,,,,,,,,,,,,,,,,,39.2,43.6,29.7,21.8,29.7,25.9,,,,,,,352347,166477,185870,284383,133051,151332,34977,17536,17441,21462,10314,11148,10646,5067,5579,879,509,370,,,,,,,,,,,,,,,,,,,205630,163037,21348,13299,7330,616,120746,99069,11615,6997,2874,191,6216,5163,696,357,0,0,,,,,,,,,,,,,,,,,,,,,,,,,,,,,,,,,,,,,,,,,,,,,,,,,,,,,,,,,,,,,,,,,,,,,,,,,,,,,,
ACSSF,2019e1,nc,000,0019,0000010,,,,,,,,,,,,,,,,,,,,,,,,,,,,,,,,,,,,,,,,,,,,,,,,,,,,,,,,,,,,,,,,,,,,,,,,,,,,,,,,,,,,,,,,,,,,,,,,,44.0,45.8,27.7,30.9,34.2,32.7,,,,,,,1027228,500791,526437,920722,447045,473677,53009,25357,27652,33275,18824,14451,17740,8450,9290,2482,1115,1367,,,,,,,,,,,,,,,,,,,750796,672247,39759,22032,14900,1858,154968,138791,5504,9106,1213,354,67388,62454,3613,1005,219,97,6410,5997,261,21,95,36,,,,,,,26879,24948,1190,369,287,85,,,,,,,,,,,,,,,,,,,,,,,,,,,,,,,,,,,,,,,,,,,,,,,,,,,,,,,,,,,,
ACSSF,2019e1,nc,000,0019,0000011,,,,,,,,,,,,,,,,,,,,,,,,,,,,,,,,,,,,,,,,,,,,,,,,,,,,,,,,,,,,,,,,,,,,,,,,,,,,,,,,,,,,,,,,,,,,,,,,,46.4,48.1,30.3,34.1,38.4,34.1,,,,,,,587837,290505,297332,526368,256865,269503,26777,12839,13938,21561,14018,7543,11987,6191,5796,1144,592,552,,,,,,,,,,,,,,,,,,,409539,365623,19600,13436,10075,805,138533,125287,5392,6490,1249,115,,,,,,,4303,3700,174,168,86,175,,,,,,,,,,,,,,,,,,,,,,,,,,,,,,,,,,,,,,,,,,,,,,,,,,,,,,,,,,,,,,,,,,,,,,,,
ACSSF,2019e1,nc,000,0019,0000012,,,,,,,,,,,,,,,,,,,,,,,,,,,,,,,,,,,,,,,,,,,,,,,,,,,,,,,,,,,,,,,,,,,,,,,,,,,,,,,,,,,,,,,,,,,,,,,,,44.0,46.2,28.8,28.3,33.6,32.4,,,,,,,1967412,957773,1009639,1731473,836961,894512,114763,55732,59031,76298,43156,33142,40373,19708,20665,4505,2216,2289,,,,,,,,,,,,,,,,,,,1365965,1200907,80707,48767,32305,3279,414247,363147,22511,22593,5336,660,81266,74668,4426,1836,239,97,14773,13154,789,380,203,247,,,,,,,53179,49298,1716,883,1119,163,,,,,,,,,,,,,,,,,,,,,,,,,,,,,,,,,,,,,,,,,,,,,,,,,,,,,,,,,,,,
ACSSF,2019e1,nc,000,0019,0000013,,,,,,,,,,,,,,,,,,,,,,,,,,,,,,,,,,,,,,,,,,,,,,,,,,,,,,,,,,,,,,,,,,,,,,,,,,,,,,,,,,,,,,,,,,,,,,,,,38.9,41.8,28.1,25.5,26.9,36.7,,,,,,,166988,78394,88594,143513,67141,76372,9519,4103,5416,9899,5464,4435,3692,1534,2158,365,152,213,,,,,,,,,,,,,,,,,,,116592,98330,6999,7449,3662,152,33443,29634,2489,1195,30,95,,,,,,,,,,,,,,,,,,,,,,,,,,,,,,,,,,,,,,,,,,,,,,,,,,,,,,,,,,,,,,,,,,,,,,,,,,,,,,,,,,,,
ACSSF,2019e1,nc,000,0019,0000014,,,,,,,,,,,,,,,,,,,,,,,,,,,,,,,,,,,,,,,,,,,,,,,,,,,,,,,,,,,,,,,,,,,,,,,,,,,,,,,,,,,,,,,,,,,,,,,,,56.4,58.6,33.6,34.7,49.1,74.5,,,,,,,141363,68701,72662,121498,59846,61652,6211,2732,3479,7085,3981,3104,6328,1977,4351,241,165,76,,,,,,,,,,,,,,,,,,,121098,105163,5015,4674,6081,165,,,,,,,,,,,,,,,,,,,,,,,,,,,,,,,,,,,,,,,,,,,,,,,,,,,,,,,,,,,,,,,,,,,,,,,,,,,,,,,,,,,,,,,,,,
ACSSF,2019e1,nc,000,0019,0000015,,,,,,,,,,,,,,,,,,,,,,,,,,,,,,,,,,,,,,,,,,,,,,,,,,,,,,,,,,,,,,,,,,,,,,,,,,,,,,,,,,,,,,,,,,,,,,,,,42.2,43.9,35.2,35.0,31.8,54.0,,,,,,,259484,124135,135349,229559,110299,119260,13903,6520,7383,7260,3271,3989,7343,3448,3895,1419,597,822,,,,,,,,,,,,,,,,,,,229712,203632,11560,6377,7020,1123,,,,,,,,,,,,,,,,,,,,,,,,,,,,,,,,,,,,,,,,,,,,,,,,,,,,,,,,,,,,,,,,,,,,,,,,,,,,,,,,,,,,,,,,,,
ACSSF,2019e1,nc,000,0019,0000016,,,,,,,,,,,,,,,,,,,,,,,,,,,,,,,,,,,,,,,,,,,,,,,,,,,,,,,,,,,,,,,,,,,,,,,,,,,,,,,,,,,,,,,,,,,,,,,,,46.5,48.1,35.6,34.3,36.7,59.3,,,,,,,89708,44531,45177,78231,38667,39564,6517,3303,3214,2760,1471,1289,1950,840,1110,250,250,0,,,,,,,,,,,,,,,,,,,73877,66275,3713,2182,1557,150,,,,,,,,,,,,,,,,,,,,,,,,,,,,,,,,,,,,,,,,,,,,,,,,,,,,,,,,,,,,,,,,,,,,,,,,,,,,,,,,,,,,,,,,,,
ACSSF,2019e1,nc,000,0019,0000017,,,,,,,,,,,,,,,,,,,,,,,,,,,,,,,,,,,,,,,,,,,,,,,,,,,,,,,,,,,,,,,,,,,,,,,,,,,,,,,,,,,,,,,,,,,,,,,,,37.8,38.8,28.5,30.7,32.7,32.9,,,,,,,213409,104951,108458,187815,94440,93375,12398,5080,7318,9352,3855,5497,3623,1400,2223,221,176,45,,,,,,,,,,,,,,,,,,,146139,128816,8126,6283,2914,0,40043,35596,1959,2095,393,0,,,,,,,,,,,,,,,,,,,,,,,,,,,,,,,,,,,,,,,,,,,,,,,,,,,,,,,,,,,,,,,,,,,,,,,,,,,,,,,,,,,,
ACSSF,2019e1,nc,000,0019,0000018,,,,,,,,,,,,,,,,,,,,,,,,,,,,,,,,,,,,,,,,,,,,,,,,,,,,,,,,,,,,,,,,,,,,,,,,,,,,,,,,,,,,,,,,,,,,,,,,,45.6,47.4,31.4,25.9,24.5,.,,,,,,,81953,39125,42828,72393,35078,37315,4037,1475,2562,4222,1865,2357,1301,707,594,0,0,0,,,,,,,,,,,,,,,,,,,72526,64550,3492,3292,1192,0,,,,,,,,,,,,,,,,,,,,,,,,,,,,,,,,,,,,,,,,,,,,,,,,,,,,,,,,,,,,,,,,,,,,,,,,,,,,,,,,,,,,,,,,,,
ACSSF,2019e1,nc,000,0019,0000019,,,,,,,,,,,,,,,,,,,,,,,,,,,,,,,,,,,,,,,,,,,,,,,,,,,,,,,,,,,,,,,,,,,,,,,,,,,,,,,,,,,,,,,,,,,,,,,,,50.1,50.8,46.3,39.7,48.6,.,,,,,,,68943,32906,36037,57587,28074,29513,5307,2614,2693,3227,1073,2154,2822,1145,1677,0,0,0,,,,,,,,,,,,,,,,,,,62151,52801,4657,2330,2363,0,,,,,,,,,,,,,,,,,,,,,,,,,,,,,,,,,,,,,,,,,,,,,,,,,,,,,,,,,,,,,,,,,,,,,,,,,,,,,,,,,,,,,,,,,,
ACSSF,2019e1,nc,000,0019,0000020,,,,,,,,,,,,,,,,,,,,,,,,,,,,,,,,,,,,,,,,,,,,,,,,,,,,,,,,,,,,,,,,,,,,,,,,,,,,,,,,,,,,,,,,,,,,,,,,,41.7,43.0,31.5,32.1,45.4,36.3,,,,,,,157702,77924,79778,139326,68304,71022,8962,4791,4171,6709,3583,3126,2137,1094,1043,568,152,416,,,,,,,,,,,,,,,,,,,124816,110005,7276,5190,1777,568,14154,12125,826,1147,56,0,,,,,,,,,,,,,,,,,,,,,,,,,,,,,,,,,,,,,,,,,,,,,,,,,,,,,,,,,,,,,,,,,,,,,,,,,,,,,,,,,,,,
ACSSF,2019e1,nc,000,0019,0000021,,,,,,,,,,,,,,,,,,,,,,,,,,,,,,,,,,,,,,,,,,,,,,,,,,,,,,,,,,,,,,,,,,,,,,,,,,,,,,,,,,,,,,,,,,,,,,,,,47.0,47.7,40.4,35.7,66.0,11.0,,,,,,,73865,34648,39217,67963,31886,36077,1752,828,924,2949,1182,1767,877,633,244,324,119,205,,,,,,,,,,,,,,,,,,,57288,52046,1532,2940,565,205,,,,,,,,,,,,,,,,,,,,,,,,,,,,,,,,,,,,,,,,,,,,,,,,,,,,,,,,,,,,,,,,,,,,,,,,,,,,,,,,,,,,,,,,,,
ACSSF,2019e1,nc,000,0019,0000022,,,,,,,,,,,,,,,,,,,,,,,,,,,,,,,,,,,,,,,,,,,,,,,,,,,,,,,,,,,,,,,,,,,,,,,,,,,,,,,,,,,,,,,,,,,,,,,,,41.1,43.6,33.7,23.0,22.7,.,,,,,,,96967,46246,50721,86812,41209,45603,4351,1987,2364,3359,2107,1252,2437,943,1494,8,0,8,,,,,,,,,,,,,,,,,,,72634,65396,3161,2323,1746,8,20030,18055,939,1036,0,0,,,,,,,,,,,,,,,,,,,,,,,,,,,,,,,,,,,,,,,,,,,,,,,,,,,,,,,,,,,,,,,,,,,,,,,,,,,,,,,,,,,,
ACSSF,2019e1,nc,000,0019,0000023,,,,,,,,,,,,,,,,,,,,,,,,,,,,,,,,,,,,,,,,,,,,,,,,,,,,,,,,,,,,,,,,,,,,,,,,,,,,,,,,,,,,,,,,,,,,,,,,,38.0,40.8,24.0,33.7,21.8,23.0,,,,,,,100927,49607,51320,86049,41154,44895,7316,3810,3506,2210,1198,1012,4336,2509,1827,1016,936,80,,,,,,,,,,,,,,,,,,,72178,61318,4908,1565,3806,581,22214,19226,1898,526,512,52,,,,,,,,,,,,,,,,,,,,,,,,,,,,,,,,,,,,,,,,,,,,,,,,,,,,,,,,,,,,,,,,,,,,,,,,,,,,,,,,,,,,
ACSSF,2019e1,nc,000,0019,0000024,,,,,,,,,,,,,,,,,,,,,,,,,,,,,,,,,,,,,,,,,,,,,,,,,,,,,,,,,,,,,,,,,,,,,,,,,,,,,,,,,,,,,,,,,,,,,,,,,32.0,36.0,24.8,26.2,24.0,25.2,,,,,,,330354,163061,167293,258176,125490,132686,37077,17664,19413,9040,4191,4849,22967,13912,9055,3094,1804,1290,,,,,,,,,,,,,,,,,,,162502,126321,14401,3802,15788,2190,121639,94513,17236,4194,4973,723,,,,,,,9338,8369,513,134,322,0,,,,,,,10782,8916,959,262,632,13,,,,,,,,,,,,,,,,,,,,,,,,,,,,,,,,,,,,,,,,,,,,,,,,,,,,,,,,,,,,
ACSSF,2019e1,nc,000,0019,0000025,,,,,,,,,,,,,,,,,,,,,,,,,,,,,,,,,,,,,,,,,,,,,,,,,,,,,,,,,,,,,,,,,,,,,,,,,,,,,,,,,,,,,,,,,,,,,,,,,45.0,45.9,28.6,35.5,45.8,53.7,,,,,,,165308,79685,85623,151817,73015,78802,8058,3795,4263,3021,1679,1342,2047,1083,964,365,113,252,,,,,,,,,,,,,,,,,,,142554,131431,6309,2573,1876,365,,,,,,,,,,,,,,,,,,,,,,,,,,,,,,,,,,,,,,,,,,,,,,,,,,,,,,,,,,,,,,,,,,,,,,,,,,,,,,,,,,,,,,,,,,
ACSSF,2019e1,nc,000,0019,0000026,,,,,,,,,,,,,,,,,,,,,,,,,,,,,,,,,,,,,,,,,,,,,,,,,,,,,,,,,,,,,,,,,,,,,,,,,,,,,,,,,,,,,,,,,,,,,,,,,35.9,38.3,28.2,31.0,28.2,21.7,,,,,,,318387,152829,165558,259831,124114,135717,29598,13113,16485,10256,4725,5531,14330,8659,5671,4372,2218,2154,,,,,,,,,,,,,,,,,,,169563,139904,12335,4780,9064,3480,113742,91069,14706,4526,3265,176,,,,,,,14068,11473,949,512,788,346,,,,,,,,,,,,,,,,,,,,,,,,,,,,,,,,,,,,,,,,,,,,,,,,,,,,,,,,,,,,,,,,,,,,,,,,
ACSSF,2019e1,nc,000,0019,0000027,,,,,,,,,,,,,,,,,,,,,,,,,,,,,,,,,,,,,,,,,,,,,,,,,,,,,,,,,,,,,,,,,,,,,,,,,,,,,,,,,,,,,,,,,,,,,,,,,38.8,40.8,28.2,35.3,29.9,36.7,,,,,,,378246,179372,198874,325180,154485,170695,29699,13317,16382,11732,5890,5842,10040,4917,5123,1595,763,832,,,,,,,,,,,,,,,,,,,249833,218724,15214,8347,6981,567,99817,82272,13209,1944,2392,0,,,,,,,8824,6886,558,320,364,696,,,,,,,,,,,,,,,,,,,,,,,,,,,,,,,,,,,,,,,,,,,,,,,,,,,,,,,,,,,,,,,,,,,,,,,,
ACSSF,2019e1,nc,000,0019,0000028,,,,,,,,,,,,,,,,,,,,,,,,,,,,,,,,,,,,,,,,,,,,,,,,,,,,,,,,,,,,,,,,,,,,,,,,,,,,,,,,,,,,,,,,,,,,,,,,,40.8,43.3,29.8,30.1,43.3,.,,,,,,,69651,34603,35048,59668,29105,30563,2963,1311,1652,5873,3316,2557,1111,835,276,36,36,0,,,,,,,,,,,,,,,,,,,47576,40447,2558,4029,542,0,,,,,,,,,,,,,,,,,,,,,,,,,,,,,,,,,,,,,,,,,,,,,,,,,,,,,,,,,,,,,,,,,,,,,,,,,,,,,,,,,,,,,,,,,,
ACSSF,2019e1,nc,000,0019,0000029,,,,,,,,,,,,,,,,,,,,,,,,,,,,,,,,,,,,,,,,,,,,,,,,,,,,,,,,,,,,,,,,,,,,,,,,,,,,,,,,,,,,,,,,,,,,,,,,,40.3,42.7,29.8,28.9,26.1,.,,,,,,,222286,107623,114663,191730,92754,98976,16648,7920,8728,9164,4493,4671,4699,2411,2288,45,45,0,,,,,,,,,,,,,,,,,,,169635,148838,11578,5348,3826,45,38533,31214,3012,3512,795,0,,,,,,,,,,,,,,,,,,,,,,,,,,,,,,,,,,,,,,,,,,,,,,,,,,,,,,,,,,,,,,,,,,,,,,,,,,,,,,,,,,,,
ACSSF,2019e1,nc,000,0019,0000030,,,,,,,,,,,,,,,,,,,,,,,,,,,,,,,,,,,,,,,,,,,,,,,,,,,,,,,,,,,,,,,,,,,,,,,,,,,,,,,,,,,,,,,,,,,,,,,,,38.1,40.8,28.9,23.3,26.6,24.9,,,,,,,531126,249896,281230,445152,210286,234866,49305,22467,26838,18053,7243,10810,14922,7994,6928,3694,1906,1788,,,,,,,,,,,,,,,,,,,285156,244663,21939,9055,8263,1236,182644,148003,21870,7054,4476,1241,,,,,,,26569,24042,967,137,882,541,,,,,,,,,,,,,,,,,,,,,,,,,,,,,,,,,,,,,,,,,,,,,,,,,,,,,,,,,,,,,,,,,,,,,,,,
ACSSF,2019e1,nc,000,0019,0000031,,,,,,,,,,,,,,,,,,,,,,,,,,,,,,,,,,,,,,,,,,,,,,,,,,,,,,,,,,,,,,,,,,,,,,,,,,,,,,,,,,,,,,,,,,,,,,,,,35.3,37.2,25.8,27.5,20.5,25.6,,,,,,,133947,65451,68496,115549,56774,58775,5230,2411,2819,8614,4624,3990,3981,1412,2569,573,230,343,,,,,,,,,,,,,,,,,,,89886,77211,2970,6663,2770,272,29556,25768,1695,1720,165,208,,,,,,,,,,,,,,,,,,,,,,,,,,,,,,,,,,,,,,,,,,,,,,,,,,,,,,,,,,,,,,,,,,,,,,,,,,,,,,,,,,,,
ACSSF,2019e1,nc,000,0019,0000032,,,,,,,,,,,,,,,,,,,,,,,,,,,,,,,,,,,,,,,,,,,,,,,,,,,,,,,,,,,,,,,,,,,,,,,,,,,,,,,,,,,,,,,,,,,,,,,,,47.8,50.0,35.9,32.8,52.7,.,,,,,,,116366,55865,60501,102534,49774,52760,4050,1985,2065,6906,2873,4033,2785,1210,1575,91,23,68,,,,,,,,,,,,,,,,,,,106052,93344,4001,6176,2508,23,,,,,,,,,,,,,,,,,,,,,,,,,,,,,,,,,,,,,,,,,,,,,,,,,,,,,,,,,,,,,,,,,,,,,,,,,,,,,,,,,,,,,,,,,,
ACSSF,2019e1,nc,000,0019,0000033,,,,,,,,,,,,,,,,,,,,,,,,,,,,,,,,,,,,,,,,,,,,,,,,,,,,,,,,,,,,,,,,,,,,,,,,,,,,,,,,,,,,,,,,,,,,,,,,,41.5,43.4,28.4,31.4,38.4,42.1,,,,,,,179851,89984,89867,156615,76721,79894,10097,6310,3787,7719,4053,3666,4871,2604,2267,549,296,253,,,,,,,,,,,,,,,,,,,142575,123579,9031,6473,3297,195,20606,19111,684,811,0,0,,,,,,,,,,,,,,,,,,,,,,,,,,,,,,,,,,,,,,,,,,,,,,,,,,,,,,,,,,,,,,,,,,,,,,,,,,,,,,,,,,,,
ACSSF,2019e1,nc,000,0019,0000034,,,,,,,,,,,,,,,,,,,,,,,,,,,,,,,,,,,,,,,,,,,,,,,,,,,,,,,,,,,,,,,,,,,,,,,,,,,,,,,,,,,,,,,,,,,,,,,,,39.2,40.7,32.7,27.7,29.1,30.7,,,,,,,206712,101341,105371,184697,90226,94471,7687,3009,4678,8803,4919,3884,4862,2783,2079,663,404,259,,,,,,,,,,,,,,,,,,,156491,141690,4788,4900,4518,595,,,,,,,,,,,,,,,,,,,,,,,,,,,,,,,,,,,,,,,,,,,,,,,,,,,,,,,,,,,,,,,,,,,,,,,,,,,,,,,,,,,,,,,,,,
ACSSF,2019e1,nc,000,0019,0000035,,,,,,,,,,,,,,,,,,,,,,,,,,,,,,,,,,,,,,,,,,,,,,,,,,,,,,,,,,,,,,,,,,,,,,,,,,,,,,,,,,,,,,,,,,,,,,,,,44.7,45.2,36.9,32.6,46.4,.,,,,,,,84846,42138,42708,77319,38399,38920,3223,1379,1844,3177,1492,1685,980,802,178,147,66,81,,,,,,,,,,,,,,,,,,,77218,70439,2843,2818,971,147,,,,,,,,,,,,,,,,,,,,,,,,,,,,,,,,,,,,,,,,,,,,,,,,,,,,,,,,,,,,,,,,,,,,,,,,,,,,,,,,,,,,,,,,,,
ACSSF,2019e1,nc,000,0019,0000036,,,,,,,,,,,,,,,,,,,,,,,,,,,,,,,,,,,,,,,,,,,,,,,,,,,,,,,,,,,,,,,,,,,,,,,,,,,,,,,,,,,,,,,,,,,,,,,,,35.8,38.0,30.2,25.9,29.2,28.8,,,,,,,1094865,525428,569437,919358,438185,481173,95218,48335,46883,23868,10947,12921,44352,22008,22344,12069,5953,6116,,,,,,,,,,,,,,,,,,,572430,478734,47850,12877,27994,4975,348003,297015,31249,7819,9968,1952,,,,,,,63259,52328,5193,452,3685,1601,,,,,,,73129,62489,7456,124,1015,2045,,,,,,,,,,,,,,,,,,,,,,,,,,,,,,,,,,,,,,,,,,,,,,,,,,,,,,,,,,,,
ACSSF,2019e1,nc,000,0019,0000037,,,,,,,,,,,,,,,,,,,,,,,,,,,,,,,,,,,,,,,,,,,,,,,,,,,,,,,,,,,,,,,,,,,,,,,,,,,,,,,,,,,,,,,,,,,,,,,,,44.3,47.6,26.0,59.6,33.4,32.7,,,,,,,99412,48533,50879,83806,39800,44006,7955,4305,3650,2963,1509,1454,4206,2590,1616,482,329,153,,,,,,,,,,,,,,,,,,,80745,67341,6577,2216,4129,482,11723,10121,880,645,77,0,,,,,,,,,,,,,,,,,,,,,,,,,,,,,,,,,,,,,,,,,,,,,,,,,,,,,,,,,,,,,,,,,,,,,,,,,,,,,,,,,,,,
ACSSF,2019e1,nc,000,0019,0000038,,,,,,,,,,,,,,,,,,,,,,,,,,,,,,,,,,,,,,,,,,,,,,,,,,,,,,,,,,,,,,,,,,,,,,,,,,,,,,,,,,,,,,,,,,,,,,,,,42.2,45.1,29.5,28.1,19.2,.,,,,,,,93256,45687,47569,79505,38484,41021,5935,3204,2731,5932,2704,3228,1644,1152,492,240,143,97,,,,,,,,,,,,,,,,,,,46547,41994,2133,1985,292,143,38381,31803,2837,3373,271,97,,,,,,,,,,,,,,,,,,,,,,,,,,,,,,,,,,,,,,,,,,,,,,,,,,,,,,,,,,,,,,,,,,,,,,,,,,,,,,,,,,,,
ACSSF,2019e1,nc,000,0019,0000039,,,,,,,,,,,,,,,,,,,,,,,,,,,,,,,,,,,,,,,,,,,,,,,,,,,,,,,,,,,,,,,,,,,,,,,,,,,,,,,,,,,,,,,,,,,,,,,,,40.4,43.1,28.3,22.3,40.3,24.0,,,,,,,231815,108476,123339,189125,89062,100063,20938,9754,11184,13881,6371,7510,7679,3192,4487,192,97,95,,,,,,,,,,,,,,,,,,,187635,154578,16700,9439,6821,97,29153,25140,2094,1884,35,0,,,,,,,,,,,,,,,,,,,4635,2671,444,1213,273,34,,,,,,,,,,,,,,,,,,,,,,,,,,,,,,,,,,,,,,,,,,,,,,,,,,,,,,,,,,,,
ACSSF,2019e1,nc,000,0019,0000040,,,,,,,,,,,,,,,,,,,,,,,,,,,,,,,,,,,,,,,,,,,,,,,,,,,,,,,,,,,,,,,,,,,,,,,,,,,,,,,,,,,,,,,,,,,,,,,,,27.4,31.3,23.6,28.4,20.7,24.1,,,,,,,194994,109403,85591,145630,77411,68219,23614,13327,10287,4113,2681,1432,20319,14924,5395,1318,1060,258,,,,,,,,,,,,,,,,,,,147559,108664,19009,2954,16209,723,28695,23680,2856,907,1252,0,,,,,,,,,,,,,,,,,,,,,,,,,,,,,,,,,,,,,,,,,,,,,,,,,,,,,,,,,,,,,,,,,,,,,,,,,,,,,,,,,,,,
ACSSF,2019e1,nc,000,0019,0000041,,,,,,,,,,,,,,,,,,,,,,,,,,,,,,,,,,,,,,,,,,,,,,,,,,,,,,,,,,,,,,,,,,,,,,,,,,,,,,,,,,,,,,,,,,,,,,,,,35.4,43.0,22.2,20.7,29.4,23.2,,,,,,,147362,69910,77452,110331,54165,56166,12844,4593,8251,15446,6881,8565,5750,2519,3231,2991,1752,1239,,,,,,,,,,,,,,,,,,,113713,87231,9804,10577,4729,1372,16943,11913,2190,2448,294,98,,,,,,,11801,8400,258,1300,332,1511,,,,,,,,,,,,,,,,,,,,,,,,,,,,,,,,,,,,,,,,,,,,,,,,,,,,,,,,,,,,,,,,,,,,,,,,
ACSSF,2019e1,nc,000,0019,0000042,,,,,,,,,,,,,,,,,,,,,,,,,,,,,,,,,,,,,,,,,,,,,,,,,,,,,,,,,,,,,,,,,,,,,,,,,,,,,,,,,,,,,,,,,,,,,,,,,33.7,38.8,28.1,20.7,31.9,22.3,,,,,,,179298,82581,96717,138397,64072,74325,16426,7469,8957,18178,8864,9314,5104,1818,3286,1193,358,835,,,,,,,,,,,,,,,,,,,99451,77596,9705,9408,2665,77,60933,47121,5248,6855,1115,594,,,,,,,,,,,,,,,,,,,,,,,,,,,,,,,,,,,,,,,,,,,,,,,,,,,,,,,,,,,,,,,,,,,,,,,,,,,,,,,,,,,,
ACSSF,2019e1,nc,000,0019,0000043,,,,,,,,,,,,,,,,,,,,,,,,,,,,,,,,,,,,,,,,,,,,,,,,,,,,,,,,,,,,,,,,,,,,,,,,,,,,,,,,,,,,,,,,,,,,,,,,,41.8,45.0,25.3,28.9,51.6,.,,,,,,,142636,71042,71594,120531,60716,59815,15464,7238,8226,5670,2431,3239,896,582,314,75,75,0,,,,,,,,,,,,,,,,,,,122008,106134,10660,4531,608,75,8114,5296,2193,625,0,0,,,,,,,,,,,,,,,,,,,,,,,,,,,,,,,,,,,,,,,,,,,,,,,,,,,,,,,,,,,,,,,,,,,,,,,,,,,,,,,,,,,,
ACSSF,2019e1,nc,000,0019,0000044,,,,,,,,,,,,,,,,,,,,,,,,,,,,,,,,,,,,,,,,,,,,,,,,,,,,,,,,,,,,,,,,,,,,,,,,,,,,,,,,,,,,,,,,,,,,,,,,,37.4,38.0,36.1,19.6,31.1,29.0,,,,,,,129312,62672,66640,119980,58126,61854,5498,2454,3044,2833,1577,1256,722,418,304,279,97,182,,,,,,,,,,,,,,,,,,,35102,32587,1275,809,285,146,30200,26998,1473,1519,210,0,51946,49387,2097,365,0,97,,,,,,,,,,,,,,,,,,,,,,,,,,,,,,,,,,,,,,,,,,,,,,,,,,,,,,,,,,,,,,,,,,,,,,,,,,,,,,
ACSSF,2019e1,nc,000,0019,0000045,,,,,,,,,,,,,,,,,,,,,,,,,,,,,,,,,,,,,,,,,,,,,,,,,,,,,,,,,,,,,,,,,,,,,,,,,,,,,,,,,,,,,,,,,,,,,,,,,45.5,47.7,29.8,29.0,17.0,13.3,,,,,,,90387,43717,46670,76440,36381,40059,8398,3678,4720,3446,2420,1026,1934,1129,805,169,109,60,,,,,,,,,,,,,,,,,,,67356,57988,5488,3015,696,169,,,,,,,,,,,,,,,,,,,,,,,,,,,,,,,,,,,,,,,,,,,,,,,,,,,,,,,,,,,,,,,,,,,,,,,,,,,,,,,,,,,,,,,,,,
ACSSF,2019e1,nc,000,0019,0000046,,,,,,,,,,,,,,,,,,,,,,,,,,,,,,,,,,,,,,,,,,,,,,,,,,,,,,,,,,,,,,,,,,,,,,,,,,,,,,,,,,,,,,,,,,,,,,,,,41.3,44.0,33.8,26.5,31.8,51.5,,,,,,,139927,68058,71869,122039,60032,62007,7407,3651,3756,7921,3032,4889,1993,912,1081,567,431,136,,,,,,,,,,,,,,,,,,,107147,94767,5900,4621,1352,507,22588,18246,961,2935,386,60,,,,,,,,,,,,,,,,,,,,,,,,,,,,,,,,,,,,,,,,,,,,,,,,,,,,,,,,,,,,,,,,,,,,,,,,,,,,,,,,,,,,
ACSSF,2019e1,nc,000,0019,0000047,,,,,,,,,,,,,,,,,,,,,,,,,,,,,,,,,,,,,,,,,,,,,,,,,,,,,,,,,,,,,,,,,,,,,,,,,,,,,,,,,,,,,,,,,,,,,,,,,47.1,49.5,27.2,30.4,28.9,15.4,,,,,,,65981,31073,34908,56802,26416,30386,5262,2672,2590,1710,982,728,2023,1003,1020,184,0,184,,,,,,,,,,,,,,,,,,,57459,49999,4483,941,1852,184,,,,,,,,,,,,,,,,,,,,,,,,,,,,,,,,,,,,,,,,,,,,,,,,,,,,,,,,,,,,,,,,,,,,,,,,,,,,,,,,,,,,,,,,,,
ACSSF,2019e1,nc,000,0019,0000048,,,,,,,,,,,,,,,,,,,,,,,,,,,,,,,,,,,,,,,,,,,,,,,,,,,,,,,,,,,,,,,,,,,,,,,,,,,,,,,,,,,,,,,,,,,,,,,,,44.8,45.9,27.5,32.2,33.5,.,,,,,,,71162,35110,36052,65090,32831,32259,3920,1192,2728,1323,698,625,829,389,440,0,0,0,,,,,,,,,,,,,,,,,,,65151,59510,3555,1264,822,0,,,,,,,,,,,,,,,,,,,,,,,,,,,,,,,,,,,,,,,,,,,,,,,,,,,,,,,,,,,,,,,,,,,,,,,,,,,,,,,,,,,,,,,,,,
ACSSF,2019e1,nc,000,0019,0000049,,,,,,,,,,,,,,,,,,,,,,,,,,,,,,,,,,,,,,,,,,,,,,,,,,,,,,,,,,,,,,,,,,,,,,,,,,,,,,,,,,,,,,,,,,,,,,,,,39.0,40.2,25.8,37.2,38.7,76.0,,,,,,,238214,116957,121257,202181,98750,103431,15272,7206,8066,13117,7053,6064,7359,3907,3452,285,41,244,,,,,,,,,,,,,,,,,,,188910,164816,9274,7836,6745,239,28020,19090,4609,4126,149,46,,,,,,,,,,,,,,,,,,,,,,,,,,,,,,,,,,,,,,,,,,,,,,,,,,,,,,,,,,,,,,,,,,,,,,,,,,,,,,,,,,,,
ACSSF,2019e1,nc,000,0019,0000050,,,,,,,,,,,,,,,,,,,,,,,,,,,,,,,,,,,,,,,,,,,,,,,,,,,,,,,,,,,,,,,,,,,,,,,,,,,,,,,,,,,,,,,,,,,,,,,,,37.1,39.8,28.6,24.4,32.3,24.0,,,,,,,1099934,535236,564698,901191,440954,460237,112662,54294,58368,36363,17248,19115,41987,19268,22719,7731,3472,4259,,,,,,,,,,,,,,,,,,,712848,599996,63090,21241,25962,2559,227132,174155,33642,10920,7961,454,,,,,,,83224,62143,9758,823,6667,3833,,,,,,,44670,40507,2599,795,290,479,,,,,,,,,,,,,,,,,,,,,,,,,,,,,,,,,,,,,,,,,,,,,,,,,,,,,,,,,,,,
ACSSF,2019e1,nc,000,0019,0000051,,,,,,,,,,,,,,,,,,,,,,,,,,,,,,,,,,,,,,,,,,,,,,,,,,,,,,,,,,,,,,,,,,,,,,,,,,,,,,,,,,,,,,,,,,,,,,,,,39.1,42.1,29.6,29.9,19.9,36.1,,,,,,,121507,58175,63332,103059,50190,52869,9473,3926,5547,4707,2001,2706,3795,1848,1947,473,210,263,,,,,,,,,,,,,,,,,,,77241,65088,5350,3628,2767,408,38551,33612,2952,996,926,65,,,,,,,,,,,,,,,,,,,,,,,,,,,,,,,,,,,,,,,,,,,,,,,,,,,,,,,,,,,,,,,,,,,,,,,,,,,,,,,,,,,,
ACSSF,2019e1,nc,000,0019,0000052,,,,,,,,,,,,,,,,,,,,,,,,,,,,,,,,,,,,,,,,,,,,,,,,,,,,,,,,,,,,,,,,,,,,,,,,,,,,,,,,,,,,,,,,,,,,,,,,,45.7,45.9,35.9,56.2,43.4,76.4,,,,,,,67583,33296,34287,63846,31292,32554,2272,1222,1050,780,338,442,461,359,102,224,85,139,,,,,,,,,,,,,,,,,,,61920,58855,2041,458,342,224,,,,,,,,,,,,,,,,,,,,,,,,,,,,,,,,,,,,,,,,,,,,,,,,,,,,,,,,,,,,,,,,,,,,,,,,,,,,,,,,,,,,,,,,,,
ACSSF,2019e1,nc,000,0019,0000053,,,,,,,,,,,,,,,,,,,,,,,,,,,,,,,,,,,,,,,,,,,,,,,,,,,,,,,,,,,,,,,,,,,,,,,,,,,,,,,,,,,,,,,,,,,,,,,,,40.8,43.0,37.4,25.3,18.8,40.6,,,,,,,80690,37258,43432,72089,33404,38685,4333,1834,2499,3623,1597,2026,347,158,189,298,265,33,,,,,,,,,,,,,,,,,,,40482,36394,1889,1608,329,262,31910,27558,2444,1890,18,0,,,,,,,,,,,,,,,,,,,,,,,,,,,,,,,,,,,,,,,,,,,,,,,,,,,,,,,,,,,,,,,,,,,,,,,,,,,,,,,,,,,,
ACSSF,2019e1,nc,000,0019,0000054,,,,,,,,,,,,,,,,,,,,,,,,,,,,,,,,,,,,,,,,,,,,,,,,,,,,,,,,,,,,,,,,,,,,,,,,,,,,,,,,,,,,,,,,,,,,,,,,,39.2,40.2,37.0,33.0,33.1,54.2,,,,,,,92103,43416,48687,74723,36097,38626,8455,3815,4640,3509,891,2618,4228,2041,2187,1188,572,616,,,,,,,,,,,,,,,,,,,75876,60678,7109,2938,4028,1123,,,,,,,,,,,,,,,,,,,,,,,,,,,,,,,,,,,,,,,,,,,,,,,,,,,,,,,,,,,,,,,,,,,,,,,,,,,,,,,,,,,,,,,,,,
ACSSF,2019e1,nc,000,0019,0000055,,,,,,,,,,,,,,,,,,,,,,,,,,,,,,,,,,,,,,,,,,,,,,,,,,,,,,,,,,,,,,,,,,,,,,,,,,,,,,,,,,,,,,,,,,,,,,,,,39.5,42.0,30.3,27.6,35.4,35.0,,,,,,,169198,82828,86370,138733,67624,71109,12646,6419,6227,2965,1269,1696,11948,6005,5943,2906,1511,1395,,,,,,,,,,,,,,,,,,,111734,95823,7735,2008,5701,467,14143,9444,2606,409,1684,0,,,,,,,34506,26027,1914,0,4126,2439,,,,,,,,,,,,,,,,,,,,,,,,,,,,,,,,,,,,,,,,,,,,,,,,,,,,,,,,,,,,,,,,,,,,,,,,
ACSSF,2019e1,nc,000,0019,0000056,,,,,,,,,,,,,,,,,,,,,,,,,,,,,,,,,,,,,,,,,,,,,,,,,,,,,,,,,,,,,,,,,,,,,,,,,,,,,,,,,,,,,,,,,,,,,,,,,34.7,36.9,29.9,25.3,29.0,29.1,,,,,,,872125,417632,454493,726866,344679,382187,78853,39649,39204,18760,8923,9837,37117,19297,17820,10529,5084,5445,,,,,,,,,,,,,,,,,,,409912,338225,36130,8853,22327,4377,309286,263946,27776,7247,8730,1587,,,,,,,54710,44264,5077,333,3503,1533,,,,,,,66732,57116,6777,52,1015,1772,,,,,,,,,,,,,,,,,,,,,,,,,,,,,,,,,,,,,,,,,,,,,,,,,,,,,,,,,,,,
ACSSF,2019e1,nc,000,0019,0000057,,,,,,,,,,,,,,,,,,,,,,,,,,,,,,,,,,,,,,,,,,,,,,,,,,,,,,,,,,,,,,,,,,,,,,,,,,,,,,,,,,,,,,,,,,,,,,,,,36.5,38.2,27.2,31.1,31.4,.,,,,,,,94766,45193,49573,80509,39591,40918,8057,3472,4585,4501,1482,3019,1699,648,1051,0,0,0,,,,,,,,,,,,,,,,,,,62306,52502,5413,2749,1642,0,,,,,,,,,,,,,,,,,,,,,,,,,,,,,,,,,,,,,,,,,,,,,,,,,,,,,,,,,,,,,,,,,,,,,,,,,,,,,,,,,,,,,,,,,,
ACSSF,2019e1,nc,000,0019,0000058,,,,,,,,,,,,,,,,,,,,,,,,,,,,,,,,,,,,,,,,,,,,,,,,,,,,,,,,,,,,,,,,,,,,,,,,,,,,,,,,,,,,,,,,,,,,,,,,,34.8,37.0,28.0,31.8,27.4,21.4,,,,,,,276346,132065,144281,224490,106933,117557,27577,12566,15011,8832,4026,4806,11630,6686,4944,3817,1854,1963,,,,,,,,,,,,,,,,,,,138779,112046,11884,4259,7665,2925,104754,84542,14062,3623,2351,176,,,,,,,13854,11333,875,512,788,346,,,,,,,,,,,,,,,,,,,,,,,,,,,,,,,,,,,,,,,,,,,,,,,,,,,,,,,,,,,,,,,,,,,,,,,,
ACSSF,2019e1,nc,000,0019,0000059,,,,,,,,,,,,,,,,,,,,,,,,,,,,,,,,,,,,,,,,,,,,,,,,,,,,,,,,,,,,,,,,,,,,,,,,,,,,,,,,,,,,,,,,,,,,,,,,,30.6,34.5,24.7,27.3,24.2,25.4,,,,,,,208194,104679,103515,156042,76477,79565,25791,12324,13467,6183,3325,2858,17400,10914,6486,2778,1639,1139,,,,,,,,,,,,,,,,,,,91604,66162,8990,2537,11992,1923,86470,65210,13605,2987,3994,674,,,,,,,,,,,,,,,,,,,,,,,,,,,,,,,,,,,,,,,,,,,,,,,,,,,,,,,,,,,,,,,,,,,,,,,,,,,,,,,,,,,,
ACSSF,2019e1,nc,000,0019,0000060,,,,,,,,,,,,,,,,,,,,,,,,,,,,,,,,,,,,,,,,,,,,,,,,,,,,,,,,,,,,,,,,,,,,,,,,,,,,,,,,,,,,,,,,,,,,,,,,,38.3,39.3,27.1,34.5,32.3,.,,,,,,,76764,36086,40678,64967,30662,34305,6573,2995,3578,2908,1390,1518,2316,1039,1277,0,0,0,,,,,,,,,,,,,,,,,,,43510,37902,2569,1332,1707,0,24989,20378,2461,1570,580,0,,,,,,,,,,,,,,,,,,,,,,,,,,,,,,,,,,,,,,,,,,,,,,,,,,,,,,,,,,,,,,,,,,,,,,,,,,,,,,,,,,,,
ACSSF,2019e1,nc,000,0019,0000061,,,,,,,,,,,,,,,,,,,,,,,,,,,,,,,,,,,,,,,,,,,,,,,,,,,,,,,,,,,,,,,,,,,,,,,,,,,,,,,,,,,,,,,,,,,,,,,,,35.1,37.6,28.8,20.6,26.7,30.6,,,,,,,292848,133225,159623,242491,111257,131234,30371,13539,16832,9817,3347,6470,8105,4205,3900,2064,877,1187,,,,,,,,,,,,,,,,,,,126162,106245,10988,5001,3394,534,126232,102243,15695,3672,3480,1142,,,,,,,16706,14910,753,41,655,347,,,,,,,,,,,,,,,,,,,,,,,,,,,,,,,,,,,,,,,,,,,,,,,,,,,,,,,,,,,,,,,,,,,,,,,,
ACSSF,2019e1,nc,000,0019,0000062,,,,,,,,,,,,,,,,,,,,,,,,,,,,,,,,,,,,,,,,,,,,,,,,,,,,,,,,,,,,,,,,,,,,,,,,,,,,,,,,,,,,,,,,,,,,,,,,,28.2,34.5,28.1,20.4,31.4,22.2,,,,,,,92514,40583,51931,63627,27369,36258,9719,4386,5333,14246,7008,7238,3806,1462,2344,1116,358,758,,,,,,,,,,,,,,,,,,,45311,30529,5179,7610,1993,0,38480,27865,4149,5228,644,594,,,,,,,,,,,,,,,,,,,,,,,,,,,,,,,,,,,,,,,,,,,,,,,,,,,,,,,,,,,,,,,,,,,,,,,,,,,,,,,,,,,,
ACSSF,2019e1,nc,000,0019,0000063,,,,,,,,,,,,,,,,,,,,,,,,,,,,,,,,,,,,,,,,,,,,,,,,,,,,,,,,,,,,,,,,,,,,,,,,,,,,,,,,,,,,,,,,,,,,,,,,,36.4,39.1,28.3,24.5,26.9,19.2,,,,,,,110522,53454,57068,91110,44283,46827,11289,5197,6092,3644,1817,1827,3296,1575,1721,1183,582,601,,,,,,,,,,,,,,,,,,,56212,47188,4268,1867,2187,702,39118,30749,6035,1503,743,88,,,,,,,,,,,,,,,,,,,,,,,,,,,,,,,,,,,,,,,,,,,,,,,,,,,,,,,,,,,,,,,,,,,,,,,,,,,,,,,,,,,,
ACSSF,2019e1,nc,000,0019,0000064,,,,,,,,,,,,,,,,,,,,,,,,,,,,,,,,,,,,,,,,,,,,,,,,,,,,,,,,,,,,,,,,,,,,,,,,,,,,,,,,,,,,,,,,,,,,,,,,,23.6,27.4,22.6,27.2,20.3,24.5,,,,,,,70559,44605,25954,40952,23685,17267,9962,6376,3586,1528,1000,528,17317,12852,4465,800,692,108,,,,,,,,,,,,,,,,,,,49525,28051,6022,1115,14057,280,11843,8321,2379,243,900,0,,,,,,,,,,,,,,,,,,,,,,,,,,,,,,,,,,,,,,,,,,,,,,,,,,,,,,,,,,,,,,,,,,,,,,,,,,,,,,,,,,,,
ACSSF,2019e1,nc,000,0019,0000065,,,,,,,,,,,,,,,,,,,,,,,,,,,,,,,,,,,,,,,,,,,,,,,,,,,,,,,,,,,,,,,,,,,,,,,,,,,,,,,,,,,,,,,,,,,,,,,,,34.9,38.8,28.2,23.3,29.6,22.8,,,,,,,469096,226604,242492,370461,180181,190280,58167,28908,29259,21045,9797,11248,16355,6420,9935,3068,1298,1770,,,,,,,,,,,,,,,,,,,272862,220568,28886,12730,9109,1569,135465,102095,22239,6418,4531,182,,,,,,,19017,11977,3875,486,1615,1064,,,,,,,27258,25143,1333,598,184,0,,,,,,,,,,,,,,,,,,,,,,,,,,,,,,,,,,,,,,,,,,,,,,,,,,,,,,,,,,,,
ACSSF,2019e1,nc,000,0019,0000066,,,,,,,,,,,,,,,,,,,,,,,,,,,,,,,,,,,,,,,,,,,,,,,,,,,,,,,,,,,,,,,,,,,,,,,,,,,,,,,,,,,,,,,,,,,,,,,,,36.5,41.6,27.6,21.2,29.3,.,,,,,,,122285,55414,66871,96499,45249,51250,12030,5057,6973,10333,3872,6461,3369,1182,2187,54,54,0,,,,,,,,,,,,,,,,,,,92159,71799,9891,7645,2770,54,22636,19587,1462,1552,35,0,,,,,,,,,,,,,,,,,,,,,,,,,,,,,,,,,,,,,,,,,,,,,,,,,,,,,,,,,,,,,,,,,,,,,,,,,,,,,,,,,,,,
ACSSF,2019e1,nc,000,0019,0000067,,,,,,,,,,,,,,,,,,,,,,,,,,,,,,,,,,,,,,,,,,,,,,,,,,,,,,,,,,,,,,,,,,,,,,,,,,,,,,,,,,,,,,,,,,,,,,,,,35.5,37.3,27.6,27.6,29.5,51.2,,,,,,,245100,115597,129503,209955,99991,109964,19921,8275,11646,6553,3369,3184,7256,3379,3877,1415,583,832,,,,,,,,,,,,,,,,,,,139264,122183,7843,4295,4415,528,87358,71951,11262,1914,2231,0,,,,,,,5182,3887,346,30,364,555,,,,,,,,,,,,,,,,,,,,,,,,,,,,,,,,,,,,,,,,,,,,,,,,,,,,,,,,,,,,,,,,,,,,,,,,
ACSSF,2019e1,nc,000,0019,0000068,,,,,,,,,,,,,,,,,,,,,,,,,,,,,,,,,,,,,,,,,,,,,,,,,,,,,,,,,,,,,,,,,,,,,,,,,,,,,,,,,,,,,,,,,,,,,,,,,39.2,40.2,37.0,33.0,33.1,54.2,,,,,,,92103,43416,48687,74723,36097,38626,8455,3815,4640,3509,891,2618,4228,2041,2187,1188,572,616,,,,,,,,,,,,,,,,,,,75876,60678,7109,2938,4028,1123,,,,,,,,,,,,,,,,,,,,,,,,,,,,,,,,,,,,,,,,,,,,,,,,,,,,,,,,,,,,,,,,,,,,,,,,,,,,,,,,,,,,,,,,,,
ACSSF,2019e1,nc,000,0019,0000069,,,,,,,,,,,,,,,,,,,,,,,,,,,,,,,,,,,,,,,,,,,,,,,,,,,,,,,,,,,,,,,,,,,,,,,,,,,,,,,,,,,,,,,,,,,,,,,,,34.7,36.9,29.9,25.3,29.0,29.1,,,,,,,872125,417632,454493,726866,344679,382187,78853,39649,39204,18760,8923,9837,37117,19297,17820,10529,5084,5445,,,,,,,,,,,,,,,,,,,409912,338225,36130,8853,22327,4377,309286,263946,27776,7247,8730,1587,,,,,,,54710,44264,5077,333,3503,1533,,,,,,,66732,57116,6777,52,1015,1772,,,,,,,,,,,,,,,,,,,,,,,,,,,,,,,,,,,,,,,,,,,,,,,,,,,,,,,,,,,,
ACSSF,2019e1,nc,000,0019,0000070,,,,,,,,,,,,,,,,,,,,,,,,,,,,,,,,,,,,,,,,,,,,,,,,,,,,,,,,,,,,,,,,,,,,,,,,,,,,,,,,,,,,,,,,,,,,,,,,,36.5,38.2,27.2,31.1,31.4,.,,,,,,,94766,45193,49573,80509,39591,40918,8057,3472,4585,4501,1482,3019,1699,648,1051,0,0,0,,,,,,,,,,,,,,,,,,,62306,52502,5413,2749,1642,0,,,,,,,,,,,,,,,,,,,,,,,,,,,,,,,,,,,,,,,,,,,,,,,,,,,,,,,,,,,,,,,,,,,,,,,,,,,,,,,,,,,,,,,,,,
ACSSF,2019e1,nc,000,0019,0000071,,,,,,,,,,,,,,,,,,,,,,,,,,,,,,,,,,,,,,,,,,,,,,,,,,,,,,,,,,,,,,,,,,,,,,,,,,,,,,,,,,,,,,,,,,,,,,,,,38.3,39.3,27.1,34.5,32.3,.,,,,,,,76764,36086,40678,64967,30662,34305,6573,2995,3578,2908,1390,1518,2316,1039,1277,0,0,0,,,,,,,,,,,,,,,,,,,43510,37902,2569,1332,1707,0,24989,20378,2461,1570,580,0,,,,,,,,,,,,,,,,,,,,,,,,,,,,,,,,,,,,,,,,,,,,,,,,,,,,,,,,,,,,,,,,,,,,,,,,,,,,,,,,,,,,
ACSSF,2019e1,nc,000,0019,0000072,,,,,,,,,,,,,,,,,,,,,,,,,,,,,,,,,,,,,,,,,,,,,,,,,,,,,,,,,,,,,,,,,,,,,,,,,,,,,,,,,,,,,,,,,,,,,,,,,34.8,37.1,28.0,31.8,27.4,21.4,,,,,,,275852,131767,144085,223996,106635,117361,27577,12566,15011,8832,4026,4806,11630,6686,4944,3817,1854,1963,,,,,,,,,,,,,,,,,,,138597,111864,11884,4259,7665,2925,104754,84542,14062,3623,2351,176,,,,,,,13542,11021,875,512,788,346,,,,,,,,,,,,,,,,,,,,,,,,,,,,,,,,,,,,,,,,,,,,,,,,,,,,,,,,,,,,,,,,,,,,,,,,
ACSSF,2019e1,nc,000,0019,0000073,,,,,,,,,,,,,,,,,,,,,,,,,,,,,,,,,,,,,,,,,,,,,,,,,,,,,,,,,,,,,,,,,,,,,,,,,,,,,,,,,,,,,,,,,,,,,,,,,30.6,34.5,24.7,27.3,24.2,25.4,,,,,,,208194,104679,103515,156042,76477,79565,25791,12324,13467,6183,3325,2858,17400,10914,6486,2778,1639,1139,,,,,,,,,,,,,,,,,,,91604,66162,8990,2537,11992,1923,86470,65210,13605,2987,3994,674,,,,,,,,,,,,,,,,,,,,,,,,,,,,,,,,,,,,,,,,,,,,,,,,,,,,,,,,,,,,,,,,,,,,,,,,,,,,,,,,,,,,
ACSSF,2019e1,nc,000,0019,0000074,,,,,,,,,,,,,,,,,,,,,,,,,,,,,,,,,,,,,,,,,,,,,,,,,,,,,,,,,,,,,,,,,,,,,,,,,,,,,,,,,,,,,,,,,,,,,,,,,35.1,37.6,28.8,20.6,26.7,30.6,,,,,,,292848,133225,159623,242491,111257,131234,30371,13539,16832,9817,3347,6470,8105,4205,3900,2064,877,1187,,,,,,,,,,,,,,,,,,,126162,106245,10988,5001,3394,534,126232,102243,15695,3672,3480,1142,,,,,,,16706,14910,753,41,655,347,,,,,,,,,,,,,,,,,,,,,,,,,,,,,,,,,,,,,,,,,,,,,,,,,,,,,,,,,,,,,,,,,,,,,,,,
ACSSF,2019e1,nc,000,0019,0000075,,,,,,,,,,,,,,,,,,,,,,,,,,,,,,,,,,,,,,,,,,,,,,,,,,,,,,,,,,,,,,,,,,,,,,,,,,,,,,,,,,,,,,,,,,,,,,,,,36.7,39.7,28.2,24.6,26.9,19.2,,,,,,,106055,51249,54806,87065,42312,44753,11142,5149,5993,3369,1631,1738,3296,1575,1721,1183,582,601,,,,,,,,,,,,,,,,,,,53308,44662,4165,1592,2187,702,37882,29557,5991,1503,743,88,,,,,,,,,,,,,,,,,,,,,,,,,,,,,,,,,,,,,,,,,,,,,,,,,,,,,,,,,,,,,,,,,,,,,,,,,,,,,,,,,,,,
ACSSF,2019e1,nc,000,0019,0000076,,,,,,,,,,,,,,,,,,,,,,,,,,,,,,,,,,,,,,,,,,,,,,,,,,,,,,,,,,,,,,,,,,,,,,,,,,,,,,,,,,,,,,,,,,,,,,,,,28.2,34.5,28.1,20.4,31.4,22.2,,,,,,,92514,40583,51931,63627,27369,36258,9719,4386,5333,14246,7008,7238,3806,1462,2344,1116,358,758,,,,,,,,,,,,,,,,,,,45311,30529,5179,7610,1993,0,38480,27865,4149,5228,644,594,,,,,,,,,,,,,,,,,,,,,,,,,,,,,,,,,,,,,,,,,,,,,,,,,,,,,,,,,,,,,,,,,,,,,,,,,,,,,,,,,,,,
ACSSF,2019e1,nc,000,0019,0000077,,,,,,,,,,,,,,,,,,,,,,,,,,,,,,,,,,,,,,,,,,,,,,,,,,,,,,,,,,,,,,,,,,,,,,,,,,,,,,,,,,,,,,,,,,,,,,,,,23.6,27.4,22.6,27.2,20.3,24.5,,,,,,,70559,44605,25954,40952,23685,17267,9962,6376,3586,1528,1000,528,17317,12852,4465,800,692,108,,,,,,,,,,,,,,,,,,,49525,28051,6022,1115,14057,280,11843,8321,2379,243,900,0,,,,,,,,,,,,,,,,,,,,,,,,,,,,,,,,,,,,,,,,,,,,,,,,,,,,,,,,,,,,,,,,,,,,,,,,,,,,,,,,,,,,
ACSSF,2019e1,nc,000,0019,0000078,,,,,,,,,,,,,,,,,,,,,,,,,,,,,,,,,,,,,,,,,,,,,,,,,,,,,,,,,,,,,,,,,,,,,,,,,,,,,,,,,,,,,,,,,,,,,,,,,39.1,41.5,30.3,27.6,35.3,35.0,,,,,,,166093,81772,84321,135756,66696,69060,12646,6419,6227,2965,1269,1696,11820,5877,5943,2906,1511,1395,,,,,,,,,,,,,,,,,,,108873,93021,7735,2008,5642,467,14074,9444,2606,409,1615,0,,,,,,,34506,26027,1914,0,4126,2439,,,,,,,,,,,,,,,,,,,,,,,,,,,,,,,,,,,,,,,,,,,,,,,,,,,,,,,,,,,,,,,,,,,,,,,,
ACSSF,2019e1,nc,000,0019,0000079,,,,,,,,,,,,,,,,,,,,,,,,,,,,,,,,,,,,,,,,,,,,,,,,,,,,,,,,,,,,,,,,,,,,,,,,,,,,,,,,,,,,,,,,,,,,,,,,,34.9,38.8,28.2,23.1,29.6,22.8,,,,,,,467163,225622,241541,369146,179621,189525,58167,28908,29259,20814,9634,11180,15968,6161,9807,3068,1298,1770,,,,,,,,,,,,,,,,,,,272022,219959,28886,12499,9109,1569,135050,101680,22239,6418,4531,182,,,,,,,18726,11686,3875,486,1615,1064,,,,,,,27258,25143,1333,598,184,0,,,,,,,,,,,,,,,,,,,,,,,,,,,,,,,,,,,,,,,,,,,,,,,,,,,,,,,,,,,,
ACSSF,2019e1,nc,000,0019,0000080,,,,,,,,,,,,,,,,,,,,,,,,,,,,,,,,,,,,,,,,,,,,,,,,,,,,,,,,,,,,,,,,,,,,,,,,,,,,,,,,,,,,,,,,,,,,,,,,,36.5,41.6,27.6,21.2,29.3,.,,,,,,,122285,55414,66871,96499,45249,51250,12030,5057,6973,10333,3872,6461,3369,1182,2187,54,54,0,,,,,,,,,,,,,,,,,,,92159,71799,9891,7645,2770,54,22636,19587,1462,1552,35,0,,,,,,,,,,,,,,,,,,,,,,,,,,,,,,,,,,,,,,,,,,,,,,,,,,,,,,,,,,,,,,,,,,,,,,,,,,,,,,,,,,,,
ACSSF,2019e1,nc,000,0019,0000081,,,,,,,,,,,,,,,,,,,,,,,,,,,,,,,,,,,,,,,,,,,,,,,,,,,,,,,,,,,,,,,,,,,,,,,,,,,,,,,,,,,,,,,,,,,,,,,,,35.5,37.3,27.6,27.6,29.5,51.2,,,,,,,245100,115597,129503,209955,99991,109964,19921,8275,11646,6553,3369,3184,7256,3379,3877,1415,583,832,,,,,,,,,,,,,,,,,,,139264,122183,7843,4295,4415,528,87358,71951,11262,1914,2231,0,,,,,,,5182,3887,346,30,364,555,,,,,,,,,,,,,,,,,,,,,,,,,,,,,,,,,,,,,,,,,,,,,,,,,,,,,,,,,,,,,,,,,,,,,,,,
ACSSF,2019e1,nc,000,0019,0000082,,,,,,,,,,,,,,,,,,,,,,,,,,,,,,,,,,,,,,,,,,,,,,,,,,,,,,,,,,,,,,,,,,,,,,,,,,,,,,,,,,,,,,,,,,,,,,,,,38.9,41.9,28.6,23.9,31.0,22.1,,,,,,,755110,357761,397349,635219,299208,336011,53682,24335,29347,39062,19684,19378,20969,11526,9443,6178,3008,3170,,,,,,,,,,,,,,,,,,,356191,297997,23093,18142,13254,3705,336249,285565,26516,17805,5046,1317,,,,,,,13905,10530,1207,845,941,382,,,,,,,24889,21062,2215,1234,281,97,,,,,,,,,,,,,,,,,,,,,,,,,,,,,,,,,,,,,,,,,,,,,,,,,,,,,,,,,,,,
ACSSF,2019e1,nc,000,0019,0000083,,,,,,,,,,,,,,,,,,,,,,,,,,,,,,,,,,,,,,,,,,,,,,,,,,,,,,,,,,,,,,,,,,,,,,,,,,,,,,,,,,,,,,,,,,,,,,,,,39.5,41.3,30.1,27.7,30.0,30.1,,,,,,,879325,431148,448177,761650,373509,388141,57835,26214,31621,33096,17504,15592,23909,12589,11320,2835,1332,1503,,,,,,,,,,,,,,,,,,,633186,556092,37002,20507,18084,1501,168168,139867,15104,10042,2814,341,3642,2412,1020,144,66,0,22141,18460,2085,499,805,292,,,,,,,28004,23573,1995,504,1453,479,,,,,,,,,,,,,,,,,,,,,,,,,,,,,,,,,,,,,,,,,,,,,,,,,,,,,,,,,,,,
ACSSF,2019e1,nc,000,0019,0000084,,,,,,,,,,,,,,,,,,,,,,,,,,,,,,,,,,,,,,,,,,,,,,,,,,,,,,,,,,,,,,,,,,,,,,,,,,,,,,,,,,,,,,,,,,,,,,,,,38.5,42.5,25.9,29.9,22.8,23.8,,,,,,,752645,382805,369840,628275,312961,315314,57973,29907,28066,28886,15958,12928,34852,21813,13039,2659,2166,493,,,,,,,,,,,,,,,,,,,552038,461338,43372,18270,27639,1419,149283,126986,10838,7803,3604,52,,,,,,,10731,8750,222,68,1150,541,,,,,,,11095,9099,1202,452,259,83,,,,,,,,,,,,,,,,,,,,,,,,,,,,,,,,,,,,,,,,,,,,,,,,,,,,,,,,,,,,
ACSSF,2019e1,nc,000,0019,0000085,,,,,,,,,,,,,,,,,,,,,,,,,,,,,,,,,,,,,,,,,,,,,,,,,,,,,,,,,,,,,,,,,,,,,,,,,,,,,,,,,,,,,,,,,,,,,,,,,35.6,39.3,27.5,23.6,31.5,24.3,,,,,,,863893,418781,445112,679588,332670,346918,90461,42743,47718,48033,22407,25626,36367,16128,20239,9444,4833,4611,,,,,,,,,,,,,,,,,,,519598,418130,48870,28315,20730,3553,194660,144858,28738,13523,6989,552,,,,,,,80938,58913,8197,2015,6737,5076,,,,,,,42444,39252,1614,1068,510,0,,,,,,,,,,,,,,,,,,,,,,,,,,,,,,,,,,,,,,,,,,,,,,,,,,,,,,,,,,,,
ACSSF,2019e1,nc,000,0019,0000086,,,,,,,,,,,,,,,,,,,,,,,,,,,,,,,,,,,,,,,,,,,,,,,,,,,,,,,,,,,,,,,,,,,,,,,,,,,,,,,,,,,,,,,,,,,,,,,,,41.3,43.7,27.0,28.4,31.0,52.4,,,,,,,757281,365925,391356,661458,320128,341330,51004,22948,28056,27124,13811,13313,15662,7976,7686,2033,1062,971,,,,,,,,,,,,,,,,,,,600415,531488,33919,21671,12332,1005,110921,91078,13964,3343,2536,0,,,,,,,11525,8916,886,631,396,696,,,,,,,,,,,,,,,,,,,,,,,,,,,,,,,,,,,,,,,,,,,,,,,,,,,,,,,,,,,,,,,,,,,,,,,,
ACSSF,2019e1,nc,000,0019,0000087,,,,,,,,,,,,,,,,,,,,,,,,,,,,,,,,,,,,,,,,,,,,,,,,,,,,,,,,,,,,,,,,,,,,,,,,,,,,,,,,,,,,,,,,,,,,,,,,,41.9,44.5,28.0,28.4,28.3,36.2,,,,,,,784413,375515,408898,682672,325377,357295,55607,26805,28802,31602,16045,15557,12827,6386,6441,1705,902,803,,,,,,,,,,,,,,,,,,,556496,488369,34818,23590,8745,974,156021,134069,14275,4680,2891,106,,,,,,,,,,,,,,,,,,,31035,28835,1116,270,600,214,,,,,,,,,,,,,,,,,,,,,,,,,,,,,,,,,,,,,,,,,,,,,,,,,,,,,,,,,,,,
ACSSF,2019e1,nc,000,0019,0000088,,,,,,,,,,,,,,,,,,,,,,,,,,,,,,,,,,,,,,,,,,,,,,,,,,,,,,,,,,,,,,,,,,,,,,,,,,,,,,,,,,,,,,,,,,,,,,,,,42.8,45.3,29.5,28.9,36.9,34.4,,,,,,,807000,384455,422545,695486,332856,362630,50246,22524,27722,36607,18877,17730,22706,9270,13436,1955,928,1027,,,,,,,,,,,,,,,,,,,601474,520217,35057,24676,20097,1427,144836,128389,8979,5968,1367,133,,,,,,,7144,5957,216,551,169,251,,,,,,,22913,19083,1676,1492,586,76,,,,,,,,,,,,,,,,,,,,,,,,,,,,,,,,,,,,,,,,,,,,,,,,,,,,,,,,,,,,
ACSSF,2019e1,nc,000,0019,0000089,,,,,,,,,,,,,,,,,,,,,,,,,,,,,,,,,,,,,,,,,,,,,,,,,,,,,,,,,,,,,,,,,,,,,,,,,,,,,,,,,,,,,,,,,,,,,,,,,36.4,39.5,26.4,29.7,26.3,25.8,,,,,,,803148,398438,404710,668979,330489,338490,64562,31275,33287,34148,16134,18014,31471,18024,13447,3988,2516,1472,,,,,,,,,,,,,,,,,,,519177,437802,36597,18634,23281,2863,184432,147604,17855,12905,5345,723,9725,8049,1048,372,256,0,23353,21486,841,405,506,115,,,,,,,29891,25692,2411,996,673,119,,,,,,,,,,,,,,,,,,,,,,,,,,,,,,,,,,,,,,,,,,,,,,,,,,,,,,,,,,,,
ACSSF,2019e1,nc,000,0019,0000090,,,,,,,,,,,,,,,,,,,,,,,,,,,,,,,,,,,,,,,,,,,,,,,,,,,,,,,,,,,,,,,,,,,,,,,,,,,,,,,,,,,,,,,,,,,,,,,,,40.0,42.2,27.6,32.1,31.1,30.2,,,,,,,789461,382834,406627,681619,329479,352140,54972,27480,27492,23840,12542,11298,24648,11986,12662,4382,1347,3035,,,,,,,,,,,,,,,,,,,509400,444644,31650,12960,17594,2552,154363,126052,15932,8611,3722,46,60055,56088,3337,533,0,97,23051,19322,927,368,1738,696,,,,,,,23182,19891,2093,683,470,45,,,,,,,,,,,,,,,,,,,,,,,,,,,,,,,,,,,,,,,,,,,,,,,,,,,,,,,,,,,,
ACSSF,2019e1,nc,000,0019,0000091,,,,,,,,,,,,,,,,,,,,,,,,,,,,,,,,,,,,,,,,,,,,,,,,,,,,,,,,,,,,,,,,,,,,,,,,,,,,,,,,,,,,,,,,,,,,,,,,,42.6,44.8,32.3,30.2,32.4,43.7,,,,,,,763772,368570,395202,670193,322663,347530,44986,22146,22840,29640,14598,15042,16774,8303,8471,2179,860,1319,,,,,,,,,,,,,,,,,,,620864,548173,35587,20682,14347,2075,96216,82030,5462,7557,1153,14,,,,,,,,,,,,,,,,,,,14777,12431,1554,540,252,0,,,,,,,,,,,,,,,,,,,,,,,,,,,,,,,,,,,,,,,,,,,,,,,,,,,,,,,,,,,,
ACSSF,2019e1,nc,000,0019,0000092,,,,,,,,,,,,,,,,,,,,,,,,,,,,,,,,,,,,,,,,,,,,,,,,,,,,,,,,,,,,,,,,,,,,,,,,,,,,,,,,,,,,,,,,,,,,,,,,,46.1,48.3,30.9,28.1,36.4,31.2,,,,,,,766615,373813,392802,670374,326172,344202,42889,20562,22327,29943,15893,14050,21543,10301,11242,1866,885,981,,,,,,,,,,,,,,,,,,,686023,604239,35606,26001,18924,1253,25438,21007,1254,2189,773,215,,,,,,,8325,7426,254,212,431,2,,,,,,,,,,,,,,,,,,,,,,,,,,,,,,,,,,,,,,,,,,,,,,,,,,,,,,,,,,,,,,,,,,,,,,,,
ACSSF,2019e1,nc,000,0019,0000093,,,,,,,,,,,,,,,,,,,,,,,,,,,,,,,,,,,,,,,,,,,,,,,,,,,,,,,,,,,,,,,,,,,,,,,,,,,,,,,,,,,,,,,,,,,,,,,,,34.6,36.5,30.4,25.5,28.8,28.5,,,,,,,878219,421172,457047,734526,348964,385562,79877,40101,39776,21423,10094,11329,33976,17184,16792,8417,4829,3588,,,,,,,,,,,,,,,,,,,394930,324162,35860,11099,20880,2929,330439,283461,29287,7498,8241,1952,,,,,,,51186,42146,4694,452,2953,941,,,,,,,69259,59411,6664,124,1015,2045,,,,,,,,,,,,,,,,,,,,,,,,,,,,,,,,,,,,,,,,,,,,,,,,,,,,,,,,,,,,
ACSSF,2019e1,nc,000,0019,0000094,,,,,,,,,,,,,,,,,,,,,,,,,,,,,,,,,,,,,,,,,,,,,,,,,,,,,,,,,,,,,,,,,,,,,,,,,,,,,,,,,,,,,,,,,,,,,,,,,39.9,42.3,28.9,26.9,32.2,31.0,,,,,,,771024,373126,397898,664342,321357,342985,55140,26181,28959,27562,12729,14833,19511,10678,8833,4469,2181,2288,,,,,,,,,,,,,,,,,,,524932,459168,32953,18257,12558,1996,175582,144475,19355,6730,3732,1290,,,,,,,28480,25847,825,201,886,721,,,,,,,,,,,,,,,,,,,,,,,,,,,,,,,,,,,,,,,,,,,,,,,,,,,,,,,,,,,,,,,,,,,,,,,,
ACSSF,2019e1,nc,000,0019,0000095,,,,,,,,,,,,,,,,,,,,,,,,,,,,,,,,,,,,,,,,,,,,,,,,,,,,,,,,,,,,,,,,,,,,,,,,,,,,,,,,,,,,,,,,,,,,,,,,,40.7,47.1,23.4,22.0,27.6,.,,,,,,,133054,65634,67420,110090,54426,55664,10650,4942,5708,9266,5022,4244,2922,1118,1804,126,126,0,,,,,,,,,,,,,,,,,,,125322,104666,9662,8110,2758,126,2388,1213,418,720,37,0,,,,,,,,,,,,,,,,,,,,,,,,,,,,,,,,,,,,,,,,,,,,,,,,,,,,,,,,,,,,,,,,,,,,,,,,,,,,,,,,,,,,
ACSSF,2019e1,nc,000,0019,0000096,,,,,,,,,,,,,,,,,,,,,,,,,,,,,,,,,,,,,,,,,,,,,,,,,,,,,,,,,,,,,,,,,,,,,,,,,,,,,,,,,,,,,,,,,,,,,,,,,45.7,46.3,31.2,36.0,41.0,76.4,,,,,,,149528,73256,76272,139051,68516,70535,6708,2812,3896,2196,1036,1160,1349,807,542,224,85,139,,,,,,,,,,,,,,,,,,,137646,128385,6041,1773,1223,224,4263,3620,278,316,49,0,,,,,,,,,,,,,,,,,,,,,,,,,,,,,,,,,,,,,,,,,,,,,,,,,,,,,,,,,,,,,,,,,,,,,,,,,,,,,,,,,,,,
ACSSF,2019e1,nc,000,0019,0000097,,,,,,,,,,,,,,,,,,,,,,,,,,,,,,,,,,,,,,,,,,,,,,,,,,,,,,,,,,,,,,,,,,,,,,,,,,,,,,,,,,,,,,,,,,,,,,,,,46.2,48.3,28.3,28.5,21.3,39.3,,,,,,,135458,65563,69895,117257,56102,61155,10199,4579,5620,5644,3425,2219,2101,1260,841,257,197,60,,,,,,,,,,,,,,,,,,,109339,95886,7120,5213,863,257,,,,,,,,,,,,,,,,,,,,,,,,,,,,,,,,,,,,,,,,,,,,,,,,,,,,,,,,,,,,,,,,,,,,,,,,,,,,,,,,,,,,,,,,,,
ACSSF,2019e1,nc,000,0019,0000098,,,,,,,,,,,,,,,,,,,,,,,,,,,,,,,,,,,,,,,,,,,,,,,,,,,,,,,,,,,,,,,,,,,,,,,,,,,,,,,,,,,,,,,,,,,,,,,,,44.4,46.3,26.7,23.6,44.4,63.0,,,,,,,121782,61573,60209,108394,54738,53656,6064,2795,3269,5606,3005,2601,1511,946,565,207,89,118,,,,,,,,,,,,,,,,,,,76301,70070,2890,2089,1057,195,34017,28679,2954,2106,266,12,,,,,,,,,,,,,,,,,,,,,,,,,,,,,,,,,,,,,,,,,,,,,,,,,,,,,,,,,,,,,,,,,,,,,,,,,,,,,,,,,,,,
ACSSF,2019e1,nc,000,0019,0000099,,,,,,,,,,,,,,,,,,,,,,,,,,,,,,,,,,,,,,,,,,,,,,,,,,,,,,,,,,,,,,,,,,,,,,,,,,,,,,,,,,,,,,,,,,,,,,,,,41.9,43.1,32.8,30.6,43.4,11.7,,,,,,,127314,62598,64716,110167,53702,56465,4163,1651,2512,10305,5440,4865,2313,1610,703,366,195,171,,,,,,,,,,,,,,,,,,,69163,59742,2999,5392,1030,0,47297,40473,938,4276,1244,366,,,,,,,,,,,,,,,,,,,,,,,,,,,,,,,,,,,,,,,,,,,,,,,,,,,,,,,,,,,,,,,,,,,,,,,,,,,,,,,,,,,,
ACSSF,2019e1,nc,000,0019,0000100,,,,,,,,,,,,,,,,,,,,,,,,,,,,,,,,,,,,,,,,,,,,,,,,,,,,,,,,,,,,,,,,,,,,,,,,,,,,,,,,,,,,,,,,,,,,,,,,,45.8,46.7,36.4,26.1,53.2,56.0,,,,,,,97897,48571,49326,87513,42536,44977,4989,2587,2402,3484,2185,1299,1679,1031,648,232,232,0,,,,,,,,,,,,,,,,,,,38178,32755,3307,834,1050,232,53872,49449,1523,2299,601,0,,,,,,,,,,,,,,,,,,,,,,,,,,,,,,,,,,,,,,,,,,,,,,,,,,,,,,,,,,,,,,,,,,,,,,,,,,,,,,,,,,,,
ACSSF,2019e1,nc,000,0019,0000101,,,,,,,,,,,,,,,,,,,,,,,,,,,,,,,,,,,,,,,,,,,,,,,,,,,,,,,,,,,,,,,,,,,,,,,,,,,,,,,,,,,,,,,,,,,,,,,,,43.9,46.4,28.0,29.7,33.5,.,,,,,,,112722,54044,58678,98469,47142,51327,4455,2443,2012,4680,2500,2180,5118,1959,3159,0,0,0,,,,,,,,,,,,,,,,,,,79304,68452,3937,2929,3986,0,28944,26479,518,952,995,0,,,,,,,,,,,,,,,,,,,,,,,,,,,,,,,,,,,,,,,,,,,,,,,,,,,,,,,,,,,,,,,,,,,,,,,,,,,,,,,,,,,,
ACSSF,2019e1,nc,000,0019,0000102,,,,,,,,,,,,,,,,,,,,,,,,,,,,,,,,,,,,,,,,,,,,,,,,,,,,,,,,,,,,,,,,,,,,,,,,,,,,,,,,,,,,,,,,,,,,,,,,,49.0,50.1,28.5,35.0,62.0,.,,,,,,,98671,47267,51404,90520,42818,47702,2532,1053,1479,4561,2847,1714,943,549,394,115,0,115,,,,,,,,,,,,,,,,,,,65180,59741,1588,3001,850,0,30057,27713,777,1383,69,115,,,,,,,,,,,,,,,,,,,,,,,,,,,,,,,,,,,,,,,,,,,,,,,,,,,,,,,,,,,,,,,,,,,,,,,,,,,,,,,,,,,,
ACSSF,2019e1,nc,000,0019,0000103,,,,,,,,,,,,,,,,,,,,,,,,,,,,,,,,,,,,,,,,,,,,,,,,,,,,,,,,,,,,,,,,,,,,,,,,,,,,,,,,,,,,,,,,,,,,,,,,,42.5,44.7,29.4,28.0,22.5,39.9,,,,,,,144241,69435,74806,127179,60279,66900,7729,4224,3505,6909,3251,3658,2094,1448,646,330,233,97,,,,,,,,,,,,,,,,,,,66916,60994,2589,2601,589,143,67394,58992,4175,3734,306,187,,,,,,,,,,,,,,,,,,,,,,,,,,,,,,,,,,,,,,,,,,,,,,,,,,,,,,,,,,,,,,,,,,,,,,,,,,,,,,,,,,,,
ACSSF,2019e1,nc,000,0019,0000104,,,,,,,,,,,,,,,,,,,,,,,,,,,,,,,,,,,,,,,,,,,,,,,,,,,,,,,,,,,,,,,,,,,,,,,,,,,,,,,,,,,,,,,,,,,,,,,,,40.3,43.1,35.4,26.8,29.3,40.6,,,,,,,100485,47706,52779,87562,41240,46322,6563,2678,3885,5558,3208,2350,504,315,189,298,265,33,,,,,,,,,,,,,,,,,,,53420,46469,3752,2498,439,262,38228,32637,2755,2771,65,0,,,,,,,,,,,,,,,,,,,,,,,,,,,,,,,,,,,,,,,,,,,,,,,,,,,,,,,,,,,,,,,,,,,,,,,,,,,,,,,,,,,,
ACSSF,2019e1,nc,000,0019,0000105,,,,,,,,,,,,,,,,,,,,,,,,,,,,,,,,,,,,,,,,,,,,,,,,,,,,,,,,,,,,,,,,,,,,,,,,,,,,,,,,,,,,,,,,,,,,,,,,,39.2,40.7,32.7,27.7,29.1,30.7,,,,,,,206712,101341,105371,184697,90226,94471,7687,3009,4678,8803,4919,3884,4862,2783,2079,663,404,259,,,,,,,,,,,,,,,,,,,156491,141690,4788,4900,4518,595,,,,,,,,,,,,,,,,,,,,,,,,,,,,,,,,,,,,,,,,,,,,,,,,,,,,,,,,,,,,,,,,,,,,,,,,,,,,,,,,,,,,,,,,,,
ACSSF,2019e1,nc,000,0019,0000106,,,,,,,,,,,,,,,,,,,,,,,,,,,,,,,,,,,,,,,,,,,,,,,,,,,,,,,,,,,,,,,,,,,,,,,,,,,,,,,,,,,,,,,,,,,,,,,,,30.0,34.4,27.0,19.3,28.0,23.9,,,,,,,153097,78185,74912,107685,54615,53070,25638,15055,10583,11027,4990,6037,7096,2924,4172,1651,601,1050,,,,,,,,,,,,,,,,,,,90983,63752,15334,7425,4020,452,49115,36310,8134,2974,1607,90,,,,,,,6096,2547,1314,139,1240,856,,,,,,,,,,,,,,,,,,,,,,,,,,,,,,,,,,,,,,,,,,,,,,,,,,,,,,,,,,,,,,,,,,,,,,,,
ACSSF,2019e1,nc,000,0019,0000107,,,,,,,,,,,,,,,,,,,,,,,,,,,,,,,,,,,,,,,,,,,,,,,,,,,,,,,,,,,,,,,,,,,,,,,,,,,,,,,,,,,,,,,,,,,,,,,,,37.9,39.8,30.7,30.2,30.8,24.7,,,,,,,135931,63379,72552,116247,54848,61399,11761,5069,6692,3781,1891,1890,3765,1487,2278,377,84,293,,,,,,,,,,,,,,,,,,,85134,74237,5993,2355,2380,169,28738,23153,3817,960,808,0,,,,,,,,,,,,,,,,,,,,,,,,,,,,,,,,,,,,,,,,,,,,,,,,,,,,,,,,,,,,,,,,,,,,,,,,,,,,,,,,,,,,
ACSSF,2019e1,nc,000,0019,0000108,,,,,,,,,,,,,,,,,,,,,,,,,,,,,,,,,,,,,,,,,,,,,,,,,,,,,,,,,,,,,,,,,,,,,,,,,,,,,,,,,,,,,,,,,,,,,,,,,40.4,41.1,37.8,28.1,36.1,18.5,,,,,,,129152,63841,65311,109444,54807,54637,13011,5284,7727,2811,1698,1113,3635,1892,1743,251,160,91,,,,,,,,,,,,,,,,,,,89451,77754,7163,1873,2410,251,,,,,,,,,,,,,,,,,,,,,,,,,,,,,,,,,,,,,,,,,,,,,,,,,,,,,,,,,,,,,,,,,,,,,,,,,,,,,,,,,,,,,,,,,,
ACSSF,2019e1,nc,000,0019,0000109,,,,,,,,,,,,,,,,,,,,,,,,,,,,,,,,,,,,,,,,,,,,,,,,,,,,,,,,,,,,,,,,,,,,,,,,,,,,,,,,,,,,,,,,,,,,,,,,,38.1,40.7,28.8,22.7,50.6,15.6,,,,,,,143763,68499,75264,117975,57891,60084,16893,7314,9579,4840,2102,2738,2398,579,1819,1657,613,1044,,,,,,,,,,,,,,,,,,,63614,53843,5470,1582,1633,1086,58436,45416,8908,3255,765,92,,,,,,,,,,,,,,,,,,,,,,,,,,,,,,,,,,,,,,,,,,,,,,,,,,,,,,,,,,,,,,,,,,,,,,,,,,,,,,,,,,,,
ACSSF,2019e1,nc,000,0019,0000110,,,,,,,,,,,,,,,,,,,,,,,,,,,,,,,,,,,,,,,,,,,,,,,,,,,,,,,,,,,,,,,,,,,,,,,,,,,,,,,,,,,,,,,,,,,,,,,,,36.1,38.6,25.9,28.0,28.4,.,,,,,,,129350,59977,69373,105599,48990,56609,13891,6087,7804,3965,2076,1889,5850,2824,3026,45,0,45,,,,,,,,,,,,,,,,,,,94679,78605,9211,2334,4529,0,23818,18421,2653,1485,1259,0,,,,,,,,,,,,,,,,,,,,,,,,,,,,,,,,,,,,,,,,,,,,,,,,,,,,,,,,,,,,,,,,,,,,,,,,,,,,,,,,,,,,
ACSSF,2019e1,nc,000,0019,0000111,,,,,,,,,,,,,,,,,,,,,,,,,,,,,,,,,,,,,,,,,,,,,,,,,,,,,,,,,,,,,,,,,,,,,,,,,,,,,,,,,,,,,,,,,,,,,,,,,38.0,40.3,30.7,24.9,34.2,33.8,,,,,,,130228,64716,65512,105478,53433,52045,9844,4582,5262,4725,1884,2841,7734,3564,4170,2447,1253,1194,,,,,,,,,,,,,,,,,,,86970,76420,5179,1539,3541,291,13031,8955,1355,1639,810,272,,,,,,,26181,17899,2683,332,3383,1884,,,,,,,,,,,,,,,,,,,,,,,,,,,,,,,,,,,,,,,,,,,,,,,,,,,,,,,,,,,,,,,,,,,,,,,,
ACSSF,2019e1,nc,000,0019,0000112,,,,,,,,,,,,,,,,,,,,,,,,,,,,,,,,,,,,,,,,,,,,,,,,,,,,,,,,,,,,,,,,,,,,,,,,,,,,,,,,,,,,,,,,,,,,,,,,,40.7,43.5,30.4,27.4,35.7,26.6,,,,,,,135066,67010,68056,115025,56078,58947,10626,6029,4597,3059,1533,1526,5634,2888,2746,722,482,240,,,,,,,,,,,,,,,,,,,96553,83594,7189,2192,3404,174,12277,9431,1585,319,942,0,,,,,,,17317,14353,1520,0,896,548,,,,,,,,,,,,,,,,,,,,,,,,,,,,,,,,,,,,,,,,,,,,,,,,,,,,,,,,,,,,,,,,,,,,,,,,
ACSSF,2019e1,nc,000,0019,0000113,,,,,,,,,,,,,,,,,,,,,,,,,,,,,,,,,,,,,,,,,,,,,,,,,,,,,,,,,,,,,,,,,,,,,,,,,,,,,,,,,,,,,,,,,,,,,,,,,37.5,39.0,30.4,25.5,34.1,46.1,,,,,,,143347,69629,73718,123738,60292,63446,10998,4874,6124,2155,1074,1081,5875,3110,2765,581,279,302,,,,,,,,,,,,,,,,,,,105464,91791,7551,1941,4045,136,,,,,,,,,,,,,17437,14829,1417,0,899,292,,,,,,,,,,,,,,,,,,,,,,,,,,,,,,,,,,,,,,,,,,,,,,,,,,,,,,,,,,,,,,,,,,,,,,,,
ACSSF,2019e1,nc,000,0019,0000114,,,,,,,,,,,,,,,,,,,,,,,,,,,,,,,,,,,,,,,,,,,,,,,,,,,,,,,,,,,,,,,,,,,,,,,,,,,,,,,,,,,,,,,,,,,,,,,,,35.2,38.1,28.4,29.9,28.4,21.3,,,,,,,176001,82940,93061,140698,66726,73972,18086,7555,10531,7182,2902,4280,8275,4665,3610,1760,1092,668,,,,,,,,,,,,,,,,,,,92597,73433,8597,3562,5675,1330,61451,48899,8576,3059,906,11,,,,,,,11477,9410,705,441,648,273,,,,,,,,,,,,,,,,,,,,,,,,,,,,,,,,,,,,,,,,,,,,,,,,,,,,,,,,,,,,,,,,,,,,,,,,
ACSSF,2019e1,nc,000,0019,0000115,,,,,,,,,,,,,,,,,,,,,,,,,,,,,,,,,,,,,,,,,,,,,,,,,,,,,,,,,,,,,,,,,,,,,,,,,,,,,,,,,,,,,,,,,,,,,,,,,36.7,38.6,27.8,35.6,28.0,26.7,,,,,,,142386,69889,72497,119133,57388,61745,11512,5558,5954,3074,1823,1251,6055,3994,2061,2612,1126,1486,,,,,,,,,,,,,,,,,,,76966,66471,3738,1218,3389,2150,52291,42170,6130,1467,2359,165,,,,,,,,,,,,,,,,,,,,,,,,,,,,,,,,,,,,,,,,,,,,,,,,,,,,,,,,,,,,,,,,,,,,,,,,,,,,,,,,,,,,
ACSSF,2019e1,nc,000,0019,0000116,,,,,,,,,,,,,,,,,,,,,,,,,,,,,,,,,,,,,,,,,,,,,,,,,,,,,,,,,,,,,,,,,,,,,,,,,,,,,,,,,,,,,,,,,,,,,,,,,35.4,43.0,22.2,20.7,29.4,23.2,,,,,,,147349,69904,77445,110331,54165,56166,12844,4593,8251,15433,6875,8558,5750,2519,3231,2991,1752,1239,,,,,,,,,,,,,,,,,,,113700,87231,9804,10564,4729,1372,16943,11913,2190,2448,294,98,,,,,,,11801,8400,258,1300,332,1511,,,,,,,,,,,,,,,,,,,,,,,,,,,,,,,,,,,,,,,,,,,,,,,,,,,,,,,,,,,,,,,,,,,,,,,,
ACSSF,2019e1,nc,000,0019,0000117,,,,,,,,,,,,,,,,,,,,,,,,,,,,,,,,,,,,,,,,,,,,,,,,,,,,,,,,,,,,,,,,,,,,,,,,,,,,,,,,,,,,,,,,,,,,,,,,,43.5,44.6,37.4,32.2,55.5,13.0,,,,,,,135277,64716,70561,122929,58437,64492,4543,2562,1981,5741,2877,2864,1662,721,941,402,119,283,,,,,,,,,,,,,,,,,,,101352,90525,4063,5342,1139,283,21583,20499,354,263,467,0,,,,,,,,,,,,,,,,,,,,,,,,,,,,,,,,,,,,,,,,,,,,,,,,,,,,,,,,,,,,,,,,,,,,,,,,,,,,,,,,,,,,
ACSSF,2019e1,nc,000,0019,0000118,,,,,,,,,,,,,,,,,,,,,,,,,,,,,,,,,,,,,,,,,,,,,,,,,,,,,,,,,,,,,,,,,,,,,,,,,,,,,,,,,,,,,,,,,,,,,,,,,38.9,41.8,28.2,25.5,26.9,36.7,,,,,,,167070,78469,88601,143513,67141,76372,9588,4172,5416,9912,5470,4442,3692,1534,2158,365,152,213,,,,,,,,,,,,,,,,,,,116674,98330,7068,7462,3662,152,33443,29634,2489,1195,30,95,,,,,,,,,,,,,,,,,,,,,,,,,,,,,,,,,,,,,,,,,,,,,,,,,,,,,,,,,,,,,,,,,,,,,,,,,,,,,,,,,,,,
ACSSF,2019e1,nc,000,0019,0000119,,,,,,,,,,,,,,,,,,,,,,,,,,,,,,,,,,,,,,,,,,,,,,,,,,,,,,,,,,,,,,,,,,,,,,,,,,,,,,,,,,,,,,,,,,,,,,,,,39.5,43.1,28.7,19.4,30.1,30.2,,,,,,,143389,64760,78629,119132,53405,65727,15282,7673,7609,4247,1847,2400,3692,1502,2190,1036,333,703,,,,,,,,,,,,,,,,,,,77675,67932,5182,2662,1634,265,49229,39337,6799,1329,1208,556,,,,,,,,,,,,,,,,,,,,,,,,,,,,,,,,,,,,,,,,,,,,,,,,,,,,,,,,,,,,,,,,,,,,,,,,,,,,,,,,,,,,
ACSSF,2019e1,nc,000,0019,0000120,,,,,,,,,,,,,,,,,,,,,,,,,,,,,,,,,,,,,,,,,,,,,,,,,,,,,,,,,,,,,,,,,,,,,,,,,,,,,,,,,,,,,,,,,,,,,,,,,31.0,33.4,27.5,21.0,26.5,30.7,,,,,,,117352,53829,63523,95224,44773,50451,11983,4376,7607,5200,1502,3698,3917,2634,1283,1028,544,484,,,,,,,,,,,,,,,,,,,37980,30129,4090,2015,1477,269,58660,46214,7506,2295,2059,586,,,,,,,,,,,,,,,,,,,,,,,,,,,,,,,,,,,,,,,,,,,,,,,,,,,,,,,,,,,,,,,,,,,,,,,,,,,,,,,,,,,,
ACSSF,2019e1,nc,000,0019,0000121,,,,,,,,,,,,,,,,,,,,,,,,,,,,,,,,,,,,,,,,,,,,,,,,,,,,,,,,,,,,,,,,,,,,,,,,,,,,,,,,,,,,,,,,,,,,,,,,,42.6,43.9,37.5,34.6,25.7,.,,,,,,,131001,62036,68965,116125,54992,61133,7402,3391,4011,4178,1716,2462,3126,1767,1359,170,170,0,,,,,,,,,,,,,,,,,,,88991,79252,5331,2334,2074,0,,,,,,,,,,,,,,,,,,,,,,,,,,,,,,,,,,,,,,,,,,,,,,,,,,,,,,,,,,,,,,,,,,,,,,,,,,,,,,,,,,,,,,,,,,
ACSSF,2019e1,nc,000,0019,0000122,,,,,,,,,,,,,,,,,,,,,,,,,,,,,,,,,,,,,,,,,,,,,,,,,,,,,,,,,,,,,,,,,,,,,,,,,,,,,,,,,,,,,,,,,,,,,,,,,38.7,41.7,28.6,24.6,26.7,20.5,,,,,,,139384,69271,70113,114671,57116,57555,14638,7027,7611,4428,2178,2250,4187,2091,2096,1460,859,601,,,,,,,,,,,,,,,,,,,80510,67350,7336,2044,3078,702,43242,34452,6154,1805,743,88,,,,,,,,,,,,,,,,,,,,,,,,,,,,,,,,,,,,,,,,,,,,,,,,,,,,,,,,,,,,,,,,,,,,,,,,,,,,,,,,,,,,
ACSSF,2019e1,nc,000,0019,0000123,,,,,,,,,,,,,,,,,,,,,,,,,,,,,,,,,,,,,,,,,,,,,,,,,,,,,,,,,,,,,,,,,,,,,,,,,,,,,,,,,,,,,,,,,,,,,,,,,40.0,42.6,30.0,31.0,29.8,20.1,,,,,,,99888,48190,51698,85098,41231,43867,7265,3736,3529,2624,980,1644,4536,2064,2472,365,179,186,,,,,,,,,,,,,,,,,,,52354,45067,3258,1432,2469,128,42681,36048,3603,1118,1912,0,,,,,,,,,,,,,,,,,,,,,,,,,,,,,,,,,,,,,,,,,,,,,,,,,,,,,,,,,,,,,,,,,,,,,,,,,,,,,,,,,,,,
ACSSF,2019e1,nc,000,0019,0000124,,,,,,,,,,,,,,,,,,,,,,,,,,,,,,,,,,,,,,,,,,,,,,,,,,,,,,,,,,,,,,,,,,,,,,,,,,,,,,,,,,,,,,,,,,,,,,,,,33.0,34.0,26.5,27.2,29.2,36.3,,,,,,,138757,64084,74673,119335,56258,63077,12112,4212,7900,3996,2201,1795,2720,1315,1405,594,98,496,,,,,,,,,,,,,,,,,,,82213,73055,4148,3034,1946,30,43030,34467,7552,692,319,0,,,,,,,,,,,,,,,,,,,,,,,,,,,,,,,,,,,,,,,,,,,,,,,,,,,,,,,,,,,,,,,,,,,,,,,,,,,,,,,,,,,,
ACSSF,2019e1,nc,000,0019,0000125,,,,,,,,,,,,,,,,,,,,,,,,,,,,,,,,,,,,,,,,,,,,,,,,,,,,,,,,,,,,,,,,,,,,,,,,,,,,,,,,,,,,,,,,,,,,,,,,,46.1,47.6,31.4,50.0,36.4,81.3,,,,,,,139601,67098,72503,120747,56996,63751,10322,5369,4953,5112,2709,2403,2784,1538,1246,636,486,150,,,,,,,,,,,,,,,,,,,115266,100602,7808,3881,2566,409,,,,,,,,,,,,,,,,,,,,,,,,,,,,,,,,,,,,,,,,,,,,,,,,,,,,,,,,,,,,,,,,,,,,,,,,,,,,,,,,,,,,,,,,,,
ACSSF,2019e1,nc,000,0019,0000126,,,,,,,,,,,,,,,,,,,,,,,,,,,,,,,,,,,,,,,,,,,,,,,,,,,,,,,,,,,,,,,,,,,,,,,,,,,,,,,,,,,,,,,,,,,,,,,,,44.1,46.0,28.1,32.7,44.5,.,,,,,,,106642,53248,53394,98372,48301,50071,4697,2826,1871,2263,1208,1055,1310,913,397,0,0,0,,,,,,,,,,,,,,,,,,,97153,89491,4344,2120,1198,0,,,,,,,,,,,,,,,,,,,,,,,,,,,,,,,,,,,,,,,,,,,,,,,,,,,,,,,,,,,,,,,,,,,,,,,,,,,,,,,,,,,,,,,,,,
ACSSF,2019e1,nc,000,0019,0000127,,,,,,,,,,,,,,,,,,,,,,,,,,,,,,,,,,,,,,,,,,,,,,,,,,,,,,,,,,,,,,,,,,,,,,,,,,,,,,,,,,,,,,,,,,,,,,,,,44.5,46.9,30.6,25.8,31.4,.,,,,,,,119298,57589,61709,106162,51397,54765,5202,2001,3201,5914,2826,3088,2020,1365,655,0,0,0,,,,,,,,,,,,,,,,,,,105111,94697,3993,4510,1911,0,,,,,,,,,,,,,,,,,,,,,,,,,,,,,,,,,,,,,,,,,,,,,,,,,,,,,,,,,,,,,,,,,,,,,,,,,,,,,,,,,,,,,,,,,,
ACSSF,2019e1,nc,000,0019,0000128,,,,,,,,,,,,,,,,,,,,,,,,,,,,,,,,,,,,,,,,,,,,,,,,,,,,,,,,,,,,,,,,,,,,,,,,,,,,,,,,,,,,,,,,,,,,,,,,,46.2,48.0,29.1,29.6,35.6,25.9,,,,,,,135368,67604,67764,118784,58621,60163,9601,4745,4856,4422,3064,1358,2036,840,1196,525,334,191,,,,,,,,,,,,,,,,,,,115729,104334,6346,3196,1643,210,,,,,,,,,,,,,,,,,,,,,,,,,,,,,,,,,,,,,,,,,,,,,,,,,,,,,,,,,,,,,,,,,,,,,,,,,,,,,,,,,,,,,,,,,,
ACSSF,2019e1,nc,000,0019,0000129,,,,,,,,,,,,,,,,,,,,,,,,,,,,,,,,,,,,,,,,,,,,,,,,,,,,,,,,,,,,,,,,,,,,,,,,,,,,,,,,,,,,,,,,,,,,,,,,,40.5,41.5,38.6,28.4,32.3,54.2,,,,,,,134226,64369,69857,114297,55672,58625,8967,4010,4957,4468,1486,2982,5306,2629,2677,1188,572,616,,,,,,,,,,,,,,,,,,,113913,96400,7541,3860,4989,1123,,,,,,,,,,,,,,,,,,,,,,,,,,,,,,,,,,,,,,,,,,,,,,,,,,,,,,,,,,,,,,,,,,,,,,,,,,,,,,,,,,,,,,,,,,
ACSSF,2019e1,nc,000,0019,0000130,,,,,,,,,,,,,,,,,,,,,,,,,,,,,,,,,,,,,,,,,,,,,,,,,,,,,,,,,,,,,,,,,,,,,,,,,,,,,,,,,,,,,,,,,,,,,,,,,45.4,46.3,34.2,39.9,30.9,28.4,,,,,,,125258,59766,65492,115262,54627,60635,4936,2510,2426,2792,1785,1007,2037,819,1218,231,25,206,,,,,,,,,,,,,,,,,,,115799,107232,4019,2517,2031,0,,,,,,,,,,,,,,,,,,,,,,,,,,,,,,,,,,,,,,,,,,,,,,,,,,,,,,,,,,,,,,,,,,,,,,,,,,,,,,,,,,,,,,,,,,
ACSSF,2019e1,nc,000,0019,0000131,,,,,,,,,,,,,,,,,,,,,,,,,,,,,,,,,,,,,,,,,,,,,,,,,,,,,,,,,,,,,,,,,,,,,,,,,,,,,,,,,,,,,,,,,,,,,,,,,46.9,48.7,28.8,31.4,37.5,19.7,,,,,,,113614,55236,58378,99505,48820,50685,5515,2112,3403,3995,2215,1780,4366,1893,2473,233,196,37,,,,,,,,,,,,,,,,,,,97591,85984,4443,3683,3250,231,,,,,,,,,,,,,,,,,,,,,,,,,,,,,,,,,,,,,,,,,,,,,,,,,,,,,,,,,,,,,,,,,,,,,,,,,,,,,,,,,,,,,,,,,,
ACSSF,2019e1,nc,000,0019,0000132,,,,,,,,,,,,,,,,,,,,,,,,,,,,,,,,,,,,,,,,,,,,,,,,,,,,,,,,,,,,,,,,,,,,,,,,,,,,,,,,,,,,,,,,,,,,,,,,,48.7,52.3,24.9,20.8,56.1,23.8,,,,,,,110843,54503,56340,92465,44606,47859,7646,4117,3529,5444,2946,2498,5187,2788,2399,101,46,55,,,,,,,,,,,,,,,,,,,103813,86557,7476,4969,4746,65,,,,,,,,,,,,,,,,,,,,,,,,,,,,,,,,,,,,,,,,,,,,,,,,,,,,,,,,,,,,,,,,,,,,,,,,,,,,,,,,,,,,,,,,,,
ACSSF,2019e1,nc,000,0019,0000133,,,,,,,,,,,,,,,,,,,,,,,,,,,,,,,,,,,,,,,,,,,,,,,,,,,,,,,,,,,,,,,,,,,,,,,,,,,,,,,,,,,,,,,,,,,,,,,,,48.3,51.3,31.2,32.0,44.1,41.2,,,,,,,150417,73070,77347,129572,62685,66887,7562,4409,3153,8340,3730,4610,4128,1937,2191,815,309,506,,,,,,,,,,,,,,,,,,,138161,118710,7461,7598,3645,747,5880,4901,52,444,483,0,,,,,,,,,,,,,,,,,,,,,,,,,,,,,,,,,,,,,,,,,,,,,,,,,,,,,,,,,,,,,,,,,,,,,,,,,,,,,,,,,,,,
ACSSF,2019e1,nc,000,0019,0000134,,,,,,,,,,,,,,,,,,,,,,,,,,,,,,,,,,,,,,,,,,,,,,,,,,,,,,,,,,,,,,,,,,,,,,,,,,,,,,,,,,,,,,,,,,,,,,,,,47.8,49.4,33.3,30.3,54.9,15.4,,,,,,,132610,61903,70707,115677,53832,61845,8952,4058,4894,3941,2240,1701,3856,1773,2083,184,0,184,,,,,,,,,,,,,,,,,,,109765,97264,7017,1835,3465,184,18852,15297,1414,1970,171,0,,,,,,,,,,,,,,,,,,,,,,,,,,,,,,,,,,,,,,,,,,,,,,,,,,,,,,,,,,,,,,,,,,,,,,,,,,,,,,,,,,,,
ACSSF,2019e1,nc,000,0019,0000135,,,,,,,,,,,,,,,,,,,,,,,,,,,,,,,,,,,,,,,,,,,,,,,,,,,,,,,,,,,,,,,,,,,,,,,,,,,,,,,,,,,,,,,,,,,,,,,,,42.3,43.6,33.9,28.7,24.5,77.0,,,,,,,136045,67043,69002,123402,60607,62795,4402,2191,2211,5352,2682,2670,2734,1497,1237,155,66,89,,,,,,,,,,,,,,,,,,,116511,105703,3897,4502,2254,155,,,,,,,,,,,,,,,,,,,,,,,,,,,,,,,,,,,,,,,,,,,,,,,,,,,,,,,,,,,,,,,,,,,,,,,,,,,,,,,,,,,,,,,,,,
ACSSF,2019e1,nc,000,0019,0000136,,,,,,,,,,,,,,,,,,,,,,,,,,,,,,,,,,,,,,,,,,,,,,,,,,,,,,,,,,,,,,,,,,,,,,,,,,,,,,,,,,,,,,,,,,,,,,,,,41.6,43.0,31.5,32.1,45.4,36.3,,,,,,,157232,77697,79535,138856,68077,70779,8962,4791,4171,6709,3583,3126,2137,1094,1043,568,152,416,,,,,,,,,,,,,,,,,,,124473,109662,7276,5190,1777,568,14087,12058,826,1147,56,0,,,,,,,,,,,,,,,,,,,,,,,,,,,,,,,,,,,,,,,,,,,,,,,,,,,,,,,,,,,,,,,,,,,,,,,,,,,,,,,,,,,,
ACSSF,2019e1,nc,000,0019,0000137,,,,,,,,,,,,,,,,,,,,,,,,,,,,,,,,,,,,,,,,,,,,,,,,,,,,,,,,,,,,,,,,,,,,,,,,,,,,,,,,,,,,,,,,,,,,,,,,,41.0,43.0,27.1,31.5,38.4,42.1,,,,,,,153297,76583,76714,132229,64819,67410,8349,5132,3217,7299,3732,3567,4871,2604,2267,549,296,253,,,,,,,,,,,,,,,,,,,119419,102433,7441,6053,3297,195,18642,17305,526,811,0,0,,,,,,,,,,,,,,,,,,,,,,,,,,,,,,,,,,,,,,,,,,,,,,,,,,,,,,,,,,,,,,,,,,,,,,,,,,,,,,,,,,,,
ACSSF,2019e1,nc,000,0019,0000138,,,,,,,,,,,,,,,,,,,,,,,,,,,,,,,,,,,,,,,,,,,,,,,,,,,,,,,,,,,,,,,,,,,,,,,,,,,,,,,,,,,,,,,,,,,,,,,,,42.6,46.1,30.1,29.9,24.1,.,,,,,,,106026,52103,53923,93332,45201,48131,6330,3329,3001,4043,2088,1955,2276,1440,836,45,45,0,,,,,,,,,,,,,,,,,,,89951,80758,4739,2352,2057,45,11339,8426,1055,1688,170,0,,,,,,,,,,,,,,,,,,,,,,,,,,,,,,,,,,,,,,,,,,,,,,,,,,,,,,,,,,,,,,,,,,,,,,,,,,,,,,,,,,,,
ACSSF,2019e1,nc,000,0019,0000139,,,,,,,,,,,,,,,,,,,,,,,,,,,,,,,,,,,,,,,,,,,,,,,,,,,,,,,,,,,,,,,,,,,,,,,,,,,,,,,,,,,,,,,,,,,,,,,,,38.8,40.2,29.6,26.0,40.5,.,,,,,,,116285,55520,60765,98423,47553,50870,10318,4591,5727,5121,2405,2716,2423,971,1452,0,0,0,,,,,,,,,,,,,,,,,,,79709,68105,6839,2996,1769,0,27194,22788,1957,1824,625,0,,,,,,,,,,,,,,,,,,,,,,,,,,,,,,,,,,,,,,,,,,,,,,,,,,,,,,,,,,,,,,,,,,,,,,,,,,,,,,,,,,,,
ACSSF,2019e1,nc,000,0019,0000140,,,,,,,,,,,,,,,,,,,,,,,,,,,,,,,,,,,,,,,,,,,,,,,,,,,,,,,,,,,,,,,,,,,,,,,,,,,,,,,,,,,,,,,,,,,,,,,,,32.4,34.3,29.1,25.5,27.8,33.4,,,,,,,121778,59867,61911,92539,45600,46939,15684,8031,7653,6098,3046,3052,6137,2619,3518,1320,571,749,,,,,,,,,,,,,,,,,,,59634,44310,8359,2835,4049,81,37330,30561,3564,1455,1359,391,,,,,,,7179,5537,1193,68,339,42,,,,,,,,,,,,,,,,,,,,,,,,,,,,,,,,,,,,,,,,,,,,,,,,,,,,,,,,,,,,,,,,,,,,,,,,
ACSSF,2019e1,nc,000,0019,0000141,,,,,,,,,,,,,,,,,,,,,,,,,,,,,,,,,,,,,,,,,,,,,,,,,,,,,,,,,,,,,,,,,,,,,,,,,,,,,,,,,,,,,,,,,,,,,,,,,36.3,37.8,30.0,40.2,22.2,33.8,,,,,,,126129,60156,65973,109535,52142,57393,12232,5481,6751,1095,628,467,2292,1255,1037,975,650,325,,,,,,,,,,,,,,,,,,,17370,14140,1984,504,742,0,86932,77681,6654,518,1248,831,,,,,,,,,,,,,,,,,,,,,,,,,,,,,,,,,,,,,,,,,,,,,,,,,,,,,,,,,,,,,,,,,,,,,,,,,,,,,,,,,,,,
ACSSF,2019e1,nc,000,0019,0000142,,,,,,,,,,,,,,,,,,,,,,,,,,,,,,,,,,,,,,,,,,,,,,,,,,,,,,,,,,,,,,,,,,,,,,,,,,,,,,,,,,,,,,,,,,,,,,,,,32.1,33.8,27.3,20.2,39.1,20.3,,,,,,,128542,57128,71414,109463,47282,62181,10245,5486,4759,3434,1659,1775,3879,2211,1668,1521,490,1031,,,,,,,,,,,,,,,,,,,34057,28329,2327,1966,805,630,54820,46504,4873,1135,2172,136,,,,,,,10315,8455,678,192,770,220,,,,,,,,,,,,,,,,,,,,,,,,,,,,,,,,,,,,,,,,,,,,,,,,,,,,,,,,,,,,,,,,,,,,,,,,
ACSSF,2019e1,nc,000,0019,0000143,,,,,,,,,,,,,,,,,,,,,,,,,,,,,,,,,,,,,,,,,,,,,,,,,,,,,,,,,,,,,,,,,,,,,,,,,,,,,,,,,,,,,,,,,,,,,,,,,40.0,43.6,31.0,30.7,30.7,30.0,,,,,,,158454,74141,84313,129649,60548,69101,14396,7473,6923,1419,745,674,9619,4338,5281,3371,1037,2334,,,,,,,,,,,,,,,,,,,127915,105991,11891,1313,6791,1929,12965,10002,1632,0,1331,0,,,,,,,9852,7839,785,0,732,496,,,,,,,,,,,,,,,,,,,,,,,,,,,,,,,,,,,,,,,,,,,,,,,,,,,,,,,,,,,,,,,,,,,,,,,,
ACSSF,2019e1,nc,000,0019,0000144,,,,,,,,,,,,,,,,,,,,,,,,,,,,,,,,,,,,,,,,,,,,,,,,,,,,,,,,,,,,,,,,,,,,,,,,,,,,,,,,,,,,,,,,,,,,,,,,,33.0,36.5,28.1,28.3,28.3,32.5,,,,,,,122711,61025,61686,94298,45822,48476,14630,7468,7162,3757,1204,2553,8091,5016,3075,1935,1515,420,,,,,,,,,,,,,,,,,,,74997,58885,8213,712,5618,1569,36419,26808,5260,2922,1311,118,,,,,,,4684,3431,471,0,738,44,,,,,,,,,,,,,,,,,,,,,,,,,,,,,,,,,,,,,,,,,,,,,,,,,,,,,,,,,,,,,,,,,,,,,,,,
ACSSF,2019e1,nc,000,0019,0000145,,,,,,,,,,,,,,,,,,,,,,,,,,,,,,,,,,,,,,,,,,,,,,,,,,,,,,,,,,,,,,,,,,,,,,,,,,,,,,,,,,,,,,,,,,,,,,,,,40.1,40.8,36.3,29.6,31.8,34.4,,,,,,,157584,77024,80560,138636,68712,69924,9256,3779,5477,3649,1870,1779,4733,1933,2800,1310,730,580,,,,,,,,,,,,,,,,,,,108462,94267,7256,2859,3413,667,34940,31355,1675,630,1035,245,,,,,,,,,,,,,,,,,,,,,,,,,,,,,,,,,,,,,,,,,,,,,,,,,,,,,,,,,,,,,,,,,,,,,,,,,,,,,,,,,,,,
ACSSF,2019e1,nc,000,0019,0000146,,,,,,,,,,,,,,,,,,,,,,,,,,,,,,,,,,,,,,,,,,,,,,,,,,,,,,,,,,,,,,,,,,,,,,,,,,,,,,,,,,,,,,,,,,,,,,,,,34.9,36.2,29.9,28.1,35.9,25.4,,,,,,,138690,66372,72318,124166,58762,65404,9094,4821,4273,1729,811,918,2921,1394,1527,780,584,196,,,,,,,,,,,,,,,,,,,67973,62150,2741,1260,1723,99,50151,44704,4550,304,482,111,,,,,,,,,,,,,,,,,,,,,,,,,,,,,,,,,,,,,,,,,,,,,,,,,,,,,,,,,,,,,,,,,,,,,,,,,,,,,,,,,,,,
ACSSF,2019e1,nc,000,0019,0000147,,,,,,,,,,,,,,,,,,,,,,,,,,,,,,,,,,,,,,,,,,,,,,,,,,,,,,,,,,,,,,,,,,,,,,,,,,,,,,,,,,,,,,,,,,,,,,,,,37.7,39.2,34.2,27.8,30.8,28.0,,,,,,,140977,69715,71262,121072,59317,61755,9681,5796,3885,2687,984,1703,6680,3242,3438,857,376,481,,,,,,,,,,,,,,,,,,,82022,70662,5079,1428,4853,0,34446,29400,3041,855,1030,120,,,,,,,15386,13023,1038,78,648,599,,,,,,,,,,,,,,,,,,,,,,,,,,,,,,,,,,,,,,,,,,,,,,,,,,,,,,,,,,,,,,,,,,,,,,,,
ACSSF,2019e1,nc,000,0019,0000148,,,,,,,,,,,,,,,,,,,,,,,,,,,,,,,,,,,,,,,,,,,,,,,,,,,,,,,,,,,,,,,,,,,,,,,,,,,,,,,,,,,,,,,,,,,,,,,,,37.9,38.8,28.1,31.4,32.2,32.9,,,,,,,162435,79547,82888,142860,71163,71697,10717,4887,5830,6237,2420,3817,2400,901,1499,221,176,45,,,,,,,,,,,,,,,,,,,110359,96794,7288,4270,2007,0,30104,27399,1116,1196,393,0,,,,,,,,,,,,,,,,,,,,,,,,,,,,,,,,,,,,,,,,,,,,,,,,,,,,,,,,,,,,,,,,,,,,,,,,,,,,,,,,,,,,
ACSSF,2019e1,nc,000,0019,0000149,,,,,,,,,,,,,,,,,,,,,,,,,,,,,,,,,,,,,,,,,,,,,,,,,,,,,,,,,,,,,,,,,,,,,,,,,,,,,,,,,,,,,,,,,,,,,,,,,39.6,41.8,30.0,25.0,37.2,.,,,,,,,113123,56185,56938,98434,49157,49277,6939,3332,3607,5356,2696,2660,2394,1000,1394,0,0,0,,,,,,,,,,,,,,,,,,,86704,77712,3815,3224,1953,0,16461,12794,1751,1791,125,0,,,,,,,,,,,,,,,,,,,,,,,,,,,,,,,,,,,,,,,,,,,,,,,,,,,,,,,,,,,,,,,,,,,,,,,,,,,,,,,,,,,,
ACSSF,2019e1,nc,000,0019,0000150,,,,,,,,,,,,,,,,,,,,,,,,,,,,,,,,,,,,,,,,,,,,,,,,,,,,,,,,,,,,,,,,,,,,,,,,,,,,,,,,,,,,,,,,,,,,,,,,,41.4,44.0,33.8,26.5,31.8,51.5,,,,,,,139856,67987,71869,121968,59961,62007,7407,3651,3756,7921,3032,4889,1993,912,1081,567,431,136,,,,,,,,,,,,,,,,,,,107076,94696,5900,4621,1352,507,22588,18246,961,2935,386,60,,,,,,,,,,,,,,,,,,,,,,,,,,,,,,,,,,,,,,,,,,,,,,,,,,,,,,,,,,,,,,,,,,,,,,,,,,,,,,,,,,,,
ACSSF,2019e1,nc,000,0019,0000151,,,,,,,,,,,,,,,,,,,,,,,,,,,,,,,,,,,,,,,,,,,,,,,,,,,,,,,,,,,,,,,,,,,,,,,,,,,,,,,,,,,,,,,,,,,,,,,,,45.0,45.9,28.6,35.5,45.8,53.7,,,,,,,165308,79685,85623,151817,73015,78802,8058,3795,4263,3021,1679,1342,2047,1083,964,365,113,252,,,,,,,,,,,,,,,,,,,142554,131431,6309,2573,1876,365,,,,,,,,,,,,,,,,,,,,,,,,,,,,,,,,,,,,,,,,,,,,,,,,,,,,,,,,,,,,,,,,,,,,,,,,,,,,,,,,,,,,,,,,,,
ACSSF,2019e1,nc,000,0019,0000152,,,,,,,,,,,,,,,,,,,,,,,,,,,,,,,,,,,,,,,,,,,,,,,,,,,,,,,,,,,,,,,,,,,,,,,,,,,,,,,,,,,,,,,,,,,,,,,,,41.8,45.0,25.3,28.9,51.6,.,,,,,,,142636,71042,71594,120531,60716,59815,15464,7238,8226,5670,2431,3239,896,582,314,75,75,0,,,,,,,,,,,,,,,,,,,122008,106134,10660,4531,608,75,8114,5296,2193,625,0,0,,,,,,,,,,,,,,,,,,,,,,,,,,,,,,,,,,,,,,,,,,,,,,,,,,,,,,,,,,,,,,,,,,,,,,,,,,,,,,,,,,,,
ACSSF,2019e1,nc,000,0019,0000153,,,,,,,,,,,,,,,,,,,,,,,,,,,,,,,,,,,,,,,,,,,,,,,,,,,,,,,,,,,,,,,,,,,,,,,,,,,,,,,,,,,,,,,,,,,,,,,,,44.0,46.6,30.3,53.2,33.7,32.7,,,,,,,126177,62287,63890,109173,52593,56580,8335,4533,3802,3833,2242,1591,4354,2590,1764,482,329,153,,,,,,,,,,,,,,,,,,,100818,86328,6859,2872,4277,482,16022,14108,978,859,77,0,,,,,,,,,,,,,,,,,,,,,,,,,,,,,,,,,,,,,,,,,,,,,,,,,,,,,,,,,,,,,,,,,,,,,,,,,,,,,,,,,,,,
ACSSF,2019e1,nc,000,0019,0000154,,,,,,,,,,,,,,,,,,,,,,,,,,,,,,,,,,,,,,,,,,,,,,,,,,,,,,,,,,,,,,,,,,,,,,,,,,,,,,,,,,,,,,,,,,,,,,,,,35.3,37.2,25.8,27.5,20.5,25.6,,,,,,,133947,65451,68496,115549,56774,58775,5230,2411,2819,8614,4624,3990,3981,1412,2569,573,230,343,,,,,,,,,,,,,,,,,,,89886,77211,2970,6663,2770,272,29556,25768,1695,1720,165,208,,,,,,,,,,,,,,,,,,,,,,,,,,,,,,,,,,,,,,,,,,,,,,,,,,,,,,,,,,,,,,,,,,,,,,,,,,,,,,,,,,,,
ACSSF,2019e1,nc,000,0019,0000155,,,,,,,,,,,,,,,,,,,,,,,,,,,,,,,,,,,,,,,,,,,,,,,,,,,,,,,,,,,,,,,,,,,,,,,,,,,,,,,,,,,,,,,,,,,,,,,,,40.4,41.7,27.3,37.8,65.1,15.4,,,,,,,120698,57353,63345,110508,51765,58743,5861,2874,2987,2900,1906,994,790,525,265,639,283,356,,,,,,,,,,,,,,,,,,,76970,70640,3019,2081,647,583,29419,26040,2434,802,143,0,,,,,,,,,,,,,,,,,,,,,,,,,,,,,,,,,,,,,,,,,,,,,,,,,,,,,,,,,,,,,,,,,,,,,,,,,,,,,,,,,,,,
ACSSF,2019e1,nc,000,0019,0000156,,,,,,,,,,,,,,,,,,,,,,,,,,,,,,,,,,,,,,,,,,,,,,,,,,,,,,,,,,,,,,,,,,,,,,,,,,,,,,,,,,,,,,,,,,,,,,,,,39.0,42.1,29.6,29.9,19.9,36.1,,,,,,,121427,58126,63301,102979,50141,52838,9473,3926,5547,4707,2001,2706,3795,1848,1947,473,210,263,,,,,,,,,,,,,,,,,,,77161,65008,5350,3628,2767,408,38551,33612,2952,996,926,65,,,,,,,,,,,,,,,,,,,,,,,,,,,,,,,,,,,,,,,,,,,,,,,,,,,,,,,,,,,,,,,,,,,,,,,,,,,,,,,,,,,,
ACSSF,2019e1,nc,000,0019,0000157,,,,,,,,,,,,,,,,,,,,,,,,,,,,,,,,,,,,,,,,,,,,,,,,,,,,,,,,,,,,,,,,,,,,,,,,,,,,,,,,,,,,,,,,,,,,,,,,,38.5,42.3,25.7,28.8,29.9,.,,,,,,,107089,50416,56673,91414,43244,48170,9693,4118,5575,5193,2620,2573,699,382,317,90,52,38,,,,,,,,,,,,,,,,,,,71729,61148,5936,3998,609,38,28506,24581,3269,653,3,0,,,,,,,,,,,,,,,,,,,,,,,,,,,,,,,,,,,,,,,,,,,,,,,,,,,,,,,,,,,,,,,,,,,,,,,,,,,,,,,,,,,,
ACSSF,2019e1,nc,000,0019,0000158,,,,,,,,,,,,,,,,,,,,,,,,,,,,,,,,,,,,,,,,,,,,,,,,,,,,,,,,,,,,,,,,,,,,,,,,,,,,,,,,,,,,,,,,,,,,,,,,,33.7,38.8,28.1,20.7,31.9,22.3,,,,,,,179298,82581,96717,138397,64072,74325,16426,7469,8957,18178,8864,9314,5104,1818,3286,1193,358,835,,,,,,,,,,,,,,,,,,,99451,77596,9705,9408,2665,77,60933,47121,5248,6855,1115,594,,,,,,,,,,,,,,,,,,,,,,,,,,,,,,,,,,,,,,,,,,,,,,,,,,,,,,,,,,,,,,,,,,,,,,,,,,,,,,,,,,,,
ACSSF,2019e1,nc,000,0019,0000159,,,,,,,,,,,,,,,,,,,,,,,,,,,,,,,,,,,,,,,,,,,,,,,,,,,,,,,,,,,,,,,,,,,,,,,,,,,,,,,,,,,,,,,,,,,,,,,,,38.0,40.8,24.0,33.7,21.8,23.0,,,,,,,100927,49607,51320,86049,41154,44895,7316,3810,3506,2210,1198,1012,4336,2509,1827,1016,936,80,,,,,,,,,,,,,,,,,,,72178,61318,4908,1565,3806,581,22214,19226,1898,526,512,52,,,,,,,,,,,,,,,,,,,,,,,,,,,,,,,,,,,,,,,,,,,,,,,,,,,,,,,,,,,,,,,,,,,,,,,,,,,,,,,,,,,,
ACSSF,2019e1,nc,000,0019,0000160,,,,,,,,,,,,,,,,,,,,,,,,,,,,,,,,,,,,,,,,,,,,,,,,,,,,,,,,,,,,,,,,,,,,,,,,,,,,,,,,,,,,,,,,,,,,,,,,,49.4,50.0,48.4,43.4,40.4,.,,,,,,,130628,63796,66832,116159,57406,58753,6643,3134,3509,4486,1879,2607,3300,1377,1923,40,0,40,,,,,,,,,,,,,,,,,,,107864,96288,5420,3323,2833,0,18247,16464,618,910,255,0,,,,,,,,,,,,,,,,,,,,,,,,,,,,,,,,,,,,,,,,,,,,,,,,,,,,,,,,,,,,,,,,,,,,,,,,,,,,,,,,,,,,
ACSSF,2019e1,nc,000,0019,0000161,,,,,,,,,,,,,,,,,,,,,,,,,,,,,,,,,,,,,,,,,,,,,,,,,,,,,,,,,,,,,,,,,,,,,,,,,,,,,,,,,,,,,,,,,,,,,,,,,25.9,30.1,23.0,27.3,20.6,24.1,,,,,,,152998,89987,63011,108702,60132,48570,19486,11604,7882,3610,2452,1158,19882,14739,5143,1318,1060,258,,,,,,,,,,,,,,,,,,,112773,78702,14907,2669,15772,723,24908,20111,2856,689,1252,0,,,,,,,,,,,,,,,,,,,,,,,,,,,,,,,,,,,,,,,,,,,,,,,,,,,,,,,,,,,,,,,,,,,,,,,,,,,,,,,,,,,,
ACSSF,2019e1,nc,000,0019,0000162,,,,,,,,,,,,,,,,,,,,,,,,,,,,,,,,,,,,,,,,,,,,,,,,,,,,,,,,,,,,,,,,,,,,,,,,,,,,,,,,,,,,,,,,,,,,,,,,,42.0,43.8,28.7,30.7,41.0,.,,,,,,,121797,58349,63448,106001,50040,55961,8245,4233,4012,4595,2914,1681,2938,1144,1794,18,18,0,,,,,,,,,,,,,,,,,,,101302,89096,6297,3072,2819,18,12267,10863,792,612,0,0,,,,,,,,,,,,,,,,,,,,,,,,,,,,,,,,,,,,,,,,,,,,,,,,,,,,,,,,,,,,,,,,,,,,,,,,,,,,,,,,,,,,
ACSSF,2019e1,nc,000,0019,0000163,,,,,,,,,,,,,,,,,,,,,,,,,,,,,,,,,,,,,,,,,,,,,,,,,,,,,,,,,,,,,,,,,,,,,,,,,,,,,,,,,,,,,,,,,,,,,,,,,40.1,43.5,28.2,21.3,40.5,24.0,,,,,,,172118,80511,91607,138194,65461,72733,15982,7424,8558,12040,5189,6851,5710,2340,3370,192,97,95,,,,,,,,,,,,,,,,,,,135339,109092,12940,8273,4937,97,24638,21447,1536,1620,35,0,,,,,,,,,,,,,,,,,,,,,,,,,,,,,,,,,,,,,,,,,,,,,,,,,,,,,,,,,,,,,,,,,,,,,,,,,,,,,,,,,,,,
ACSSF,2019e1,nc,000,0019,0000164,,,,,,,,,,,,,,,,,,,,,,,,,,,,,,,,,,,,,,,,,,,,,,,,,,,,,,,,,,,,,,,,,,,,,,,,,,,,,,,,,,,,,,,,,,,,,,,,,56.4,58.6,33.6,34.7,49.1,74.5,,,,,,,141363,68701,72662,121498,59846,61652,6211,2732,3479,7085,3981,3104,6328,1977,4351,241,165,76,,,,,,,,,,,,,,,,,,,121098,105163,5015,4674,6081,165,,,,,,,,,,,,,,,,,,,,,,,,,,,,,,,,,,,,,,,,,,,,,,,,,,,,,,,,,,,,,,,,,,,,,,,,,,,,,,,,,,,,,,,,,,
ACSSF,2019e1,nc,000,0019,0000165,,,,,,,,,,,,,,,,,,,,,,,,,,,,,,,,,,,,,,,,,,,,,,,,,,,,,,,,,,,,,,,,,,,,,,,,,,,,,,,,,,,,,,,,,,,,,,,,,42.0,43.5,32.0,31.2,22.1,43.8,,,,,,,103165,51078,52087,92430,46139,46291,5577,2020,3557,3210,2020,1190,1621,653,968,327,246,81,,,,,,,,,,,,,,,,,,,57312,51702,3307,767,1474,62,32027,29437,873,1687,30,0,,,,,,,,,,,,,,,,,,,,,,,,,,,,,,,,,,,,,,,,,,,,,,,,,,,,,,,,,,,,,,,,,,,,,,,,,,,,,,,,,,,,
ACSSF,2019e1,nc,000,0019,0000166,,,,,,,,,,,,,,,,,,,,,,,,,,,,,,,,,,,,,,,,,,,,,,,,,,,,,,,,,,,,,,,,,,,,,,,,,,,,,,,,,,,,,,,,,,,,,,,,,32.3,36.2,24.1,28.6,26.9,28.9,,,,,,,108106,50061,58045,83892,39219,44673,15660,7030,8630,2742,1083,1659,4768,2111,2657,1044,618,426,,,,,,,,,,,,,,,,,,,44928,35032,4666,1493,3183,554,46469,35022,8889,959,1207,392,,,,,,,,,,,,,,,,,,,,,,,,,,,,,,,,,,,,,,,,,,,,,,,,,,,,,,,,,,,,,,,,,,,,,,,,,,,,,,,,,,,,
ACSSF,2019e1,nc,000,0019,0000167,,,,,,,,,,,,,,,,,,,,,,,,,,,,,,,,,,,,,,,,,,,,,,,,,,,,,,,,,,,,,,,,,,,,,,,,,,,,,,,,,,,,,,,,,,,,,,,,,29.1,34.4,24.4,21.5,22.9,24.1,,,,,,,113578,59850,53728,89280,45691,43589,9496,4336,5160,2597,872,1725,10569,7953,2616,1636,998,638,,,,,,,,,,,,,,,,,,,67376,52295,4369,1563,7733,1416,32347,26793,2858,810,1679,207,,,,,,,,,,,,,,,,,,,4020,2895,661,0,451,13,,,,,,,,,,,,,,,,,,,,,,,,,,,,,,,,,,,,,,,,,,,,,,,,,,,,,,,,,,,,
ACSSF,2019e1,nc,000,0019,0000168,,,,,,,,,,,,,,,,,,,,,,,,,,,,,,,,,,,,,,,,,,,,,,,,,,,,,,,,,,,,,,,,,,,,,,,,,,,,,,,,,,,,,,,,,,,,,,,,,34.6,37.6,26.7,26.8,25.5,26.7,,,,,,,108670,53150,55520,85004,40580,44424,11921,6298,5623,3701,2236,1465,7630,3848,3782,414,188,226,,,,,,,,,,,,,,,,,,,50198,38994,5366,746,4872,220,42823,32698,5489,2425,2087,124,,,,,,,,,,,,,,,,,,,,,,,,,,,,,,,,,,,,,,,,,,,,,,,,,,,,,,,,,,,,,,,,,,,,,,,,,,,,,,,,,,,,
ACSSF,2019e1,nc,000,0019,0000169,,,,,,,,,,,,,,,,,,,,,,,,,,,,,,,,,,,,,,,,,,,,,,,,,,,,,,,,,,,,,,,,,,,,,,,,,,,,,,,,,,,,,,,,,,,,,,,,,38.1,38.9,33.1,19.9,31.2,.,,,,,,,113519,54855,58664,105864,51072,54792,4615,2180,2435,2150,1199,951,708,404,304,182,0,182,,,,,,,,,,,,,,,,,,,29035,26754,1045,805,285,146,26335,23897,1288,954,196,0,47859,45979,1629,251,0,0,,,,,,,,,,,,,,,,,,,,,,,,,,,,,,,,,,,,,,,,,,,,,,,,,,,,,,,,,,,,,,,,,,,,,,,,,,,,,,
ACSSF,2019e1,nc,000,0019,0000170,,,,,,,,,,,,,,,,,,,,,,,,,,,,,,,,,,,,,,,,,,,,,,,,,,,,,,,,,,,,,,,,,,,,,,,,,,,,,,,,,,,,,,,,,,,,,,,,,37.6,40.9,24.4,28.4,24.1,17.0,,,,,,,133356,65685,67671,110047,53188,56859,11657,6012,5645,7887,4921,2966,3677,1541,2136,88,23,65,,,,,,,,,,,,,,,,,,,65271,54822,5580,2876,1950,43,46613,36531,4234,4588,1260,0,9318,7589,1262,251,216,0,,,,,,,,,,,,,,,,,,,,,,,,,,,,,,,,,,,,,,,,,,,,,,,,,,,,,,,,,,,,,,,,,,,,,,,,,,,,,,
ACSSF,2019e1,nc,000,0019,0000171,,,,,,,,,,,,,,,,,,,,,,,,,,,,,,,,,,,,,,,,,,,,,,,,,,,,,,,,,,,,,,,,,,,,,,,,,,,,,,,,,,,,,,,,,,,,,,,,,38.5,40.1,25.7,41.2,39.6,.,,,,,,,113024,56036,56988,96268,47177,49091,9314,4801,4513,4926,2826,2100,2475,1191,1284,41,41,0,,,,,,,,,,,,,,,,,,,74084,66072,4342,2329,1300,41,29845,22494,4821,2381,149,0,,,,,,,,,,,,,,,,,,,,,,,,,,,,,,,,,,,,,,,,,,,,,,,,,,,,,,,,,,,,,,,,,,,,,,,,,,,,,,,,,,,,
ACSSF,2019e1,nc,000,0019,0000172,,,,,,,,,,,,,,,,,,,,,,,,,,,,,,,,,,,,,,,,,,,,,,,,,,,,,,,,,,,,,,,,,,,,,,,,,,,,,,,,,,,,,,,,,,,,,,,,,40.0,40.7,33.9,37.2,39.0,76.2,,,,,,,149384,72945,76439,126641,61817,64824,6873,2925,3948,9624,4888,4736,6002,3315,2687,244,0,244,,,,,,,,,,,,,,,,,,,125336,107504,5543,6391,5700,198,,,,,,,,,,,,,,,,,,,,,,,,,,,,,,,,,,,,,,,,,,,,,,,,,,,,,,,,,,,,,,,,,,,,,,,,,,,,,,,,,,,,,,,,,,
ACSSF,2019e1,nc,000,0019,0000173,,,,,,,,,,,,,,,,,,,,,,,,,,,,,,,,,,,,,,,,,,,,,,,,,,,,,,,,,,,,,,,,,,,,,,,,,,,,,,,,,,,,,,,,,,,,,,,,,34.3,37.9,25.2,26.6,26.1,28.8,,,,,,,306566,145226,161340,245226,116077,129149,35241,16572,18669,8780,3931,4849,15845,7840,8005,1474,806,668,,,,,,,,,,,,,,,,,,,144529,116438,13109,3542,10650,790,119051,93393,17056,4194,3892,516,,,,,,,,,,,,,,,,,,,9852,8469,764,262,357,0,,,,,,,,,,,,,,,,,,,,,,,,,,,,,,,,,,,,,,,,,,,,,,,,,,,,,,,,,,,,
ACSSF,2019e1,nc,000,0019,0000174,,,,,,,,,,,,,,,,,,,,,,,,,,,,,,,,,,,,,,,,,,,,,,,,,,,,,,,,,,,,,,,,,,,,,,,,,,,,,,,,,,,,,,,,,,,,,,,,,33.7,38.8,28.1,20.7,31.9,22.3,,,,,,,179298,82581,96717,138397,64072,74325,16426,7469,8957,18178,8864,9314,5104,1818,3286,1193,358,835,,,,,,,,,,,,,,,,,,,99451,77596,9705,9408,2665,77,60933,47121,5248,6855,1115,594,,,,,,,,,,,,,,,,,,,,,,,,,,,,,,,,,,,,,,,,,,,,,,,,,,,,,,,,,,,,,,,,,,,,,,,,,,,,,,,,,,,,
ACSSF,2019e1,nc,000,0019,0000175,,,,,,,,,,,,,,,,,,,,,,,,,,,,,,,,,,,,,,,,,,,,,,,,,,,,,,,,,,,,,,,,,,,,,,,,,,,,,,,,,,,,,,,,,,,,,,,,,38.9,41.8,28.1,25.5,26.9,36.7,,,,,,,166988,78394,88594,143513,67141,76372,9519,4103,5416,9899,5464,4435,3692,1534,2158,365,152,213,,,,,,,,,,,,,,,,,,,116592,98330,6999,7449,3662,152,33443,29634,2489,1195,30,95,,,,,,,,,,,,,,,,,,,,,,,,,,,,,,,,,,,,,,,,,,,,,,,,,,,,,,,,,,,,,,,,,,,,,,,,,,,,,,,,,,,,
ACSSF,2019e1,nc,000,0019,0000176,,,,,,,,,,,,,,,,,,,,,,,,,,,,,,,,,,,,,,,,,,,,,,,,,,,,,,,,,,,,,,,,,,,,,,,,,,,,,,,,,,,,,,,,,,,,,,,,,56.4,58.6,33.6,34.7,49.1,74.5,,,,,,,141363,68701,72662,121498,59846,61652,6211,2732,3479,7085,3981,3104,6328,1977,4351,241,165,76,,,,,,,,,,,,,,,,,,,121098,105163,5015,4674,6081,165,,,,,,,,,,,,,,,,,,,,,,,,,,,,,,,,,,,,,,,,,,,,,,,,,,,,,,,,,,,,,,,,,,,,,,,,,,,,,,,,,,,,,,,,,,
ACSSF,2019e1,nc,000,0019,0000177,,,,,,,,,,,,,,,,,,,,,,,,,,,,,,,,,,,,,,,,,,,,,,,,,,,,,,,,,,,,,,,,,,,,,,,,,,,,,,,,,,,,,,,,,,,,,,,,,43.9,45.4,36.7,39.6,32.2,54.1,,,,,,,214559,102658,111901,192033,91579,100454,10549,5353,5196,5795,2784,3011,4865,2395,2470,1317,547,770,,,,,,,,,,,,,,,,,,,193125,173243,8764,5355,4742,1021,,,,,,,,,,,,,,,,,,,,,,,,,,,,,,,,,,,,,,,,,,,,,,,,,,,,,,,,,,,,,,,,,,,,,,,,,,,,,,,,,,,,,,,,,,
ACSSF,2019e1,nc,000,0019,0000178,,,,,,,,,,,,,,,,,,,,,,,,,,,,,,,,,,,,,,,,,,,,,,,,,,,,,,,,,,,,,,,,,,,,,,,,,,,,,,,,,,,,,,,,,,,,,,,,,46.5,48.1,35.6,34.3,36.7,59.3,,,,,,,89708,44531,45177,78231,38667,39564,6517,3303,3214,2760,1471,1289,1950,840,1110,250,250,0,,,,,,,,,,,,,,,,,,,73877,66275,3713,2182,1557,150,,,,,,,,,,,,,,,,,,,,,,,,,,,,,,,,,,,,,,,,,,,,,,,,,,,,,,,,,,,,,,,,,,,,,,,,,,,,,,,,,,,,,,,,,,
ACSSF,2019e1,nc,000,0019,0000179,,,,,,,,,,,,,,,,,,,,,,,,,,,,,,,,,,,,,,,,,,,,,,,,,,,,,,,,,,,,,,,,,,,,,,,,,,,,,,,,,,,,,,,,,,,,,,,,,37.9,39.0,28.4,30.3,32.4,.,,,,,,,188227,92321,95906,164578,82986,81592,11610,4729,6881,8576,3206,5370,3463,1400,2063,0,0,0,,,,,,,,,,,,,,,,,,,130585,114599,7640,5592,2754,0,31290,27122,1765,2010,393,0,,,,,,,,,,,,,,,,,,,,,,,,,,,,,,,,,,,,,,,,,,,,,,,,,,,,,,,,,,,,,,,,,,,,,,,,,,,,,,,,,,,,
ACSSF,2019e1,nc,000,0019,0000180,,,,,,,,,,,,,,,,,,,,,,,,,,,,,,,,,,,,,,,,,,,,,,,,,,,,,,,,,,,,,,,,,,,,,,,,,,,,,,,,,,,,,,,,,,,,,,,,,45.6,47.4,31.4,25.9,24.5,.,,,,,,,81953,39125,42828,72393,35078,37315,4037,1475,2562,4222,1865,2357,1301,707,594,0,0,0,,,,,,,,,,,,,,,,,,,72526,64550,3492,3292,1192,0,,,,,,,,,,,,,,,,,,,,,,,,,,,,,,,,,,,,,,,,,,,,,,,,,,,,,,,,,,,,,,,,,,,,,,,,,,,,,,,,,,,,,,,,,,
ACSSF,2019e1,nc,000,0019,0000181,,,,,,,,,,,,,,,,,,,,,,,,,,,,,,,,,,,,,,,,,,,,,,,,,,,,,,,,,,,,,,,,,,,,,,,,,,,,,,,,,,,,,,,,,,,,,,,,,50.1,50.8,46.3,39.7,48.6,.,,,,,,,68943,32906,36037,57587,28074,29513,5307,2614,2693,3227,1073,2154,2822,1145,1677,0,0,0,,,,,,,,,,,,,,,,,,,62151,52801,4657,2330,2363,0,,,,,,,,,,,,,,,,,,,,,,,,,,,,,,,,,,,,,,,,,,,,,,,,,,,,,,,,,,,,,,,,,,,,,,,,,,,,,,,,,,,,,,,,,,
ACSSF,2019e1,nc,000,0019,0000182,,,,,,,,,,,,,,,,,,,,,,,,,,,,,,,,,,,,,,,,,,,,,,,,,,,,,,,,,,,,,,,,,,,,,,,,,,,,,,,,,,,,,,,,,,,,,,,,,41.9,42.9,32.0,38.2,49.4,32.1,,,,,,,108325,52515,55810,97207,46701,50506,6343,3345,2998,3671,1900,1771,851,504,347,253,65,188,,,,,,,,,,,,,,,,,,,87725,78626,5192,2803,851,253,,,,,,,,,,,,,,,,,,,,,,,,,,,,,,,,,,,,,,,,,,,,,,,,,,,,,,,,,,,,,,,,,,,,,,,,,,,,,,,,,,,,,,,,,,
ACSSF,2019e1,nc,000,0019,0000183,,,,,,,,,,,,,,,,,,,,,,,,,,,,,,,,,,,,,,,,,,,,,,,,,,,,,,,,,,,,,,,,,,,,,,,,,,,,,,,,,,,,,,,,,,,,,,,,,29.1,40.5,21.8,20.0,28.0,22.9,,,,,,,90448,42046,48402,62348,30523,31825,9757,3083,6674,11494,5162,6332,3924,1592,2332,2925,1686,1239,,,,,,,,,,,,,,,,,,,68242,47715,7745,8200,3210,1372,8454,5603,1423,1189,207,32,,,,,,,10501,7161,245,1252,332,1511,,,,,,,,,,,,,,,,,,,,,,,,,,,,,,,,,,,,,,,,,,,,,,,,,,,,,,,,,,,,,,,,,,,,,,,,
ACSSF,2019e1,nc,000,0019,0000184,,,,,,,,,,,,,,,,,,,,,,,,,,,,,,,,,,,,,,,,,,,,,,,,,,,,,,,,,,,,,,,,,,,,,,,,,,,,,,,,,,,,,,,,,,,,,,,,,47.0,47.7,40.4,35.7,66.0,11.0,,,,,,,73865,34648,39217,67963,31886,36077,1752,828,924,2949,1182,1767,877,633,244,324,119,205,,,,,,,,,,,,,,,,,,,57288,52046,1532,2940,565,205,,,,,,,,,,,,,,,,,,,,,,,,,,,,,,,,,,,,,,,,,,,,,,,,,,,,,,,,,,,,,,,,,,,,,,,,,,,,,,,,,,,,,,,,,,
ACSSF,2019e1,nc,000,0019,0000185,,,,,,,,,,,,,,,,,,,,,,,,,,,,,,,,,,,,,,,,,,,,,,,,,,,,,,,,,,,,,,,,,,,,,,,,,,,,,,,,,,,,,,,,,,,,,,,,,41.1,43.6,33.7,23.0,22.7,.,,,,,,,96967,46246,50721,86812,41209,45603,4351,1987,2364,3359,2107,1252,2437,943,1494,8,0,8,,,,,,,,,,,,,,,,,,,72634,65396,3161,2323,1746,8,20030,18055,939,1036,0,0,,,,,,,,,,,,,,,,,,,,,,,,,,,,,,,,,,,,,,,,,,,,,,,,,,,,,,,,,,,,,,,,,,,,,,,,,,,,,,,,,,,,
ACSSF,2019e1,nc,000,0019,0000186,,,,,,,,,,,,,,,,,,,,,,,,,,,,,,,,,,,,,,,,,,,,,,,,,,,,,,,,,,,,,,,,,,,,,,,,,,,,,,,,,,,,,,,,,,,,,,,,,43.8,45.2,25.6,33.3,46.0,.,,,,,,,131677,64844,66833,121377,59693,61684,6076,2917,3159,2469,1276,1193,1606,907,699,149,51,98,,,,,,,,,,,,,,,,,,,122327,113844,4451,2283,1600,149,,,,,,,,,,,,,,,,,,,,,,,,,,,,,,,,,,,,,,,,,,,,,,,,,,,,,,,,,,,,,,,,,,,,,,,,,,,,,,,,,,,,,,,,,,
ACSSF,2019e1,nc,000,0019,0000187,,,,,,,,,,,,,,,,,,,,,,,,,,,,,,,,,,,,,,,,,,,,,,,,,,,,,,,,,,,,,,,,,,,,,,,,,,,,,,,,,,,,,,,,,,,,,,,,,35.9,38.3,28.2,31.0,28.2,21.7,,,,,,,318387,152829,165558,259831,124114,135717,29598,13113,16485,10256,4725,5531,14330,8659,5671,4372,2218,2154,,,,,,,,,,,,,,,,,,,169563,139904,12335,4780,9064,3480,113742,91069,14706,4526,3265,176,,,,,,,14068,11473,949,512,788,346,,,,,,,,,,,,,,,,,,,,,,,,,,,,,,,,,,,,,,,,,,,,,,,,,,,,,,,,,,,,,,,,,,,,,,,,
ACSSF,2019e1,nc,000,0019,0000188,,,,,,,,,,,,,,,,,,,,,,,,,,,,,,,,,,,,,,,,,,,,,,,,,,,,,,,,,,,,,,,,,,,,,,,,,,,,,,,,,,,,,,,,,,,,,,,,,38.8,40.8,28.2,35.3,29.9,36.7,,,,,,,378246,179372,198874,325180,154485,170695,29699,13317,16382,11732,5890,5842,10040,4917,5123,1595,763,832,,,,,,,,,,,,,,,,,,,249833,218724,15214,8347,6981,567,99817,82272,13209,1944,2392,0,,,,,,,8824,6886,558,320,364,696,,,,,,,,,,,,,,,,,,,,,,,,,,,,,,,,,,,,,,,,,,,,,,,,,,,,,,,,,,,,,,,,,,,,,,,,
ACSSF,2019e1,nc,000,0019,0000189,,,,,,,,,,,,,,,,,,,,,,,,,,,,,,,,,,,,,,,,,,,,,,,,,,,,,,,,,,,,,,,,,,,,,,,,,,,,,,,,,,,,,,,,,,,,,,,,,40.8,43.3,29.8,30.1,43.3,.,,,,,,,69651,34603,35048,59668,29105,30563,2963,1311,1652,5873,3316,2557,1111,835,276,36,36,0,,,,,,,,,,,,,,,,,,,47576,40447,2558,4029,542,0,,,,,,,,,,,,,,,,,,,,,,,,,,,,,,,,,,,,,,,,,,,,,,,,,,,,,,,,,,,,,,,,,,,,,,,,,,,,,,,,,,,,,,,,,,
ACSSF,2019e1,nc,000,0019,0000190,,,,,,,,,,,,,,,,,,,,,,,,,,,,,,,,,,,,,,,,,,,,,,,,,,,,,,,,,,,,,,,,,,,,,,,,,,,,,,,,,,,,,,,,,,,,,,,,,40.3,42.7,29.8,28.9,26.1,.,,,,,,,222286,107623,114663,191730,92754,98976,16648,7920,8728,9164,4493,4671,4699,2411,2288,45,45,0,,,,,,,,,,,,,,,,,,,169635,148838,11578,5348,3826,45,38533,31214,3012,3512,795,0,,,,,,,,,,,,,,,,,,,,,,,,,,,,,,,,,,,,,,,,,,,,,,,,,,,,,,,,,,,,,,,,,,,,,,,,,,,,,,,,,,,,
ACSSF,2019e1,nc,000,0019,0000191,,,,,,,,,,,,,,,,,,,,,,,,,,,,,,,,,,,,,,,,,,,,,,,,,,,,,,,,,,,,,,,,,,,,,,,,,,,,,,,,,,,,,,,,,,,,,,,,,38.1,40.8,28.9,23.3,26.6,24.9,,,,,,,531126,249896,281230,445152,210286,234866,49305,22467,26838,18053,7243,10810,14922,7994,6928,3694,1906,1788,,,,,,,,,,,,,,,,,,,285156,244663,21939,9055,8263,1236,182644,148003,21870,7054,4476,1241,,,,,,,26569,24042,967,137,882,541,,,,,,,,,,,,,,,,,,,,,,,,,,,,,,,,,,,,,,,,,,,,,,,,,,,,,,,,,,,,,,,,,,,,,,,,
ACSSF,2019e1,nc,000,0019,0000192,,,,,,,,,,,,,,,,,,,,,,,,,,,,,,,,,,,,,,,,,,,,,,,,,,,,,,,,,,,,,,,,,,,,,,,,,,,,,,,,,,,,,,,,,,,,,,,,,35.3,37.2,25.8,27.5,20.5,25.6,,,,,,,133947,65451,68496,115549,56774,58775,5230,2411,2819,8614,4624,3990,3981,1412,2569,573,230,343,,,,,,,,,,,,,,,,,,,89886,77211,2970,6663,2770,272,29556,25768,1695,1720,165,208,,,,,,,,,,,,,,,,,,,,,,,,,,,,,,,,,,,,,,,,,,,,,,,,,,,,,,,,,,,,,,,,,,,,,,,,,,,,,,,,,,,,
ACSSF,2019e1,nc,000,0019,0000193,,,,,,,,,,,,,,,,,,,,,,,,,,,,,,,,,,,,,,,,,,,,,,,,,,,,,,,,,,,,,,,,,,,,,,,,,,,,,,,,,,,,,,,,,,,,,,,,,47.8,50.0,35.9,32.8,52.7,.,,,,,,,116366,55865,60501,102534,49774,52760,4050,1985,2065,6906,2873,4033,2785,1210,1575,91,23,68,,,,,,,,,,,,,,,,,,,106052,93344,4001,6176,2508,23,,,,,,,,,,,,,,,,,,,,,,,,,,,,,,,,,,,,,,,,,,,,,,,,,,,,,,,,,,,,,,,,,,,,,,,,,,,,,,,,,,,,,,,,,,
ACSSF,2019e1,nc,000,0019,0000194,,,,,,,,,,,,,,,,,,,,,,,,,,,,,,,,,,,,,,,,,,,,,,,,,,,,,,,,,,,,,,,,,,,,,,,,,,,,,,,,,,,,,,,,,,,,,,,,,42.1,44.4,27.6,32.0,38.8,31.9,,,,,,,150957,75864,75093,131392,64976,66416,9255,5676,3579,6235,3387,2848,3561,1564,1997,514,261,253,,,,,,,,,,,,,,,,,,,119087,102330,8281,5535,2781,160,18133,17077,592,464,0,0,,,,,,,,,,,,,,,,,,,,,,,,,,,,,,,,,,,,,,,,,,,,,,,,,,,,,,,,,,,,,,,,,,,,,,,,,,,,,,,,,,,,
ACSSF,2019e1,nc,000,0019,0000195,,,,,,,,,,,,,,,,,,,,,,,,,,,,,,,,,,,,,,,,,,,,,,,,,,,,,,,,,,,,,,,,,,,,,,,,,,,,,,,,,,,,,,,,,,,,,,,,,39.2,40.7,32.7,27.7,29.1,30.7,,,,,,,206712,101341,105371,184697,90226,94471,7687,3009,4678,8803,4919,3884,4862,2783,2079,663,404,259,,,,,,,,,,,,,,,,,,,156491,141690,4788,4900,4518,595,,,,,,,,,,,,,,,,,,,,,,,,,,,,,,,,,,,,,,,,,,,,,,,,,,,,,,,,,,,,,,,,,,,,,,,,,,,,,,,,,,,,,,,,,,
ACSSF,2019e1,nc,000,0019,0000196,,,,,,,,,,,,,,,,,,,,,,,,,,,,,,,,,,,,,,,,,,,,,,,,,,,,,,,,,,,,,,,,,,,,,,,,,,,,,,,,,,,,,,,,,,,,,,,,,44.7,45.2,36.9,32.6,46.4,.,,,,,,,84846,42138,42708,77319,38399,38920,3223,1379,1844,3177,1492,1685,980,802,178,147,66,81,,,,,,,,,,,,,,,,,,,77218,70439,2843,2818,971,147,,,,,,,,,,,,,,,,,,,,,,,,,,,,,,,,,,,,,,,,,,,,,,,,,,,,,,,,,,,,,,,,,,,,,,,,,,,,,,,,,,,,,,,,,,
ACSSF,2019e1,nc,000,0019,0000197,,,,,,,,,,,,,,,,,,,,,,,,,,,,,,,,,,,,,,,,,,,,,,,,,,,,,,,,,,,,,,,,,,,,,,,,,,,,,,,,,,,,,,,,,,,,,,,,,35.8,38.0,30.2,25.9,29.2,28.8,,,,,,,1094865,525428,569437,919358,438185,481173,95218,48335,46883,23868,10947,12921,44352,22008,22344,12069,5953,6116,,,,,,,,,,,,,,,,,,,572430,478734,47850,12877,27994,4975,348003,297015,31249,7819,9968,1952,,,,,,,63259,52328,5193,452,3685,1601,,,,,,,73129,62489,7456,124,1015,2045,,,,,,,,,,,,,,,,,,,,,,,,,,,,,,,,,,,,,,,,,,,,,,,,,,,,,,,,,,,,
ACSSF,2019e1,nc,000,0019,0000198,,,,,,,,,,,,,,,,,,,,,,,,,,,,,,,,,,,,,,,,,,,,,,,,,,,,,,,,,,,,,,,,,,,,,,,,,,,,,,,,,,,,,,,,,,,,,,,,,44.3,47.6,26.0,59.6,33.4,32.7,,,,,,,99412,48533,50879,83806,39800,44006,7955,4305,3650,2963,1509,1454,4206,2590,1616,482,329,153,,,,,,,,,,,,,,,,,,,80745,67341,6577,2216,4129,482,11723,10121,880,645,77,0,,,,,,,,,,,,,,,,,,,,,,,,,,,,,,,,,,,,,,,,,,,,,,,,,,,,,,,,,,,,,,,,,,,,,,,,,,,,,,,,,,,,
ACSSF,2019e1,nc,000,0019,0000199,,,,,,,,,,,,,,,,,,,,,,,,,,,,,,,,,,,,,,,,,,,,,,,,,,,,,,,,,,,,,,,,,,,,,,,,,,,,,,,,,,,,,,,,,,,,,,,,,41.6,43.8,29.4,28.5,19.2,.,,,,,,,99913,49193,50720,85604,41616,43988,6140,3409,2731,6285,2873,3412,1644,1152,492,240,143,97,,,,,,,,,,,,,,,,,,,47223,42600,2203,1985,292,143,43851,36785,2972,3726,271,97,,,,,,,,,,,,,,,,,,,,,,,,,,,,,,,,,,,,,,,,,,,,,,,,,,,,,,,,,,,,,,,,,,,,,,,,,,,,,,,,,,,,
ACSSF,2019e1,nc,000,0019,0000200,,,,,,,,,,,,,,,,,,,,,,,,,,,,,,,,,,,,,,,,,,,,,,,,,,,,,,,,,,,,,,,,,,,,,,,,,,,,,,,,,,,,,,,,,,,,,,,,,38.0,40.8,24.0,33.7,21.8,23.0,,,,,,,100927,49607,51320,86049,41154,44895,7316,3810,3506,2210,1198,1012,4336,2509,1827,1016,936,80,,,,,,,,,,,,,,,,,,,72178,61318,4908,1565,3806,581,22214,19226,1898,526,512,52,,,,,,,,,,,,,,,,,,,,,,,,,,,,,,,,,,,,,,,,,,,,,,,,,,,,,,,,,,,,,,,,,,,,,,,,,,,,,,,,,,,,
ACSSF,2019e1,nc,000,0019,0000201,,,,,,,,,,,,,,,,,,,,,,,,,,,,,,,,,,,,,,,,,,,,,,,,,,,,,,,,,,,,,,,,,,,,,,,,,,,,,,,,,,,,,,,,,,,,,,,,,40.4,43.1,28.3,22.3,40.3,24.0,,,,,,,231815,108476,123339,189125,89062,100063,20938,9754,11184,13881,6371,7510,7679,3192,4487,192,97,95,,,,,,,,,,,,,,,,,,,187635,154578,16700,9439,6821,97,29153,25140,2094,1884,35,0,,,,,,,,,,,,,,,,,,,4635,2671,444,1213,273,34,,,,,,,,,,,,,,,,,,,,,,,,,,,,,,,,,,,,,,,,,,,,,,,,,,,,,,,,,,,,
ACSSF,2019e1,nc,000,0019,0000202,,,,,,,,,,,,,,,,,,,,,,,,,,,,,,,,,,,,,,,,,,,,,,,,,,,,,,,,,,,,,,,,,,,,,,,,,,,,,,,,,,,,,,,,,,,,,,,,,31.3,34.6,25.2,28.4,23.5,26.5,,,,,,,163644,84910,78734,131134,66829,64305,19494,10106,9388,3195,2028,1167,9278,5554,3724,543,393,150,,,,,,,,,,,,,,,,,,,122871,96898,16151,2147,7132,543,25663,22274,1794,796,799,0,,,,,,,,,,,,,,,,,,,,,,,,,,,,,,,,,,,,,,,,,,,,,,,,,,,,,,,,,,,,,,,,,,,,,,,,,,,,,,,,,,,,
ACSSF,2019e1,nc,000,0019,0000203,,,,,,,,,,,,,,,,,,,,,,,,,,,,,,,,,,,,,,,,,,,,,,,,,,,,,,,,,,,,,,,,,,,,,,,,,,,,,,,,,,,,,,,,,,,,,,,,,42.6,45.3,24.5,28.4,49.0,.,,,,,,,112385,56705,55680,96595,49352,47243,10037,5013,5024,4913,1755,3158,765,510,255,75,75,0,,,,,,,,,,,,,,,,,,,98924,86331,7996,4045,477,75,,,,,,,,,,,,,,,,,,,,,,,,,,,,,,,,,,,,,,,,,,,,,,,,,,,,,,,,,,,,,,,,,,,,,,,,,,,,,,,,,,,,,,,,,,
ACSSF,2019e1,nc,000,0019,0000204,,,,,,,,,,,,,,,,,,,,,,,,,,,,,,,,,,,,,,,,,,,,,,,,,,,,,,,,,,,,,,,,,,,,,,,,,,,,,,,,,,,,,,,,,,,,,,,,,37.4,38.0,36.1,19.6,31.1,29.0,,,,,,,129312,62672,66640,119980,58126,61854,5498,2454,3044,2833,1577,1256,722,418,304,279,97,182,,,,,,,,,,,,,,,,,,,35102,32587,1275,809,285,146,30200,26998,1473,1519,210,0,51946,49387,2097,365,0,97,,,,,,,,,,,,,,,,,,,,,,,,,,,,,,,,,,,,,,,,,,,,,,,,,,,,,,,,,,,,,,,,,,,,,,,,,,,,,,
ACSSF,2019e1,nc,000,0019,0000205,,,,,,,,,,,,,,,,,,,,,,,,,,,,,,,,,,,,,,,,,,,,,,,,,,,,,,,,,,,,,,,,,,,,,,,,,,,,,,,,,,,,,,,,,,,,,,,,,45.5,47.7,29.8,29.0,17.0,13.3,,,,,,,90387,43717,46670,76440,36381,40059,8398,3678,4720,3446,2420,1026,1934,1129,805,169,109,60,,,,,,,,,,,,,,,,,,,67356,57988,5488,3015,696,169,,,,,,,,,,,,,,,,,,,,,,,,,,,,,,,,,,,,,,,,,,,,,,,,,,,,,,,,,,,,,,,,,,,,,,,,,,,,,,,,,,,,,,,,,,
ACSSF,2019e1,nc,000,0019,0000206,,,,,,,,,,,,,,,,,,,,,,,,,,,,,,,,,,,,,,,,,,,,,,,,,,,,,,,,,,,,,,,,,,,,,,,,,,,,,,,,,,,,,,,,,,,,,,,,,42.1,44.6,33.9,26.5,32.5,51.5,,,,,,,131218,62872,68346,114480,55569,58911,7283,3527,3756,7027,2507,4520,1861,838,1023,567,431,136,,,,,,,,,,,,,,,,,,,102113,90401,5900,3953,1352,507,20794,16876,837,2709,312,60,,,,,,,,,,,,,,,,,,,,,,,,,,,,,,,,,,,,,,,,,,,,,,,,,,,,,,,,,,,,,,,,,,,,,,,,,,,,,,,,,,,,
ACSSF,2019e1,nc,000,0019,0000207,,,,,,,,,,,,,,,,,,,,,,,,,,,,,,,,,,,,,,,,,,,,,,,,,,,,,,,,,,,,,,,,,,,,,,,,,,,,,,,,,,,,,,,,,,,,,,,,,47.1,49.5,27.2,30.4,28.9,15.4,,,,,,,65981,31073,34908,56802,26416,30386,5262,2672,2590,1710,982,728,2023,1003,1020,184,0,184,,,,,,,,,,,,,,,,,,,57459,49999,4483,941,1852,184,,,,,,,,,,,,,,,,,,,,,,,,,,,,,,,,,,,,,,,,,,,,,,,,,,,,,,,,,,,,,,,,,,,,,,,,,,,,,,,,,,,,,,,,,,
ACSSF,2019e1,nc,000,0019,0000208,,,,,,,,,,,,,,,,,,,,,,,,,,,,,,,,,,,,,,,,,,,,,,,,,,,,,,,,,,,,,,,,,,,,,,,,,,,,,,,,,,,,,,,,,,,,,,,,,39.0,40.2,25.8,37.2,38.7,76.0,,,,,,,238214,116957,121257,202181,98750,103431,15272,7206,8066,13117,7053,6064,7359,3907,3452,285,41,244,,,,,,,,,,,,,,,,,,,188910,164816,9274,7836,6745,239,28020,19090,4609,4126,149,46,,,,,,,,,,,,,,,,,,,,,,,,,,,,,,,,,,,,,,,,,,,,,,,,,,,,,,,,,,,,,,,,,,,,,,,,,,,,,,,,,,,,
ACSSF,2019e1,nc,000,0019,0000209,,,,,,,,,,,,,,,,,,,,,,,,,,,,,,,,,,,,,,,,,,,,,,,,,,,,,,,,,,,,,,,,,,,,,,,,,,,,,,,,,,,,,,,,,,,,,,,,,37.1,39.8,28.6,24.4,32.3,24.0,,,,,,,1099934,535236,564698,901191,440954,460237,112662,54294,58368,36363,17248,19115,41987,19268,22719,7731,3472,4259,,,,,,,,,,,,,,,,,,,712848,599996,63090,21241,25962,2559,227132,174155,33642,10920,7961,454,,,,,,,83224,62143,9758,823,6667,3833,,,,,,,44670,40507,2599,795,290,479,,,,,,,,,,,,,,,,,,,,,,,,,,,,,,,,,,,,,,,,,,,,,,,,,,,,,,,,,,,,
ACSSF,2019e1,nc,000,0019,0000210,,,,,,,,,,,,,,,,,,,,,,,,,,,,,,,,,,,,,,,,,,,,,,,,,,,,,,,,,,,,,,,,,,,,,,,,,,,,,,,,,,,,,,,,,,,,,,,,,39.1,42.1,29.6,29.9,19.9,36.1,,,,,,,121507,58175,63332,103059,50190,52869,9473,3926,5547,4707,2001,2706,3795,1848,1947,473,210,263,,,,,,,,,,,,,,,,,,,77241,65088,5350,3628,2767,408,38551,33612,2952,996,926,65,,,,,,,,,,,,,,,,,,,,,,,,,,,,,,,,,,,,,,,,,,,,,,,,,,,,,,,,,,,,,,,,,,,,,,,,,,,,,,,,,,,,
ACSSF,2019e1,nc,000,0019,0000211,,,,,,,,,,,,,,,,,,,,,,,,,,,,,,,,,,,,,,,,,,,,,,,,,,,,,,,,,,,,,,,,,,,,,,,,,,,,,,,,,,,,,,,,,,,,,,,,,45.7,45.9,35.9,56.2,43.4,76.4,,,,,,,67583,33296,34287,63846,31292,32554,2272,1222,1050,780,338,442,461,359,102,224,85,139,,,,,,,,,,,,,,,,,,,61920,58855,2041,458,342,224,,,,,,,,,,,,,,,,,,,,,,,,,,,,,,,,,,,,,,,,,,,,,,,,,,,,,,,,,,,,,,,,,,,,,,,,,,,,,,,,,,,,,,,,,,
ACSSF,2019e1,nc,000,0019,0000212,,,,,,,,,,,,,,,,,,,,,,,,,,,,,,,,,,,,,,,,,,,,,,,,,,,,,,,,,,,,,,,,,,,,,,,,,,,,,,,,,,,,,,,,,,,,,,,,,40.8,43.0,37.4,25.3,18.8,40.6,,,,,,,80690,37258,43432,72089,33404,38685,4333,1834,2499,3623,1597,2026,347,158,189,298,265,33,,,,,,,,,,,,,,,,,,,40482,36394,1889,1608,329,262,31910,27558,2444,1890,18,0,,,,,,,,,,,,,,,,,,,,,,,,,,,,,,,,,,,,,,,,,,,,,,,,,,,,,,,,,,,,,,,,,,,,,,,,,,,,,,,,,,,,
