ACSSF,2019e1,nc,000,0056,0000001,2321185,1051730,314558,144872,16081,61554,9757,82294,499781,217515,31108,129184,20470,101504,237391,99593,12778,56498,23009,45513,1269455,422603,132477,59645,70047,48333,112101,608835,162264,82239,133061,91596,139675,238017,44200,31311,21353,87798,53355,2510511,117889,160892,84005,126487,193356,169578,20677,256751,491026,296602,103415,122370,92395,98904,176164,333127,97570,37521,72121,40572,85343,11995,3323,1663,2201,2060,2748,125226,77001,10792,21453,3430,12550,1500,407,86,145,112,750,21217,7654,1800,5060,2425,4278,37199,14776,4293,5937,2950,9243,1731353,578921,170029,351076,224447,406880,87258,32749,8483,19247,7521,19258
ACSSF,2019e1,nc,000,0056,0000002,1759361,803003,259458,123220,12335,49382,7667,66854,381481,167580,23053,101038,13930,75880,162064,68684,8330,38872,15082,31096,956358,336321,110664,44934,57197,33668,89858,453564,125159,55319,99818,61320,111948,166473,33133,21434,14601,57690,39615,1904874,93819,120684,66387,98990,154015,134308,16986,184206,375239,200486,83062,91036,71823,80811,133022,279938,84725,31965,60818,30574,71856,5172,1412,528,867,566,1799,110312,69219,9309,18662,2939,10183,1249,359,61,110,112,607,17984,6192,1521,4453,2017,3801,29403,12222,2849,4040,2089,8203,1268391,436143,113671,262121,146773,309683,68543,26642,6363,14440,6485,14613
ACSSF,2019e1,nc,000,0056,0000003,561824,248727,55100,21652,3746,12172,2090,15440,118300,49935,8055,28146,6540,25624,75327,30909,4448,17626,7927,14417,313097,86282,21813,14711,12850,14665,22243,155271,37105,26920,33243,30276,27727,71544,11067,9877,6752,30108,13740,605637,24070,40208,17618,27497,39341,35270,3691,72545,115787,96116,20353,31334,20572,18093,43142,53189,12845,5556,11303,9998,13487,6823,1911,1135,1334,1494,949,14914,7782,1483,2791,491,2367,,,,,,,3233,1462,279,607,408,477,7796,2554,1444,1897,861,1040,462962,142778,56358,88955,77674,97197,18715,6107,2120,4807,1036,4645
ACSSF,2019e1,nc,000,0056,0000004,2244093,1020659,308521,142480,15629,60432,9362,80618,487086,212082,30182,127117,19641,98064,225052,94861,11910,53895,20804,43582,1223434,412792,130539,58085,68944,45483,109741,587756,157846,78801,129172,87159,134778,222886,42507,29481,19708,80430,50760,2428286,115651,155340,81644,124052,187663,165850,20223,247389,478172,277732,100436,117791,89230,97616,169497,322533,95162,36559,70223,37473,83116,11609,3224,1620,2098,1974,2693,124007,76502,10376,21245,3361,12523,1465,407,86,110,112,750,20658,7294,1800,5028,2425,4111,36251,14602,4249,5930,2609,8861,1669161,562060,162733,341278,210062,393028,85358,32171,8153,18892,7417,18725
ACSSF,2019e1,nc,000,0056,0000005,2024904,923482,289005,136015,14563,55703,8817,73907,443566,195218,27494,115526,16960,88368,190911,81420,9920,46301,16988,36282,1101422,382361,122767,51648,65708,40636,101602,531282,144787,69418,118301,74302,124474,187779,37689,25232,16510,65370,42978,2192085,107716,143064,73057,112701,172523,154287,18421,219211,435297,235933,92274,104361,81323,90338,151579,297879,90020,33830,64960,31682,77387,4760,1450,447,1032,386,1445,121574,75229,9872,21087,3361,12025,1308,309,86,110,112,691,19710,7176,1389,4857,2348,3940,33951,13749,3813,5657,2367,8365,1491655,510265,142698,307580,178339,352773,79263,30184,7371,18005,6955,16748
ACSSF,2019e1,nc,000,0056,0000006,984498,447824,167894,83401,7115,31728,3687,41963,202949,91266,12258,49382,6858,43185,76981,35644,4194,16214,5603,15326,536674,211993,73539,26010,36152,16155,60137,241378,70118,26766,52056,26479,65959,83303,18334,9969,6936,27036,21028,1070600,55913,72213,38093,57482,93899,78323,10214,95846,201976,91388,56302,51365,42951,50725,73910,192114,59954,20377,40453,19897,51433,1979,245,157,604,108,865,81785,52745,7816,11897,2044,7283,,,,,,,12086,4508,1198,2908,953,2519,19296,8631,1905,2946,1068,4746,649455,235377,52529,128347,58968,174234,41058,16015,2866,8277,3799,10101
ACSSF,2019e1,nc,000,0056,0000007,1040406,475658,121111,52614,7448,23975,5130,31944,240617,103952,15236,66144,10102,45183,113930,45776,5726,30087,11385,20956,564748,170368,49228,25638,29556,24481,41465,289904,74669,42652,66245,47823,58515,104476,19355,15263,9574,38334,21950,1121485,51803,70851,34964,55219,78624,75964,8207,123365,233321,144545,35972,52996,38372,39613,77669,105765,30066,13453,24507,11785,25954,2781,1205,290,428,278,580,39789,22484,2056,9190,1317,4742,,,,,,,7624,2668,191,1949,1395,1421,14655,5118,1908,2711,1299,3619,842200,274888,90169,179233,119371,178539,38205,14169,4505,9728,3156,6647
ACSSF,2019e1,nc,000,0056,0000008,219189,97177,19516,6465,1066,4729,545,6711,43520,16864,2688,11591,2681,9696,34141,13441,1990,7594,3816,7300,122012,30431,7772,6437,3236,4847,8139,56474,13059,9383,10871,12857,10304,35107,4818,4249,3198,15060,7782,236201,7935,12276,8587,11351,15140,11563,1802,28178,42875,41799,8162,13430,7907,7278,17918,24654,5142,2729,5263,5791,5729,6849,1774,1173,1066,1588,1248,2433,1273,504,158,0,498,,,,,,,,,,,,,2300,853,436,273,242,496,177506,51795,20035,33698,31723,40255,6095,1987,782,887,462,1977
ACSSF,2019e1,nc,000,0056,0000009,64222,29713,7155,2075,75,1910,416,2679,12891,4903,762,3673,802,2751,9667,4094,500,2022,603,2448,34509,9516,3089,1871,1055,1282,2219,14937,3775,1702,3365,3012,3083,10056,1275,1444,1067,3504,2766,68421,2348,2854,2759,3514,4591,3710,862,6808,13323,10109,2658,3705,2459,2595,6126,10633,2742,855,2038,2047,2951,,,,,,,,,,,,,,,,,,,,,,,,,,,,,,,48961,15027,4646,10406,7117,11765,2567,650,336,451,346,784
ACSSF,2019e1,nc,000,0056,0000010,154967,67464,12361,4390,991,2819,129,4032,30629,11961,1926,7918,1879,6945,24474,9347,1490,5572,3213,4852,87503,20915,4683,4566,2181,3565,5920,41537,9284,7681,7506,9845,7221,25051,3543,2805,2131,11556,5016,167780,5587,9422,5828,7837,10549,7853,940,21370,29552,31690,5504,9725,5448,4683,11792,14021,2400,1874,3225,3744,2778,6552,1774,1115,1066,1479,1118,,,,,,,,,,,,,,,,,,,1739,593,371,160,242,373,128545,36768,15389,23292,24606,28490,3528,1337,446,436,116,1193
ACSSF,2019e1,nc,000,0056,0000011,77092,31071,6037,2392,452,1122,395,1676,12695,5433,926,2067,829,3440,12339,4732,868,2603,2205,1931,46021,9811,1938,1560,1103,2850,2360,21079,4418,3438,3889,4437,4897,15131,1693,1830,1645,7368,2595,82225,2238,5552,2361,2435,5693,3728,454,9362,12854,18870,2979,4579,3165,1288,6667,10594,2408,962,1898,3099,2227,,,,,,,,,,,,,,,,,,,,,,,,,,,,,,,62192,16861,7296,9798,14385,13852,1900,578,330,355,104,533
ACSSF,2019e1,nc,000,0056,0000012,296281,128248,25553,8857,1518,5851,940,8387,56215,22297,3614,13658,3510,13136,46480,18173,2858,10197,6021,9231,168033,40242,9710,7997,4339,7697,10499,77553,17477,12821,14760,17294,15201,50238,6511,6079,4843,22428,10377,318426,10173,17828,10948,13786,20833,15291,2256,37540,55729,60669,11141,18009,11072,8566,24585,35248,7550,3691,7161,8890,7956,7235,1873,1216,1169,1674,1303,3652,1772,920,366,69,525,,,,,,,1507,478,411,203,77,338,3248,1027,480,280,583,878,239698,68656,27331,43496,46108,54107,7995,2565,1112,1242,566,2510
ACSSF,2019e1,nc,000,0056,0000013,28937,11995,3160,1916,82,139,89,934,6076,2075,179,1628,351,1843,2759,1134,41,616,216,752,16942,6076,2082,578,1569,596,1251,7209,1640,1099,1315,1513,1642,3657,535,635,417,1461,609,31079,1042,2875,1255,1032,2580,1100,359,2926,5917,4559,1133,1848,1065,771,2617,3902,930,243,1087,199,1443,,,,,,,,,,,,,,,,,,,,,,,,,,,,,,,22087,7084,2204,4050,3553,5196,,,,,,
ACSSF,2019e1,nc,000,0056,0000014,37831,18644,2584,584,0,754,117,1129,5403,1720,479,2051,475,678,10657,3866,429,3391,1061,1910,19187,3356,960,191,378,1007,820,8125,1955,1098,2013,1819,1240,7706,1823,950,904,2737,1292,40714,1130,1481,1307,1916,3054,2594,198,3414,9972,7706,1271,1395,704,1822,2750,2103,219,244,665,315,660,,,,,,,,,,,,,,,,,,,,,,,,,,,,,,,33965,10185,2903,7947,6788,6142,,,,,,
ACSSF,2019e1,nc,000,0056,0000015,78306,35687,10518,3521,370,1066,273,5288,14175,6794,335,3038,561,3447,10994,5562,614,2017,914,1887,42619,13663,4077,1699,1170,1690,5027,19676,5488,2236,2862,2644,6446,9280,1930,750,528,3622,2450,85535,2029,5600,4202,5260,7256,3748,1512,7406,11158,10019,5161,5102,6489,4467,6126,2153,314,63,512,255,1009,,,,,,,,,,,,,,,,,,,,,,,,,,,,,,,72368,26044,5445,9600,9224,22055,,,,,,
ACSSF,2019e1,nc,000,0056,0000016,12480,5422,1306,430,269,0,483,124,2416,959,338,275,307,537,1700,440,285,164,147,664,7058,1380,221,283,0,475,401,3748,669,902,603,835,739,1930,265,412,60,599,594,13118,360,1215,131,473,464,604,0,2518,1102,2997,352,1283,136,363,1120,,,,,,,,,,,,,,,,,,,,,,,,,,,,,,,,,,,,,12081,2791,2427,1102,2782,2979,,,,,,
ACSSF,2019e1,nc,000,0056,0000017,49207,22018,7603,3525,314,970,194,2600,11376,5879,800,2368,265,2064,3039,1352,212,474,241,760,27189,11901,2893,1970,2365,1315,3358,12827,2304,2318,3179,1393,3633,2461,823,241,116,675,606,52834,2430,3522,2619,2144,3509,3891,540,6184,9711,4292,1394,3265,2690,2611,4032,6463,2257,471,1053,0,2682,,,,,,,,,,,,,,,,,,,,,,,,,,,,,,,34111,10689,3952,6342,3994,9134,,,,,,
ACSSF,2019e1,nc,000,0056,0000018,9980,4202,1245,395,111,127,40,572,1827,600,110,551,120,446,1130,332,81,424,40,253,5778,1677,374,412,67,474,350,2598,107,633,912,716,230,1503,317,154,0,800,232,11153,130,410,109,319,505,835,0,1818,2101,2586,68,564,452,617,639,,,,,,,,,,,,,,,,,,,,,,,,,,,,,,,,,,,,,9326,1727,1501,2081,2190,1827,,,,,,
ACSSF,2019e1,nc,000,0056,0000019,16119,7704,1657,921,0,388,12,336,3035,1410,156,284,197,988,3012,1161,74,738,390,649,8415,2322,741,172,128,631,650,3759,1466,442,547,544,760,2334,439,315,330,740,510,18155,838,1544,1114,1360,1413,899,171,1334,2596,2578,680,845,618,769,1396,,,,,,,,,,,,,,,,,,,,,,,,,,,,,,,,,,,,,14603,5591,1058,2206,2375,3373,,,,,,
ACSSF,2019e1,nc,000,0056,0000020,26017,12092,3245,1377,422,318,88,1040,5228,1435,372,1822,234,1365,3619,1693,87,791,416,632,13925,3941,754,665,461,940,1121,7047,1391,900,1811,1244,1701,2937,495,936,150,1110,246,28045,703,1192,888,2341,938,1514,215,3483,5911,4079,854,1516,764,544,3103,,,,,,,,,,,,,,,,,,,,,,,,,,,,,,,,,,,,,21803,5943,3382,4301,3213,4964,,,,,,
ACSSF,2019e1,nc,000,0056,0000021,24223,9805,1173,423,218,273,0,259,4917,2950,126,696,232,913,3715,1892,373,634,96,720,14418,3445,680,915,826,141,883,6908,2297,1011,1607,822,1171,4065,1029,353,742,973,968,26788,1562,3049,868,1104,1935,1160,86,3267,4974,2589,963,1160,1815,1461,795,,,,,,,,,,,,,,,,,,,,,,,,,,,,,,,,,,,,,19363,7952,1560,3658,1766,4427,,,,,,
ACSSF,2019e1,nc,000,0056,0000022,12451,5268,861,240,70,224,0,327,2742,721,161,1266,109,485,1665,639,245,362,107,312,7183,2262,165,1026,2,359,710,3176,535,388,532,900,821,1745,210,266,118,673,478,13705,256,250,77,940,732,407,0,2441,2722,2444,396,1166,601,452,821,,,,,,,,,,,,,,,,,,,,,,,,,,,,,,,,,,,,,10504,2322,1637,2009,1936,2600,,,,,,
ACSSF,2019e1,nc,000,0056,0000023,14873,7396,1957,853,141,34,440,489,2748,1542,104,324,184,594,2691,1548,43,612,191,297,7477,1880,318,184,492,387,499,3247,846,441,494,772,694,2350,263,0,352,1051,684,15863,477,539,698,580,1197,1958,199,992,2380,3138,309,1291,309,368,1428,,,,,,,,,,,,,,,,,,,,,,,,,,,,,,,,,,,,,12833,4963,854,1623,2421,2972,,,,,,
ACSSF,2019e1,nc,000,0056,0000024,51839,21404,7005,2707,244,1199,655,2200,10189,3858,729,2456,538,2608,4210,1555,210,860,230,1355,30435,11468,3832,1902,1729,1174,2831,13538,2519,2307,2992,2905,2815,5429,478,623,1154,2024,1150,55885,1952,2612,1773,3045,4749,1555,407,6325,11063,7775,1738,3697,1088,1196,6910,17484,4511,1264,3681,3217,4811,,,,,,,2449,764,509,408,69,699,,,,,,,1266,314,24,301,366,261,1974,718,255,373,149,479,25945,7540,3607,5150,3510,6138,4148,1607,424,628,581,908
ACSSF,2019e1,nc,000,0056,0000025,22738,10513,2527,1001,339,354,52,781,4891,1665,477,1326,565,858,3095,1232,93,990,600,180,12225,3787,706,677,749,1308,347,6698,1720,1223,1375,1158,1222,1740,233,89,189,866,363,25326,920,1606,929,1147,1700,1172,205,3260,5262,4881,797,565,543,617,1722,,,,,,,,,,,,,,,,,,,,,,,,,,,,,,,,,,,,,19653,5968,2255,4127,4177,3126,,,,,,
ACSSF,2019e1,nc,000,0056,0000026,110031,47037,19131,12637,521,2309,248,3416,19436,9987,1186,2980,613,4670,8470,4800,149,721,919,1881,62994,27210,12756,3810,2294,758,7592,25805,10046,3637,3836,2029,6257,9979,1836,1847,433,2978,2885,121362,6129,13310,6782,9671,11904,8284,1000,12263,13127,8052,9607,5461,4987,4421,6364,27211,11216,2557,3875,2077,7486,,,,,,,7868,5346,769,1049,177,527,,,,,,,,,,,,,3237,1543,342,98,132,1122,67695,31660,7038,7174,4907,16916,3734,2321,116,377,252,668
ACSSF,2019e1,nc,000,0056,0000027,85875,37832,10697,3362,720,2417,540,3658,18946,7472,1098,5270,1006,4100,8189,3515,359,2643,474,1198,48043,14631,3817,2443,2995,1313,4063,23699,5826,4184,5055,1880,6754,9713,1828,1689,689,3313,2194,92277,3531,5343,2735,4295,7159,4540,889,10777,19663,8939,4246,5456,3594,4083,7027,14181,3621,1918,2487,1665,4490,,,,,,,4493,2390,466,776,211,650,,,,,,,,,,,,,1255,409,194,158,0,494,62769,18521,7517,15070,6067,15594,3320,1055,327,578,475,885
ACSSF,2019e1,nc,000,0056,0000028,10770,4665,1127,280,0,249,88,510,2778,1278,113,936,133,318,760,299,68,0,0,393,6105,1725,663,250,99,181,532,2843,906,349,753,453,382,1537,119,110,238,670,400,11667,789,476,156,668,1328,364,72,1061,2465,1525,402,1012,270,276,803,,,,,,,,,,,,,,,,,,,,,,,,,,,,,,,,,,,,,8723,3281,741,1687,981,2033,,,,,,
ACSSF,2019e1,nc,000,0056,0000029,36848,16388,4555,1545,187,1529,154,1140,8092,1880,612,2770,348,2482,3741,968,401,1395,417,560,20460,7123,1977,1044,1365,515,2222,10160,1955,1205,2835,2271,1894,3177,425,675,276,1332,469,39356,1050,1517,675,2212,1796,1710,509,4443,10480,5443,1588,1869,1150,1157,3757,5707,1110,1200,1126,627,1644,,,,,,,,,,,,,,,,,,,,,,,,,,,,,,,27785,6927,2586,7215,4368,6689,,,,,,
ACSSF,2019e1,nc,000,0056,0000030,133063,58381,17245,6887,620,4516,273,4949,28626,12814,1803,7863,545,5601,12510,5428,437,3056,937,2652,74682,25141,8219,4147,3705,2389,6681,36646,7946,5302,8034,4517,10847,12895,2287,1119,1740,4645,3104,147959,6564,7002,5004,7919,11267,9321,1671,15528,30694,14579,5891,6339,7296,7258,11626,28586,6617,4252,6990,3239,7488,,,,,,,8293,4237,852,1861,135,1208,,,,,,,,,,,,,1916,673,258,281,279,425,88410,29715,7641,18325,9326,23403,5411,2401,365,1076,361,1208
ACSSF,2019e1,nc,000,0056,0000031,21234,10202,3903,1261,192,821,194,1435,5269,1978,178,1974,98,1041,1030,330,31,281,179,209,11032,4665,789,1171,876,355,1474,5079,1144,425,878,1716,916,1288,240,67,50,471,460,22395,532,1237,481,1067,1551,788,261,2364,5048,3079,606,942,1023,789,2627,3589,1196,137,442,995,819,,,,,,,,,,,,,,,,,,,,,,,,,,,,,,,14646,3592,1733,3200,1772,4349,2289,670,157,1103,163,196
ACSSF,2019e1,nc,000,0056,0000032,26538,12143,1925,443,43,811,168,460,4592,1830,427,1043,169,1123,5626,2142,260,1581,425,1218,14395,2750,905,411,272,349,813,6339,1464,778,1359,1172,1566,5306,594,704,480,1829,1699,28745,842,1215,558,1564,2011,1521,617,2988,5735,4147,1692,1643,1254,885,2073,,,,,,,,,,,,,,,,,,,,,,,,,,,,,,,,,,,,,24800,7093,2365,4743,3887,6712,,,,,,
ACSSF,2019e1,nc,000,0056,0000033,38956,18585,5389,2531,247,806,185,1620,10265,4661,649,2990,465,1500,2931,926,123,798,611,473,20371,6435,1213,1191,1497,885,1649,10942,2397,1567,2416,1806,2756,2994,634,288,386,1246,440,41923,1930,2818,926,2082,1568,3841,216,4569,9354,5198,1843,1429,989,2136,3024,,,,,,,,,,,,,,,,,,,,,,,,,,,,,,,,,,,,,32774,9162,3571,7685,4755,7601,,,,,,
ACSSF,2019e1,nc,000,0056,0000034,33450,13917,3828,1436,303,1349,37,703,7552,2838,760,1061,171,2722,2537,1230,136,352,234,585,19533,7643,1898,1050,1304,1482,1909,10247,3488,1405,1732,1834,1788,1643,335,339,138,371,460,36281,1697,2115,1427,1861,3889,1311,58,4658,6470,4462,680,1460,1755,337,4101,5559,1457,1069,1188,499,1346,,,,,,,,,,,,,,,,,,,,,,,,,,,,,,,26112,9211,2760,4481,3422,6238,,,,,,
ACSSF,2019e1,nc,000,0056,0000035,16124,6688,1811,303,221,659,41,587,3305,915,286,1483,84,537,1572,876,64,319,189,124,9436,2618,603,451,162,290,1112,4709,1277,831,1272,673,656,2109,200,78,134,1011,686,17353,330,1313,281,360,1303,1050,0,2169,4069,2460,288,1005,861,716,1148,,,,,,,,,,,,,,,,,,,,,,,,,,,,,,,,,,,,,14642,3535,1836,3647,2288,3336,,,,,,
ACSSF,2019e1,nc,000,0056,0000036,343595,162048,62462,29748,2291,16288,1114,13021,77927,30049,5491,24961,2603,14823,21659,8531,1481,5462,1685,4500,181547,75106,22535,8632,18764,5738,19437,83456,22228,6948,23908,9873,20499,22985,5450,3591,2323,6239,5382,370059,21300,16994,8832,17337,33834,27930,3119,30824,95457,28701,15195,15930,13801,18819,21986,72523,20685,7057,21136,6750,16895,,,,,,,26987,17995,2206,3388,615,2783,,,,,,,4347,1633,78,2029,136,471,6390,3117,197,1394,0,1682,222508,71887,17405,60760,18755,53701,14998,4739,1581,4809,1097,2772
ACSSF,2019e1,nc,000,0056,0000037,28798,13639,4059,1888,164,909,11,1087,4639,1706,232,1607,14,1080,4941,2728,205,722,125,1161,15159,4903,1177,1062,514,230,1920,5702,2205,913,1330,354,900,4554,708,455,520,1222,1649,30450,1501,1876,1993,1203,2185,1871,364,3383,5712,2069,1282,2211,549,1586,2665,2693,673,202,828,108,882,,,,,,,,,,,,,,,,,,,,,,,,,,,,,,,23970,8487,2335,4716,1785,6647,,,,,,
ACSSF,2019e1,nc,000,0056,0000038,11605,5067,1324,582,71,395,0,276,2139,837,39,610,295,358,1604,374,276,565,132,257,6538,1635,551,216,384,421,63,3202,807,243,1197,594,361,1701,172,182,7,975,365,12263,266,885,77,660,722,661,180,1141,3263,2604,100,501,79,294,830,3282,1352,23,1099,423,385,,,,,,,,,,,,,,,,,,,,,,,,,,,,,,,8025,1971,1004,1824,1931,1295,,,,,,
ACSSF,2019e1,nc,000,0056,0000039,69893,28773,7354,3401,703,1154,171,1925,13603,5018,386,5002,528,2669,7816,2893,424,2371,795,1333,41120,11550,3870,1207,1555,1681,3237,20980,6545,2342,4348,2608,5137,8590,2017,720,388,3541,1924,73741,2352,4952,2263,4826,6454,4122,515,6205,15337,9452,3465,2991,3130,3621,4056,3851,569,514,928,1028,812,,,,,,,,,,,,,,,,,,,,,,,,,,,,,,,61796,21177,4959,13307,7878,14475,,,,,,
ACSSF,2019e1,nc,000,0056,0000040,26789,11685,5530,2451,369,823,168,1719,4191,1559,338,798,176,1320,1964,628,188,355,550,243,15104,5698,1065,1097,746,1150,1640,7524,2027,1694,1465,1742,596,1882,395,435,69,527,456,29600,1211,701,634,2133,2642,1370,307,4195,4320,4918,1068,2252,972,427,2450,4253,1226,972,479,73,1503,,,,,,,,,,,,,,,,,,,,,,,,,,,,,,,18400,5634,2240,2989,3626,3911,3149,1339,837,282,438,253
ACSSF,2019e1,nc,000,0056,0000041,59092,28092,7679,4965,251,1040,0,1423,13769,7239,811,2528,260,2931,6644,3475,533,1228,193,1215,31000,10143,4431,1341,534,588,3249,15071,5572,1926,1670,1345,4558,5786,2024,843,260,995,1664,65705,3402,8638,3325,3120,7687,3550,616,6587,7413,3930,6475,3520,2584,2402,2456,3447,1538,102,571,228,1008,,,,,,,4525,3055,478,503,294,195,,,,,,,,,,,,,,,,,,,46798,20591,5022,5637,2635,12913,3548,2032,0,526,224,766
ACSSF,2019e1,nc,000,0056,0000042,35957,16494,5642,2721,451,902,421,1147,7887,3203,866,1423,174,2221,2965,1147,370,607,428,413,19463,6979,1602,1543,1241,695,1898,8790,1555,1642,1565,1824,2204,3694,868,450,116,1674,586,38575,1032,3714,1948,1601,2307,1313,113,6129,6030,5287,619,1200,2153,1384,3745,6696,2506,916,1090,758,1426,,,,,,,,,,,,,,,,,,,,,,,,,,,,,,,26636,7628,3954,4322,4340,6392,,,,,,
ACSSF,2019e1,nc,000,0056,0000043,14977,6178,1586,570,88,0,69,859,2229,753,46,174,171,1085,2363,703,0,399,348,913,8799,2407,443,669,655,315,325,3500,591,479,938,642,850,2892,377,312,88,1479,636,16818,376,900,483,848,726,570,0,2092,2254,3024,725,2514,738,308,1260,,,,,,,,,,,,,,,,,,,,,,,,,,,,,,,,,,,,,12295,3010,1518,1625,2776,3366,,,,,,
ACSSF,2019e1,nc,000,0056,0000044,12639,5053,1241,438,93,93,122,495,2129,449,171,374,448,687,1683,414,0,853,141,275,7586,1717,535,580,0,419,183,4049,1138,374,819,1227,491,1820,188,196,42,1368,26,13186,431,475,515,591,893,281,184,1604,2181,3732,77,465,414,96,1247,2522,756,165,426,633,542,4810,1352,577,679,1398,804,,,,,,,,,,,,,,,,,,,,,,,,,4530,760,522,1010,1694,544,,,,,,
ACSSF,2019e1,nc,000,0056,0000045,9412,4452,936,389,131,305,60,51,1901,1015,46,415,258,167,1615,813,68,64,341,329,4960,1451,478,208,290,289,186,2162,366,221,543,447,585,1347,182,88,181,657,239,9539,307,195,371,822,790,747,37,816,1798,2052,207,549,350,93,405,,,,,,,,,,,,,,,,,,,,,,,,,,,,,,,,,,,,,7263,2438,664,1116,1600,1445,,,,,,
ACSSF,2019e1,nc,000,0056,0000046,17979,8058,1439,290,330,92,0,727,4563,2104,859,693,112,795,2056,519,209,753,221,354,9921,2821,776,74,678,139,1154,5452,1483,978,1095,1049,847,1648,280,325,157,539,347,19119,901,948,225,840,2132,885,39,2845,3468,2295,246,1110,575,391,2219,2612,730,395,926,108,453,,,,,,,,,,,,,,,,,,,,,,,,,,,,,,,13861,3989,1921,2425,1952,3574,,,,,,
ACSSF,2019e1,nc,000,0056,0000047,9523,4826,399,53,45,53,151,97,2737,1304,167,949,116,201,1690,515,40,392,166,577,4697,915,431,212,54,182,36,2337,142,755,330,749,361,1445,165,339,197,340,404,10427,199,402,344,185,1335,410,0,1592,2106,1820,53,540,108,286,1047,,,,,,,,,,,,,,,,,,,,,,,,,,,,,,,,,,,,,8647,2309,1558,1733,1688,1359,,,,,,
ACSSF,2019e1,nc,000,0056,0000048,9327,4317,1058,208,180,305,74,291,1952,352,214,152,412,822,1307,326,50,338,303,290,5010,1680,622,258,87,249,464,2322,341,333,432,596,620,1008,92,220,28,593,75,10129,373,371,372,406,431,229,0,1444,1387,2292,348,843,392,153,1088,,,,,,,,,,,,,,,,,,,,,,,,,,,,,,,,,,,,,8580,1700,932,1263,2227,2458,,,,,,
ACSSF,2019e1,nc,000,0056,0000049,57782,28377,6631,3028,149,1266,167,2021,17052,6567,925,6060,550,2950,4694,1876,134,1227,533,924,29405,8006,2195,1221,1824,1455,1311,17730,4514,2380,5020,2939,2877,3669,462,570,465,1004,1168,61913,3275,2801,1909,3639,4390,3820,414,5736,16467,7064,1731,2310,1404,2641,4312,4997,1573,269,1377,326,1452,,,,,,,3374,1989,332,918,97,38,,,,,,,,,,,,,,,,,,,46236,13859,4554,12624,5832,9367,2321,700,224,716,319,362
ACSSF,2019e1,nc,000,0056,0000050,404498,193647,67431,37839,3894,10625,1309,13764,98385,52265,4691,23349,3030,15050,27831,14120,1130,6309,1884,4388,210851,77382,32088,7146,12065,6362,19721,106287,35520,11693,23899,10170,25005,27182,6428,4009,2265,8492,5988,436631,33232,35660,16384,20567,31910,50961,3644,37006,81377,33540,18486,16816,13695,20308,23045,51977,19133,6330,9311,3670,13533,,,,,,,42589,29760,2649,6442,991,2747,,,,,,,,,,,,,5353,2855,543,519,720,716,291420,121771,21750,59903,24615,63381,13190,5277,1291,2192,1298,3132
ACSSF,2019e1,nc,000,0056,0000051,14582,6374,1373,729,0,137,205,302,2778,995,186,663,238,696,2223,857,95,804,189,278,8208,2585,338,491,564,331,861,3907,1166,337,497,891,1016,1716,262,131,204,746,373,15858,583,734,377,1329,1209,461,9,1277,3153,2718,330,1055,220,480,1923,2739,1248,206,442,335,508,,,,,,,,,,,,,,,,,,,,,,,,,,,,,,,10032,2390,1034,2143,1896,2569,,,,,,
ACSSF,2019e1,nc,000,0056,0000052,,,,,,,,,,,,,,,,,,,,,,,,,,,,,,,,,,,,,,,,8743,413,634,313,264,432,627,93,1566,1615,1592,132,557,87,178,240,,,,,,,,,,,,,,,,,,,,,,,,,,,,,,,,,,,,,7819,2362,1417,1615,1291,1134,,,,,,
ACSSF,2019e1,nc,000,0056,0000053,10614,4475,656,98,0,233,0,325,2767,1406,159,601,211,390,1052,484,0,290,133,145,6139,1501,438,326,336,147,254,2848,335,468,1123,316,606,1790,111,300,58,628,693,11681,136,690,446,374,525,1074,103,1315,2671,1572,326,784,467,609,589,,,,,,,,,,,,,,,,,,,,,,,,,,,,,,,,,,,,,7845,2233,941,1885,1286,1500,,,,,,
ACSSF,2019e1,nc,000,0056,0000054,32737,14870,5162,1299,44,379,81,3359,6284,2575,101,1386,172,2050,3424,1688,319,710,143,564,17867,6104,1798,810,465,719,2312,8600,2259,474,1184,576,4107,3163,565,331,148,1191,928,36020,900,2096,1299,2738,2508,1150,542,2647,4625,2928,2891,2177,3428,3107,2984,,,,,,,,,,,,,,,,,,,,,,,,,,,,,,,,,,,,,29855,9282,1772,3716,2461,12624,,,,,,
ACSSF,2019e1,nc,000,0056,0000055,81215,40327,12055,8496,770,998,337,1454,22543,14000,434,4690,482,2937,5729,3355,173,1033,292,876,40888,12430,5934,901,2411,1195,1989,22955,9737,2519,5024,1226,4449,5503,1421,697,414,1745,1226,88401,7642,8338,3991,4465,6680,14824,675,6130,15511,5825,3146,3050,1961,2999,3164,4240,2045,97,856,287,955,,,,,,,19996,14847,1441,2711,250,747,,,,,,,,,,,,,1393,573,237,174,76,333,53194,24496,3654,10436,4498,10110,2277,1062,65,309,166,675
ACSSF,2019e1,nc,000,0056,0000056,267977,127322,53236,25961,1827,13398,1000,11050,58860,22763,3769,18854,1823,11651,15226,6709,707,3359,1168,3283,140655,61835,18830,6501,15284,4335,16885,62203,16003,4936,18698,7300,15266,16617,4420,2273,1439,4706,3779,288674,17123,12773,7261,13744,27930,21597,2661,21596,74445,21273,12839,12780,10508,14380,17764,62434,17656,5875,18339,5825,14739,,,,,,,24315,16702,1981,2638,615,2379,,,,,,,3982,1532,78,1973,0,399,5533,2765,197,1041,0,1530,163800,53667,11272,44856,12987,41018,11772,3660,700,3939,937,2536
ACSSF,2019e1,nc,000,0056,0000057,25030,10694,3607,2273,211,389,0,734,5458,3100,608,690,123,937,1629,467,212,209,107,634,14336,6826,1497,1370,897,724,2338,5795,997,1257,1225,394,1922,1715,489,80,0,608,538,27102,1550,1663,1212,1632,1914,2044,99,3801,3626,2044,839,2290,952,1178,2258,2612,1139,303,381,0,789,,,,,,,,,,,,,,,,,,,,,,,,,,,,,,,17707,5271,2678,2110,1956,5692,,,,,,
ACSSF,2019e1,nc,000,0056,0000058,97388,42258,17908,11891,521,2064,170,3262,17482,8807,1186,2603,613,4273,6868,3999,149,566,919,1235,55130,24792,11267,3735,2147,625,7018,22398,8546,3168,3511,1705,5468,7940,1211,1580,272,2287,2590,107197,5231,11712,6188,8428,10516,7423,796,11180,11717,6603,8570,4605,4360,4360,5508,24585,9954,2231,3640,1976,6784,,,,,,,7851,5293,769,1049,177,563,,,,,,,,,,,,,2458,1028,342,98,132,858,58738,27202,6553,6168,3782,15033,,,,,,
ACSSF,2019e1,nc,000,0056,0000059,34593,13833,4923,1975,178,814,500,1456,6367,2285,447,1572,260,1803,2543,940,194,506,0,903,20760,8458,2930,1511,964,901,2152,8781,1696,1181,2371,1865,1668,3521,288,331,767,1333,802,37463,1218,2154,1111,1980,3504,878,170,4053,7604,5039,1491,2609,501,777,4374,12829,3226,1020,2807,2404,3372,,,,,,,2124,726,383,321,69,625,,,,,,,,,,,,,1584,667,168,280,149,320,15457,4468,2055,3262,1808,3864,2935,1218,260,291,429,737
ACSSF,2019e1,nc,000,0056,0000060,13829,6317,1603,567,0,391,38,607,3159,732,390,827,180,1030,1555,304,364,510,212,165,7512,2630,797,390,312,140,991,3577,566,682,460,1147,722,1305,219,58,227,644,157,14707,397,716,519,621,700,276,274,1979,2756,2651,729,623,629,536,1301,3721,761,952,579,508,921,,,,,,,,,,,,,,,,,,,,,,,,,,,,,,,8817,1925,628,1779,1853,2632,,,,,,
ACSSF,2019e1,nc,000,0056,0000061,74587,32308,10973,3981,407,2817,224,3544,14834,6382,1556,3373,328,3195,6501,2651,68,1665,449,1668,42279,15924,5235,2839,2319,1663,3868,19568,4028,2596,3475,2417,7052,6787,835,434,1134,2106,2278,83894,3233,3253,2961,5202,6763,4370,1056,9078,15771,7940,4373,4076,4530,4114,7174,19543,4490,3372,4274,2104,5303,,,,,,,5411,2557,717,1221,64,852,,,,,,,,,,,,,,,,,,,44612,14214,3223,8336,4442,14397,3363,1510,330,421,361,741
ACSSF,2019e1,nc,000,0056,0000062,18283,8229,3159,1417,451,690,58,543,3599,1983,368,475,174,599,1471,368,132,422,182,367,10054,4192,922,860,727,262,1421,3762,984,682,951,422,723,2100,613,282,116,830,259,19447,779,2156,681,1224,971,471,67,3402,3557,1990,428,451,1214,654,1402,4317,1884,361,882,354,836,,,,,,,,,,,,,,,,,,,,,,,,,,,,,,,12419,3901,1962,2283,1456,2817,,,,,,
ACSSF,2019e1,nc,000,0056,0000063,24429,10207,3225,1515,55,715,39,901,4993,2005,179,1462,0,1347,1989,802,0,568,220,399,14222,5064,1668,583,972,507,1334,6946,1372,828,1594,1270,1882,2212,527,415,297,821,152,27282,1808,1531,698,920,1945,1639,368,2674,5768,3135,916,963,1210,1266,2441,4000,638,611,742,614,1395,,,,,,,1956,1091,35,586,0,244,,,,,,,,,,,,,,,,,,,17233,5642,1354,4064,2243,3930,,,,,,
ACSSF,2019e1,nc,000,0056,0000064,,,,,,,,,,,,,,,,,,,,,,,,,,,,,,,,,,,,,,,,8742,271,69,333,547,905,340,86,1762,743,695,239,1272,237,82,1161,2249,340,644,366,0,899,,,,,,,,,,,,,,,,,,,,,,,,,,,,,,,3819,1632,561,272,336,1018,,,,,,
ACSSF,2019e1,nc,000,0056,0000065,160208,74165,31990,15401,1302,6389,586,8312,30808,15465,1632,6715,1111,5885,11367,5795,706,2223,709,1934,86043,37321,13709,3125,6581,2523,11383,36783,11700,2619,7127,3865,11472,11939,2946,1483,1046,3378,3086,173147,10313,14063,5838,7096,14770,15942,1526,12844,30991,12794,10228,7429,7050,10461,11802,29045,10783,2801,4357,2166,8938,,,,,,,7834,4548,517,1679,403,687,,,,,,,,,,,,,2857,1634,240,345,339,299,114215,46042,6855,23037,8429,29852,6478,2119,454,689,835,2381
ACSSF,2019e1,nc,000,0056,0000066,33839,13666,3414,1369,376,400,128,1141,5743,2068,254,1999,181,1241,4509,1721,259,1147,453,929,20173,5995,2716,500,418,521,1840,8977,2893,904,1804,951,2425,5201,1264,383,361,1774,1419,35753,727,2831,1025,2509,3709,1558,428,2982,6381,4136,2354,1482,1559,1672,2400,,,,,,,,,,,,,,,,,,,,,,,,,,,,,,,,,,,,,29612,10436,2061,5607,3357,8151,,,,,,
ACSSF,2019e1,nc,000,0056,0000067,51333,22421,6877,1928,489,1590,242,2628,10788,4541,510,2250,952,2535,4756,2144,141,1471,319,681,28912,8570,2507,1814,1269,617,2363,14457,3717,2357,2460,996,4927,5885,1286,847,212,2183,1357,55420,1703,3243,2061,2912,4701,2369,597,6368,9568,5503,3040,3131,2411,3406,4407,11937,3094,1812,1635,1532,3864,,,,,,,2528,1374,466,392,42,254,,,,,,,,,,,,,817,347,134,83,0,253,33714,10678,3562,6804,3152,9518,2332,770,150,338,475,599
ACSSF,2019e1,nc,000,0056,0000068,32737,14870,5162,1299,44,379,81,3359,6284,2575,101,1386,172,2050,3424,1688,319,710,143,564,17867,6104,1798,810,465,719,2312,8600,2259,474,1184,576,4107,3163,565,331,148,1191,928,36020,900,2096,1299,2738,2508,1150,542,2647,4625,2928,2891,2177,3428,3107,2984,,,,,,,,,,,,,,,,,,,,,,,,,,,,,,,,,,,,,29855,9282,1772,3716,2461,12624,,,,,,
ACSSF,2019e1,nc,000,0056,0000069,267977,127322,53236,25961,1827,13398,1000,11050,58860,22763,3769,18854,1823,11651,15226,6709,707,3359,1168,3283,140655,61835,18830,6501,15284,4335,16885,62203,16003,4936,18698,7300,15266,16617,4420,2273,1439,4706,3779,288674,17123,12773,7261,13744,27930,21597,2661,21596,74445,21273,12839,12780,10508,14380,17764,62434,17656,5875,18339,5825,14739,,,,,,,24315,16702,1981,2638,615,2379,,,,,,,3982,1532,78,1973,0,399,5533,2765,197,1041,0,1530,163800,53667,11272,44856,12987,41018,11772,3660,700,3939,937,2536
ACSSF,2019e1,nc,000,0056,0000070,25030,10694,3607,2273,211,389,0,734,5458,3100,608,690,123,937,1629,467,212,209,107,634,14336,6826,1497,1370,897,724,2338,5795,997,1257,1225,394,1922,1715,489,80,0,608,538,27102,1550,1663,1212,1632,1914,2044,99,3801,3626,2044,839,2290,952,1178,2258,2612,1139,303,381,0,789,,,,,,,,,,,,,,,,,,,,,,,,,,,,,,,17707,5271,2678,2110,1956,5692,,,,,,
ACSSF,2019e1,nc,000,0056,0000071,13829,6317,1603,567,0,391,38,607,3159,732,390,827,180,1030,1555,304,364,510,212,165,7512,2630,797,390,312,140,991,3577,566,682,460,1147,722,1305,219,58,227,644,157,14707,397,716,519,621,700,276,274,1979,2756,2651,729,623,629,536,1301,3721,761,952,579,508,921,,,,,,,,,,,,,,,,,,,,,,,,,,,,,,,8817,1925,628,1779,1853,2632,,,,,,
ACSSF,2019e1,nc,000,0056,0000072,97096,42162,17812,11795,521,2064,170,3262,17482,8807,1186,2603,613,4273,6868,3999,149,566,919,1235,54934,24596,11267,3735,2055,625,6914,22398,8546,3168,3511,1705,5468,7940,1211,1580,272,2287,2590,106905,5231,11712,6188,8428,10516,7327,796,11180,11625,6603,8570,4605,4360,4256,5508,24585,9954,2231,3640,1976,6784,,,,,,,7651,5197,769,1049,177,459,,,,,,,,,,,,,2458,1028,342,98,132,858,58646,27202,6553,6076,3782,15033,,,,,,
ACSSF,2019e1,nc,000,0056,0000073,34593,13833,4923,1975,178,814,500,1456,6367,2285,447,1572,260,1803,2543,940,194,506,0,903,20760,8458,2930,1511,964,901,2152,8781,1696,1181,2371,1865,1668,3521,288,331,767,1333,802,37463,1218,2154,1111,1980,3504,878,170,4053,7604,5039,1491,2609,501,777,4374,12829,3226,1020,2807,2404,3372,,,,,,,2124,726,383,321,69,625,,,,,,,,,,,,,1584,667,168,280,149,320,15457,4468,2055,3262,1808,3864,2935,1218,260,291,429,737
ACSSF,2019e1,nc,000,0056,0000074,74587,32308,10973,3981,407,2817,224,3544,14834,6382,1556,3373,328,3195,6501,2651,68,1665,449,1668,42279,15924,5235,2839,2319,1663,3868,19568,4028,2596,3475,2417,7052,6787,835,434,1134,2106,2278,83894,3233,3253,2961,5202,6763,4370,1056,9078,15771,7940,4373,4076,4530,4114,7174,19543,4490,3372,4274,2104,5303,,,,,,,5411,2557,717,1221,64,852,,,,,,,,,,,,,,,,,,,44612,14214,3223,8336,4442,14397,3363,1510,330,421,361,741
ACSSF,2019e1,nc,000,0056,0000075,22974,9660,2898,1515,55,637,39,652,4773,1871,179,1462,0,1261,1989,802,0,568,220,399,13314,4536,1668,510,807,364,1187,6566,1318,701,1594,1184,1769,2212,527,415,297,821,152,25827,1753,1452,698,866,1945,1639,368,2474,5525,2906,916,963,1155,1093,2074,3759,638,538,742,614,1227,,,,,,,1956,1091,35,586,0,244,,,,,,,,,,,,,,,,,,,16132,5454,1227,3821,2014,3616,,,,,,
ACSSF,2019e1,nc,000,0056,0000076,18283,8229,3159,1417,451,690,58,543,3599,1983,368,475,174,599,1471,368,132,422,182,367,10054,4192,922,860,727,262,1421,3762,984,682,951,422,723,2100,613,282,116,830,259,19447,779,2156,681,1224,971,471,67,3402,3557,1990,428,451,1214,654,1402,4317,1884,361,882,354,836,,,,,,,,,,,,,,,,,,,,,,,,,,,,,,,12419,3901,1962,2283,1456,2817,,,,,,
ACSSF,2019e1,nc,000,0056,0000077,,,,,,,,,,,,,,,,,,,,,,,,,,,,,,,,,,,,,,,,8742,271,69,333,547,905,340,86,1762,743,695,239,1272,237,82,1161,2249,340,644,366,0,899,,,,,,,,,,,,,,,,,,,,,,,,,,,,,,,3819,1632,561,272,336,1018,,,,,,
ACSSF,2019e1,nc,000,0056,0000078,79491,39518,12055,8496,770,998,337,1454,22085,13705,434,4631,482,2833,5378,3221,86,903,292,876,39973,12430,5934,901,2411,1195,1989,22541,9394,2448,5024,1226,4449,5002,1184,565,414,1745,1094,86677,7555,8177,3991,4290,6256,14662,675,5840,15322,5825,3146,2996,1961,2895,3086,4240,2045,97,856,287,955,,,,,,,19996,14847,1441,2711,250,747,,,,,,,,,,,,,1218,398,237,174,76,333,51723,23662,3364,10247,4498,9952,2199,1062,65,309,166,597
ACSSF,2019e1,nc,000,0056,0000079,158864,73488,31765,15258,1302,6307,586,8312,30616,15273,1632,6715,1111,5885,11107,5795,706,2223,709,1674,85376,37098,13709,3125,6419,2462,11383,36571,11572,2619,7127,3865,11388,11707,2714,1483,1046,3378,3086,171803,10257,14063,5674,6941,14642,15750,1526,12844,30747,12733,10228,7169,7050,10461,11718,28630,10619,2801,4357,2166,8687,,,,,,,7759,4473,517,1679,403,687,,,,,,,,,,,,,2612,1389,240,345,339,299,113606,45831,6855,22793,8368,29759,6478,2119,454,689,835,2381
ACSSF,2019e1,nc,000,0056,0000080,33839,13666,3414,1369,376,400,128,1141,5743,2068,254,1999,181,1241,4509,1721,259,1147,453,929,20173,5995,2716,500,418,521,1840,8977,2893,904,1804,951,2425,5201,1264,383,361,1774,1419,35753,727,2831,1025,2509,3709,1558,428,2982,6381,4136,2354,1482,1559,1672,2400,,,,,,,,,,,,,,,,,,,,,,,,,,,,,,,,,,,,,29612,10436,2061,5607,3357,8151,,,,,,
ACSSF,2019e1,nc,000,0056,0000081,51333,22421,6877,1928,489,1590,242,2628,10788,4541,510,2250,952,2535,4756,2144,141,1471,319,681,28912,8570,2507,1814,1269,617,2363,14457,3717,2357,2460,996,4927,5885,1286,847,212,2183,1357,55420,1703,3243,2061,2912,4701,2369,597,6368,9568,5503,3040,3131,2411,3406,4407,11937,3094,1812,1635,1532,3864,,,,,,,2528,1374,466,392,42,254,,,,,,,,,,,,,817,347,134,83,0,253,33714,10678,3562,6804,3152,9518,2332,770,150,338,475,599
ACSSF,2019e1,nc,000,0056,0000082,150115,60676,22613,12691,1121,3200,306,5295,26557,12908,1936,4979,620,6114,11506,5104,355,2122,1659,2266,89439,33610,13449,5968,2891,2164,9138,37589,11216,6093,6921,4937,8422,18240,2917,2365,1570,7064,4324,164055,6952,15482,7046,10112,13741,8831,1696,19523,22694,17589,10897,7721,6140,5635,9996,44537,14509,4962,7117,6781,11168,,,,,,,7246,4704,1053,676,243,570,,,,,,,,,,,,,2989,1301,266,154,283,985,89610,34979,10666,12762,9137,22066,4883,2627,426,694,252,884
ACSSF,2019e1,nc,000,0056,0000083,229271,107608,29302,14527,1311,5959,767,6738,60824,28713,3472,16758,2165,9716,17482,7131,882,4765,1736,2968,121663,39090,14355,4519,5920,4907,9389,65805,20337,8712,15242,8805,12709,16768,3914,2710,1027,5972,3145,244938,16312,17321,7865,12781,17052,22103,1979,24383,51480,25932,6181,10476,6579,8723,15771,27565,9567,3689,5169,3099,6041,,,,,,,8802,5441,443,1848,286,784,,,,,,,1178,253,0,567,130,228,2678,1394,150,229,521,384,183434,70713,16173,40130,20078,36340,7238,2348,1151,2517,433,789
ACSSF,2019e1,nc,000,0056,0000084,128427,59350,16529,7508,635,2695,1065,4626,24750,10953,1671,4810,979,6337,18071,7758,1313,4044,2368,2588,69077,19958,4695,2724,2342,4214,5983,33135,8371,5775,5318,7692,5979,15984,2988,2039,1472,6210,3275,139056,4932,9123,5761,6852,10524,8566,994,15280,21379,23569,4012,7585,5463,3621,11395,13212,4269,1535,2046,1971,3391,,,,,,,2545,1030,585,271,242,417,,,,,,,,,,,,,2531,404,555,864,93,615,105150,34747,10925,17237,19085,23156,5553,1999,909,396,1085,1164
ACSSF,2019e1,nc,000,0056,0000085,325067,155545,58017,33360,3261,8852,824,11720,72955,39743,3330,14040,2273,13569,24573,13659,1292,3950,1029,4643,169522,66124,26964,6727,9762,4420,18251,80032,28601,7711,15732,7354,20634,23366,5797,3153,1825,6393,6198,354185,24375,33263,14710,17121,31120,37031,2852,29407,56126,24099,21219,14597,12861,16335,19069,44927,16709,4053,8063,3471,12631,,,,,,,41337,29269,2721,6022,1026,2299,,,,,,,,,,,,,5067,2425,678,394,430,1140,220319,93811,17493,37749,16051,55215,13803,6366,529,1832,1315,3761
ACSSF,2019e1,nc,000,0056,0000086,141692,63577,15999,4459,1096,3554,1077,5813,30811,12122,2065,7507,1903,7214,16767,6808,950,4778,1642,2589,78115,21706,5853,3484,3763,2689,5917,37899,8850,6919,8144,4475,9511,18510,2941,2854,1241,7398,4076,152488,5871,7924,4874,7642,10561,7191,1197,17969,29786,20110,7427,8981,5123,6009,11823,15229,4101,2084,2538,1725,4781,,,,,,,5087,2734,466,878,214,795,,,,,,,,,,,,,1661,655,211,284,0,511,115839,32433,13786,24709,16636,28275,4141,1462,570,704,501,904
ACSSF,2019e1,nc,000,0056,0000087,138615,57098,12549,5722,560,2665,372,3230,29439,13712,1532,6666,1333,6196,15110,6664,733,2921,1233,3559,81517,23145,6423,3601,4791,2844,5486,40516,9612,5387,10235,6350,8932,17856,2840,1953,2258,7070,3735,149626,5769,11108,5112,6970,10603,7853,672,15471,30679,20290,5403,8508,6145,5940,9103,21013,4440,3209,5770,3086,4508,,,,,,,4911,2369,218,754,168,1402,,,,,,,,,,,,,,,,,,,105050,35181,9879,21425,14999,23566,5440,2153,438,1223,792,834
ACSSF,2019e1,nc,000,0056,0000088,161845,68703,14548,5977,914,2456,911,4290,29021,10673,1614,9094,1493,6147,25134,9015,1153,7836,2362,4768,93142,24224,5698,2956,4493,4614,6463,45275,12025,6040,9167,8566,9477,23643,4740,2341,1779,10309,4474,172944,5377,9376,5387,8879,13479,8643,902,16207,36548,29536,6071,7622,5152,6429,13336,14649,3123,1579,3002,3562,3383,,,,,,,2659,1024,73,764,188,610,,,,,,,,,,,,,2953,1034,86,568,670,595,136942,41336,12910,29504,23344,29848,3923,1570,225,835,249,1044
ACSSF,2019e1,nc,000,0056,0000089,148782,65991,21171,8575,1374,3969,853,6400,30053,12596,2286,7357,749,7065,14767,6196,806,2921,1216,3628,82791,31843,8708,5692,5111,3221,9111,36827,8248,6301,8183,5887,8208,14121,2302,1568,2051,4584,3616,160221,6914,8922,6321,7108,12562,8156,1382,19283,30806,17378,5060,10081,4907,5607,15734,27767,7889,2111,6427,3048,8292,,,,,,,7433,3978,966,1656,69,764,,,,,,,2187,529,684,138,366,470,4722,1391,1393,752,225,961,99567,29898,11995,19577,12373,25724,9095,3691,1067,1134,731,2472
ACSSF,2019e1,nc,000,0056,0000090,191638,89644,21295,9047,756,5220,431,5841,50477,21375,2296,16294,2060,8452,17872,6710,603,5060,1533,3966,101994,28397,8173,4634,6346,3451,5793,56917,16324,6186,13359,8835,12213,16680,2497,2899,1071,6284,3929,204768,9208,8424,6132,11152,19135,13206,1802,18814,49131,23773,6707,9007,6021,9059,13197,20098,5643,2558,4192,2141,5564,5294,1594,577,791,1398,934,9858,5955,501,2076,139,1187,,,,,,,,,,,,,2662,1190,153,801,127,391,147795,48008,12963,37865,18047,30912,5366,1513,522,1480,742,1109
ACSSF,2019e1,nc,000,0056,0000091,143803,63950,15725,5533,1122,3131,585,5354,28318,9594,1868,8808,1091,6957,19907,8306,1077,4841,2041,3642,79853,23970,6453,4271,2687,2864,7695,37610,8853,4637,8134,6991,8995,18273,2597,2736,1414,6869,4657,156093,3325,7920,4224,9588,9983,8338,1441,17517,30594,21854,5473,8998,7295,5982,13561,10265,1989,1782,2058,1590,2846,,,,,,,3831,1079,659,1205,45,843,,,,,,,,,,,,,1674,730,113,270,71,490,123253,35985,13062,23691,18500,32015,5009,1840,95,1635,235,1204
ACSSF,2019e1,nc,000,0056,0000092,149994,67987,14512,4287,779,2599,1059,5788,28062,11667,1609,6759,1900,6127,25413,10368,1824,5349,2661,5211,82007,20311,4714,3209,2008,4152,6228,37190,7592,5934,6107,7803,9754,24506,3876,2878,1887,10254,5611,162825,4060,9374,5040,7356,10295,8633,1825,18082,25839,28942,7692,10219,8914,5371,11183,2894,910,179,450,526,829,,,,,,,1779,349,124,866,124,316,,,,,,,,,,,,,,,,,,,139880,40433,15078,22143,26960,35266,3888,809,373,960,59,1687
ACSSF,2019e1,nc,000,0056,0000093,248108,116566,50565,24602,1885,12838,1015,10225,52553,18564,4732,16159,2447,10651,13448,5177,1152,3102,1479,2538,131542,60281,18673,6625,14600,4689,15694,56660,12833,5287,17718,7087,13735,14601,3848,2160,1920,3370,3303,267075,16555,13125,6052,11710,21937,20126,1990,23508,68949,21049,10433,11326,10318,13016,16981,66591,18705,6041,19782,6525,15538,,,,,,,21205,14301,2037,2457,573,1837,,,,,,,4032,1596,56,1887,67,426,4725,2356,94,779,0,1496,142692,43984,12267,38846,12259,35336,12845,4233,1414,4348,695,2155
ACSSF,2019e1,nc,000,0056,0000094,163828,75035,21733,8584,1267,4416,492,6974,35961,14895,2697,9953,1457,6959,17341,6697,638,4809,2050,3147,88793,29944,8319,5235,5333,4104,6953,43380,9402,7257,8801,6814,11106,15469,2943,1655,1838,6021,3012,182237,8239,9530,5481,9216,12364,10901,1945,21307,37015,22481,6840,7249,7477,7177,15015,24380,5716,3739,5507,3047,6371,,,,,,,8533,4768,946,1980,113,726,,,,,,,,,,,,,2629,1015,352,437,225,600,121822,37413,12832,25438,16978,29161,6074,2138,764,1489,432,1251
ACSSF,2019e1,nc,000,0056,0000095,25069,11288,2820,635,68,628,68,1421,4420,1340,109,757,343,1871,4048,1906,268,770,454,650,13781,3542,941,298,524,448,1331,5278,1465,877,628,1240,1068,4961,799,474,216,2101,1371,27535,740,966,1217,2214,1862,1054,217,2100,3627,4775,2464,1560,1243,1189,2307,,,,,,,,,,,,,,,,,,,,,,,,,,,,,,,,,,,,,24333,6998,2060,3425,4566,7284,,,,,,
ACSSF,2019e1,nc,000,0056,0000096,19123,9106,1656,363,298,420,107,468,4237,1782,337,594,412,1112,3213,1070,230,913,342,658,10017,2488,854,463,149,390,632,5010,836,1309,961,1051,853,2519,354,354,156,1385,270,20440,889,1207,685,793,1158,901,93,3180,3238,3993,587,1428,479,371,1438,,,,,,,,,,,,,,,,,,,,,,,,,,,,,,,,,,,,,17799,4830,2419,3094,3627,3829,,,,,,
ACSSF,2019e1,nc,000,0056,0000097,15438,7366,1517,546,131,335,454,51,3820,1953,306,717,520,324,2029,870,68,180,468,443,8072,2041,596,208,364,565,308,4098,826,467,839,561,1405,1933,182,310,234,944,263,16227,597,263,371,1029,1308,1394,37,1602,2669,3636,532,1207,501,340,741,,,,,,,,,,,,,,,,,,,,,,,,,,,,,,,,,,,,,12861,3740,1392,1987,3060,2682,,,,,,
ACSSF,2019e1,nc,000,0056,0000098,14053,5764,901,417,0,55,0,429,3441,1732,235,696,128,650,1422,391,125,532,90,284,8289,1421,0,650,123,158,490,5360,1238,845,1109,1515,653,1508,268,355,100,779,6,14595,748,1066,9,355,1276,669,126,2336,2651,2670,399,724,456,320,790,2992,754,761,319,874,284,,,,,,,,,,,,,,,,,,,,,,,,,,,,,,,10563,3044,1449,2296,1633,2141,,,,,,
ACSSF,2019e1,nc,000,0056,0000099,18217,8013,2390,596,0,778,88,928,4156,1879,113,1324,133,707,1467,367,81,143,181,695,10204,2518,705,436,383,437,557,4924,1140,349,1174,1484,777,2762,119,213,604,1341,485,19666,945,746,309,830,1458,450,453,1363,4734,3820,801,1393,470,363,1531,5222,1098,189,1214,1524,1197,,,,,,,,,,,,,,,,,,,,,,,,,,,,,,,12178,3621,935,2899,1915,2808,,,,,,
ACSSF,2019e1,nc,000,0056,0000100,10971,3837,760,218,0,77,0,465,2251,658,423,835,38,297,826,224,40,244,163,155,7134,1677,172,759,12,387,347,2691,696,584,652,455,304,2766,223,125,401,1599,418,11846,220,417,278,413,633,420,9,2159,2498,2662,693,540,50,275,579,4807,415,840,903,1731,918,,,,,,,,,,,,,,,,,,,,,,,,,,,,,,,5005,1364,819,1038,857,927,,,,,,
ACSSF,2019e1,nc,000,0056,0000101,17711,8422,1993,666,68,450,0,809,3789,1922,88,722,195,862,2640,1216,459,600,229,136,9289,2963,713,70,250,717,1213,4580,1388,310,952,1116,814,1746,349,175,161,699,362,18983,1137,1966,306,784,1046,1329,149,1216,3325,3128,541,651,684,561,2160,3444,1481,23,599,657,684,,,,,,,,,,,,,,,,,,,,,,,,,,,,,,,13339,4544,1090,2190,2220,3295,,,,,,
ACSSF,2019e1,nc,000,0056,0000102,17080,6476,919,215,81,202,0,421,2703,1195,89,722,0,697,2854,1016,258,760,446,374,10604,2483,656,243,54,685,845,4950,1055,961,956,764,1214,3171,304,570,346,1349,602,17922,416,1037,415,554,1839,560,0,2424,3047,3277,591,1333,1201,489,739,1884,167,0,210,959,548,,,,,,,,,,,,,,,,,,,,,,,,,,,,,,,14509,3986,2136,2830,2274,3283,,,,,,
ACSSF,2019e1,nc,000,0056,0000103,17617,6876,1726,691,71,688,0,276,3149,1191,205,822,404,527,2001,508,276,749,184,284,10741,2432,551,278,402,483,718,5707,1365,807,1605,1019,911,2602,589,239,68,1341,365,18443,357,1241,163,1088,1120,901,257,2002,4491,3618,158,528,79,585,1855,5772,2103,217,1354,972,1126,,,,,,,,,,,,,,,,,,,,,,,,,,,,,,,10755,2611,1349,2468,2396,1931,,,,,,
ACSSF,2019e1,nc,000,0056,0000104,12146,5182,1026,257,0,233,42,494,2866,1463,159,643,211,390,1290,530,0,337,245,178,6964,1831,459,433,336,342,261,3082,340,543,1140,381,678,2051,205,300,113,740,693,13338,288,796,479,424,650,1074,103,1518,2832,2098,366,869,467,609,765,2278,399,104,756,200,819,,,,,,,,,,,,,,,,,,,,,,,,,,,,,,,9260,2569,1103,2046,1761,1781,,,,,,
ACSSF,2019e1,nc,000,0056,0000105,33450,13917,3828,1436,303,1349,37,703,7552,2838,760,1061,171,2722,2537,1230,136,352,234,585,19533,7643,1898,1050,1304,1482,1909,10247,3488,1405,1732,1834,1788,1643,335,339,138,371,460,36281,1697,2115,1427,1861,3889,1311,58,4658,6470,4462,680,1460,1755,337,4101,5559,1457,1069,1188,499,1346,,,,,,,,,,,,,,,,,,,,,,,,,,,,,,,26112,9211,2760,4481,3422,6238,,,,,,
ACSSF,2019e1,nc,000,0056,0000106,45620,22761,12730,6308,717,2328,162,3215,6779,3448,290,1048,0,1993,3252,1839,387,528,135,363,22859,12352,5215,980,2783,205,3169,7380,2393,658,1490,866,1973,3127,719,362,273,884,889,49940,1862,5081,2195,1991,4922,5428,421,3899,8699,2423,3169,1620,2746,2344,3140,5128,1813,1099,814,251,1151,,,,,,,2934,1974,0,622,137,201,,,,,,,,,,,,,,,,,,,35722,15356,2178,6668,1686,9834,,,,,,
ACSSF,2019e1,nc,000,0056,0000107,54085,24549,9185,3718,287,2193,297,2690,9434,4523,275,2468,123,2045,5930,3316,63,1350,150,1051,29536,12608,4334,1132,1832,1155,4155,11551,3778,905,1857,1086,3925,5377,1235,539,773,1379,1451,58564,3112,4628,1961,1928,5084,5475,433,3583,10835,4259,4084,2341,1944,5292,3605,8172,2527,213,1708,333,3391,,,,,,,1790,1068,273,312,0,137,,,,,,,,,,,,,,,,,,,40594,15611,2430,7976,3124,11453,2472,1014,201,330,733,194
ACSSF,2019e1,nc,000,0056,0000108,47753,21862,5583,2811,229,888,144,1511,13757,6122,1334,4151,624,1526,2522,615,43,929,477,458,25891,7970,1985,770,1204,912,3099,14829,4788,1379,3686,1164,3812,3092,973,913,43,695,468,51225,4503,3074,1244,2679,2988,3566,375,5437,11190,4486,1366,3197,1599,3293,2228,9708,4101,1626,1273,567,2141,,,,,,,,,,,,,,,,,,,,,,,,,,,,,,,33998,11802,2662,8822,3186,7526,2061,482,288,301,0,990
ACSSF,2019e1,nc,000,0056,0000109,34586,14453,5380,2891,250,766,119,1354,7126,2485,1372,1571,520,1178,1947,732,259,472,111,373,20133,6452,3450,584,463,370,1585,11807,2680,980,2980,1965,3202,1874,430,526,122,550,246,36472,1200,2799,1082,2878,2839,2229,632,3971,6564,3754,2152,1725,627,1216,2804,13629,3921,1736,3033,1399,3540,,,,,,,,,,,,,,,,,,,,,,,,,,,,,,,19247,8037,2056,3239,2117,3798,,,,,,
ACSSF,2019e1,nc,000,0056,0000110,35028,16124,4801,2615,258,836,156,936,8538,5012,242,1578,435,1271,2785,1053,132,698,326,576,18904,7082,3335,240,772,1170,1565,9621,3060,1049,1861,1233,2418,2201,557,138,284,989,233,37133,2097,2780,752,2267,2833,5359,232,2750,6275,4519,990,1324,1466,1058,2431,3768,1457,108,379,492,1332,,,,,,,,,,,,,,,,,,,,,,,,,,,,,,,28229,12821,1810,5066,3567,4965,,,,,,
ACSSF,2019e1,nc,000,0056,0000111,65281,33837,12372,8091,801,1829,40,1611,17794,9932,236,4774,490,2362,3671,1884,160,1082,237,308,31444,13109,6769,1381,2020,466,2473,15469,5983,2419,3139,1010,2918,2866,291,735,188,801,851,70296,7893,5857,3971,1847,3974,11271,480,6609,13302,3409,1839,1761,2053,2510,3520,5051,2553,748,758,369,623,,,,,,,16191,12111,830,1929,416,905,,,,,,,,,,,,,,,,,,,42525,17578,3951,10027,2169,8800,,,,,,
ACSSF,2019e1,nc,000,0056,0000112,62829,31591,9059,6009,687,614,337,1412,16945,10242,435,3201,520,2547,5587,3437,86,614,448,1002,31238,8793,3760,701,1450,717,2165,17357,6746,2035,3552,1063,3961,5088,1195,582,494,1432,1385,68766,5396,6089,2912,3646,5704,10011,666,5022,10530,4928,3234,3193,2030,2358,3047,3195,1119,153,824,137,962,,,,,,,10162,7470,1055,1054,0,583,,,,,,,,,,,,,,,,,,,47081,21681,3195,7816,4284,10105,,,,,,
ACSSF,2019e1,nc,000,0056,0000113,59316,28470,8321,5396,665,1171,54,1035,18012,10501,507,4558,318,2128,2137,1244,0,636,0,257,30846,9016,3240,1358,1541,1367,1510,18273,6092,2268,5334,1783,2796,3557,1028,214,88,1762,465,64235,7169,5352,2267,3331,3566,7622,405,5735,13982,5762,1652,1655,1230,2237,2270,3326,1642,647,522,122,393,,,,,,,8629,5571,399,1664,438,557,,,,,,,,,,,,,,,,,,,44024,18885,3468,10289,4482,6900,2378,753,319,853,112,341
ACSSF,2019e1,nc,000,0056,0000114,71158,31155,13102,9063,369,1656,170,1844,13803,7638,625,2193,485,2862,4250,2768,79,300,251,852,40003,17428,7897,2290,1758,656,4827,17156,6477,2233,2893,1637,3916,5419,876,966,94,2157,1326,78258,3897,9395,4629,6584,6617,6175,596,7350,9240,5394,6066,2662,2845,2933,3875,16807,6612,1112,2934,1495,4654,,,,,,,6723,4664,650,1049,177,183,,,,,,,,,,,,,,,,,,,42564,20525,4237,4605,3300,9897,,,,,,
ACSSF,2019e1,nc,000,0056,0000115,38873,15882,6029,3574,152,653,78,1572,5633,2349,561,787,128,1808,4220,2032,70,421,668,1029,22991,9782,4859,1520,536,102,2765,8649,3569,1404,943,392,2341,4560,960,881,339,821,1559,43104,2232,3915,2153,3087,5287,2109,404,4913,3887,2658,3541,2799,2142,1488,2489,10404,4604,1445,941,582,2832,,,,,,,,,,,,,,,,,,,,,,,,,,,,,,,25131,11135,2801,2569,1607,7019,,,,,,
ACSSF,2019e1,nc,000,0056,0000116,59092,28092,7679,4965,251,1040,0,1423,13769,7239,811,2528,260,2931,6644,3475,533,1228,193,1215,31000,10143,4431,1341,534,588,3249,15071,5572,1926,1670,1345,4558,5786,2024,843,260,995,1664,65705,3402,8638,3325,3120,7687,3550,616,6587,7413,3930,6475,3520,2584,2402,2456,3447,1538,102,571,228,1008,,,,,,,4525,3055,478,503,294,195,,,,,,,,,,,,,,,,,,,46798,20591,5022,5637,2635,12913,3548,2032,0,526,224,766
ACSSF,2019e1,nc,000,0056,0000117,34644,14051,2149,739,259,609,91,451,7193,4011,324,1252,232,1374,4709,2271,373,852,280,933,20593,5181,840,1114,1188,797,1242,9968,2657,1622,3038,1237,1414,5444,1282,481,931,1691,1059,37701,2082,3563,1019,1327,2459,1856,128,4466,8066,4717,1284,1682,1954,1512,1586,4830,496,1510,1338,1107,379,,,,,,,,,,,,,,,,,,,,,,,,,,,,,,,27305,10246,2396,5995,3085,5583,,,,,,
ACSSF,2019e1,nc,000,0056,0000118,29006,12064,3160,1916,82,139,89,934,6076,2075,179,1628,351,1843,2828,1134,110,616,216,752,16942,6076,2082,578,1569,596,1251,7209,1640,1099,1315,1513,1642,3657,535,635,417,1461,609,31148,1042,2875,1255,1032,2580,1100,359,2995,5917,4559,1133,1848,1065,771,2617,3902,930,243,1087,199,1443,,,,,,,,,,,,,,,,,,,,,,,,,,,,,,,22156,7084,2273,4050,3553,5196,,,,,,
ACSSF,2019e1,nc,000,0056,0000119,44764,19991,5279,1722,0,1774,178,1605,9936,4652,500,2394,116,2274,4776,1958,28,1163,185,1442,24773,7096,2831,362,908,867,2128,12382,2913,1119,1664,1677,5009,5295,736,385,1022,1695,1457,50247,1450,2610,2467,2872,4762,2545,546,3008,9404,5194,3342,3075,2741,2705,3526,7720,2870,447,899,1025,2479,,,,,,,2278,622,232,782,0,642,,,,,,,,,,,,,,,,,,,31945,10037,1590,6608,3420,10290,1924,1040,125,214,141,404
ACSSF,2019e1,nc,000,0056,0000120,22131,9541,4878,1870,307,758,46,1897,3115,1480,179,741,212,503,1548,672,0,324,333,219,12590,6141,1725,1965,804,642,1005,5329,877,1086,1126,402,1838,1120,259,49,0,303,509,24956,1518,367,325,1680,1754,1583,309,3888,4262,2014,836,848,1513,958,3101,8335,1333,1600,2205,1019,2178,,,,,,,3040,1894,553,354,64,175,,,,,,,,,,,,,,,,,,,9111,3251,970,1050,771,3069,,,,,,
ACSSF,2019e1,nc,000,0056,0000121,36095,15792,3747,1709,100,1422,10,506,8807,4030,730,2161,217,1669,3238,1770,277,884,66,241,20303,5864,1494,946,997,516,1911,11003,2558,1883,3234,1104,2224,3436,561,201,367,1242,1065,39091,1789,1906,1160,2096,2341,3297,349,4716,9672,3431,867,1274,1628,1968,2597,7349,1566,1352,2505,336,1590,,,,,,,1647,1010,32,401,71,133,,,,,,,,,,,,,,,,,,,25594,9021,2753,5590,2528,5702,,,,,,
ACSSF,2019e1,nc,000,0056,0000122,30073,13057,3341,1586,213,562,39,941,6768,2652,394,2567,0,1155,2948,1028,132,685,353,750,17016,6040,2169,874,996,364,1637,7932,1598,1214,2010,1334,1776,3044,731,484,351,1405,73,33665,1807,2119,1052,1271,2410,1896,467,3916,7356,3940,846,1142,1414,1627,2402,5182,848,853,1381,859,1241,,,,,,,1328,711,35,324,0,258,,,,,,,,,,,,,,,,,,,21760,7406,2328,5077,2607,4342,1196,529,35,258,0,374
ACSSF,2019e1,nc,000,0056,0000123,23981,10491,2359,735,51,815,73,685,5326,2113,224,939,569,1481,2806,1444,107,709,267,279,13490,2929,1048,346,95,169,1271,6853,1115,1363,1207,460,2708,3708,829,394,93,1505,887,25481,670,1075,1200,1237,2025,1278,302,2545,3918,3118,1798,1431,1296,2140,1448,5880,1162,915,915,1000,1888,,,,,,,,,,,,,,,,,,,,,,,,,,,,,,,16133,5446,1443,2825,1717,4702,,,,,,
ACSSF,2019e1,nc,000,0056,0000124,24104,10178,4195,1113,438,548,105,1991,4190,1415,286,973,383,1133,1793,649,34,525,92,493,13926,5427,1301,1432,1174,448,1072,6638,2431,717,1294,428,1768,1861,396,362,87,572,444,26237,607,1899,611,1496,2560,685,254,3419,4754,2147,1107,1758,1221,1006,2713,5769,2012,844,651,562,1700,,,,,,,,,,,,,,,,,,,,,,,,,,,,,,,15234,4025,1918,3475,1244,4572,,,,,,
ACSSF,2019e1,nc,000,0056,0000125,37790,17163,4143,1514,231,1054,362,982,9430,3944,588,3358,54,1486,3590,1422,218,1409,115,426,20627,6275,1468,665,1726,696,1720,10208,2280,2104,2554,992,2278,4144,603,933,509,1236,863,40559,2254,2369,924,1562,2574,2577,333,4813,10991,3674,1341,2267,1077,937,2866,2532,447,159,921,103,902,,,,,,,2177,1228,0,384,169,396,,,,,,,,,,,,,,,,,,,31402,9050,4156,8770,3106,6320,1425,424,327,460,77,137
ACSSF,2019e1,nc,000,0056,0000126,14915,6636,1253,371,71,439,45,327,2930,1079,391,807,147,506,2453,819,120,1037,194,283,8279,2198,638,105,403,432,620,4109,1088,1012,897,773,339,1972,229,420,208,878,237,16466,513,1514,713,688,701,648,46,2297,3850,2715,407,475,124,404,1371,,,,,,,,,,,,,,,,,,,,,,,,,,,,,,,,,,,,,14243,4172,1718,3791,2326,2236,,,,,,
ACSSF,2019e1,nc,000,0056,0000127,13571,5836,1609,395,111,421,59,623,2744,1045,209,683,169,638,1483,493,81,517,139,253,7735,2086,391,542,98,670,385,3508,295,696,1377,749,391,2141,378,205,0,1147,411,14820,292,427,287,514,636,1024,17,2161,3116,3329,117,644,452,617,1187,,,,,,,,,,,,,,,,,,,,,,,,,,,,,,,,,,,,,12691,2373,1844,3096,2933,2445,,,,,,
ACSSF,2019e1,nc,000,0056,0000128,18023,7441,1812,628,383,184,483,134,3241,1481,338,558,307,557,2388,825,450,217,178,718,10582,2431,331,587,421,613,479,5288,1078,1315,603,1327,965,2863,395,517,101,1106,744,19176,489,1673,554,817,598,696,174,3720,2291,4236,458,1454,136,492,1388,,,,,,,,,,,,,,,,,,,,,,,,,,,,,,,,,,,,,17454,4545,3402,2040,3950,3517,,,,,,
ACSSF,2019e1,nc,000,0056,0000129,43788,19878,6693,2079,190,447,189,3788,7402,3469,101,1386,187,2259,5783,2712,360,1434,480,797,23910,7986,2343,1338,711,820,2774,11316,3526,675,1709,969,4437,4608,1132,381,382,1855,858,48079,1000,3062,2060,3483,4083,1998,748,3863,6447,4778,3118,2641,3838,3225,3735,,,,,,,,,,,,,,,,,,,,,,,,,,,,,,,,,,,,,40098,14240,2611,5204,4020,14023,,,,,,
ACSSF,2019e1,nc,000,0056,0000130,34518,15809,3825,1442,180,619,84,1500,6773,3325,234,1652,374,1188,5211,2850,254,583,434,1090,18709,5677,1734,361,459,870,2253,8360,1962,1561,1153,1675,2009,4672,798,369,146,1767,1592,37456,1029,2538,2142,1777,3173,1750,764,3543,4711,5241,2043,2461,2651,1242,2391,,,,,,,,,,,,,,,,,,,,,,,,,,,,,,,,,,,,,32270,11804,2834,4396,5204,8032,,,,,,
ACSSF,2019e1,nc,000,0056,0000131,21830,9840,1600,369,49,183,151,848,4558,1474,198,1089,471,1326,3682,1222,148,791,407,1114,11990,3316,775,431,157,987,966,5300,961,680,1023,1645,991,3374,503,358,452,1565,496,23854,495,1464,516,1193,999,1324,44,2052,3983,5408,1021,1593,1047,424,2291,,,,,,,,,,,,,,,,,,,,,,,,,,,,,,,,,,,,,19642,4970,1722,3173,5020,4757,,,,,,
ACSSF,2019e1,nc,000,0056,0000132,19669,8857,736,365,0,167,0,204,3245,1485,376,740,221,423,4876,1691,421,1316,792,656,10812,1904,104,543,376,456,425,4150,972,640,616,784,1138,4758,762,419,500,2219,858,21560,749,1078,518,631,1260,1504,115,2542,4042,4569,726,1303,1005,291,1227,,,,,,,,,,,,,,,,,,,,,,,,,,,,,,,,,,,,,18477,5178,1894,3319,4472,3614,,,,,,
ACSSF,2019e1,nc,000,0056,0000133,35595,16396,2614,684,43,811,212,864,5678,2366,489,1216,236,1371,8104,3311,376,1940,836,1641,19199,3434,1293,473,272,474,922,8503,1947,845,1515,1477,2719,7262,735,1011,680,2500,2336,38473,1143,1912,682,2123,2677,2281,617,3681,6623,5770,1904,2141,2545,1670,2704,,,,,,,,,,,,,,,,,,,,,,,,,,,,,,,,,,,,,33476,9730,2979,5631,5450,9686,,,,,,
ACSSF,2019e1,nc,000,0056,0000134,21749,9823,851,243,45,268,151,144,4952,2125,262,1742,150,673,4020,1550,265,807,318,1080,11926,2356,796,348,77,462,673,5396,805,1072,742,1588,1189,4174,523,624,445,1086,1496,24039,455,1130,656,945,2286,1081,16,2845,4367,4280,528,1711,1236,707,1796,,,,,,,,,,,,,,,,,,,,,,,,,,,,,,,,,,,,,19891,5712,2616,3414,3700,4449,,,,,,
ACSSF,2019e1,nc,000,0056,0000135,21389,8999,2446,492,291,755,41,867,4332,1170,352,2047,166,597,2221,1224,92,450,296,159,12390,3794,603,1341,162,408,1280,5866,1501,948,1429,1002,986,2730,200,181,169,1371,809,22971,330,1325,329,833,1579,1291,0,3587,5115,3491,419,1325,1001,834,1512,,,,,,,,,,,,,,,,,,,,,,,,,,,,,,,,,,,,,18942,4392,2591,4560,3111,4288,,,,,,
ACSSF,2019e1,nc,000,0056,0000136,26017,12092,3245,1377,422,318,88,1040,5228,1435,372,1822,234,1365,3619,1693,87,791,416,632,13925,3941,754,665,461,940,1121,7047,1391,900,1811,1244,1701,2937,495,936,150,1110,246,28045,703,1192,888,2341,938,1514,215,3483,5911,4079,854,1516,764,544,3103,,,,,,,,,,,,,,,,,,,,,,,,,,,,,,,,,,,,,21803,5943,3382,4301,3213,4964,,,,,,
ACSSF,2019e1,nc,000,0056,0000137,36914,17612,5237,2379,247,806,185,1620,9850,4399,649,2944,370,1488,2525,774,123,753,512,363,19302,6192,1213,1145,1497,885,1452,10364,2282,1461,2278,1694,2649,2746,595,237,386,1088,440,39881,1607,2594,833,2047,1557,3807,216,4366,9125,4734,1733,1417,989,2070,2786,,,,,,,,,,,,,,,,,,,,,,,,,,,,,,,,,,,,,30732,8442,3368,7456,4291,7175,,,,,,
ACSSF,2019e1,nc,000,0056,0000138,14453,6205,2015,652,98,737,116,412,2882,532,224,1253,130,743,1308,345,37,584,160,182,8248,2845,887,232,749,338,639,4045,867,381,1348,631,818,1358,135,437,49,420,317,15428,611,323,73,645,1101,889,60,1662,4860,1806,351,799,222,190,1836,1447,365,84,413,55,530,,,,,,,,,,,,,,,,,,,,,,,,,,,,,,,11133,2816,1291,3028,1698,2300,,,,,,
ACSSF,2019e1,nc,000,0056,0000139,22395,10183,2540,893,89,792,38,728,5210,1348,388,1517,218,1739,2433,623,364,811,257,378,12212,4278,1090,812,616,177,1583,6115,1088,824,1487,1640,1076,1819,290,238,227,912,152,23928,439,1194,602,1567,695,821,449,2781,5620,3637,1237,1070,928,967,1921,4260,745,1116,713,572,1114,,,,,,,,,,,,,,,,,,,,,,,,,,,,,,,16652,4111,1295,4187,2670,4389,,,,,,
ACSSF,2019e1,nc,000,0056,0000140,40552,20102,11560,5593,384,3910,356,1317,6969,2075,252,2566,388,1688,1573,839,99,118,102,415,20450,12448,3538,1190,3460,773,3487,6180,1512,290,1667,769,1942,1822,599,150,92,675,306,44590,2957,2824,681,2415,3704,2499,432,2665,12271,3479,3143,1574,1642,2368,1936,6004,2182,608,1689,744,781,,,,,,,,,,,,,,,,,,,,,,,,,,,,,,,29577,9057,1575,8835,2275,7835,1177,579,56,284,32,226
ACSSF,2019e1,nc,000,0056,0000141,19461,8021,2992,1268,0,975,0,749,3670,1534,89,878,177,992,1359,537,0,424,100,298,11440,4404,1087,608,761,558,1390,5708,1000,608,1512,1019,1569,1328,339,20,229,390,350,20346,498,912,643,770,1248,1326,609,1513,5168,2244,679,965,634,1114,2023,13436,3575,1025,3294,1871,3671,,,,,,,1186,348,121,317,209,191,,,,,,,,,,,,,,,,,,,3599,1359,179,786,164,1111,,,,,,
ACSSF,2019e1,nc,000,0056,0000142,22247,9438,4544,3375,0,626,41,502,3515,1293,172,1778,53,219,1379,621,34,285,195,244,12809,5620,2473,213,1006,259,1669,4978,590,517,1883,1223,765,2211,409,486,299,604,413,23734,3712,844,729,770,1342,1919,0,1568,6119,2415,845,538,471,520,1942,8823,1643,625,3593,1086,1876,,,,,,,,,,,,,,,,,,,,,,,,,,,,,,,8169,2895,797,1749,1289,1439,,,,,,
ACSSF,2019e1,nc,000,0056,0000143,75387,36310,10504,4551,242,2874,145,2692,19329,8279,941,6471,217,3421,6477,2833,254,1853,454,1083,39077,12292,3386,1232,2998,697,3979,20149,7191,1553,4650,2031,4724,6636,1563,1258,414,1833,1568,81588,2978,3094,2454,3890,10177,6799,971,6011,20502,5647,3208,4149,2235,4896,4577,4677,1738,812,926,95,1106,,,,,,,4760,3097,118,606,125,814,,,,,,,,,,,,,,,,,,,62224,21255,4353,17254,4986,14376,1970,1002,89,153,171,555
ACSSF,2019e1,nc,000,0056,0000144,41605,20281,11027,4849,507,3747,119,1805,7568,2598,224,2470,562,1714,1686,738,129,96,158,565,21324,11382,3623,665,3445,704,2945,8147,2133,452,2506,644,2412,1795,397,79,147,669,503,45867,1943,2344,1345,2651,5027,2867,95,2522,12748,2967,2065,2604,2335,2190,2164,5622,1813,546,1795,216,1252,,,,,,,2315,1682,100,285,64,184,,,,,,,,,,,,,,,,,,,29090,9594,1220,8651,1921,7704,3752,603,190,1421,655,883
ACSSF,2019e1,nc,000,0056,0000145,56561,26576,7209,3318,251,2065,357,1218,15126,5834,1858,4036,817,2581,4241,1271,404,1401,299,866,29985,9199,2106,1932,1843,517,2801,16181,3895,2070,5011,1363,3842,4605,1262,828,866,901,748,61380,3516,3189,1182,2096,4792,4614,346,7859,15615,4507,2102,3079,2321,3509,2653,9113,2804,1524,2635,447,1703,,,,,,,2296,1298,244,347,0,407,,,,,,,,,,,,,,,,,,,42026,12306,5055,11324,3709,9632,,,,,,
ACSSF,2019e1,nc,000,0056,0000146,38313,18116,6692,3343,409,881,0,2059,9181,3163,988,3401,238,1391,2243,635,0,543,281,784,20197,8494,2916,1371,1828,832,1547,10073,3067,737,2668,1482,2119,1630,554,92,67,435,482,40184,3634,2491,948,2142,2865,2123,179,3800,9857,3627,1398,1090,894,1776,3360,13997,4232,1343,4024,1281,3117,,,,,,,3061,1665,644,442,42,268,,,,,,,,,,,,,,,,,,,19091,6927,1331,4227,1905,4701,1508,287,279,748,40,154
ACSSF,2019e1,nc,000,0056,0000147,49469,23204,7934,3451,498,1210,96,2679,12569,5273,967,3361,151,2817,2701,1057,561,742,96,245,26265,11267,3406,1421,3423,1398,1619,12040,2840,721,4011,1342,3126,2958,327,678,209,732,1012,52370,2062,1296,850,2603,4679,5783,487,4886,13177,3815,1755,1931,3269,2446,3331,10851,2698,574,3180,1010,3389,,,,,,,6810,4243,879,720,131,837,,,,,,,,,,,,,,,,,,,28732,8494,2895,7934,2506,6903,2321,509,447,856,168,341
ACSSF,2019e1,nc,000,0056,0000148,39581,18548,6790,3031,251,789,194,2525,9317,5002,558,1939,265,1553,2441,1120,212,336,107,666,21033,8651,2267,805,1840,1168,2571,10265,1917,2139,2318,1140,2751,2117,823,80,0,608,606,42676,2016,3264,2421,1854,3022,3248,99,4311,7461,3608,1244,2530,2170,2181,3247,4992,1552,49,919,0,2472,,,,,,,,,,,,,,,,,,,,,,,,,,,,,,,28035,9521,3120,4672,3393,7329,,,,,,
ACSSF,2019e1,nc,000,0056,0000149,17789,6845,1461,611,125,590,0,135,3499,1234,425,967,47,826,1885,554,0,439,277,615,10944,4309,811,1332,646,417,1103,5252,500,831,1652,835,1434,1383,60,326,328,492,177,19064,613,434,309,594,718,978,512,3232,4725,2337,382,1313,688,624,1605,,,,,,,,,,,,,,,,,,,,,,,,,,,,,,,,,,,,,14078,2289,2061,4042,2068,3618,,,,,,
ACSSF,2019e1,nc,000,0056,0000150,17979,8058,1439,290,330,92,0,727,4563,2104,859,693,112,795,2056,519,209,753,221,354,9921,2821,776,74,678,139,1154,5452,1483,978,1095,1049,847,1648,280,325,157,539,347,19119,901,948,225,840,2132,885,39,2845,3468,2295,246,1110,575,391,2219,2612,730,395,926,108,453,,,,,,,,,,,,,,,,,,,,,,,,,,,,,,,13861,3989,1921,2425,1952,3574,,,,,,
ACSSF,2019e1,nc,000,0056,0000151,22738,10513,2527,1001,339,354,52,781,4891,1665,477,1326,565,858,3095,1232,93,990,600,180,12225,3787,706,677,749,1308,347,6698,1720,1223,1375,1158,1222,1740,233,89,189,866,363,25326,920,1606,929,1147,1700,1172,205,3260,5262,4881,797,565,543,617,1722,,,,,,,,,,,,,,,,,,,,,,,,,,,,,,,,,,,,,19653,5968,2255,4127,4177,3126,,,,,,
ACSSF,2019e1,nc,000,0056,0000152,14977,6178,1586,570,88,0,69,859,2229,753,46,174,171,1085,2363,703,0,399,348,913,8799,2407,443,669,655,315,325,3500,591,479,938,642,850,2892,377,312,88,1479,636,16818,376,900,483,848,726,570,0,2092,2254,3024,725,2514,738,308,1260,,,,,,,,,,,,,,,,,,,,,,,,,,,,,,,,,,,,,12295,3010,1518,1625,2776,3366,,,,,,
ACSSF,2019e1,nc,000,0056,0000153,32457,15823,4993,2173,446,1276,11,1087,5320,1763,232,1698,14,1613,5510,2927,225,781,416,1161,16634,5025,1256,1072,514,230,1953,6687,2636,913,1395,637,1106,4922,816,496,593,1368,1649,34708,1601,2230,1993,1369,3021,1941,364,3769,6367,2848,1517,2457,549,1712,2970,3606,836,202,1195,108,1265,,,,,,,,,,,,,,,,,,,,,,,,,,,,,,,26144,9248,2386,5004,2486,7020,1175,554,255,0,82,284
ACSSF,2019e1,nc,000,0056,0000154,21234,10202,3903,1261,192,821,194,1435,5269,1978,178,1974,98,1041,1030,330,31,281,179,209,11032,4665,789,1171,876,355,1474,5079,1144,425,878,1716,916,1288,240,67,50,471,460,22395,532,1237,481,1067,1551,788,261,2364,5048,3079,606,942,1023,789,2627,3589,1196,137,442,995,819,,,,,,,,,,,,,,,,,,,,,,,,,,,,,,,14646,3592,1733,3200,1772,4349,2289,670,157,1103,163,196
ACSSF,2019e1,nc,000,0056,0000155,12828,4252,1163,743,0,22,168,230,1957,988,87,351,82,449,1132,457,205,251,44,175,8576,2056,162,168,727,580,419,4572,1242,892,724,699,1015,1948,198,114,64,1410,162,13714,326,1053,380,352,1229,457,162,1543,2241,3265,196,488,163,295,1564,2707,885,355,319,597,551,,,,,,,,,,,,,,,,,,,,,,,,,,,,,,,9214,2549,1056,1590,2333,1686,,,,,,
ACSSF,2019e1,nc,000,0056,0000156,14582,6374,1373,729,0,137,205,302,2778,995,186,663,238,696,2223,857,95,804,189,278,8208,2585,338,491,564,331,861,3907,1166,337,497,891,1016,1716,262,131,204,746,373,15858,583,734,377,1329,1209,461,9,1277,3153,2718,330,1055,220,480,1923,2739,1248,206,442,335,508,,,,,,,,,,,,,,,,,,,,,,,,,,,,,,,10032,2390,1034,2143,1896,2569,,,,,,
ACSSF,2019e1,nc,000,0056,0000157,13812,5612,1758,353,252,612,62,479,2122,444,137,775,0,766,1732,566,0,321,468,377,8200,2665,599,317,44,809,896,4251,716,1239,789,1184,323,1284,261,59,119,772,73,14873,321,446,429,891,669,562,55,2078,2675,3567,342,775,879,0,1184,1998,397,589,181,262,569,,,,,,,,,,,,,,,,,,,,,,,,,,,,,,,9719,2203,1048,1882,2497,2089,,,,,,
ACSSF,2019e1,nc,000,0056,0000158,35957,16494,5642,2721,451,902,421,1147,7887,3203,866,1423,174,2221,2965,1147,370,607,428,413,19463,6979,1602,1543,1241,695,1898,8790,1555,1642,1565,1824,2204,3694,868,450,116,1674,586,38575,1032,3714,1948,1601,2307,1313,113,6129,6030,5287,619,1200,2153,1384,3745,6696,2506,916,1090,758,1426,,,,,,,,,,,,,,,,,,,,,,,,,,,,,,,26636,7628,3954,4322,4340,6392,,,,,,
ACSSF,2019e1,nc,000,0056,0000159,14873,7396,1957,853,141,34,440,489,2748,1542,104,324,184,594,2691,1548,43,612,191,297,7477,1880,318,184,492,387,499,3247,846,441,494,772,694,2350,263,0,352,1051,684,15863,477,539,698,580,1197,1958,199,992,2380,3138,309,1291,309,368,1428,,,,,,,,,,,,,,,,,,,,,,,,,,,,,,,,,,,,,12833,4963,854,1623,2421,2972,,,,,,
ACSSF,2019e1,nc,000,0056,0000160,26040,11617,1824,974,0,479,12,359,4769,2552,217,510,269,1221,5024,2186,122,1149,595,972,14423,3395,897,567,251,909,771,6427,1937,1129,874,1423,1064,4601,1030,525,468,1553,1025,28317,1190,2325,1671,1724,1873,1872,171,2834,3912,4870,1099,1306,750,851,1869,,,,,,,,,,,,,,,,,,,,,,,,,,,,,,,,,,,,,23844,8953,2394,3522,4186,4789,,,,,,
ACSSF,2019e1,nc,000,0056,0000161,20052,9344,4405,2164,242,296,146,1557,3421,1559,226,565,176,895,1518,619,188,187,290,234,10708,3964,872,780,710,478,1124,5249,1737,970,974,1117,451,1495,395,435,69,140,456,22369,1026,692,625,1742,2623,1177,307,2841,2865,2680,956,1771,460,427,2177,3566,1135,644,366,73,1348,,,,,,,,,,,,,,,,,,,,,,,,,,,,,,,14222,5211,1640,2244,2196,2931,,,,,,
ACSSF,2019e1,nc,000,0056,0000162,31893,14281,3653,1801,327,509,129,887,7034,2128,395,2221,293,1997,3594,1058,77,1263,352,844,17612,4133,607,201,1405,863,1057,9750,1638,1680,2071,2175,2186,3729,941,377,0,1746,665,33908,1472,1368,974,1728,1692,1753,0,3401,7482,5650,1184,2370,1335,1273,2226,,,,,,,,,,,,,,,,,,,,,,,,,,,,,,,,,,,,,28136,7532,2818,6418,4828,6540,,,,,,
ACSSF,2019e1,nc,000,0056,0000163,49083,19674,4707,1921,376,731,171,1508,9035,3721,305,3289,243,1477,5932,2277,347,1710,453,1145,29409,8880,3288,1158,1042,901,2491,14437,5231,1348,3045,1550,3263,6092,1462,507,388,2164,1571,52039,1393,4112,1700,3308,5375,2835,515,4384,10724,5610,2618,1845,1924,2423,3273,,,,,,,,,,,,,,,,,,,,,,,,,,,,,,,,,,,,,43775,15892,3365,9683,4651,10184,,,,,,
ACSSF,2019e1,nc,000,0056,0000164,37831,18644,2584,584,0,754,117,1129,5403,1720,479,2051,475,678,10657,3866,429,3391,1061,1910,19187,3356,960,191,378,1007,820,8125,1955,1098,2013,1819,1240,7706,1823,950,904,2737,1292,40714,1130,1481,1307,1916,3054,2594,198,3414,9972,7706,1271,1395,704,1822,2750,2103,219,244,665,315,660,,,,,,,,,,,,,,,,,,,,,,,,,,,,,,,33965,10185,2903,7947,6788,6142,,,,,,
ACSSF,2019e1,nc,000,0056,0000165,12330,4278,578,155,72,59,84,208,2569,1043,353,441,162,570,1131,165,0,291,321,354,8052,1990,591,588,44,613,154,3960,357,691,799,1239,874,2102,0,253,113,1393,343,12673,223,390,559,270,539,422,18,2068,1747,3898,233,483,569,82,1172,2832,401,570,330,1044,487,,,,,,,,,,,,,,,,,,,,,,,,,,,,,,,8401,1510,1181,1372,2557,1781,,,,,,
ACSSF,2019e1,nc,000,0056,0000166,18194,6510,1886,469,150,331,395,541,2920,1104,296,887,107,526,1704,697,194,343,0,470,11684,4621,1715,883,565,491,967,4649,811,571,1114,1198,955,2414,288,75,497,971,583,19581,665,1227,577,934,1629,366,146,2205,4066,3252,634,1300,347,319,1914,5887,1758,445,1011,1264,1409,,,,,,,1166,265,332,229,0,340,,,,,,,,,,,,,,,,,,,8647,2211,1137,2121,1320,1858,1624,495,131,219,429,350
ACSSF,2019e1,nc,000,0056,0000167,14961,6550,2674,1080,94,449,48,1003,3076,1145,79,849,282,721,800,351,16,74,78,281,8411,2632,841,336,602,250,603,4469,678,1015,891,982,903,1310,72,488,181,402,167,16462,641,494,347,850,1648,463,143,2127,3109,2201,249,1073,161,493,2463,3868,971,277,764,742,1114,,,,,,,,,,,,,,,,,,,,,,,,,,,,,,,9745,2974,1457,1759,1279,2276,,,,,,
ACSSF,2019e1,nc,000,0056,0000168,18684,8344,2445,1158,0,419,212,656,4193,1609,354,720,149,1361,1706,507,0,443,152,604,10340,4215,1276,683,562,433,1261,4420,1030,721,987,725,957,1705,118,60,476,651,400,19842,646,891,849,1261,1472,726,118,1993,3888,2322,855,1324,580,384,2533,7729,1782,542,1906,1211,2288,,,,,,,,,,,,,,,,,,,,,,,,,733,285,0,115,0,333,7553,2355,1013,1270,911,2004,,,,,,
ACSSF,2019e1,nc,000,0056,0000169,11984,4873,1202,399,93,93,122,495,2039,441,171,292,448,687,1632,363,0,853,141,275,7111,1673,499,580,0,411,183,3712,909,374,761,1227,441,1726,188,196,42,1274,26,12384,431,364,515,555,775,183,184,1493,2041,3630,41,465,414,96,1197,2427,705,165,426,589,542,4531,1123,577,679,1398,754,,,,,,,,,,,,,,,,,,,,,,,,,4249,677,522,870,1636,544,,,,,,
ACSSF,2019e1,nc,000,0056,0000170,14969,6254,1290,224,58,434,36,538,3259,1131,114,812,791,411,1705,624,97,152,493,339,8715,3148,1274,809,164,461,440,4112,812,467,284,1386,1163,1455,137,400,0,800,118,15910,928,581,291,782,1083,733,0,2127,1972,4167,178,977,349,238,1504,3057,858,233,505,630,831,,,,,,,,,,,,,,,,,,,,,,,,,,,,,,,10124,2770,1575,1205,3144,1430,,,,,,
ACSSF,2019e1,nc,000,0056,0000171,14496,7063,1970,476,78,390,0,1026,2941,1529,132,753,107,420,2152,1072,0,550,73,457,7433,2016,781,449,202,306,278,3481,925,691,691,666,508,1936,255,270,116,459,836,15308,783,1073,338,942,1448,811,194,1666,2702,1707,408,947,204,186,1899,2489,642,177,294,52,1324,,,,,,,,,,,,,,,,,,,,,,,,,,,,,,,11132,4051,1378,2151,1511,2041,,,,,,
ACSSF,2019e1,nc,000,0056,0000172,46356,22997,4782,2629,99,876,167,1011,14775,5564,842,5307,443,2619,3440,1114,134,1020,489,683,23359,6403,1544,895,1622,1309,1033,14909,3693,2067,4346,2360,2443,2047,243,325,349,545,585,49721,2492,2158,1731,2786,3342,3077,256,4719,14125,5633,1331,1579,1289,2471,2732,3225,1023,241,1094,274,593,,,,,,,3296,1989,292,918,97,0,,,,,,,,,,,,,,,,,,,37135,10829,3605,10595,4597,7509,1875,454,224,686,271,240
ACSSF,2019e1,nc,000,0056,0000173,49748,20049,5869,2207,216,1061,655,1730,9970,3823,729,2380,538,2500,4210,1555,210,860,230,1355,29699,10997,3672,1878,1729,1063,2655,13273,2501,2163,2978,2889,2742,5429,478,623,1154,2024,1150,53438,1844,2586,1773,2861,4202,1555,383,6129,10835,7648,1738,3459,1071,1020,6334,17484,4511,1264,3681,3217,4811,,,,,,,2368,726,509,408,69,656,,,,,,,1266,314,24,301,366,261,1893,718,255,373,149,398,24107,6889,3478,4922,3383,5435,4057,1583,357,628,581,908
ACSSF,2019e1,nc,000,0056,0000174,35957,16494,5642,2721,451,902,421,1147,7887,3203,866,1423,174,2221,2965,1147,370,607,428,413,19463,6979,1602,1543,1241,695,1898,8790,1555,1642,1565,1824,2204,3694,868,450,116,1674,586,38575,1032,3714,1948,1601,2307,1313,113,6129,6030,5287,619,1200,2153,1384,3745,6696,2506,916,1090,758,1426,,,,,,,,,,,,,,,,,,,,,,,,,,,,,,,26636,7628,3954,4322,4340,6392,,,,,,
ACSSF,2019e1,nc,000,0056,0000175,28937,11995,3160,1916,82,139,89,934,6076,2075,179,1628,351,1843,2759,1134,41,616,216,752,16942,6076,2082,578,1569,596,1251,7209,1640,1099,1315,1513,1642,3657,535,635,417,1461,609,31079,1042,2875,1255,1032,2580,1100,359,2926,5917,4559,1133,1848,1065,771,2617,3902,930,243,1087,199,1443,,,,,,,,,,,,,,,,,,,,,,,,,,,,,,,22087,7084,2204,4050,3553,5196,,,,,,
ACSSF,2019e1,nc,000,0056,0000176,37831,18644,2584,584,0,754,117,1129,5403,1720,479,2051,475,678,10657,3866,429,3391,1061,1910,19187,3356,960,191,378,1007,820,8125,1955,1098,2013,1819,1240,7706,1823,950,904,2737,1292,40714,1130,1481,1307,1916,3054,2594,198,3414,9972,7706,1271,1395,704,1822,2750,2103,219,244,665,315,660,,,,,,,,,,,,,,,,,,,,,,,,,,,,,,,33965,10185,2903,7947,6788,6142,,,,,,
ACSSF,2019e1,nc,000,0056,0000177,58792,26503,7178,2577,370,795,273,3163,10120,5213,234,2347,476,1850,9205,4652,526,1692,875,1460,32289,9853,2821,1054,1147,1484,3347,14666,4046,2129,2464,2405,3622,7770,1646,647,380,3222,1875,63869,1385,4231,3510,3838,5372,3183,1077,5941,9004,9004,2800,3389,3520,2687,4928,1939,223,63,436,255,962,,,,,,,,,,,,,,,,,,,,,,,,,,,,,,,53939,20021,4585,7820,8326,13187,,,,,,
ACSSF,2019e1,nc,000,0056,0000178,12480,5422,1306,430,269,0,483,124,2416,959,338,275,307,537,1700,440,285,164,147,664,7058,1380,221,283,0,475,401,3748,669,902,603,835,739,1930,265,412,60,599,594,13118,360,1215,131,473,464,604,0,2518,1102,2997,352,1283,136,363,1120,,,,,,,,,,,,,,,,,,,,,,,,,,,,,,,,,,,,,12081,2791,2427,1102,2782,2979,,,,,,
ACSSF,2019e1,nc,000,0056,0000179,46256,20026,6140,3326,314,970,194,1336,10935,5646,800,2182,265,2042,2951,1295,212,443,241,760,26230,11329,2530,1970,2365,1106,3358,12466,2283,2281,3179,1315,3408,2435,797,241,116,675,606,49609,2397,3371,2526,2123,3007,3891,441,6048,9471,4005,1242,3027,1663,2611,3786,5458,2257,471,1053,0,1677,,,,,,,,,,,,,,,,,,,,,,,,,,,,,,,32687,10071,3915,6125,3796,8780,,,,,,
ACSSF,2019e1,nc,000,0056,0000180,9980,4202,1245,395,111,127,40,572,1827,600,110,551,120,446,1130,332,81,424,40,253,5778,1677,374,412,67,474,350,2598,107,633,912,716,230,1503,317,154,0,800,232,11153,130,410,109,319,505,835,0,1818,2101,2586,68,564,452,617,639,,,,,,,,,,,,,,,,,,,,,,,,,,,,,,,,,,,,,9326,1727,1501,2081,2190,1827,,,,,,
ACSSF,2019e1,nc,000,0056,0000181,16119,7704,1657,921,0,388,12,336,3035,1410,156,284,197,988,3012,1161,74,738,390,649,8415,2322,741,172,128,631,650,3759,1466,442,547,544,760,2334,439,315,330,740,510,18155,838,1544,1114,1360,1413,899,171,1334,2596,2578,680,845,618,769,1396,,,,,,,,,,,,,,,,,,,,,,,,,,,,,,,,,,,,,14603,5591,1058,2206,2375,3373,,,,,,
ACSSF,2019e1,nc,000,0056,0000182,17098,8317,2192,554,388,228,88,934,3713,1062,329,1186,191,945,2412,1123,38,702,267,282,8781,2715,499,445,422,674,675,3885,1056,487,1130,609,603,2181,370,668,150,940,53,18376,627,845,609,1358,446,1177,137,2406,4192,2816,259,1103,397,189,1815,,,,,,,,,,,,,,,,,,,,,,,,,,,,,,,,,,,,,13995,3718,2355,2896,2482,2544,,,,,,
ACSSF,2019e1,nc,000,0056,0000183,39891,19182,5866,3718,251,785,0,1112,8498,4732,607,1249,0,1910,4818,2642,494,820,129,733,20709,7130,3527,507,105,366,2625,9585,3624,1373,884,499,3205,3994,1658,312,75,701,1248,44623,2373,6088,2999,1668,5613,2551,537,4053,3945,2047,4693,2929,1862,1599,1666,,,,,,,,,,,,,3758,2524,352,393,294,195,,,,,,,,,,,,,,,,,,,31491,14405,3089,3305,1237,9455,,,,,,
ACSSF,2019e1,nc,000,0056,0000184,24223,9805,1173,423,218,273,0,259,4917,2950,126,696,232,913,3715,1892,373,634,96,720,14418,3445,680,915,826,141,883,6908,2297,1011,1607,822,1171,4065,1029,353,742,973,968,26788,1562,3049,868,1104,1935,1160,86,3267,4974,2589,963,1160,1815,1461,795,,,,,,,,,,,,,,,,,,,,,,,,,,,,,,,,,,,,,19363,7952,1560,3658,1766,4427,,,,,,
ACSSF,2019e1,nc,000,0056,0000185,12451,5268,861,240,70,224,0,327,2742,721,161,1266,109,485,1665,639,245,362,107,312,7183,2262,165,1026,2,359,710,3176,535,388,532,900,821,1745,210,266,118,673,478,13705,256,250,77,940,732,407,0,2441,2722,2444,396,1166,601,452,821,,,,,,,,,,,,,,,,,,,,,,,,,,,,,,,,,,,,,10504,2322,1637,2009,1936,2600,,,,,,
ACSSF,2019e1,nc,000,0056,0000186,19327,8863,2295,955,339,268,52,681,3942,1282,477,1158,486,539,2626,1172,93,810,504,47,10464,3435,706,677,749,956,347,5572,1521,1000,1130,1031,890,1457,165,89,189,730,284,21488,920,1384,929,1004,1312,1084,205,2958,4556,4013,591,269,489,569,1205,,,,,,,,,,,,,,,,,,,,,,,,,,,,,,,,,,,,,17040,5280,2136,3755,3627,2242,,,,,,
ACSSF,2019e1,nc,000,0056,0000187,110031,47037,19131,12637,521,2309,248,3416,19436,9987,1186,2980,613,4670,8470,4800,149,721,919,1881,62994,27210,12756,3810,2294,758,7592,25805,10046,3637,3836,2029,6257,9979,1836,1847,433,2978,2885,121362,6129,13310,6782,9671,11904,8284,1000,12263,13127,8052,9607,5461,4987,4421,6364,27211,11216,2557,3875,2077,7486,,,,,,,7868,5346,769,1049,177,527,,,,,,,,,,,,,3237,1543,342,98,132,1122,67695,31660,7038,7174,4907,16916,3734,2321,116,377,252,668
ACSSF,2019e1,nc,000,0056,0000188,85875,37832,10697,3362,720,2417,540,3658,18946,7472,1098,5270,1006,4100,8189,3515,359,2643,474,1198,48043,14631,3817,2443,2995,1313,4063,23699,5826,4184,5055,1880,6754,9713,1828,1689,689,3313,2194,92277,3531,5343,2735,4295,7159,4540,889,10777,19663,8939,4246,5456,3594,4083,7027,14181,3621,1918,2487,1665,4490,,,,,,,4493,2390,466,776,211,650,,,,,,,,,,,,,1255,409,194,158,0,494,62769,18521,7517,15070,6067,15594,3320,1055,327,578,475,885
ACSSF,2019e1,nc,000,0056,0000189,10770,4665,1127,280,0,249,88,510,2778,1278,113,936,133,318,760,299,68,0,0,393,6105,1725,663,250,99,181,532,2843,906,349,753,453,382,1537,119,110,238,670,400,11667,789,476,156,668,1328,364,72,1061,2465,1525,402,1012,270,276,803,,,,,,,,,,,,,,,,,,,,,,,,,,,,,,,,,,,,,8723,3281,741,1687,981,2033,,,,,,
ACSSF,2019e1,nc,000,0056,0000190,36848,16388,4555,1545,187,1529,154,1140,8092,1880,612,2770,348,2482,3741,968,401,1395,417,560,20460,7123,1977,1044,1365,515,2222,10160,1955,1205,2835,2271,1894,3177,425,675,276,1332,469,39356,1050,1517,675,2212,1796,1710,509,4443,10480,5443,1588,1869,1150,1157,3757,5707,1110,1200,1126,627,1644,,,,,,,,,,,,,,,,,,,,,,,,,,,,,,,27785,6927,2586,7215,4368,6689,,,,,,
ACSSF,2019e1,nc,000,0056,0000191,133063,58381,17245,6887,620,4516,273,4949,28626,12814,1803,7863,545,5601,12510,5428,437,3056,937,2652,74682,25141,8219,4147,3705,2389,6681,36646,7946,5302,8034,4517,10847,12895,2287,1119,1740,4645,3104,147959,6564,7002,5004,7919,11267,9321,1671,15528,30694,14579,5891,6339,7296,7258,11626,28586,6617,4252,6990,3239,7488,,,,,,,8293,4237,852,1861,135,1208,,,,,,,,,,,,,1916,673,258,281,279,425,88410,29715,7641,18325,9326,23403,5411,2401,365,1076,361,1208
ACSSF,2019e1,nc,000,0056,0000192,21234,10202,3903,1261,192,821,194,1435,5269,1978,178,1974,98,1041,1030,330,31,281,179,209,11032,4665,789,1171,876,355,1474,5079,1144,425,878,1716,916,1288,240,67,50,471,460,22395,532,1237,481,1067,1551,788,261,2364,5048,3079,606,942,1023,789,2627,3589,1196,137,442,995,819,,,,,,,,,,,,,,,,,,,,,,,,,,,,,,,14646,3592,1733,3200,1772,4349,2289,670,157,1103,163,196
ACSSF,2019e1,nc,000,0056,0000193,26538,12143,1925,443,43,811,168,460,4592,1830,427,1043,169,1123,5626,2142,260,1581,425,1218,14395,2750,905,411,272,349,813,6339,1464,778,1359,1172,1566,5306,594,704,480,1829,1699,28745,842,1215,558,1564,2011,1521,617,2988,5735,4147,1692,1643,1254,885,2073,,,,,,,,,,,,,,,,,,,,,,,,,,,,,,,,,,,,,24800,7093,2365,4743,3887,6712,,,,,,
ACSSF,2019e1,nc,000,0056,0000194,31777,15200,4261,2382,247,436,127,1069,8265,3932,396,2380,337,1220,2674,869,123,657,580,445,16577,5052,909,897,1352,607,1287,9059,2033,1387,1744,1480,2415,2466,634,288,173,968,403,34138,1766,2331,816,1510,1394,3457,134,3842,7113,4099,1810,1261,663,1426,2516,,,,,,,,,,,,,,,,,,,,,,,,,,,,,,,,,,,,,26485,7774,2915,5963,3684,6149,,,,,,
ACSSF,2019e1,nc,000,0056,0000195,33450,13917,3828,1436,303,1349,37,703,7552,2838,760,1061,171,2722,2537,1230,136,352,234,585,19533,7643,1898,1050,1304,1482,1909,10247,3488,1405,1732,1834,1788,1643,335,339,138,371,460,36281,1697,2115,1427,1861,3889,1311,58,4658,6470,4462,680,1460,1755,337,4101,5559,1457,1069,1188,499,1346,,,,,,,,,,,,,,,,,,,,,,,,,,,,,,,26112,9211,2760,4481,3422,6238,,,,,,
ACSSF,2019e1,nc,000,0056,0000196,16124,6688,1811,303,221,659,41,587,3305,915,286,1483,84,537,1572,876,64,319,189,124,9436,2618,603,451,162,290,1112,4709,1277,831,1272,673,656,2109,200,78,134,1011,686,17353,330,1313,281,360,1303,1050,0,2169,4069,2460,288,1005,861,716,1148,,,,,,,,,,,,,,,,,,,,,,,,,,,,,,,,,,,,,14642,3535,1836,3647,2288,3336,,,,,,
ACSSF,2019e1,nc,000,0056,0000197,343595,162048,62462,29748,2291,16288,1114,13021,77927,30049,5491,24961,2603,14823,21659,8531,1481,5462,1685,4500,181547,75106,22535,8632,18764,5738,19437,83456,22228,6948,23908,9873,20499,22985,5450,3591,2323,6239,5382,370059,21300,16994,8832,17337,33834,27930,3119,30824,95457,28701,15195,15930,13801,18819,21986,72523,20685,7057,21136,6750,16895,,,,,,,26987,17995,2206,3388,615,2783,,,,,,,4347,1633,78,2029,136,471,6390,3117,197,1394,0,1682,222508,71887,17405,60760,18755,53701,14998,4739,1581,4809,1097,2772
ACSSF,2019e1,nc,000,0056,0000198,28798,13639,4059,1888,164,909,11,1087,4639,1706,232,1607,14,1080,4941,2728,205,722,125,1161,15159,4903,1177,1062,514,230,1920,5702,2205,913,1330,354,900,4554,708,455,520,1222,1649,30450,1501,1876,1993,1203,2185,1871,364,3383,5712,2069,1282,2211,549,1586,2665,2693,673,202,828,108,882,,,,,,,,,,,,,,,,,,,,,,,,,,,,,,,23970,8487,2335,4716,1785,6647,,,,,,
ACSSF,2019e1,nc,000,0056,0000199,11952,5123,1380,582,71,451,0,276,2139,837,39,610,295,358,1604,374,276,565,132,257,6829,1635,551,216,384,421,63,3432,893,315,1269,594,361,1762,172,182,68,975,365,12610,266,885,163,660,722,661,180,1213,3452,2604,100,501,79,294,830,3440,1438,23,1171,423,385,,,,,,,,,,,,,,,,,,,,,,,,,,,,,,,8097,1971,1076,1824,1931,1295,,,,,,
ACSSF,2019e1,nc,000,0056,0000200,14873,7396,1957,853,141,34,440,489,2748,1542,104,324,184,594,2691,1548,43,612,191,297,7477,1880,318,184,492,387,499,3247,846,441,494,772,694,2350,263,0,352,1051,684,15863,477,539,698,580,1197,1958,199,992,2380,3138,309,1291,309,368,1428,,,,,,,,,,,,,,,,,,,,,,,,,,,,,,,,,,,,,12833,4963,854,1623,2421,2972,,,,,,
ACSSF,2019e1,nc,000,0056,0000201,69893,28773,7354,3401,703,1154,171,1925,13603,5018,386,5002,528,2669,7816,2893,424,2371,795,1333,41120,11550,3870,1207,1555,1681,3237,20980,6545,2342,4348,2608,5137,8590,2017,720,388,3541,1924,73741,2352,4952,2263,4826,6454,4122,515,6205,15337,9452,3465,2991,3130,3621,4056,3851,569,514,928,1028,812,,,,,,,,,,,,,,,,,,,,,,,,,,,,,,,61796,21177,4959,13307,7878,14475,,,,,,
ACSSF,2019e1,nc,000,0056,0000202,24874,10436,4405,1998,213,823,168,1203,4067,1486,338,798,176,1269,1964,628,188,355,550,243,14438,5110,898,1061,495,1150,1506,7446,1949,1694,1465,1742,596,1882,395,435,69,527,456,27256,1163,670,473,1963,2267,1174,221,4003,4069,4918,1016,2005,735,345,2234,4128,1191,972,389,73,1503,,,,,,,,,,,,,,,,,,,,,,,,,,,,,,,17095,4927,2204,2885,3626,3453,,,,,,
ACSSF,2019e1,nc,000,0056,0000203,11228,4620,1007,289,0,0,22,696,1882,664,46,174,0,998,1731,490,0,236,196,809,6608,1544,286,445,501,66,246,2924,515,479,698,530,702,2140,154,206,43,1147,590,12602,170,509,411,658,584,532,0,1623,1652,1961,631,2219,705,171,776,,,,,,,,,,,,,,,,,,,,,,,,,,,,,,,,,,,,,9074,2143,1130,1259,1773,2769,,,,,,
ACSSF,2019e1,nc,000,0056,0000204,12639,5053,1241,438,93,93,122,495,2129,449,171,374,448,687,1683,414,0,853,141,275,7586,1717,535,580,0,419,183,4049,1138,374,819,1227,491,1820,188,196,42,1368,26,13186,431,475,515,591,893,281,184,1604,2181,3732,77,465,414,96,1247,2522,756,165,426,633,542,4810,1352,577,679,1398,804,,,,,,,,,,,,,,,,,,,,,,,,,4530,760,522,1010,1694,544,,,,,,
ACSSF,2019e1,nc,000,0056,0000205,9412,4452,936,389,131,305,60,51,1901,1015,46,415,258,167,1615,813,68,64,341,329,4960,1451,478,208,290,289,186,2162,366,221,543,447,585,1347,182,88,181,657,239,9539,307,195,371,822,790,747,37,816,1798,2052,207,549,350,93,405,,,,,,,,,,,,,,,,,,,,,,,,,,,,,,,,,,,,,7263,2438,664,1116,1600,1445,,,,,,
ACSSF,2019e1,nc,000,0056,0000206,17192,7847,1439,290,330,92,0,727,4496,2104,792,693,112,795,1912,519,209,680,150,354,9345,2567,522,74,678,139,1154,5312,1483,978,955,1049,847,1466,201,325,157,436,347,18182,901,694,225,840,2053,814,39,2778,3255,2042,246,1110,575,391,2219,2548,730,395,862,108,453,,,,,,,,,,,,,,,,,,,,,,,,,,,,,,,13138,3656,1854,2276,1778,3574,,,,,,
ACSSF,2019e1,nc,000,0056,0000207,9523,4826,399,53,45,53,151,97,2737,1304,167,949,116,201,1690,515,40,392,166,577,4697,915,431,212,54,182,36,2337,142,755,330,749,361,1445,165,339,197,340,404,10427,199,402,344,185,1335,410,0,1592,2106,1820,53,540,108,286,1047,,,,,,,,,,,,,,,,,,,,,,,,,,,,,,,,,,,,,8647,2309,1558,1733,1688,1359,,,,,,
ACSSF,2019e1,nc,000,0056,0000208,57782,28377,6631,3028,149,1266,167,2021,17052,6567,925,6060,550,2950,4694,1876,134,1227,533,924,29405,8006,2195,1221,1824,1455,1311,17730,4514,2380,5020,2939,2877,3669,462,570,465,1004,1168,61913,3275,2801,1909,3639,4390,3820,414,5736,16467,7064,1731,2310,1404,2641,4312,4997,1573,269,1377,326,1452,,,,,,,3374,1989,332,918,97,38,,,,,,,,,,,,,,,,,,,46236,13859,4554,12624,5832,9367,2321,700,224,716,319,362
ACSSF,2019e1,nc,000,0056,0000209,404498,193647,67431,37839,3894,10625,1309,13764,98385,52265,4691,23349,3030,15050,27831,14120,1130,6309,1884,4388,210851,77382,32088,7146,12065,6362,19721,106287,35520,11693,23899,10170,25005,27182,6428,4009,2265,8492,5988,436631,33232,35660,16384,20567,31910,50961,3644,37006,81377,33540,18486,16816,13695,20308,23045,51977,19133,6330,9311,3670,13533,,,,,,,42589,29760,2649,6442,991,2747,,,,,,,,,,,,,5353,2855,543,519,720,716,291420,121771,21750,59903,24615,63381,13190,5277,1291,2192,1298,3132
ACSSF,2019e1,nc,000,0056,0000210,14582,6374,1373,729,0,137,205,302,2778,995,186,663,238,696,2223,857,95,804,189,278,8208,2585,338,491,564,331,861,3907,1166,337,497,891,1016,1716,262,131,204,746,373,15858,583,734,377,1329,1209,461,9,1277,3153,2718,330,1055,220,480,1923,2739,1248,206,442,335,508,,,,,,,,,,,,,,,,,,,,,,,,,,,,,,,10032,2390,1034,2143,1896,2569,,,,,,
ACSSF,2019e1,nc,000,0056,0000211,,,,,,,,,,,,,,,,,,,,,,,,,,,,,,,,,,,,,,,,8743,413,634,313,264,432,627,93,1566,1615,1592,132,557,87,178,240,,,,,,,,,,,,,,,,,,,,,,,,,,,,,,,,,,,,,7819,2362,1417,1615,1291,1134,,,,,,
ACSSF,2019e1,nc,000,0056,0000212,10614,4475,656,98,0,233,0,325,2767,1406,159,601,211,390,1052,484,0,290,133,145,6139,1501,438,326,336,147,254,2848,335,468,1123,316,606,1790,111,300,58,628,693,11681,136,690,446,374,525,1074,103,1315,2671,1572,326,784,467,609,589,,,,,,,,,,,,,,,,,,,,,,,,,,,,,,,,,,,,,7845,2233,941,1885,1286,1500,,,,,,
