ACSSF,2019e1,nc,000,0116,0000001,4937837,56376,378771,583235,123151,549711,251057,76749,317819,553277,1124949,493144,236598,193000,1940010,21268,79944,162139,25967,65678,41805,47422,173879,321048,761746,97200,57538,84376,835953,3239,1827,13809,1324,21571,3911,2012,9409,106507,217478,302457,87536,64873,992998,2898,18209,60392,57347,336287,53453,16077,123213,79514,114183,69429,31836,30160,468079,23016,259353,43028,6403,24759,20358,9299,8191,13655,12762,6464,33969,6822,700797,5955,19438,303867,32110,101416,131530,1939,3127,32553,18780,17594,25719,6769
ACSSF,2019e1,nc,000,0116,0000002,3386740,16085,227237,363477,86955,376113,167079,59455,245426,419722,783480,361803,160766,119142,1413654,5210,50729,113834,19851,49312,31421,37558,142145,255256,541112,69642,42400,55184,579866,849,1078,7245,741,14835,1668,1802,7022,72721,147465,223469,62803,38168,686925,1479,11852,39586,40990,231032,38204,12512,88490,58263,75965,50414,20251,17887,264509,6964,153732,21403,3468,14206,11406,5964,5321,8760,6479,4906,18365,3535,441786,1583,9846,181409,21905,66728,84380,1619,2448,24722,12459,13372,16947,4368
ACSSF,2019e1,nc,000,0116,0000003,1551097,40291,151534,219758,36196,173598,83978,17294,72393,133555,341469,131341,75832,73858,526356,16058,29215,48305,6116,16366,10384,9864,31734,65792,220634,27558,15138,29192,256087,2390,749,6564,583,6736,2243,210,2387,33786,70013,78988,24733,26705,306073,1419,6357,20806,16357,105255,15249,3565,34723,21251,38218,19015,11585,12273,203570,16052,105621,21625,2935,10553,8952,3335,2870,4895,6283,1558,15604,3287,259011,4372,9592,122458,10205,34688,47150,320,679,7831,6321,4222,8772,2401
ACSSF,2019e1,nc,000,0116,0000004,4695451,43920,354211,551654,119658,520119,237815,74889,308612,538573,1067399,469516,225918,183167,1866434,16403,76576,156813,25438,63419,40490,46732,170828,316060,724728,92693,55186,81068,789182,3001,1584,12689,1258,20531,3715,2012,8557,101231,203695,286483,83568,60858,949701,2256,17067,58248,56000,318443,51750,14972,118015,76779,110008,66948,30748,28467,433643,17870,241395,39668,5976,23196,19190,9234,8085,12964,11590,6377,31846,6252,656491,4390,17589,284236,30986,94530,122670,1939,3127,31539,17378,17015,24570,6522
ACSSF,2019e1,nc,000,0116,0000005,4101465,30239,306738,463176,106955,452925,208419,69924,282490,494178,926851,408644,197588,153338,1677866,12014,67858,142226,22614,56329,37370,43454,159224,297343,639305,82686,47916,69527,672326,2392,1530,10184,874,17870,3208,1967,7395,86869,167249,247415,75174,50199,838334,1511,15335,49587,51067,281047,45907,14277,106184,70601,95233,58221,25791,23573,365961,11876,207212,32301,5026,18702,16660,8530,6876,11782,9737,5404,27100,4755,546978,2446,14803,228878,27374,78977,105274,1696,2811,27583,15327,14918,21607,5284
ACSSF,2019e1,nc,000,0116,0000006,1769968,4772,108380,155087,47767,191239,91934,34152,143945,239740,416842,199779,80714,55617,778979,1988,22255,54866,11756,25597,16474,21936,89168,152534,290489,41414,22162,28340,307009,278,870,4377,611,8403,1194,1020,4017,37789,75543,122237,33247,17423,359528,380,5959,18690,22328,119155,24005,8331,46455,33636,39578,25594,8586,6831,122107,1700,75383,7425,1662,6508,4864,2064,2854,4564,4333,1832,7719,1199,202345,426,3913,69729,11410,31576,45397,801,1451,11217,6899,8702,9000,1824
ACSSF,2019e1,nc,000,0116,0000007,2331497,25467,198358,308089,59188,261686,116485,35772,138545,254438,510009,208865,116874,97721,898887,10026,45603,87360,10858,30732,20896,21518,70056,144809,348816,41272,25754,41187,365317,2114,660,5807,263,9467,2014,947,3378,49080,91706,125178,41927,32776,478806,1131,9376,30897,28739,161892,21902,5946,59729,36965,55655,32627,17205,16742,243854,10176,131829,24876,3364,12194,11796,6466,4022,7218,5404,3572,19381,3556,344633,2020,10890,159149,15964,47401,59877,895,1360,16366,8428,6216,12607,3460
ACSSF,2019e1,nc,000,0116,0000008,593986,13681,47473,88478,12703,67194,29396,4965,26122,44395,140548,60872,28330,29829,188568,4389,8718,14587,2824,7090,3120,3278,11604,18717,85423,10007,7270,11541,116856,609,54,2505,384,2661,507,45,1162,14362,36446,39068,8394,10659,111367,745,1732,8661,4933,37396,5843,695,11831,6178,14775,8727,4957,4894,67682,5994,34183,7367,950,4494,2530,704,1209,1182,1853,973,4746,1497,109513,1944,2786,55358,3612,15553,17396,243,316,3956,2051,2097,2963,1238
ACSSF,2019e1,nc,000,0116,0000009,140789,2000,9774,23578,3695,14145,3706,1230,7116,11084,35621,14819,7397,6624,48441,547,1984,4286,725,1230,544,839,3242,4776,23630,1686,2295,2657,27150,65,0,455,0,309,0,0,332,2669,8098,10348,2490,2384,27430,132,241,2756,1501,8484,952,125,3542,2259,3449,1968,1210,811,11868,861,6799,1370,80,673,215,135,0,92,157,154,880,452,25900,395,750,14711,1389,3449,1995,131,0,1288,287,663,522,320
ACSSF,2019e1,nc,000,0116,0000010,453197,11681,37699,64900,9008,53049,25690,3735,19006,33311,104927,46053,20933,23205,140127,3842,6734,10301,2099,5860,2576,2439,8362,13941,61793,8321,4975,8884,89706,544,54,2050,384,2352,507,45,830,11693,28348,28720,5904,8275,83937,613,1491,5905,3432,28912,4891,570,8289,3919,11326,6759,3747,4083,55814,5133,27384,5997,870,3821,2315,569,1209,1090,1696,819,3866,1045,83613,1549,2036,40647,2223,12104,15401,112,316,2668,1764,1434,2441,918
ACSSF,2019e1,nc,000,0116,0000011,242386,12456,24560,31581,3493,29592,13242,1860,9207,14704,57550,23628,10680,9833,73576,4865,3368,5326,529,2259,1315,690,3051,4988,37018,4507,2352,3308,46771,238,243,1120,66,1040,196,0,852,5276,13783,15974,3968,4015,43297,642,1142,2144,1347,17844,1703,1105,5198,2735,4175,2481,1088,1693,34436,5146,17958,3360,427,1563,1168,65,106,691,1172,87,2123,570,44306,1565,1849,19631,1124,6886,8860,0,0,1014,1402,579,1149,247
ACSSF,2019e1,nc,000,0116,0000012,836372,26137,72033,120059,16196,96786,42638,6825,35329,59099,198098,84500,39010,39662,262144,9254,12086,19913,3353,9349,4435,3968,14655,23705,122441,14514,9622,14849,163627,847,297,3625,450,3701,703,45,2014,19638,50229,55042,12362,14674,154664,1387,2874,10805,6280,55240,7546,1800,17029,8913,18950,11208,6045,6587,102118,11140,52141,10727,1377,6057,3698,769,1315,1873,3025,1060,6869,2067,153819,3509,4635,74989,4736,22439,26256,243,316,4970,3453,2676,4112,1485
ACSSF,2019e1,nc,000,0116,0000013,83546,498,8639,9275,2626,10516,4683,967,4484,5403,20711,8102,4226,3416,28667,158,1745,2092,547,1521,463,550,2096,2309,13893,947,1005,1341,15006,92,60,100,50,186,0,96,156,1506,4131,6033,1392,1204,18803,51,232,1917,1377,6784,1221,134,2194,1022,1838,808,452,773,8717,111,5907,481,0,601,304,145,0,144,267,0,708,49,12353,86,695,4685,652,1424,2695,42,38,422,582,314,669,49
ACSSF,2019e1,nc,000,0116,0000014,59107,79,5508,4252,1521,9158,3799,999,3629,5175,13162,6651,2796,2378,20650,0,1385,1917,268,568,755,286,774,2547,9903,913,502,832,11270,0,0,263,0,390,95,0,0,1595,1775,5095,899,1158,14756,0,76,118,676,6534,822,383,2699,660,1308,616,577,287,6726,79,3551,834,144,228,576,330,0,333,38,27,542,44,5705,0,496,1120,433,1438,1551,0,156,40,138,0,276,57
ACSSF,2019e1,nc,000,0116,0000015,129187,859,10988,12249,2263,12282,5129,1393,6475,13534,31750,22055,5531,4679,54245,607,1532,3965,280,1498,1160,1041,2362,8850,23245,5198,2188,2319,25572,0,0,1092,0,246,141,0,117,1996,5461,13690,1644,1185,24991,0,834,2005,1247,8369,365,212,3823,2065,2393,2268,369,1041,12468,252,8622,836,0,366,261,78,123,239,383,743,521,44,11911,0,0,4351,736,1803,3202,62,50,384,268,156,809,90
ACSSF,2019e1,nc,000,0116,0000016,,,,,,,,,,,,,,,,,,,,,,,,,,,,,,,,,,,,,,,,,,,,,,,,,,,,,,,,,,,,,,,,,,,,,,,,,,,,,,,,,,,,
ACSSF,2019e1,nc,000,0116,0000017,111345,1261,7989,11479,2059,13028,5029,2099,11281,10556,24750,13841,4806,3167,45547,228,1528,3054,866,1033,908,1462,7235,6377,17390,2661,1458,1347,20458,274,0,213,0,984,0,0,0,2525,3853,9375,1682,1552,21863,69,245,2217,678,8026,1368,262,3809,1047,2407,1016,522,197,10526,594,6109,1187,176,307,327,181,144,218,668,180,364,71,12951,96,107,4808,339,2678,2426,194,93,389,432,609,780,0
ACSSF,2019e1,nc,000,0116,0000018,,,,,,,,,,,,,,,,,,,,,,,,,,,,,,,,,,,,,,,,,,,,,,,,,,,,,,,,,,,,,,,,,,,,,,,,,,,,,,,,,,,,
ACSSF,2019e1,nc,000,0116,0000019,32170,904,2694,2147,890,4439,1658,260,1903,2599,6360,4636,1236,2444,11707,267,887,547,514,578,342,179,547,1227,4869,428,249,1073,5473,0,0,0,0,0,0,0,165,873,805,3224,172,234,7100,250,475,127,268,2702,141,20,1054,249,412,681,244,477,2748,387,1244,291,0,97,130,61,88,51,27,48,72,252,5142,0,88,1182,108,1062,1045,0,49,199,247,255,499,408
ACSSF,2019e1,nc,000,0116,0000020,78360,415,3119,22056,2189,8280,3544,1094,3049,6951,13304,8377,3865,2117,27371,96,447,5096,742,795,757,262,930,3126,9380,3457,1577,706,11649,258,0,129,0,453,0,124,335,2327,1964,3832,1357,870,15137,53,0,2622,901,4543,880,552,1559,618,1464,1037,577,331,5821,8,2618,1231,0,364,487,156,191,379,43,0,169,175,18382,0,54,12978,546,2125,1420,0,34,501,453,51,185,35
ACSSF,2019e1,nc,000,0116,0000021,,,,,,,,,,,,,,,,,,,,,,,,,,,,,,,,,,,,,,,,,,,,,,,,,,,,,,,,,,,,,,,,,,,,,,,,,,,,,,,,,,,,
ACSSF,2019e1,nc,000,0116,0000022,40293,294,3329,8366,479,4893,3396,198,732,2950,7914,4472,1414,1856,11863,281,767,1310,0,748,167,116,479,1334,4273,1059,242,1087,7172,13,0,50,0,395,129,45,0,1221,1708,2623,667,321,6790,0,0,766,199,2904,315,0,135,138,1619,98,179,437,3929,0,2459,690,112,0,220,37,74,0,166,0,160,11,10539,0,103,5550,168,846,2565,0,44,257,148,692,166,0
ACSSF,2019e1,nc,000,0116,0000023,,,,,,,,,,,,,,,,,,,,,,,,,,,,,,,,,,,,,,,,,,,,,,,,,,,,,,,,,,,,,,,,,,,,,,,,,,,,,,,,,,,,
ACSSF,2019e1,nc,000,0116,0000024,130444,566,9925,10999,1991,17772,6737,1666,4152,12255,32471,15868,6595,9447,39803,366,1644,1564,99,1436,635,675,1531,4755,19806,2001,1429,3862,28329,0,0,390,0,1202,401,0,313,2638,7195,10261,2838,3091,28733,0,719,799,931,10955,1561,450,1377,2478,3871,3053,991,1548,13064,200,6881,786,197,671,559,432,748,742,660,233,543,412,20515,0,681,7460,764,3508,3581,109,183,1642,939,320,794,534
ACSSF,2019e1,nc,000,0116,0000025,74673,355,6544,14302,1971,7004,5737,1523,3230,6529,15142,5339,5275,1722,22419,79,509,3731,26,649,622,310,1153,2975,9374,1249,958,784,11176,99,0,0,0,568,0,314,0,1431,3133,3345,1939,347,14809,0,227,1750,1337,3893,1535,212,1752,684,1708,337,902,472,9464,177,4704,979,315,361,421,654,142,362,207,290,815,37,16805,0,1104,7842,293,1533,3159,33,183,1077,720,118,661,82
ACSSF,2019e1,nc,000,0116,0000026,165940,331,9913,10518,3274,15053,4863,1946,8351,22365,59396,14556,10377,4997,89156,78,2179,4959,768,1774,274,1418,5160,16029,45845,3671,3419,3582,23344,74,0,48,0,722,0,128,379,3378,5839,8524,3981,271,29012,44,447,1034,1588,8974,1491,287,2812,2239,6099,2102,1206,689,12566,135,7068,836,291,289,526,0,0,376,1279,0,1311,455,11862,0,219,3641,627,3294,2572,113,0,343,334,259,460,0
ACSSF,2019e1,nc,000,0116,0000027,177326,525,12807,20755,3315,23868,8665,1480,12680,16735,47877,15150,8644,4825,70347,137,2666,6964,812,3651,790,1066,7196,8349,30217,3503,3029,1967,30445,0,0,71,0,1798,0,0,159,4579,9878,8713,2959,2288,38266,0,1317,1780,1592,13752,1787,303,5171,2292,6951,2277,646,398,15285,310,8349,2114,204,757,1509,111,154,389,212,0,1066,110,22983,78,475,9826,707,3910,4579,0,0,1126,619,657,944,62
ACSSF,2019e1,nc,000,0116,0000028,,,,,,,,,,,,,,,,,,,,,,,,,,,,,,,,,,,,,,,,,,,,,,,,,,,,,,,,,,,,,,,,,,,,,,,,,,,,,,,,,,,,
ACSSF,2019e1,nc,000,0116,0000029,106380,406,8666,17809,2845,10852,7510,1909,6050,9121,22629,8140,6006,4437,34285,20,1642,4505,493,506,1233,1297,2966,4163,13374,1307,1452,1327,19152,125,223,272,21,457,44,37,110,2154,5835,5256,2360,2258,22436,0,287,1641,1394,7829,1592,139,2260,1753,2706,1242,777,816,11769,220,6060,1799,95,310,1037,409,714,338,185,0,602,0,18738,41,454,9592,842,1750,3604,27,0,713,529,335,815,36
ACSSF,2019e1,nc,000,0116,0000030,255934,1197,14461,32002,9760,29583,15086,4852,18117,24362,62535,27889,9443,6647,99129,172,2615,10089,2734,4458,2196,2130,9744,11884,43070,4803,2132,3102,39950,419,211,297,55,799,292,0,259,5099,10490,16132,4427,1470,55188,112,856,1985,4109,17072,3320,1856,7214,5003,6758,5067,827,1009,18690,494,9903,1574,619,864,1059,461,592,263,356,568,1861,76,42977,0,876,18057,2243,6390,8219,405,308,2113,1861,1319,196,990
ACSSF,2019e1,nc,000,0116,0000031,53320,619,6590,6464,938,5498,2738,759,1816,4323,11091,5830,1734,4920,19050,144,1661,1618,46,331,117,358,650,2526,7697,1361,466,2075,8383,196,0,371,0,482,0,0,0,691,2307,2557,539,1240,10627,56,191,620,225,3258,577,275,1017,743,603,1692,224,1146,6803,204,4452,476,51,28,197,0,149,153,342,57,342,352,8457,19,286,3379,616,1399,1847,126,0,210,142,163,163,107
ACSSF,2019e1,nc,000,0116,0000032,55279,609,5550,6997,1164,8835,1590,693,3034,5623,9958,5968,3540,1718,19361,46,1020,2366,373,1248,191,375,1694,2256,6640,1340,659,1153,10546,116,0,69,0,528,91,0,0,1638,2359,3766,1735,244,10670,0,324,596,375,4269,429,196,1072,1366,497,727,593,226,6147,447,3688,386,261,228,186,122,145,61,90,0,438,95,8555,0,518,3580,155,2562,693,0,123,302,372,135,115,0
ACSSF,2019e1,nc,000,0116,0000033,92550,747,6345,17624,2746,13124,4805,1167,3879,9380,19241,7296,5023,1173,34364,597,2334,4523,538,2591,781,833,1933,4831,12322,1643,1035,403,12055,0,0,164,0,544,47,69,0,1852,3869,3834,1301,375,21441,65,364,1910,1760,7809,790,216,1873,1975,2709,1116,596,258,8666,85,3447,1498,179,425,540,49,36,249,310,529,1245,74,16024,0,200,9529,269,1755,2647,0,37,473,31,174,846,63
ACSSF,2019e1,nc,000,0116,0000034,101502,700,13101,10290,3308,12030,4435,2027,5269,9158,20304,8981,5039,6860,33036,146,2061,2367,238,656,904,1324,1905,4709,13630,939,527,3630,16858,0,73,47,0,751,99,181,0,1641,3690,5988,1836,2552,23405,0,685,1283,1400,7838,555,351,3144,1856,2848,1818,1014,613,13912,554,9592,703,121,392,1341,115,116,128,136,0,649,65,14291,0,690,5890,1549,2393,1536,56,104,824,0,236,1013,0
ACSSF,2019e1,nc,000,0116,0000035,,,,,,,,,,,,,,,,,,,,,,,,,,,,,,,,,,,,,,,,,,,,,,,,,,,,,,,,,,,,,,,,,,,,,,,,,,,,,,,,,,,,
ACSSF,2019e1,nc,000,0116,0000036,607305,1231,41456,46425,22607,62612,40652,12313,77853,87970,113221,60043,29479,11443,273753,1054,9701,19106,5475,10197,8699,7897,52353,56129,77023,14363,6530,5226,93630,0,428,886,156,2041,813,283,2664,12646,22044,34152,13008,4509,133646,0,1523,8124,11984,38775,10615,3145,20787,13709,12165,7947,3495,1377,43076,177,28481,1754,1003,2111,938,922,1424,1634,629,745,3158,100,63200,0,1323,16555,3989,9488,19587,66,625,3852,1360,2836,3288,231
ACSSF,2019e1,nc,000,0116,0000037,,,,,,,,,,,,,,,,,,,,,,,,,,,,,,,,,,,,,,,,,,,,,,,,,,,,,,,,,,,,,,,,,,,,,,,,,,,,,,,,,,,,
ACSSF,2019e1,nc,000,0116,0000038,,,,,,,,,,,,,,,,,,,,,,,,,,,,,,,,,,,,,,,,,,,,,,,,,,,,,,,,,,,,,,,,,,,,,,,,,,,,,,,,,,,,
ACSSF,2019e1,nc,000,0116,0000039,118704,650,6703,7406,1978,15023,4573,3327,8529,15784,29355,17118,4589,3669,53205,341,1669,2284,306,1794,1817,1949,4090,10873,22789,2945,706,1642,22273,0,59,410,0,647,0,232,447,1773,3261,12129,1737,1578,23618,86,87,602,1186,9985,564,495,3582,2080,2834,1201,540,376,8804,223,4888,440,0,1078,180,609,199,95,312,311,396,73,10804,0,0,3670,486,1519,2012,42,211,963,159,532,1210,0
ACSSF,2019e1,nc,000,0116,0000040,68223,768,8278,3071,324,8311,2803,422,2727,6755,14867,11469,3327,5101,22608,213,1006,917,78,721,257,339,1382,3683,10342,1008,283,2379,14722,199,0,0,0,235,0,0,547,1053,2532,7950,1048,1158,12944,0,202,362,146,5028,460,83,748,1457,931,2292,392,843,10916,323,6681,680,0,976,394,0,0,327,310,90,793,342,7033,33,389,1112,100,1351,1692,0,50,235,752,129,811,379
ACSSF,2019e1,nc,000,0116,0000041,74346,452,3378,4993,700,5540,997,2027,3012,11664,28539,7552,3021,2471,44387,306,1383,2810,222,1023,63,1582,1393,9521,22658,1929,559,938,12309,0,0,185,0,120,0,227,236,968,3445,4922,1309,897,9697,0,169,621,131,3131,68,166,1383,941,1738,630,573,146,3173,146,1786,0,153,0,273,52,0,0,400,0,130,233,4780,0,40,1377,194,1266,593,0,0,234,298,71,450,257
ACSSF,2019e1,nc,000,0116,0000042,86219,1658,5406,7113,2403,10206,2877,2049,3144,6354,26840,10756,4279,3134,32781,756,1344,2164,0,599,340,1419,1348,3031,17982,2069,699,1030,20690,82,0,809,0,315,580,0,0,1071,6363,7288,2346,1836,17897,0,275,1053,1602,7223,436,428,1681,1532,2046,934,419,268,4746,421,3397,226,0,230,77,0,0,0,108,0,287,0,10105,399,390,2861,801,1839,1444,202,115,720,341,465,528,0
ACSSF,2019e1,nc,000,0116,0000043,62678,942,4708,15492,1562,7912,3672,1083,2659,4685,10017,5854,2233,1859,17266,280,1193,2696,361,1030,432,780,784,1901,5952,1052,507,298,10204,0,120,372,0,334,357,0,200,1737,2180,3241,909,754,12887,39,194,836,1026,4571,366,0,1661,571,1555,1355,244,469,5523,623,2738,765,45,486,120,303,14,25,68,0,336,0,16798,0,463,10823,130,1491,2397,0,0,451,262,206,237,338
ACSSF,2019e1,nc,000,0116,0000044,47513,1255,4530,7193,1118,4503,2055,444,1991,2909,13654,3523,1390,2948,13079,534,267,816,174,269,256,86,951,529,7637,452,239,869,10125,37,0,450,0,155,0,0,75,1102,4383,2060,513,1350,7810,0,107,244,509,2228,462,121,794,553,1224,896,164,508,7403,485,4037,794,56,640,242,0,171,272,256,57,198,195,9096,199,119,4889,379,1211,1095,237,0,453,154,58,276,26
ACSSF,2019e1,nc,000,0116,0000045,40538,315,3129,6371,1386,3764,2769,216,2211,3772,8233,3707,2875,1790,8959,0,301,870,273,66,598,100,770,947,4342,131,225,336,8445,0,0,118,0,43,46,47,0,1570,2283,2315,1214,809,9157,0,202,393,158,2378,480,69,1103,912,1416,1116,439,491,4810,178,2116,741,29,460,19,0,338,0,0,0,929,0,9167,137,510,4249,926,817,1626,0,0,343,192,145,68,154
ACSSF,2019e1,nc,000,0116,0000046,65063,1201,7651,10237,1898,5737,3120,437,2256,4387,13768,6908,4763,2700,21406,293,946,2602,147,913,262,128,1453,2592,8028,1526,1484,1032,11227,61,0,160,0,148,0,0,78,547,3911,4485,706,1131,10411,0,199,1104,708,3443,598,23,692,765,1589,305,632,353,10524,847,5611,678,232,264,587,286,22,187,114,214,1413,69,11495,0,895,5693,811,969,1673,0,11,296,126,378,528,115
ACSSF,2019e1,nc,000,0116,0000047,,,,,,,,,,,,,,,,,,,,,,,,,,,,,,,,,,,,,,,,,,,,,,,,,,,,,,,,,,,,,,,,,,,,,,,,,,,,,,,,,,,,
ACSSF,2019e1,nc,000,0116,0000048,33336,438,3529,4488,398,4601,1764,181,888,2694,8743,2825,2012,775,11198,160,896,1352,212,675,0,107,391,1424,5382,131,249,219,5999,0,0,109,0,263,0,0,0,648,2449,1496,750,284,6714,0,129,454,87,2372,508,0,254,407,661,1017,553,272,4235,207,2272,374,29,410,102,74,90,48,59,151,419,0,5190,71,232,2199,70,881,1154,0,153,167,192,30,41,0
ACSSF,2019e1,nc,000,0116,0000049,119702,1160,11371,13275,3589,13814,6582,1420,10364,15369,23082,10562,6250,2864,52529,522,3883,4720,577,1976,2134,1082,6980,8941,17137,2576,1179,822,15354,75,0,107,0,543,0,29,31,2535,2634,5237,2657,1506,26329,119,748,1765,1911,8461,1304,229,3108,2176,2831,2196,1031,450,10664,326,6227,772,76,982,451,80,155,423,47,103,936,86,14826,118,513,5911,1025,1852,2693,0,90,1294,433,450,447,0
ACSSF,2019e1,nc,000,0116,0000050,589553,1883,36060,48773,12551,55514,26669,15456,46505,122551,125415,47122,25110,25944,318621,1056,10617,28973,4021,9654,7424,11699,28339,89533,93958,10857,7450,15040,78488,46,265,460,117,1793,146,200,736,14375,19150,26747,8941,5512,111360,123,2692,4166,6257,35409,6563,2328,16333,12962,9686,6833,3463,4545,35712,617,21254,1682,148,2246,1345,1189,772,1945,832,637,2832,213,45372,41,1232,13492,2008,6412,11191,40,325,3736,1789,2048,2424,634
ACSSF,2019e1,nc,000,0116,0000051,48552,1706,2739,7885,1333,7145,2426,342,1607,3244,9694,4110,2519,3802,13735,598,791,1169,287,659,615,240,557,1428,5168,128,415,1680,9346,0,43,445,0,227,0,0,0,676,2950,3002,514,1489,10380,120,70,464,601,4510,433,55,1050,417,1116,679,482,383,5571,945,1725,734,125,0,279,0,0,244,215,149,905,250,9520,43,110,5073,320,1749,1099,47,0,479,245,152,203,0
ACSSF,2019e1,nc,000,0116,0000052,,,,,,,,,,,,,,,,,,,,,,,,,,,,,,,,,,,,,,,,,,,,,,,,,,,,,,,,,,,,,,,,,,,,,,,,,,,,,,,,,,,,
ACSSF,2019e1,nc,000,0116,0000053,,,,,,,,,,,,,,,,,,,,,,,,,,,,,,,,,,,,,,,,,,,,,,,,,,,,,,,,,,,,,,,,,,,,,,,,,,,,,,,,,,,,
ACSSF,2019e1,nc,000,0116,0000054,,,,,,,,,,,,,,,,,,,,,,,,,,,,,,,,,,,,,,,,,,,,,,,,,,,,,,,,,,,,,,,,,,,,,,,,,,,,,,,,,,,,
ACSSF,2019e1,nc,000,0116,0000055,90195,78,3215,8392,1189,6143,3343,3831,7300,26022,17683,7027,2862,3110,61273,46,1541,6325,603,1479,1187,3371,5322,20789,15346,2437,652,2175,7927,0,0,0,0,177,0,0,0,1357,1053,3559,1269,512,13243,32,207,461,472,3748,854,366,1978,2107,1284,859,500,375,2882,0,1415,49,0,82,89,54,0,922,0,0,271,0,4870,0,52,1557,114,657,1213,40,0,847,0,172,170,48
ACSSF,2019e1,nc,000,0116,0000056,488980,1133,34860,37247,18229,47632,35290,9389,64238,70935,88497,48165,23794,9571,216160,975,7352,14891,4854,7112,7318,5970,43021,44637,58993,11305,5520,4212,76833,0,428,842,156,1534,675,283,2144,10707,18019,27321,10841,3883,107027,0,1255,6043,8907,30399,9183,2558,17350,10955,9702,6718,2741,1216,35015,158,24582,1569,714,1476,842,543,1098,1231,574,389,1739,100,53945,0,1243,13902,3598,7111,17272,35,625,3405,1209,2432,2953,160
ACSSF,2019e1,nc,000,0116,0000057,,,,,,,,,,,,,,,,,,,,,,,,,,,,,,,,,,,,,,,,,,,,,,,,,,,,,,,,,,,,,,,,,,,,,,,,,,,,,,,,,,,,
ACSSF,2019e1,nc,000,0116,0000058,148858,188,7596,9602,3180,13724,4402,1810,7394,20081,52668,14202,9247,4764,79547,0,1549,4288,768,1175,274,1369,4555,14556,41091,3554,3019,3349,21790,74,0,48,0,722,0,41,379,3056,5118,8456,3625,271,26358,44,357,1034,1494,8676,1405,287,2460,1750,5102,1933,1127,689,10376,70,5471,761,291,289,526,0,0,376,1121,0,1016,455,10787,0,219,3471,627,2862,2197,113,0,343,236,259,460,0
ACSSF,2019e1,nc,000,0116,0000059,79504,156,5938,6429,1225,10580,4670,617,1928,6485,20640,10638,4309,5889,24636,111,779,1102,99,788,376,303,676,2671,12317,1357,1213,2844,19393,0,0,271,0,707,401,0,313,1826,5279,6743,1856,1997,15568,0,602,247,458,6333,1371,314,652,786,1696,2142,213,754,7283,45,4169,429,138,420,462,0,201,236,544,76,477,86,12624,0,388,4380,530,2332,2060,0,86,966,804,320,550,208
ACSSF,2019e1,nc,000,0116,0000060,36740,149,1976,6846,864,3857,1980,381,1639,2983,8776,3511,2240,1538,11313,0,487,1363,108,127,150,275,844,1165,5294,373,528,599,7348,0,0,115,0,134,0,37,0,585,2254,2587,780,856,6855,0,86,566,620,2642,267,0,552,675,872,379,149,47,3024,149,1403,482,61,109,0,42,243,74,136,0,325,0,8200,0,0,4320,75,845,1563,27,0,484,220,172,458,36
ACSSF,2019e1,nc,000,0116,0000061,145286,415,7825,15691,4195,18232,7623,3169,11204,14143,36902,17535,5805,2547,55262,130,1334,4268,1437,2402,1217,1024,5600,6851,25735,2707,1181,1376,24851,0,211,217,55,421,50,0,212,3543,5507,10832,3187,616,31095,0,246,1114,1588,10035,1259,1330,4691,2581,4432,3209,354,256,9327,285,5548,624,0,285,460,461,433,35,133,84,979,0,24751,0,486,9468,1115,5089,4637,354,268,1133,1095,703,104,299
ACSSF,2019e1,nc,000,0116,0000062,,,,,,,,,,,,,,,,,,,,,,,,,,,,,,,,,,,,,,,,,,,,,,,,,,,,,,,,,,,,,,,,,,,,,,,,,,,,,,,,,,,,
ACSSF,2019e1,nc,000,0116,0000063,51019,61,1704,8189,2579,5085,3940,1065,2503,5199,12516,5299,1123,1756,17232,0,157,1987,383,598,784,530,1253,2326,7520,849,503,342,8556,0,0,38,0,261,0,0,0,818,3351,3312,426,350,11761,0,36,588,1308,2930,1371,484,1136,1496,1056,839,59,458,3172,61,1433,310,220,270,469,0,114,160,0,0,135,0,10298,0,78,5266,668,1026,1316,51,0,399,589,299,0,606
ACSSF,2019e1,nc,000,0116,0000064,,,,,,,,,,,,,,,,,,,,,,,,,,,,,,,,,,,,,,,,,,,,,,,,,,,,,,,,,,,,,,,,,,,,,,,,,,,,,,,,,,,,
ACSSF,2019e1,nc,000,0116,0000065,255451,631,17329,18235,6247,26734,13109,6826,20050,47243,53613,23201,10473,11760,125996,291,4046,9134,1608,4411,3107,4996,11697,32423,37341,5980,3801,7161,37755,46,172,168,117,1185,0,200,456,6261,10487,12617,3473,2573,51716,65,1103,1646,2998,17173,3856,982,7219,6731,4371,2539,1054,1979,17351,229,11237,422,0,1381,453,648,414,818,265,454,983,47,22633,0,771,6865,1524,2584,5693,0,264,1010,1149,1611,1162,0
ACSSF,2019e1,nc,000,0116,0000066,58947,452,3298,2190,916,9162,2340,1912,4378,7607,14176,8558,2267,1691,26299,341,801,453,202,1450,589,1206,2416,5470,10654,1282,467,968,11475,0,59,67,0,473,0,232,43,1127,1848,6248,724,654,11962,0,87,297,634,5240,185,474,1795,924,1247,850,160,69,4157,111,2351,40,0,919,65,0,81,0,268,40,282,0,5054,0,0,1333,80,1080,1501,0,43,86,159,138,634,0
ACSSF,2019e1,nc,000,0116,0000067,113767,219,6501,11367,1629,17375,5249,1024,7853,10739,32320,11017,4839,3635,41942,0,732,3081,316,2193,481,692,4418,4618,19830,2455,1457,1669,23515,0,0,34,0,1612,0,0,117,3731,7929,6578,1957,1557,25554,0,502,1182,749,10628,1441,303,3164,1409,4131,1534,147,364,8431,141,4908,761,97,302,874,29,154,329,212,0,603,21,14325,78,359,6309,467,2640,2453,0,0,652,218,450,675,24
ACSSF,2019e1,nc,000,0116,0000068,,,,,,,,,,,,,,,,,,,,,,,,,,,,,,,,,,,,,,,,,,,,,,,,,,,,,,,,,,,,,,,,,,,,,,,,,,,,,,,,,,,,
ACSSF,2019e1,nc,000,0116,0000069,488980,1133,34860,37247,18229,47632,35290,9389,64238,70935,88497,48165,23794,9571,216160,975,7352,14891,4854,7112,7318,5970,43021,44637,58993,11305,5520,4212,76833,0,428,842,156,1534,675,283,2144,10707,18019,27321,10841,3883,107027,0,1255,6043,8907,30399,9183,2558,17350,10955,9702,6718,2741,1216,35015,158,24582,1569,714,1476,842,543,1098,1231,574,389,1739,100,53945,0,1243,13902,3598,7111,17272,35,625,3405,1209,2432,2953,160
ACSSF,2019e1,nc,000,0116,0000070,,,,,,,,,,,,,,,,,,,,,,,,,,,,,,,,,,,,,,,,,,,,,,,,,,,,,,,,,,,,,,,,,,,,,,,,,,,,,,,,,,,,
ACSSF,2019e1,nc,000,0116,0000071,36740,149,1976,6846,864,3857,1980,381,1639,2983,8776,3511,2240,1538,11313,0,487,1363,108,127,150,275,844,1165,5294,373,528,599,7348,0,0,115,0,134,0,37,0,585,2254,2587,780,856,6855,0,86,566,620,2642,267,0,552,675,872,379,149,47,3024,149,1403,482,61,109,0,42,243,74,136,0,325,0,8200,0,0,4320,75,845,1563,27,0,484,220,172,458,36
ACSSF,2019e1,nc,000,0116,0000072,148580,188,7596,9602,3180,13724,4402,1714,7394,19991,52576,14202,9247,4764,79269,0,1549,4288,768,1175,274,1273,4555,14466,40999,3554,3019,3349,21790,74,0,48,0,722,0,41,379,3056,5118,8456,3625,271,26358,44,357,1034,1494,8676,1405,287,2460,1750,5102,1933,1127,689,10376,70,5471,761,291,289,526,0,0,376,1121,0,1016,455,10787,0,219,3471,627,2862,2197,113,0,343,236,259,460,0
ACSSF,2019e1,nc,000,0116,0000073,79504,156,5938,6429,1225,10580,4670,617,1928,6485,20640,10638,4309,5889,24636,111,779,1102,99,788,376,303,676,2671,12317,1357,1213,2844,19393,0,0,271,0,707,401,0,313,1826,5279,6743,1856,1997,15568,0,602,247,458,6333,1371,314,652,786,1696,2142,213,754,7283,45,4169,429,138,420,462,0,201,236,544,76,477,86,12624,0,388,4380,530,2332,2060,0,86,966,804,320,550,208
ACSSF,2019e1,nc,000,0116,0000074,145286,415,7825,15691,4195,18232,7623,3169,11204,14143,36902,17535,5805,2547,55262,130,1334,4268,1437,2402,1217,1024,5600,6851,25735,2707,1181,1376,24851,0,211,217,55,421,50,0,212,3543,5507,10832,3187,616,31095,0,246,1114,1588,10035,1259,1330,4691,2581,4432,3209,354,256,9327,285,5548,624,0,285,460,461,433,35,133,84,979,0,24751,0,486,9468,1115,5089,4637,354,268,1133,1095,703,104,299
ACSSF,2019e1,nc,000,0116,0000075,48121,61,1704,7816,2579,4756,3043,1065,2384,4980,11835,5299,1123,1476,15953,0,157,1803,383,522,662,530,1253,2159,6903,849,503,229,8411,0,0,38,0,261,0,0,0,818,3287,3312,426,269,10733,0,36,451,1308,2930,685,484,1017,1496,1056,839,59,372,3008,61,1433,310,220,158,469,0,114,108,0,0,135,0,10016,0,78,5214,668,885,1227,51,0,399,589,299,0,606
ACSSF,2019e1,nc,000,0116,0000076,,,,,,,,,,,,,,,,,,,,,,,,,,,,,,,,,,,,,,,,,,,,,,,,,,,,,,,,,,,,,,,,,,,,,,,,,,,,,,,,,,,,
ACSSF,2019e1,nc,000,0116,0000077,,,,,,,,,,,,,,,,,,,,,,,,,,,,,,,,,,,,,,,,,,,,,,,,,,,,,,,,,,,,,,,,,,,,,,,,,,,,,,,,,,,,
ACSSF,2019e1,nc,000,0116,0000078,89028,78,3215,8392,1189,5965,3343,3831,7213,25498,17440,7027,2727,3110,60568,46,1541,6325,603,1479,1187,3371,5235,20334,15183,2437,652,2175,7860,0,0,0,0,177,0,0,0,1357,1053,3559,1202,512,12999,32,207,461,472,3652,854,366,1978,2107,1204,859,432,375,2800,0,1415,49,0,0,89,54,0,922,0,0,271,0,4801,0,52,1557,114,657,1213,40,0,778,0,172,170,48
ACSSF,2019e1,nc,000,0116,0000079,254585,631,17329,18235,6247,26734,13109,6751,19909,46935,53388,23084,10473,11760,125349,291,4046,9134,1608,4411,3107,4921,11556,32257,37193,5863,3801,7161,37755,46,172,168,117,1185,0,200,456,6261,10487,12617,3473,2573,51497,65,1103,1646,2998,17173,3856,982,7219,6589,4294,2539,1054,1979,17351,229,11237,422,0,1381,453,648,414,818,265,454,983,47,22633,0,771,6865,1524,2584,5693,0,264,1010,1149,1611,1162,0
ACSSF,2019e1,nc,000,0116,0000080,58947,452,3298,2190,916,9162,2340,1912,4378,7607,14176,8558,2267,1691,26299,341,801,453,202,1450,589,1206,2416,5470,10654,1282,467,968,11475,0,59,67,0,473,0,232,43,1127,1848,6248,724,654,11962,0,87,297,634,5240,185,474,1795,924,1247,850,160,69,4157,111,2351,40,0,919,65,0,81,0,268,40,282,0,5054,0,0,1333,80,1080,1501,0,43,86,159,138,634,0
ACSSF,2019e1,nc,000,0116,0000081,113767,219,6501,11367,1629,17375,5249,1024,7853,10739,32320,11017,4839,3635,41942,0,732,3081,316,2193,481,692,4418,4618,19830,2455,1457,1669,23515,0,0,34,0,1612,0,0,117,3731,7929,6578,1957,1557,25554,0,502,1182,749,10628,1441,303,3164,1409,4131,1534,147,364,8431,141,4908,761,97,302,874,29,154,329,212,0,603,21,14325,78,359,6309,467,2640,2453,0,0,652,218,450,675,24
ACSSF,2019e1,nc,000,0116,0000082,348499,4984,22057,37586,7416,38832,13666,4204,13647,35484,105230,31208,20383,13802,136207,2138,3557,7509,1362,3650,850,2940,7213,19168,71690,5218,4301,6611,62801,243,46,642,0,1267,310,128,71,7637,19761,19644,8767,4285,69633,176,563,4382,3156,24039,4119,737,5909,5981,10834,5261,2546,1930,31445,1745,16899,3559,216,997,1071,286,339,618,1611,94,3268,742,48413,682,992,21494,2682,8879,7316,113,115,2080,1334,991,1501,234
ACSSF,2019e1,nc,000,0116,0000083,427020,3306,34043,47333,10755,45442,20151,7896,29925,67460,89434,30961,17073,23241,193614,1405,9433,18817,2212,5262,4829,5607,16048,44078,64613,5466,4773,11071,60601,196,0,1131,66,1801,150,181,815,11003,15268,17817,5296,6877,86484,368,1833,4689,4735,29238,3027,1394,12514,8181,7659,6112,2905,3829,34970,1198,21115,3186,290,1418,2720,588,548,246,1055,240,1518,848,51351,139,1662,19510,3452,7723,9425,126,0,3952,839,1326,2581,616
ACSSF,2019e1,nc,000,0116,0000084,317181,9749,28540,28313,6626,35480,14077,2459,14166,24899,75145,41670,14546,21511,111783,2799,5325,6149,1156,3485,1678,1781,6155,11988,51863,6671,3504,9229,64608,396,0,1402,57,1236,692,0,960,6765,15715,27587,3894,5904,61319,573,1488,3466,3491,21676,2296,264,6696,4122,5215,6051,2436,3545,36255,3717,20154,2829,452,2166,1139,212,186,738,675,283,2234,1470,43216,2264,1573,14467,1470,6917,8272,202,169,1286,1677,1078,2478,1363
ACSSF,2019e1,nc,000,0116,0000085,466889,1485,29523,34930,8718,40770,19608,12965,33670,89738,112139,44334,19771,19238,254641,869,7854,20172,2549,7195,4301,9827,20356,67259,84525,12481,5593,11660,66706,46,265,353,77,1298,95,427,1108,9247,17631,25182,7255,3722,80958,97,2428,2960,3944,25501,5774,1871,11382,9465,7766,4587,2599,2584,29828,473,17908,892,302,1617,1066,800,499,1852,745,454,2488,732,34756,0,1068,10553,1846,5159,8372,40,325,1915,1472,1630,1836,540
ACSSF,2019e1,nc,000,0116,0000086,351778,3753,28402,48938,7659,46222,17614,3277,19939,29151,89673,28901,16972,11277,128218,1786,6246,12669,2082,6202,1395,2059,10113,13154,57028,5437,5694,4353,58644,0,38,1256,73,2891,14,0,183,7350,18618,17486,5847,4888,75435,0,1753,4518,3127,27308,3904,595,9177,5095,11670,4857,1833,1598,33892,1507,18685,4540,368,2056,2059,491,313,625,883,151,2004,210,55589,460,1680,25955,2009,7765,10242,132,153,2927,1474,970,1594,228
ACSSF,2019e1,nc,000,0116,0000087,364129,3339,28066,56208,11065,41324,19938,5155,20035,35080,81333,33478,16265,12843,121868,846,5596,12349,2418,4775,2427,2453,9508,15494,52944,5151,2974,4933,59552,511,401,1278,105,737,403,143,356,9573,14915,20592,6279,4259,80665,263,1387,5762,4899,25791,4624,1445,9781,4776,11146,6089,1828,2874,35280,1415,18387,4117,688,2166,1026,718,352,1679,799,35,3769,129,66764,304,2295,32702,2955,7855,11458,396,38,3558,1529,1611,1415,648
ACSSF,2019e1,nc,000,0116,0000088,363854,10839,33488,35928,7292,48466,18500,6548,17994,32586,79147,39932,16916,16218,127766,3656,6952,8151,1147,3796,4144,3059,6815,18527,56535,5955,2470,6559,67482,270,238,1895,0,1972,277,232,970,6662,13485,27886,7127,6468,75552,859,1084,2574,3499,32013,2673,2058,9330,4463,7553,4768,2385,2293,43695,5299,23725,2901,546,2331,1703,1054,408,1091,742,487,2641,767,49359,755,1489,20407,2100,8354,9703,145,471,1843,832,836,2293,131
ACSSF,2019e1,nc,000,0116,0000089,357270,4391,31198,40422,6019,41000,16985,4829,21306,29383,83070,42065,18359,18243,123094,927,5011,8836,1450,3450,2265,2992,11590,14856,52104,7307,5277,7029,71879,631,0,1108,0,2125,401,0,622,7197,18913,27744,5749,7389,68201,82,1379,4613,2195,24820,3777,901,8077,4183,8687,4987,2164,2336,41583,2379,22913,3103,471,2527,1614,736,741,1033,1683,648,2949,786,52513,372,1895,22762,1903,8078,8928,200,276,2114,1683,1379,2220,703
ACSSF,2019e1,nc,000,0116,0000090,364566,4640,26710,42311,11208,37617,17820,5642,35773,41432,80859,30743,17105,12706,158583,2145,8413,12635,2167,5495,4863,2977,23489,24802,56739,6817,3962,4079,53325,294,8,810,60,1889,146,29,257,5819,13297,17984,7458,5274,72852,119,1566,4116,6476,20541,2616,1414,11013,6882,8385,5080,2207,2437,30469,1566,14922,2448,537,2756,1835,876,924,1209,734,160,2052,450,49337,516,1801,22302,1968,6936,8360,346,90,2720,1704,702,1426,466
ACSSF,2019e1,nc,000,0116,0000091,357807,1819,26526,67619,8692,37419,22884,4903,15754,32660,72858,36146,18364,12163,124726,802,6286,15687,1835,4169,3081,2827,7295,16598,46649,9246,5096,5155,59443,396,223,1570,401,1654,241,206,572,8530,15011,20050,5809,4780,69809,100,1129,7234,4317,23083,4388,1129,6655,4295,8731,4055,2849,1844,34819,419,18123,5161,282,1216,2328,714,1154,1140,678,1349,2069,186,69010,102,765,37967,1857,7297,12846,27,78,2097,1789,1446,2541,198
ACSSF,2019e1,nc,000,0116,0000092,353762,5157,29552,45707,7665,40942,11693,3434,17907,29809,80028,48354,19082,14432,118758,2088,3515,9957,1015,3641,2016,2007,7091,14538,51295,9905,5261,6429,74214,157,180,972,329,1605,164,0,723,8756,18453,30987,6980,4908,66335,196,1780,3757,2382,23861,2073,880,9131,4081,7414,5547,2854,2379,40530,2355,22797,4215,354,2034,1117,485,714,977,2131,392,2668,291,53925,361,1280,26806,3585,9801,6323,62,248,1457,735,1523,1319,425
ACSSF,2019e1,nc,000,0116,0000093,492975,980,35804,38418,18304,51955,36005,9563,57070,70898,90833,50636,23025,9484,206776,830,6748,13607,4357,7976,6823,6218,37827,42824,59351,11348,4760,4107,80517,0,428,886,156,1177,679,283,2513,11462,19936,29022,9814,4161,109326,0,1010,6632,8968,33526,10021,2200,14862,11235,10018,6879,2983,992,38775,150,26456,1754,951,1437,637,796,1243,1525,297,745,2684,100,57581,0,1162,15539,3872,7839,17845,66,625,3852,1231,2642,2784,124
ACSSF,2019e1,nc,000,0116,0000094,372107,1934,24862,59522,11732,44242,22116,5874,20633,34697,85200,34716,18737,7842,133976,977,5008,15601,2217,6582,3133,2675,10379,17762,56410,6198,3873,3161,56181,99,0,506,0,1919,339,383,259,6506,16475,20476,7261,1958,76429,65,809,5689,6158,24890,4161,1189,8686,6755,9105,5156,2247,1519,36538,793,17269,4323,946,2038,2043,1543,770,922,729,1426,3625,111,68983,0,1776,33403,2411,8813,12440,84,539,2752,2481,1460,1731,1093
ACSSF,2019e1,nc,000,0116,0000095,60498,1592,5974,4854,686,9250,1811,498,2745,3904,17178,6601,3233,2172,21001,606,845,1190,98,667,223,480,1054,974,11395,1250,1085,1134,10906,41,0,94,66,422,14,0,24,792,3325,4168,1141,819,13735,26,229,416,303,6115,290,18,1654,1211,1983,890,418,182,6989,678,4307,489,93,222,233,0,13,285,400,0,269,0,7867,241,593,2665,126,1824,1051,0,0,642,75,293,320,37
ACSSF,2019e1,nc,000,0116,0000096,67286,1138,5401,12538,1148,9543,4425,356,1591,4291,15630,5231,3526,2468,20402,361,1397,2633,409,1401,307,180,814,2037,8874,446,702,841,12294,0,0,498,7,532,0,0,0,1150,5005,3197,1105,800,13230,0,158,997,428,5180,1393,0,534,640,1300,1407,632,561,7560,706,3614,876,95,631,258,176,90,48,59,151,756,100,13800,71,232,7534,209,1799,2467,0,153,416,392,30,331,166
ACSSF,2019e1,nc,000,0116,0000097,61692,359,5301,9901,2487,6170,3626,216,4215,5751,12665,4152,4158,2691,16657,0,1314,1723,663,314,666,100,1321,1595,7528,136,717,580,11256,0,38,581,0,140,46,47,0,1930,2695,2549,1833,1397,14378,0,202,476,449,3897,683,69,2556,1616,2040,1322,508,560,6881,222,3193,1237,98,670,194,0,338,0,0,0,929,0,12520,137,554,5884,1277,1149,2037,0,0,610,402,145,171,154
ACSSF,2019e1,nc,000,0116,0000098,57111,1087,4199,7548,1020,6243,3483,798,2575,5317,15594,4531,2074,2642,18033,517,384,521,196,781,393,329,1211,1800,9802,921,390,788,9250,55,10,357,0,10,0,0,0,1835,2869,2205,638,1271,13132,61,268,1426,374,3610,950,105,1364,559,2412,1322,289,392,6918,345,3443,1022,0,109,449,364,0,252,341,83,385,125,9778,109,94,4222,450,1733,1691,0,0,871,170,0,372,66
ACSSF,2019e1,nc,000,0116,0000099,57570,661,5648,7151,1223,8787,3060,361,2862,4911,13270,4548,2157,2931,17201,179,831,1421,308,490,478,168,1213,1656,7261,1319,574,1303,12116,25,0,118,0,442,310,0,0,1633,5195,2430,897,1066,12189,0,141,997,438,4904,604,129,1523,1482,776,668,419,108,6860,352,4107,616,0,745,300,64,126,55,0,0,156,339,9204,105,569,3999,477,2206,1368,0,0,85,38,131,111,115
ACSSF,2019e1,nc,000,0116,0000100,40088,1362,3854,5149,837,4758,2555,364,1740,2299,10463,2675,1730,2302,11086,194,563,610,109,539,79,311,639,855,6027,148,365,647,8060,7,46,45,0,286,0,0,71,903,3052,2102,553,995,7611,102,0,273,479,2867,794,53,691,451,1006,279,107,509,5437,636,2809,598,0,43,147,0,339,32,64,0,618,151,7894,423,436,3623,249,1023,1535,0,0,58,314,146,87,0
ACSSF,2019e1,nc,000,0116,0000101,51802,1064,3772,5712,1225,4923,2207,132,2729,4857,13930,4262,2265,4724,20408,602,730,1531,250,664,56,132,1261,1845,9994,891,308,2144,9846,102,0,257,57,80,56,0,78,1731,2950,2227,947,1361,9637,41,20,601,581,2985,270,0,1347,745,906,1010,509,622,5388,281,2864,767,93,301,125,0,43,229,0,87,368,230,6523,38,158,2556,244,893,1700,0,0,307,80,47,133,367
ACSSF,2019e1,nc,000,0116,0000102,43494,1487,3894,4636,388,5432,2165,281,2303,3302,7588,7867,2156,1995,13239,813,195,515,98,687,0,274,942,2101,4810,1662,490,652,8300,0,0,208,0,153,0,0,65,640,1730,4379,429,696,10115,156,193,475,182,3291,1091,7,1171,396,1017,1459,282,395,5303,342,2914,787,0,121,261,0,55,12,0,58,501,252,6537,176,592,2651,108,1180,813,0,70,153,31,309,454,0
ACSSF,2019e1,nc,000,0116,0000103,62259,1741,4624,11068,1587,8490,3846,467,3389,5729,10679,5523,2856,2260,18650,804,1041,1572,161,677,287,193,2210,1940,6397,1431,805,1132,9945,0,0,381,0,0,0,0,308,1720,2941,2900,930,765,13217,259,396,585,405,6179,1174,75,871,998,889,725,509,152,5510,599,2760,1083,0,145,384,199,0,39,139,11,151,0,14937,79,427,7447,1021,1489,2001,0,0,1032,313,456,461,211
ACSSF,2019e1,nc,000,0116,0000104,43251,1456,2426,8621,1617,3064,1641,547,2332,3730,10016,3466,2527,1808,14439,504,501,1416,169,382,366,498,1180,1016,6979,322,319,787,8113,0,0,107,26,302,0,0,312,1339,1949,2459,1100,519,8418,57,272,1574,808,1734,212,49,840,731,806,611,367,357,4033,755,1653,521,73,102,99,0,0,0,80,0,605,145,8248,140,0,5003,541,544,964,0,0,644,202,74,136,0
ACSSF,2019e1,nc,000,0116,0000105,101502,700,13101,10290,3308,12030,4435,2027,5269,9158,20304,8981,5039,6860,33036,146,2061,2367,238,656,904,1324,1905,4709,13630,939,527,3630,16858,0,73,47,0,751,99,181,0,1641,3690,5988,1836,2552,23405,0,685,1283,1400,7838,555,351,3144,1856,2848,1818,1014,613,13912,554,9592,703,121,392,1341,115,116,128,136,0,649,65,14291,0,690,5890,1549,2393,1536,56,104,824,0,236,1013,0
ACSSF,2019e1,nc,000,0116,0000106,81406,415,5126,4902,2372,6654,4897,2683,4462,16886,16699,10192,3499,2619,40700,206,1568,2632,550,715,1212,1772,2692,11984,11772,2807,1096,1694,12431,46,172,0,77,412,0,200,266,1396,2973,5489,884,516,16352,0,665,372,961,4320,1678,423,1391,2669,1420,1452,592,409,5043,163,2604,145,0,624,154,288,113,150,131,158,513,0,6880,0,117,1753,784,583,1853,0,0,687,403,286,414,0
ACSSF,2019e1,nc,000,0116,0000107,,,,,,,,,,,,,,,,,,,,,,,,,,,,,,,,,,,,,,,,,,,,,,,,,,,,,,,,,,,,,,,,,,,,,,,,,,,,,,,,,,,,
ACSSF,2019e1,nc,000,0116,0000108,67564,249,3638,5041,864,7616,2510,1686,6319,12707,16772,3964,2802,3396,34791,0,950,3036,0,1075,1189,1489,3293,8797,12107,567,772,1516,9167,0,0,163,0,116,0,0,0,1758,2570,2420,605,1535,14209,0,0,421,727,5654,248,92,2730,1332,1896,305,459,345,4241,249,2606,53,0,169,0,105,296,48,138,44,533,0,5156,0,82,1368,137,602,1073,0,0,772,61,628,433,0
ACSSF,2019e1,nc,000,0116,0000109,75192,444,7151,5429,1826,9251,4652,906,3231,8944,16352,7594,3419,5993,27590,239,893,2033,696,1416,1082,298,1699,3831,10194,1403,530,3276,15593,0,0,122,0,121,0,0,0,2823,4633,4424,1943,1527,16239,0,261,158,809,5925,1474,172,1532,1311,1439,1767,553,838,8170,205,5449,347,0,660,357,436,0,282,0,0,393,41,7600,0,548,2769,321,1129,1739,0,0,697,86,0,0,311
ACSSF,2019e1,nc,000,0116,0000110,71578,437,5508,8235,855,6167,2896,1100,4680,13654,16116,4228,3392,4310,33005,396,1661,3547,233,1238,966,561,2296,8273,10805,601,608,1820,12094,0,0,93,0,71,51,0,260,3793,3352,2602,1142,730,13901,0,696,947,328,3580,290,539,2066,1171,1191,886,847,1360,5565,0,2835,651,148,448,272,0,58,45,375,139,469,125,7013,41,316,2997,146,830,1317,0,0,372,393,0,326,275
ACSSF,2019e1,nc,000,0116,0000111,,,,,,,,,,,,,,,,,,,,,,,,,,,,,,,,,,,,,,,,,,,,,,,,,,,,,,,,,,,,,,,,,,,,,,,,,,,,,,,,,,,,
ACSSF,2019e1,nc,000,0116,0000112,75426,32,4102,7100,801,5336,3541,3353,5612,18488,15520,6564,2059,2918,48735,0,1258,5164,367,1360,1159,3034,3921,14160,13534,2123,577,2078,7237,0,0,0,0,229,0,0,0,1134,1078,3482,739,575,10822,32,153,318,281,3453,1075,225,1630,1607,694,787,350,217,4394,0,2639,0,0,0,89,54,0,1236,75,0,301,0,4238,0,52,1618,153,294,1218,40,61,351,139,172,92,48
ACSSF,2019e1,nc,000,0116,0000113,72876,90,2905,5682,1854,6574,1649,2309,6689,20111,15261,4306,3579,1867,47139,90,1336,4683,773,681,570,1911,4183,16672,13050,831,1236,1123,7548,0,0,0,0,187,95,0,86,1271,1017,3050,1476,366,13813,0,545,498,1081,4747,272,347,2267,1677,1041,425,535,378,1591,0,1024,139,0,0,0,51,153,0,54,0,170,0,2785,0,0,362,0,959,712,0,0,491,99,0,162,0
ACSSF,2019e1,nc,000,0116,0000114,,,,,,,,,,,,,,,,,,,,,,,,,,,,,,,,,,,,,,,,,,,,,,,,,,,,,,,,,,,,,,,,,,,,,,,,,,,,,,,,,,,,
ACSSF,2019e1,nc,000,0116,0000115,66943,331,6343,4622,1455,7719,2474,988,3130,7507,21486,4379,4309,2200,30213,78,1586,2039,371,652,47,599,2120,4718,14371,574,1409,1649,10505,74,0,48,0,447,0,128,0,1637,3410,3340,1258,163,11156,44,90,314,315,4060,651,148,1010,842,2353,465,476,388,7844,135,4667,75,142,202,367,0,0,72,1018,0,1166,0,7225,0,0,2146,627,2358,1409,113,0,238,334,0,0,0
ACSSF,2019e1,nc,000,0116,0000116,74340,452,3378,4993,700,5540,997,2021,3012,11664,28539,7552,3021,2471,44387,306,1383,2810,222,1023,63,1582,1393,9521,22658,1929,559,938,12309,0,0,185,0,120,0,227,236,968,3445,4922,1309,897,9697,0,169,621,131,3131,68,166,1383,941,1738,630,573,146,3167,146,1786,0,153,0,273,46,0,0,400,0,130,233,4780,0,40,1377,194,1266,593,0,0,234,298,71,450,257
ACSSF,2019e1,nc,000,0116,0000117,60559,441,4480,9735,1309,6243,1940,342,2499,10639,13600,4325,3195,1811,24036,230,1254,1871,58,224,319,169,1401,5925,10353,660,553,1019,8133,0,0,463,0,47,0,0,0,1911,1369,2884,977,482,11520,0,32,1430,799,4368,247,124,1098,975,1657,174,310,306,7245,211,3041,826,215,203,112,49,0,1374,104,0,1106,4,9625,0,153,5145,237,1401,1262,0,0,454,117,607,249,0
ACSSF,2019e1,nc,000,0116,0000118,83552,498,8639,9275,2626,10516,4683,973,4484,5403,20711,8102,4226,3416,28667,158,1745,2092,547,1521,463,550,2096,2309,13893,947,1005,1341,15006,92,60,100,50,186,0,96,156,1506,4131,6033,1392,1204,18803,51,232,1917,1377,6784,1221,134,2194,1022,1838,808,452,773,8723,111,5907,481,0,601,304,151,0,144,267,0,708,49,12353,86,695,4685,652,1424,2695,42,38,422,582,314,669,49
ACSSF,2019e1,nc,000,0116,0000119,66794,227,2918,6565,1971,6788,3353,1457,6844,7875,18507,6215,2583,1491,31550,41,861,2482,634,1142,580,757,3607,4632,13797,1371,823,823,10316,0,211,14,55,0,0,0,158,1819,2735,3718,1266,340,13694,0,205,594,975,4627,851,319,2686,762,1372,854,193,256,2855,186,1427,287,0,208,132,27,270,0,121,0,197,0,8379,0,214,3188,307,811,1790,354,123,662,482,272,104,72
ACSSF,2019e1,nc,000,0116,0000120,,,,,,,,,,,,,,,,,,,,,,,,,,,,,,,,,,,,,,,,,,,,,,,,,,,,,,,,,,,,,,,,,,,,,,,,,,,,,,,,,,,,
ACSSF,2019e1,nc,000,0116,0000121,63455,188,4074,7614,2505,6746,3648,1322,4495,6344,15174,6617,2341,2387,27951,0,924,3667,951,1423,398,464,2423,3291,10891,1529,497,1493,6982,0,0,42,0,117,0,0,0,1070,1461,3158,804,330,16157,112,574,447,724,3990,1255,858,1974,1333,2547,1622,340,381,4365,76,2189,640,73,238,82,0,45,69,143,126,608,76,8000,0,387,2818,757,978,1913,0,53,581,132,182,92,107
ACSSF,2019e1,nc,000,0116,0000122,65830,594,3844,10457,3968,6913,5028,1076,3452,5373,14550,6920,1794,1861,21354,42,545,2589,578,961,722,600,1944,2290,9178,1049,546,310,10809,419,0,38,0,261,242,0,47,961,3536,3985,832,488,13471,0,36,513,1955,4229,858,425,1307,1564,1064,1015,133,372,6183,133,3185,467,546,373,517,0,114,159,48,358,283,0,14013,0,78,6850,889,1089,2689,51,40,399,724,513,0,691
ACSSF,2019e1,nc,000,0116,0000123,,,,,,,,,,,,,,,,,,,,,,,,,,,,,,,,,,,,,,,,,,,,,,,,,,,,,,,,,,,,,,,,,,,,,,,,,,,,,,,,,,,,
ACSSF,2019e1,nc,000,0116,0000124,,,,,,,,,,,,,,,,,,,,,,,,,,,,,,,,,,,,,,,,,,,,,,,,,,,,,,,,,,,,,,,,,,,,,,,,,,,,,,,,,,,,
ACSSF,2019e1,nc,000,0116,0000125,67175,306,6625,9218,1862,6916,3306,480,5463,6737,16467,4291,3946,1558,30009,137,1900,4051,600,1408,360,398,3260,4107,10880,1096,1468,344,7687,0,0,37,0,228,0,0,42,1051,2071,2147,1276,835,14231,0,835,713,915,3584,263,0,2161,1130,3093,841,468,228,7127,169,3812,1181,107,480,684,82,0,60,0,0,463,89,8121,0,78,3236,240,1216,1999,0,0,389,423,207,271,62
ACSSF,2019e1,nc,000,0116,0000126,50959,1011,5122,9488,1234,5461,3228,537,1781,4154,11342,3265,3102,1234,17206,795,1310,1780,97,578,127,86,956,2080,7866,553,627,351,6707,0,0,130,0,123,0,0,0,948,2376,1849,893,388,8843,0,333,1202,570,2646,359,104,788,475,986,643,242,495,7765,216,3246,1412,0,1251,514,269,0,37,0,0,820,0,10438,0,233,4964,567,863,2228,78,37,614,114,220,520,0
ACSSF,2019e1,nc,000,0116,0000127,56884,538,3288,15240,3099,6635,2493,1416,1860,2720,10867,5056,1635,2037,15841,396,603,2150,355,242,217,623,682,1569,6767,1151,405,681,7757,0,0,170,303,394,0,0,62,680,2132,2753,318,945,11848,0,257,1670,775,4331,333,457,791,244,1649,595,335,411,5074,72,2238,1113,0,251,180,282,325,119,291,0,203,0,16364,70,190,10137,1666,1417,1763,54,0,108,28,557,374,0
ACSSF,2019e1,nc,000,0116,0000128,58363,533,4008,12045,1758,6633,1868,370,1929,4108,12882,5769,3487,2973,17268,213,191,1836,234,528,164,203,1205,1228,7816,1777,801,1072,11351,0,0,239,0,362,0,0,0,2032,3256,2581,1409,1472,9318,170,216,1166,201,3484,416,101,530,285,1454,818,307,170,6898,49,3545,651,0,1055,54,66,119,141,356,47,663,152,13528,101,56,8153,1323,1204,1234,0,75,422,0,546,307,107
ACSSF,2019e1,nc,000,0116,0000129,,,,,,,,,,,,,,,,,,,,,,,,,,,,,,,,,,,,,,,,,,,,,,,,,,,,,,,,,,,,,,,,,,,,,,,,,,,,,,,,,,,,
ACSSF,2019e1,nc,000,0116,0000130,61527,723,6583,5912,1270,5886,2161,534,3000,6968,14689,7992,3197,2612,25361,607,630,2168,36,654,896,250,1140,4923,10372,1374,1124,1187,11215,0,0,308,0,61,73,0,0,802,3065,5667,753,486,11546,0,412,765,665,4040,62,144,1687,858,1048,691,369,805,7653,116,5541,565,0,214,177,78,123,81,59,134,521,44,5752,0,0,2106,569,917,953,62,50,304,145,126,430,90
ACSSF,2019e1,nc,000,0116,0000131,,,,,,,,,,,,,,,,,,,,,,,,,,,,,,,,,,,,,,,,,,,,,,,,,,,,,,,,,,,,,,,,,,,,,,,,,,,,,,,,,,,,
ACSSF,2019e1,nc,000,0116,0000132,,,,,,,,,,,,,,,,,,,,,,,,,,,,,,,,,,,,,,,,,,,,,,,,,,,,,,,,,,,,,,,,,,,,,,,,,,,,,,,,,,,,
ACSSF,2019e1,nc,000,0116,0000133,71932,1184,6871,8501,1190,10992,2243,838,3917,7353,13480,8018,5200,2145,25171,401,1080,2677,373,1568,452,444,1933,3455,8206,1983,1280,1319,14276,116,0,69,26,621,91,0,50,2035,3726,5035,2212,295,13543,0,381,657,375,5318,468,196,1593,1437,1039,791,852,436,8210,667,4789,549,261,281,186,198,218,61,90,74,741,95,10732,0,621,4549,155,3204,1046,0,123,365,419,135,115,0
ACSSF,2019e1,nc,000,0116,0000134,54126,503,4087,9973,705,6115,3129,708,1416,4908,12163,4694,3361,2364,16626,349,1092,1822,95,933,352,299,658,1549,6980,518,597,1382,9649,13,0,267,265,428,0,45,10,2097,2757,2568,569,630,9379,0,53,443,237,2891,516,336,748,490,1860,636,817,352,6671,80,2741,954,104,480,347,28,0,468,225,443,801,0,11801,61,201,6487,4,1383,1914,0,0,304,341,529,577,0
ACSSF,2019e1,nc,000,0116,0000135,63693,384,5541,11937,1997,7294,6171,517,2703,5419,11590,5706,2792,1642,22255,337,2164,2119,415,1028,629,362,1501,3591,7248,1608,425,828,8386,0,0,118,115,176,129,0,0,917,2358,3019,1154,400,12256,47,236,1133,1086,4470,1176,34,976,412,1566,356,488,276,5611,0,3085,974,83,0,373,121,182,0,156,297,329,11,15185,0,56,7593,298,1620,3864,0,44,499,262,426,396,127
ACSSF,2019e1,nc,000,0116,0000136,78094,415,3119,22056,2189,8154,3484,1094,3049,6906,13304,8342,3865,2117,27326,96,447,5096,742,795,757,262,930,3081,9380,3457,1577,706,11614,258,0,129,0,453,0,124,335,2327,1964,3797,1357,870,15011,53,0,2622,901,4417,880,552,1559,618,1464,1037,577,331,5821,8,2618,1231,0,364,487,156,191,379,43,0,169,175,18322,0,54,12978,546,2125,1360,0,34,501,453,51,185,35
ACSSF,2019e1,nc,000,0116,0000137,78469,359,5144,14608,2535,11211,3677,1118,3666,8543,16130,6819,3750,909,30448,265,1961,4131,487,2289,695,833,1933,4373,10554,1567,957,403,10210,0,0,164,0,477,47,69,0,1606,2871,3683,1116,177,18801,65,172,1441,1696,6812,790,216,1697,1894,2364,866,596,192,6282,29,2811,1266,179,99,113,0,36,249,310,529,587,74,12728,0,200,7606,173,1534,2032,0,0,421,31,174,494,63
ACSSF,2019e1,nc,000,0116,0000138,49349,209,4729,8884,1207,5145,4276,906,2984,3306,9843,3743,2249,1868,15529,20,913,2168,336,253,587,752,1281,1674,5633,866,526,520,7481,125,223,157,21,217,44,0,110,802,2188,2116,652,826,10911,0,160,904,357,3535,942,93,1187,505,1730,598,378,522,6456,64,3147,1106,34,230,832,34,406,131,49,0,423,0,8972,0,286,4549,459,910,1871,27,0,194,243,163,270,0
ACSSF,2019e1,nc,000,0116,0000139,57031,197,3937,8925,1638,5707,3234,1003,3066,5815,12786,4397,3757,2569,18756,0,729,2337,157,253,646,545,1685,2489,7741,441,926,807,11671,0,0,115,0,240,0,37,0,1352,3647,3140,1708,1432,11525,0,127,737,1037,4294,650,46,1073,1248,976,644,399,294,5313,156,2913,693,61,80,205,375,308,207,136,0,179,0,9766,41,168,5043,383,840,1733,0,0,519,286,172,545,36
ACSSF,2019e1,nc,000,0116,0000140,75993,193,5151,6574,3531,8343,3906,1373,11960,12371,11934,6799,2441,1417,37125,193,836,2707,1330,1329,1479,811,9143,7766,8815,1655,661,400,10606,0,0,281,0,188,85,0,190,2184,1907,3711,1353,707,16734,0,370,1180,1649,4783,1087,562,2559,1859,1212,1141,76,256,4574,0,3694,233,0,230,0,0,68,43,0,102,150,54,6954,0,251,2173,552,1813,1255,0,0,519,0,190,201,0
ACSSF,2019e1,nc,000,0116,0000141,64457,46,4390,5090,2774,6553,8010,1215,4453,5081,14565,6805,3245,2230,18591,0,907,630,435,927,650,525,1792,2020,7608,1391,403,1303,12424,0,226,43,59,87,224,231,373,762,4590,3312,1806,711,15664,0,0,507,1280,4061,3164,428,1545,1383,1720,1379,34,163,5352,46,2889,431,528,270,319,0,406,140,0,0,323,0,12426,0,368,3479,472,1208,3653,31,337,776,647,723,679,53
ACSSF,2019e1,nc,000,0116,0000142,69875,0,6906,5948,1898,8007,4557,952,6397,8102,12989,9861,3230,1028,21068,0,304,1291,212,799,503,721,3732,4299,6200,2199,385,423,14047,0,0,194,0,478,141,52,152,923,4545,5998,1184,380,16362,0,123,879,1082,5618,830,26,2471,1534,1940,1114,520,225,8201,0,6323,144,44,259,140,153,42,274,105,287,430,0,10197,0,156,3440,560,853,2943,0,0,1072,199,263,711,0
ACSSF,2019e1,nc,000,0116,0000143,83421,94,4407,5765,2958,5409,4773,1014,15318,14201,15901,7616,4369,1596,48509,67,2047,3636,693,1066,1697,793,10226,10402,13423,2446,1250,763,10575,0,0,0,0,384,134,0,151,1386,1225,4319,2478,498,17916,0,330,1308,2144,3217,914,221,4878,2413,1170,708,278,335,2252,27,1869,0,52,84,157,0,63,0,0,0,0,0,4169,0,161,821,69,658,1871,0,0,0,83,143,363,0
ACSSF,2019e1,nc,000,0116,0000144,74212,185,7520,6610,1906,5761,5742,1722,10374,13371,10743,6437,2880,961,33421,185,1528,3252,649,1139,1314,1103,6294,8253,7058,1172,1079,395,11629,0,0,324,97,38,91,0,723,2568,2140,4202,910,536,12610,0,37,921,398,3360,1261,584,2785,1334,1222,490,218,0,7708,0,5888,124,75,207,92,0,417,225,277,0,403,0,8844,0,67,1989,687,1017,2984,35,155,991,46,573,270,30
ACSSF,2019e1,nc,000,0116,0000145,86676,392,5288,5501,3667,10292,5017,1866,9279,13191,18165,9124,3808,1086,41845,373,1608,2505,675,2219,1073,1129,6485,8262,13793,2382,825,516,12224,0,0,44,0,117,138,0,395,2215,2580,4969,1291,475,19860,0,141,1283,2119,6359,1471,355,2399,1791,1618,1325,904,95,6155,19,3459,280,73,360,51,382,0,601,109,160,661,0,6592,0,80,1389,800,1237,2284,0,0,322,65,288,127,0
ACSSF,2019e1,nc,000,0116,0000146,76621,164,4244,3469,2184,10280,5204,2002,9439,10260,15837,6832,4792,1914,36022,79,930,1360,156,1796,1235,1377,6960,7316,10921,2146,697,1049,12005,0,0,0,0,633,0,0,555,1425,3002,3818,1824,748,16356,0,486,785,1278,6059,896,494,1673,1259,1730,587,1109,0,5156,85,2633,192,90,453,96,131,118,260,138,87,827,46,7082,0,195,1132,660,1339,2977,0,133,0,46,194,335,71
ACSSF,2019e1,nc,000,0116,0000147,76050,157,3550,7468,3689,7967,3443,2169,10633,11393,13087,6569,4714,1211,37172,157,1541,3725,1325,922,748,1438,7721,7811,9205,972,1230,377,10120,0,202,0,0,116,0,0,125,1183,2055,3823,2162,454,18144,0,36,1261,2034,5318,992,475,2477,2136,1553,1203,356,303,3678,0,1726,350,141,248,83,256,310,91,0,109,364,0,6936,0,45,2132,189,1363,1620,0,0,172,274,462,602,77
ACSSF,2019e1,nc,000,0116,0000148,85535,458,6018,9422,1828,9849,3708,1858,9121,8873,17647,10704,3862,2187,35357,120,1043,2368,796,675,461,1296,5851,5126,13224,2197,1275,925,14914,158,0,213,0,880,0,0,0,2322,2217,6835,1280,1009,17879,69,131,1988,578,6507,1111,187,3033,842,1839,904,508,182,7463,111,4737,974,115,110,288,181,144,218,45,180,289,71,9922,0,107,3879,339,1677,1848,194,93,365,322,588,510,0
ACSSF,2019e1,nc,000,0116,0000149,55606,1760,5155,6547,545,6091,2304,565,3706,3753,14572,5134,2343,3131,19050,343,1345,1349,130,658,589,394,1570,1964,8233,670,657,1148,11577,116,0,359,0,115,0,0,0,984,3779,4184,691,1349,9215,13,314,339,147,3308,472,105,1959,486,1253,238,197,384,7578,1083,3379,652,72,406,194,60,177,130,938,21,361,105,8186,205,117,3848,196,1604,1049,6,0,189,369,21,437,145
ACSSF,2019e1,nc,000,0116,0000150,65063,1201,7651,10237,1898,5737,3120,437,2256,4387,13768,6908,4763,2700,21406,293,946,2602,147,913,262,128,1453,2592,8028,1526,1484,1032,11227,61,0,160,0,148,0,0,78,547,3911,4485,706,1131,10411,0,199,1104,708,3443,598,23,692,765,1589,305,632,353,10524,847,5611,678,232,264,587,286,22,187,114,214,1413,69,11495,0,895,5693,811,969,1673,0,11,296,126,378,528,115
ACSSF,2019e1,nc,000,0116,0000151,74673,355,6544,14302,1971,7004,5737,1523,3230,6529,15142,5339,5275,1722,22419,79,509,3731,26,649,622,310,1153,2975,9374,1249,958,784,11176,99,0,0,0,568,0,314,0,1431,3133,3345,1939,347,14809,0,227,1750,1337,3893,1535,212,1752,684,1708,337,902,472,9464,177,4704,979,315,361,421,654,142,362,207,290,815,37,16805,0,1104,7842,293,1533,3159,33,183,1077,720,118,661,82
ACSSF,2019e1,nc,000,0116,0000152,62678,942,4708,15492,1562,7912,3672,1083,2659,4685,10017,5854,2233,1859,17266,280,1193,2696,361,1030,432,780,784,1901,5952,1052,507,298,10204,0,120,372,0,334,357,0,200,1737,2180,3241,909,754,12887,39,194,836,1026,4571,366,0,1661,571,1555,1355,244,469,5523,623,2738,765,45,486,120,303,14,25,68,0,336,0,16798,0,463,10823,130,1491,2397,0,0,451,262,206,237,338
ACSSF,2019e1,nc,000,0116,0000153,53315,754,3876,7619,844,4889,2586,272,3408,4672,13039,6446,2840,2070,19206,96,456,2419,248,273,453,272,1759,2709,7725,1249,1084,463,11766,248,0,73,0,32,0,0,155,935,3745,4395,959,1224,7949,0,70,629,348,2403,14,0,1427,517,1446,613,357,125,5927,243,3229,373,26,1232,48,0,67,0,91,74,415,129,8467,167,121,4125,222,949,2071,0,0,511,32,115,25,129
ACSSF,2019e1,nc,000,0116,0000154,53320,619,6590,6464,938,5498,2738,759,1816,4323,11091,5830,1734,4920,19050,144,1661,1618,46,331,117,358,650,2526,7697,1361,466,2075,8383,196,0,371,0,482,0,0,0,691,2307,2557,539,1240,10627,56,191,620,225,3258,577,275,1017,743,603,1692,224,1146,6803,204,4452,476,51,28,197,0,149,153,342,57,342,352,8457,19,286,3379,616,1399,1847,126,0,210,142,163,163,107
ACSSF,2019e1,nc,000,0116,0000155,54142,6017,6961,7596,1484,6301,4511,351,1663,2168,10225,3125,2020,1720,15369,2557,857,886,211,265,539,92,351,658,7378,674,206,695,8482,165,63,508,0,253,53,0,523,981,2068,2086,1326,456,9996,440,415,824,453,4326,509,259,789,494,649,346,222,270,8700,2268,5468,277,59,162,70,0,0,21,31,0,119,225,11595,587,158,5101,761,1295,3340,0,0,14,99,19,147,74
ACSSF,2019e1,nc,000,0116,0000156,48552,1706,2739,7885,1333,7145,2426,342,1607,3244,9694,4110,2519,3802,13735,598,791,1169,287,659,615,240,557,1428,5168,128,415,1680,9346,0,43,445,0,227,0,0,0,676,2950,3002,514,1489,10380,120,70,464,601,4510,433,55,1050,417,1116,679,482,383,5571,945,1725,734,125,0,279,0,0,244,215,149,905,250,9520,43,110,5073,320,1749,1099,47,0,479,245,152,203,0
ACSSF,2019e1,nc,000,0116,0000157,45868,2045,4981,5056,886,6427,1884,63,1158,3015,12570,2989,1986,2808,14374,307,752,528,294,496,189,0,557,1901,7754,167,159,1270,7461,52,0,131,0,67,10,0,0,691,3506,2195,289,520,8357,0,107,377,294,3892,317,63,601,287,879,627,487,426,8147,1198,4069,167,49,1094,98,0,0,0,361,0,674,437,7529,488,53,3853,249,878,1270,0,0,136,70,0,377,155
ACSSF,2019e1,nc,000,0116,0000158,86219,1658,5406,7113,2403,10206,2877,2049,3144,6354,26840,10756,4279,3134,32781,756,1344,2164,0,599,340,1419,1348,3031,17982,2069,699,1030,20690,82,0,809,0,315,580,0,0,1071,6363,7288,2346,1836,17897,0,275,1053,1602,7223,436,428,1681,1532,2046,934,419,268,4746,421,3397,226,0,230,77,0,0,0,108,0,287,0,10105,399,390,2861,801,1839,1444,202,115,720,341,465,528,0
ACSSF,2019e1,nc,000,0116,0000159,,,,,,,,,,,,,,,,,,,,,,,,,,,,,,,,,,,,,,,,,,,,,,,,,,,,,,,,,,,,,,,,,,,,,,,,,,,,,,,,,,,,
ACSSF,2019e1,nc,000,0116,0000160,57571,2360,5746,5352,1264,7076,2831,403,3430,4494,10974,6642,3112,3887,19664,580,1713,939,514,595,453,258,1243,1845,7841,1020,982,1681,9577,36,0,7,0,0,0,0,222,1843,1875,4338,596,660,11842,376,590,781,324,4085,179,20,1828,361,883,981,659,775,6580,721,3308,849,110,210,293,125,88,130,27,48,376,295,9908,647,135,2776,316,2186,1906,0,49,315,348,255,499,476
ACSSF,2019e1,nc,000,0116,0000161,,,,,,,,,,,,,,,,,,,,,,,,,,,,,,,,,,,,,,,,,,,,,,,,,,,,,,,,,,,,,,,,,,,,,,,,,,,,,,,,,,,,
ACSSF,2019e1,nc,000,0116,0000162,60994,845,5969,5267,781,6270,1788,1101,2994,8839,12343,8187,2811,3799,23889,0,1777,1465,137,505,935,289,1337,5274,9407,1072,359,1332,12797,105,0,450,0,207,0,0,0,1316,1624,6043,1380,1672,10936,37,55,268,571,4365,12,161,1489,804,1259,715,580,620,6990,659,4106,333,0,95,183,609,0,365,10,224,231,175,6382,44,31,2751,73,1098,658,42,168,1080,43,133,261,0
ACSSF,2019e1,nc,000,0116,0000163,85796,650,5101,5160,1453,11889,3296,2624,6413,10320,21297,11809,3314,2470,38390,341,1359,1570,244,1475,1064,1897,3193,7236,16273,2245,431,1062,15502,0,59,155,0,561,0,232,447,1488,2330,7964,1246,1020,17641,86,87,420,796,7510,564,495,2531,1473,2223,981,160,315,6201,223,3596,241,0,1013,107,0,199,0,312,87,350,73,8062,0,0,2774,413,1330,1561,0,43,123,159,532,1127,0
ACSSF,2019e1,nc,000,0116,0000164,59107,79,5508,4252,1521,9158,3799,999,3629,5175,13162,6651,2796,2378,20650,0,1385,1917,268,568,755,286,774,2547,9903,913,502,832,11270,0,0,263,0,390,95,0,0,1595,1775,5095,899,1158,14756,0,76,118,676,6534,822,383,2699,660,1308,616,577,287,6726,79,3551,834,144,228,576,330,0,333,38,27,542,44,5705,0,496,1120,433,1438,1551,0,156,40,138,0,276,57
ACSSF,2019e1,nc,000,0116,0000165,,,,,,,,,,,,,,,,,,,,,,,,,,,,,,,,,,,,,,,,,,,,,,,,,,,,,,,,,,,,,,,,,,,,,,,,,,,,,,,,,,,,
ACSSF,2019e1,nc,000,0116,0000166,43968,61,2878,3498,478,6418,1933,479,1169,3888,11717,5966,2659,2824,13873,29,408,587,35,564,144,165,471,1744,6586,851,743,1546,10784,0,0,107,0,394,112,0,313,960,3049,3691,1270,888,9608,0,277,48,181,4012,816,314,299,491,1407,1271,179,313,3207,32,2041,201,0,127,73,0,0,236,232,76,189,0,6496,0,152,2555,262,1321,788,0,86,457,443,77,278,77
ACSSF,2019e1,nc,000,0116,0000167,41353,390,2936,3059,893,6254,1793,729,1884,4594,9693,4101,1933,3094,12558,337,610,333,64,342,171,112,785,1546,6359,565,182,1152,6765,0,0,0,0,577,0,0,0,560,1336,2471,800,1021,10757,0,183,412,536,4011,77,76,455,1306,1635,983,641,442,4717,53,1940,300,59,233,97,432,547,506,249,82,66,153,6556,0,203,2014,234,1091,1448,109,97,676,114,0,244,326
ACSSF,2019e1,nc,000,0116,0000168,45123,115,4111,4442,620,5100,3011,458,1099,3773,11061,5801,2003,3529,13372,0,626,644,0,530,320,398,275,1465,6861,585,504,1164,10780,0,0,283,0,231,289,0,0,1118,2810,4099,768,1182,8368,0,259,339,214,2932,668,60,623,681,829,799,171,793,5140,115,2900,285,138,311,389,0,201,0,179,75,288,259,7463,0,326,2891,268,1096,1345,0,0,509,382,243,272,131
ACSSF,2019e1,nc,000,0116,0000169,41252,1076,3745,6187,771,3923,1848,406,1626,2495,12494,2914,1182,2585,11630,355,108,765,174,269,215,48,818,468,6941,369,231,869,9017,37,0,450,0,155,0,0,0,1040,3919,1766,456,1194,6330,0,107,174,278,1839,462,121,637,406,1224,664,117,301,6558,485,3463,691,56,640,242,0,171,200,256,57,102,195,7717,199,67,4107,263,1020,929,237,0,381,154,58,276,26
ACSSF,2019e1,nc,000,0116,0000170,51072,1409,3631,9108,1501,4916,3205,1023,2035,2979,13067,4405,849,2944,15738,337,437,1041,147,647,314,450,983,860,8833,538,280,871,8939,230,8,21,60,144,12,0,76,898,3147,2885,246,1212,9521,0,63,716,603,2942,362,235,976,815,923,982,104,800,5827,643,2419,435,414,304,837,338,0,172,0,0,204,61,11047,199,704,6895,277,879,1680,0,0,234,164,0,15,0
ACSSF,2019e1,nc,000,0116,0000171,52835,1154,5804,9603,1453,5539,2763,671,1850,3963,9835,4623,3542,2035,15483,687,1167,1891,77,658,508,305,940,1556,5682,834,732,446,8819,0,0,131,0,386,0,0,0,1198,1534,2630,1714,1226,10983,75,602,873,802,2950,448,71,840,582,2074,1051,531,84,6413,337,3776,651,0,470,247,295,70,0,0,0,373,194,11137,55,259,6057,574,1075,1560,0,0,627,545,108,192,85
ACSSF,2019e1,nc,000,0116,0000172,76801,421,5806,6560,2266,9049,3940,1062,8602,11664,15283,6498,3830,1820,39355,185,2765,3117,500,1318,1626,795,6040,7532,12547,1742,678,510,8650,75,0,0,0,157,0,29,31,1374,1512,3049,1563,860,16669,44,227,1045,1239,5887,896,158,2356,1668,937,1262,500,450,5136,54,2540,329,76,512,204,80,85,423,47,103,683,0,6991,63,274,2069,451,1175,1214,0,90,667,240,342,406,0
ACSSF,2019e1,nc,000,0116,0000173,128766,566,9693,10946,1991,17415,6737,1666,4127,12219,32026,15518,6595,9267,39391,366,1644,1564,99,1436,635,675,1531,4737,19515,2001,1429,3759,28154,0,0,390,0,1202,401,0,313,2620,7062,10237,2838,3091,28075,0,653,799,931,10785,1561,450,1352,2478,3850,2727,991,1498,12871,200,6715,786,197,671,559,432,748,742,660,233,543,385,20275,0,681,7407,764,3321,3581,109,183,1642,939,320,794,534
ACSSF,2019e1,nc,000,0116,0000174,86219,1658,5406,7113,2403,10206,2877,2049,3144,6354,26840,10756,4279,3134,32781,756,1344,2164,0,599,340,1419,1348,3031,17982,2069,699,1030,20690,82,0,809,0,315,580,0,0,1071,6363,7288,2346,1836,17897,0,275,1053,1602,7223,436,428,1681,1532,2046,934,419,268,4746,421,3397,226,0,230,77,0,0,0,108,0,287,0,10105,399,390,2861,801,1839,1444,202,115,720,341,465,528,0
ACSSF,2019e1,nc,000,0116,0000175,83546,498,8639,9275,2626,10516,4683,967,4484,5403,20711,8102,4226,3416,28667,158,1745,2092,547,1521,463,550,2096,2309,13893,947,1005,1341,15006,92,60,100,50,186,0,96,156,1506,4131,6033,1392,1204,18803,51,232,1917,1377,6784,1221,134,2194,1022,1838,808,452,773,8717,111,5907,481,0,601,304,145,0,144,267,0,708,49,12353,86,695,4685,652,1424,2695,42,38,422,582,314,669,49
ACSSF,2019e1,nc,000,0116,0000176,59107,79,5508,4252,1521,9158,3799,999,3629,5175,13162,6651,2796,2378,20650,0,1385,1917,268,568,755,286,774,2547,9903,913,502,832,11270,0,0,263,0,390,95,0,0,1595,1775,5095,899,1158,14756,0,76,118,676,6534,822,383,2699,660,1308,616,577,287,6726,79,3551,834,144,228,576,330,0,333,38,27,542,44,5705,0,496,1120,433,1438,1551,0,156,40,138,0,276,57
ACSSF,2019e1,nc,000,0116,0000177,103923,859,9724,10500,1898,10012,4175,1097,5040,10523,25279,16237,4542,4037,42135,607,1268,3620,167,1176,1006,745,1768,6590,17871,3830,1623,1864,20212,0,0,917,0,246,73,0,0,1708,4934,9926,1301,1107,19920,0,536,1052,995,6938,184,212,3099,1686,2136,1781,369,932,11258,252,7920,836,0,366,261,78,123,155,128,574,521,44,10398,0,0,4075,736,1286,2651,62,50,384,210,126,728,90
ACSSF,2019e1,nc,000,0116,0000178,,,,,,,,,,,,,,,,,,,,,,,,,,,,,,,,,,,,,,,,,,,,,,,,,,,,,,,,,,,,,,,,,,,,,,,,,,,,,,,,,,,,
ACSSF,2019e1,nc,000,0116,0000179,98820,1150,7521,9579,1946,10378,4608,1850,10770,9944,21097,12974,4058,2945,41241,228,1528,3054,825,940,908,1213,6865,6165,14516,2491,1244,1264,18251,274,0,213,0,309,0,0,0,2288,3604,8853,1297,1413,19252,69,209,2150,606,6546,1164,262,3697,1005,2078,841,428,197,9922,483,5715,1187,176,263,327,181,144,218,668,180,309,71,10154,96,69,2975,339,2320,2209,194,64,268,231,609,780,0
ACSSF,2019e1,nc,000,0116,0000180,,,,,,,,,,,,,,,,,,,,,,,,,,,,,,,,,,,,,,,,,,,,,,,,,,,,,,,,,,,,,,,,,,,,,,,,,,,,,,,,,,,,
ACSSF,2019e1,nc,000,0116,0000181,32170,904,2694,2147,890,4439,1658,260,1903,2599,6360,4636,1236,2444,11707,267,887,547,514,578,342,179,547,1227,4869,428,249,1073,5473,0,0,0,0,0,0,0,165,873,805,3224,172,234,7100,250,475,127,268,2702,141,20,1054,249,412,681,244,477,2748,387,1244,291,0,97,130,61,88,51,27,48,72,252,5142,0,88,1182,108,1062,1045,0,49,199,247,255,499,408
ACSSF,2019e1,nc,000,0116,0000182,,,,,,,,,,,,,,,,,,,,,,,,,,,,,,,,,,,,,,,,,,,,,,,,,,,,,,,,,,,,,,,,,,,,,,,,,,,,,,,,,,,,
ACSSF,2019e1,nc,000,0116,0000183,,,,,,,,,,,,,,,,,,,,,,,,,,,,,,,,,,,,,,,,,,,,,,,,,,,,,,,,,,,,,,,,,,,,,,,,,,,,,,,,,,,,
ACSSF,2019e1,nc,000,0116,0000184,,,,,,,,,,,,,,,,,,,,,,,,,,,,,,,,,,,,,,,,,,,,,,,,,,,,,,,,,,,,,,,,,,,,,,,,,,,,,,,,,,,,
ACSSF,2019e1,nc,000,0116,0000185,40293,294,3329,8366,479,4893,3396,198,732,2950,7914,4472,1414,1856,11863,281,767,1310,0,748,167,116,479,1334,4273,1059,242,1087,7172,13,0,50,0,395,129,45,0,1221,1708,2623,667,321,6790,0,0,766,199,2904,315,0,135,138,1619,98,179,437,3929,0,2459,690,112,0,220,37,74,0,166,0,160,11,10539,0,103,5550,168,846,2565,0,44,257,148,692,166,0
ACSSF,2019e1,nc,000,0116,0000186,60820,333,5256,11738,1945,5647,4701,1495,2545,5202,11862,4403,4113,1580,19481,79,447,3703,0,525,622,310,861,2583,7893,1031,696,731,7805,99,0,0,0,120,0,314,0,1099,2024,2680,1122,347,13107,0,167,1428,1337,3487,1312,212,1496,619,1443,284,902,420,8181,155,3927,879,315,222,421,626,91,316,207,290,732,0,12246,0,715,5728,293,1293,2346,33,97,585,295,118,661,82
ACSSF,2019e1,nc,000,0116,0000187,165940,331,9913,10518,3274,15053,4863,1946,8351,22365,59396,14556,10377,4997,89156,78,2179,4959,768,1774,274,1418,5160,16029,45845,3671,3419,3582,23344,74,0,48,0,722,0,128,379,3378,5839,8524,3981,271,29012,44,447,1034,1588,8974,1491,287,2812,2239,6099,2102,1206,689,12566,135,7068,836,291,289,526,0,0,376,1279,0,1311,455,11862,0,219,3641,627,3294,2572,113,0,343,334,259,460,0
ACSSF,2019e1,nc,000,0116,0000188,177326,525,12807,20755,3315,23868,8665,1480,12680,16735,47877,15150,8644,4825,70347,137,2666,6964,812,3651,790,1066,7196,8349,30217,3503,3029,1967,30445,0,0,71,0,1798,0,0,159,4579,9878,8713,2959,2288,38266,0,1317,1780,1592,13752,1787,303,5171,2292,6951,2277,646,398,15285,310,8349,2114,204,757,1509,111,154,389,212,0,1066,110,22983,78,475,9826,707,3910,4579,0,0,1126,619,657,944,62
ACSSF,2019e1,nc,000,0116,0000189,,,,,,,,,,,,,,,,,,,,,,,,,,,,,,,,,,,,,,,,,,,,,,,,,,,,,,,,,,,,,,,,,,,,,,,,,,,,,,,,,,,,
ACSSF,2019e1,nc,000,0116,0000190,106380,406,8666,17809,2845,10852,7510,1909,6050,9121,22629,8140,6006,4437,34285,20,1642,4505,493,506,1233,1297,2966,4163,13374,1307,1452,1327,19152,125,223,272,21,457,44,37,110,2154,5835,5256,2360,2258,22436,0,287,1641,1394,7829,1592,139,2260,1753,2706,1242,777,816,11769,220,6060,1799,95,310,1037,409,714,338,185,0,602,0,18738,41,454,9592,842,1750,3604,27,0,713,529,335,815,36
ACSSF,2019e1,nc,000,0116,0000191,255934,1197,14461,32002,9760,29583,15086,4852,18117,24362,62535,27889,9443,6647,99129,172,2615,10089,2734,4458,2196,2130,9744,11884,43070,4803,2132,3102,39950,419,211,297,55,799,292,0,259,5099,10490,16132,4427,1470,55188,112,856,1985,4109,17072,3320,1856,7214,5003,6758,5067,827,1009,18690,494,9903,1574,619,864,1059,461,592,263,356,568,1861,76,42977,0,876,18057,2243,6390,8219,405,308,2113,1861,1319,196,990
ACSSF,2019e1,nc,000,0116,0000192,53320,619,6590,6464,938,5498,2738,759,1816,4323,11091,5830,1734,4920,19050,144,1661,1618,46,331,117,358,650,2526,7697,1361,466,2075,8383,196,0,371,0,482,0,0,0,691,2307,2557,539,1240,10627,56,191,620,225,3258,577,275,1017,743,603,1692,224,1146,6803,204,4452,476,51,28,197,0,149,153,342,57,342,352,8457,19,286,3379,616,1399,1847,126,0,210,142,163,163,107
ACSSF,2019e1,nc,000,0116,0000193,55279,609,5550,6997,1164,8835,1590,693,3034,5623,9958,5968,3540,1718,19361,46,1020,2366,373,1248,191,375,1694,2256,6640,1340,659,1153,10546,116,0,69,0,528,91,0,0,1638,2359,3766,1735,244,10670,0,324,596,375,4269,429,196,1072,1366,497,727,593,226,6147,447,3688,386,261,228,186,122,145,61,90,0,438,95,8555,0,518,3580,155,2562,693,0,123,302,372,135,115,0
ACSSF,2019e1,nc,000,0116,0000194,77223,551,5224,15243,2364,10781,4402,681,3198,7883,15366,6232,4265,1033,27777,466,1950,3634,487,2068,701,496,1529,3796,9771,1546,965,368,10091,0,0,164,0,544,47,0,0,1447,3284,3083,1185,337,17909,0,364,1468,1472,6471,681,136,1632,1918,2089,1000,487,191,7410,85,2910,1269,136,425,540,49,0,249,191,429,1053,74,14036,0,0,8708,269,1273,2433,0,37,473,31,174,575,63
ACSSF,2019e1,nc,000,0116,0000195,101502,700,13101,10290,3308,12030,4435,2027,5269,9158,20304,8981,5039,6860,33036,146,2061,2367,238,656,904,1324,1905,4709,13630,939,527,3630,16858,0,73,47,0,751,99,181,0,1641,3690,5988,1836,2552,23405,0,685,1283,1400,7838,555,351,3144,1856,2848,1818,1014,613,13912,554,9592,703,121,392,1341,115,116,128,136,0,649,65,14291,0,690,5890,1549,2393,1536,56,104,824,0,236,1013,0
ACSSF,2019e1,nc,000,0116,0000196,,,,,,,,,,,,,,,,,,,,,,,,,,,,,,,,,,,,,,,,,,,,,,,,,,,,,,,,,,,,,,,,,,,,,,,,,,,,,,,,,,,,
ACSSF,2019e1,nc,000,0116,0000197,607305,1231,41456,46425,22607,62612,40652,12313,77853,87970,113221,60043,29479,11443,273753,1054,9701,19106,5475,10197,8699,7897,52353,56129,77023,14363,6530,5226,93630,0,428,886,156,2041,813,283,2664,12646,22044,34152,13008,4509,133646,0,1523,8124,11984,38775,10615,3145,20787,13709,12165,7947,3495,1377,43076,177,28481,1754,1003,2111,938,922,1424,1634,629,745,3158,100,63200,0,1323,16555,3989,9488,19587,66,625,3852,1360,2836,3288,231
ACSSF,2019e1,nc,000,0116,0000198,,,,,,,,,,,,,,,,,,,,,,,,,,,,,,,,,,,,,,,,,,,,,,,,,,,,,,,,,,,,,,,,,,,,,,,,,,,,,,,,,,,,
ACSSF,2019e1,nc,000,0116,0000199,,,,,,,,,,,,,,,,,,,,,,,,,,,,,,,,,,,,,,,,,,,,,,,,,,,,,,,,,,,,,,,,,,,,,,,,,,,,,,,,,,,,
ACSSF,2019e1,nc,000,0116,0000200,,,,,,,,,,,,,,,,,,,,,,,,,,,,,,,,,,,,,,,,,,,,,,,,,,,,,,,,,,,,,,,,,,,,,,,,,,,,,,,,,,,,
ACSSF,2019e1,nc,000,0116,0000201,118704,650,6703,7406,1978,15023,4573,3327,8529,15784,29355,17118,4589,3669,53205,341,1669,2284,306,1794,1817,1949,4090,10873,22789,2945,706,1642,22273,0,59,410,0,647,0,232,447,1773,3261,12129,1737,1578,23618,86,87,602,1186,9985,564,495,3582,2080,2834,1201,540,376,8804,223,4888,440,0,1078,180,609,199,95,312,311,396,73,10804,0,0,3670,486,1519,2012,42,211,963,159,532,1210,0
ACSSF,2019e1,nc,000,0116,0000202,65978,768,8112,2805,269,8157,2595,373,2628,6629,14328,11102,3288,4924,22192,213,1006,818,78,721,257,290,1338,3601,10253,955,283,2379,14154,199,0,0,0,235,0,0,547,1009,2477,7683,1009,995,12305,0,202,306,91,4874,342,83,693,1457,791,2245,392,829,10447,323,6515,680,0,976,346,0,0,327,55,90,793,342,6880,33,389,1001,100,1351,1650,0,50,235,752,129,811,379
ACSSF,2019e1,nc,000,0116,0000203,50800,942,3791,11641,1388,6318,3151,1083,2149,4277,8342,4100,1973,1645,14127,280,1005,2201,317,829,389,780,737,1628,4667,627,369,298,8515,0,0,259,0,298,357,0,200,1661,1979,2334,821,606,10663,39,194,754,1026,3627,315,0,1198,512,1366,988,210,434,4999,623,2254,765,45,446,120,303,14,25,68,0,336,0,12496,0,338,7662,0,1118,1970,0,0,451,262,151,237,307
ACSSF,2019e1,nc,000,0116,0000204,47513,1255,4530,7193,1118,4503,2055,444,1991,2909,13654,3523,1390,2948,13079,534,267,816,174,269,256,86,951,529,7637,452,239,869,10125,37,0,450,0,155,0,0,75,1102,4383,2060,513,1350,7810,0,107,244,509,2228,462,121,794,553,1224,896,164,508,7403,485,4037,794,56,640,242,0,171,272,256,57,198,195,9096,199,119,4889,379,1211,1095,237,0,453,154,58,276,26
ACSSF,2019e1,nc,000,0116,0000205,40538,315,3129,6371,1386,3764,2769,216,2211,3772,8233,3707,2875,1790,8959,0,301,870,273,66,598,100,770,947,4342,131,225,336,8445,0,0,118,0,43,46,47,0,1570,2283,2315,1214,809,9157,0,202,393,158,2378,480,69,1103,912,1416,1116,439,491,4810,178,2116,741,29,460,19,0,338,0,0,0,929,0,9167,137,510,4249,926,817,1626,0,0,343,192,145,68,154
ACSSF,2019e1,nc,000,0116,0000206,60609,1201,6447,10150,1777,5190,2872,437,2136,3928,12962,6632,4177,2700,20010,293,870,2602,147,821,262,128,1333,2133,7539,1366,1484,1032,10942,61,0,160,0,148,0,0,78,547,3742,4369,706,1131,9713,0,199,1104,587,3191,421,23,692,765,1441,305,632,353,9034,847,4483,678,232,264,587,286,22,187,114,214,1051,69,10910,0,895,5606,811,766,1602,0,11,296,126,378,304,115
ACSSF,2019e1,nc,000,0116,0000207,,,,,,,,,,,,,,,,,,,,,,,,,,,,,,,,,,,,,,,,,,,,,,,,,,,,,,,,,,,,,,,,,,,,,,,,,,,,,,,,,,,,
ACSSF,2019e1,nc,000,0116,0000208,119702,1160,11371,13275,3589,13814,6582,1420,10364,15369,23082,10562,6250,2864,52529,522,3883,4720,577,1976,2134,1082,6980,8941,17137,2576,1179,822,15354,75,0,107,0,543,0,29,31,2535,2634,5237,2657,1506,26329,119,748,1765,1911,8461,1304,229,3108,2176,2831,2196,1031,450,10664,326,6227,772,76,982,451,80,155,423,47,103,936,86,14826,118,513,5911,1025,1852,2693,0,90,1294,433,450,447,0
ACSSF,2019e1,nc,000,0116,0000209,589553,1883,36060,48773,12551,55514,26669,15456,46505,122551,125415,47122,25110,25944,318621,1056,10617,28973,4021,9654,7424,11699,28339,89533,93958,10857,7450,15040,78488,46,265,460,117,1793,146,200,736,14375,19150,26747,8941,5512,111360,123,2692,4166,6257,35409,6563,2328,16333,12962,9686,6833,3463,4545,35712,617,21254,1682,148,2246,1345,1189,772,1945,832,637,2832,213,45372,41,1232,13492,2008,6412,11191,40,325,3736,1789,2048,2424,634
ACSSF,2019e1,nc,000,0116,0000210,48552,1706,2739,7885,1333,7145,2426,342,1607,3244,9694,4110,2519,3802,13735,598,791,1169,287,659,615,240,557,1428,5168,128,415,1680,9346,0,43,445,0,227,0,0,0,676,2950,3002,514,1489,10380,120,70,464,601,4510,433,55,1050,417,1116,679,482,383,5571,945,1725,734,125,0,279,0,0,244,215,149,905,250,9520,43,110,5073,320,1749,1099,47,0,479,245,152,203,0
ACSSF,2019e1,nc,000,0116,0000211,,,,,,,,,,,,,,,,,,,,,,,,,,,,,,,,,,,,,,,,,,,,,,,,,,,,,,,,,,,,,,,,,,,,,,,,,,,,,,,,,,,,
ACSSF,2019e1,nc,000,0116,0000212,,,,,,,,,,,,,,,,,,,,,,,,,,,,,,,,,,,,,,,,,,,,,,,,,,,,,,,,,,,,,,,,,,,,,,,,,,,,,,,,,,,,
