ACSSF,2019e1,nc,000,0039,0000001,4943207,583502,323624,715974,731364,900971,595422,237977,854373,3970594,415213,248269,555407,591631,761830,514767,204838,678639,428596,75761,35392,87756,74111,69740,34605,12777,38454,56578,14080,5698,9756,8985,6230,2660,1802,7367,87079,21705,7207,18332,13990,9053,5807,2481,8504,69568,14754,6438,12065,9436,7774,6035,1525,11541,330792,41989,20620,32658,33211,46344,31548,14554,109868,36319,37370,26421,23365,23320,26057,45529,4884446,308223,304428,4271795,3951992,215478,229332,3507182,418036,43514,40721,333801,56039,12063,7061,36915,63389,9994,5615,47780,68852,8634,6842,53376,326138,18540,14857,292741,4944291,1931023,820744,982605,469224,694616,46079,3970962,1562081,649294,800060,353535,572981,33011,428767,117425,88000,70446,75269,73588,4039,56578,18815,16937,11323,2732,6771,0,87160,27878,20997,14779,7393,8659,7454,69568,17448,14206,11783,9692,16072,367,331256,187376,31310,74214,20603,16545,1208,4943207,583502,323624,715974,731364,900971,595422,237977,854373,3970594,415213,248269,555407,591631,761830,514767,204838,678639,428596,75761,35392,87756,74111,69740,34605,12777,38454,56578,14080,5698,9756,8985,6230,2660,1802,7367,156647,36459,13645,30397,23426,16827,11842,4006,20045,330792,41989,20620,32658,33211,46344,31548,14554,109868,4884446,308223,304428,4271795,3951992,215478,229332,3507182,418036,43514,40721,333801,56039,12063,7061,36915,132241,18628,12457,101156,326138,18540,14857,292741
ACSSF,2019e1,nc,000,0039,0000002,,,,,,,,,,,,,,,,,,,,,,,,,,,,,,,,,,,,,,,,,,,,,,,,,,,,,,,,,,,,,,,,,,,,,,,,,,,,,,,,,,,,,,,,,,,,,,,,,,,,,,,,,,,,,,,,,,,,,,,,,,,,,,,,,,,,,,,,,,,,,,,,,,,,,,,,,,,,,,,,,,,,,,,,,,,,,,,,,,,,,,,,,,,,,,,,,,,,,,,,,,,,,,,,,,,,,,,,,,,,,,,,,
ACSSF,2019e1,nc,000,0039,0000003,,,,,,,,,,,,,,,,,,,,,,,,,,,,,,,,,,,,,,,,,,,,,,,,,,,,,,,,,,,,,,,,,,,,,,,,,,,,,,,,,,,,,,,,,,,,,,,,,,,,,,,,,,,,,,,,,,,,,,,,,,,,,,,,,,,,,,,,,,,,,,,,,,,,,,,,,,,,,,,,,,,,,,,,,,,,,,,,,,,,,,,,,,,,,,,,,,,,,,,,,,,,,,,,,,,,,,,,,,,,,,,,,
ACSSF,2019e1,nc,000,0039,0000004,,,,,,,,,,,,,,,,,,,,,,,,,,,,,,,,,,,,,,,,,,,,,,,,,,,,,,,,,,,,,,,,,,,,,,,,,,,,,,,,,,,,,,,,,,,,,,,,,,,,,,,,,,,,,,,,,,,,,,,,,,,,,,,,,,,,,,,,,,,,,,,,,,,,,,,,,,,,,,,,,,,,,,,,,,,,,,,,,,,,,,,,,,,,,,,,,,,,,,,,,,,,,,,,,,,,,,,,,,,,,,,,,
ACSSF,2019e1,nc,000,0039,0000005,,,,,,,,,,,,,,,,,,,,,,,,,,,,,,,,,,,,,,,,,,,,,,,,,,,,,,,,,,,,,,,,,,,,,,,,,,,,,,,,,,,,,,,,,,,,,,,,,,,,,,,,,,,,,,,,,,,,,,,,,,,,,,,,,,,,,,,,,,,,,,,,,,,,,,,,,,,,,,,,,,,,,,,,,,,,,,,,,,,,,,,,,,,,,,,,,,,,,,,,,,,,,,,,,,,,,,,,,,,,,,,,,
ACSSF,2019e1,nc,000,0039,0000006,,,,,,,,,,,,,,,,,,,,,,,,,,,,,,,,,,,,,,,,,,,,,,,,,,,,,,,,,,,,,,,,,,,,,,,,,,,,,,,,,,,,,,,,,,,,,,,,,,,,,,,,,,,,,,,,,,,,,,,,,,,,,,,,,,,,,,,,,,,,,,,,,,,,,,,,,,,,,,,,,,,,,,,,,,,,,,,,,,,,,,,,,,,,,,,,,,,,,,,,,,,,,,,,,,,,,,,,,,,,,,,,,
ACSSF,2019e1,nc,000,0039,0000007,,,,,,,,,,,,,,,,,,,,,,,,,,,,,,,,,,,,,,,,,,,,,,,,,,,,,,,,,,,,,,,,,,,,,,,,,,,,,,,,,,,,,,,,,,,,,,,,,,,,,,,,,,,,,,,,,,,,,,,,,,,,,,,,,,,,,,,,,,,,,,,,,,,,,,,,,,,,,,,,,,,,,,,,,,,,,,,,,,,,,,,,,,,,,,,,,,,,,,,,,,,,,,,,,,,,,,,,,,,,,,,,,
ACSSF,2019e1,nc,000,0039,0000008,,,,,,,,,,,,,,,,,,,,,,,,,,,,,,,,,,,,,,,,,,,,,,,,,,,,,,,,,,,,,,,,,,,,,,,,,,,,,,,,,,,,,,,,,,,,,,,,,,,,,,,,,,,,,,,,,,,,,,,,,,,,,,,,,,,,,,,,,,,,,,,,,,,,,,,,,,,,,,,,,,,,,,,,,,,,,,,,,,,,,,,,,,,,,,,,,,,,,,,,,,,,,,,,,,,,,,,,,,,,,,,,,
ACSSF,2019e1,nc,000,0039,0000009,,,,,,,,,,,,,,,,,,,,,,,,,,,,,,,,,,,,,,,,,,,,,,,,,,,,,,,,,,,,,,,,,,,,,,,,,,,,,,,,,,,,,,,,,,,,,,,,,,,,,,,,,,,,,,,,,,,,,,,,,,,,,,,,,,,,,,,,,,,,,,,,,,,,,,,,,,,,,,,,,,,,,,,,,,,,,,,,,,,,,,,,,,,,,,,,,,,,,,,,,,,,,,,,,,,,,,,,,,,,,,,,,
ACSSF,2019e1,nc,000,0039,0000010,,,,,,,,,,,,,,,,,,,,,,,,,,,,,,,,,,,,,,,,,,,,,,,,,,,,,,,,,,,,,,,,,,,,,,,,,,,,,,,,,,,,,,,,,,,,,,,,,,,,,,,,,,,,,,,,,,,,,,,,,,,,,,,,,,,,,,,,,,,,,,,,,,,,,,,,,,,,,,,,,,,,,,,,,,,,,,,,,,,,,,,,,,,,,,,,,,,,,,,,,,,,,,,,,,,,,,,,,,,,,,,,,
ACSSF,2019e1,nc,000,0039,0000011,,,,,,,,,,,,,,,,,,,,,,,,,,,,,,,,,,,,,,,,,,,,,,,,,,,,,,,,,,,,,,,,,,,,,,,,,,,,,,,,,,,,,,,,,,,,,,,,,,,,,,,,,,,,,,,,,,,,,,,,,,,,,,,,,,,,,,,,,,,,,,,,,,,,,,,,,,,,,,,,,,,,,,,,,,,,,,,,,,,,,,,,,,,,,,,,,,,,,,,,,,,,,,,,,,,,,,,,,,,,,,,,,
ACSSF,2019e1,nc,000,0039,0000012,,,,,,,,,,,,,,,,,,,,,,,,,,,,,,,,,,,,,,,,,,,,,,,,,,,,,,,,,,,,,,,,,,,,,,,,,,,,,,,,,,,,,,,,,,,,,,,,,,,,,,,,,,,,,,,,,,,,,,,,,,,,,,,,,,,,,,,,,,,,,,,,,,,,,,,,,,,,,,,,,,,,,,,,,,,,,,,,,,,,,,,,,,,,,,,,,,,,,,,,,,,,,,,,,,,,,,,,,,,,,,,,,
ACSSF,2019e1,nc,000,0039,0000013,,,,,,,,,,,,,,,,,,,,,,,,,,,,,,,,,,,,,,,,,,,,,,,,,,,,,,,,,,,,,,,,30704,31298,25691,.,15709,25830,41038,,,,,,,,,,,,,,,,,,,,,,,,,,,,,,,,,,,,,,,,,,,,,,,,,,,,,,,,,,,,,,,,,,,,,,,,,,,,,,70399,10066,4725,13547,11687,10933,7798,3079,8564,58550,7494,4323,11215,9262,8966,7162,2524,7604,7146,1551,232,1743,1500,1309,411,241,159,45,30,0,0,0,15,0,0,0,1910,614,58,382,574,108,11,125,38,2748,377,112,207,351,535,214,189,763,,,,,,,,,,,,,,,,,,,,,,,,
ACSSF,2019e1,nc,000,0039,0000014,,,,,,,,,,,,,,,,,,,,,,,,,,,,,,,,,,,,,,,,,,,,,,,,,,,,,,,,,,,,,,,,31892,32944,21929,10582,120160,38643,50478,,,,,,,,,,,,,,,,,,,,,,,,,,,,,,,,,,,,,,,,,,,,,,,,,,,,,,,,,,,,,,,,,,,,,,,,,,,,,,43100,6139,3280,8260,5441,6308,4773,2303,6596,32225,5014,2043,5986,3840,4729,4208,1736,4669,6025,704,1142,1578,1260,732,126,199,284,258,112,73,73,0,0,0,0,0,624,0,0,0,132,70,109,44,269,3968,309,22,623,209,777,330,324,1374,42997,2644,1631,38722,32122,1788,1422,28912,6025,783,187,5055,258,73,0,185,624,0,0,624,3968,0,22,3946
ACSSF,2019e1,nc,000,0039,0000015,152032,16445,10606,25204,22946,31575,18453,7331,19472,121028,10821,7987,20076,19472,26202,14763,6590,15117,10607,1983,1423,1890,1276,1539,1249,308,939,878,143,73,500,50,112,0,0,0,3028,725,124,449,67,656,639,28,340,2133,757,0,448,204,77,103,78,466,14358,2016,999,1841,1877,2989,1699,327,2610,35337,35985,25034,21116,40568,22052,37799,151064,10369,11397,129298,120922,7455,8611,104856,10540,1444,1289,7807,878,147,290,441,2573,172,281,2120,2133,417,466,1250,14018,734,460,12824,152113,60772,30271,29570,15447,15676,377,121028,46184,25193,24471,12558,12525,97,10607,4056,2123,1834,790,1596,208,878,302,108,132,302,34,0,3109,573,1011,539,773,213,0,2133,822,455,241,0,615,0,14358,8835,1381,2353,1024,693,72,152032,16445,10606,25204,22946,31575,18453,7331,19472,121028,10821,7987,20076,19472,26202,14763,6590,15117,10607,1983,1423,1890,1276,1539,1249,308,939,878,143,73,500,50,112,0,0,0,5161,1482,124,897,271,733,742,106,806,14358,2016,999,1841,1877,2989,1699,327,2610,151064,10369,11397,129298,120922,7455,8611,104856,10540,1444,1289,7807,878,147,290,441,4706,589,747,3370,14018,734,460,12824
ACSSF,2019e1,nc,000,0039,0000016,,,,,,,,,,,,,,,,,,,,,,,,,,,,,,,,,,,,,,,,,,,,,,,,,,,,,,,,,,,,,,,,30546,31719,20316,.,58325,.,30238,,,,,,,,,,,,,,,,,,,,,,,,,,,,,,,,,,,,,,,,,,,,,,,,,,,,,,,,,,,,,,,,,,,,,,,,,,,,,,,,,,,,,,,,,,,,,,,,,,,,,,,,,,,,,,,,,,,,,,,,,,,,,,,,,,,,,,,,,,,,,,,,,,,,,,,,,,,
ACSSF,2019e1,nc,000,0039,0000017,,,,,,,,,,,,,,,,,,,,,,,,,,,,,,,,,,,,,,,,,,,,,,,,,,,,,,,,,,,,,,,,34036,35192,29388,12222,25856,23202,50489,88750,3288,5097,80365,70103,2499,3870,63734,8201,83,699,7419,362,0,0,362,884,74,0,810,2344,211,0,2133,6856,421,528,5907,,,,,,,,,,,,,,,,,,,,,,,,,,,,,,,,,,,,,,,,,,,,,,,,,,89062,12700,4996,13741,13475,16055,11564,3052,13479,70314,9140,4187,10848,10784,12127,10067,2648,10513,8346,1477,325,1211,1775,2596,425,98,439,362,117,72,21,0,152,0,0,0,3228,1305,0,647,347,547,38,0,344,6812,661,412,1014,569,633,1034,306,2183,88750,3288,5097,80365,70103,2499,3870,63734,8201,83,699,7419,362,0,0,362,3228,285,0,2943,6856,421,528,5907
ACSSF,2019e1,nc,000,0039,0000018,,,,,,,,,,,,,,,,,,,,,,,,,,,,,,,,,,,,,,,,,,,,,,,,,,,,,,,,,,,,,,,,31191,32827,26596,.,60163,40713,26214,,,,,,,,,,,,,,,,,,,,,,,,,,,,,,,,,,,,,,,,,,,,,,,,,,,,,,,,,,,,,,,,,,,,,,,,,,,,,,,,,,,,,,,,,,,,,,,,,,,,,,,,,,,,,,,,,,,,,,,,,,,,,,,,,,,,,,,,,,,,,,,,,,,,,,,,,,,
ACSSF,2019e1,nc,000,0039,0000019,,,,,,,,,,,,,,,,,,,,,,,,,,,,,,,,,,,,,,,,,,,,,,,,,,,,,,,,,,,,,,,,27665,29159,17313,8083,26024,23670,51040,,,,,,,,,,,,,,,,,,,,,,,,,,,,,,,,,,,,,,,,,,,,,,,,,,,,,,,,,,,,,,,,,,,,,,,,,,,,,,,,,,,,,,,,,,,,,,,,,,,,,,,,,,,,,,,,,,,,,,,,,,,,,,,,,,,,,,,,,,,,,,,,,,,,,,,,,,,
ACSSF,2019e1,nc,000,0039,0000020,,,,,,,,,,,,,,,,,,,,,,,,,,,,,,,,,,,,,,,,,,,,,,,,,,,,,,,,,,,,,,,,35605,36701,25971,26060,17631,17124,22412,,,,,,,,,,,,,,,,,,,,,,,,,,,,,,,,,,,,,,,,,,,,,,,,,,,,,,,,,,,,,,,,,,,,,,,,,,,,,,,,,,,,,,,,,,,,,,,,,,,,,,,,,,,,,,,,,,,,,,,,,,,,,,,,,,,,91108,4397,4091,82620,77685,3443,2023,72219,7806,252,1500,6054,676,81,8,587,2132,508,125,1499,2809,113,435,2261
ACSSF,2019e1,nc,000,0039,0000021,,,,,,,,,,,,,,,,,,,,,,,,,,,,,,,,,,,,,,,,,,,,,,,,,,,,,,,,,,,,,,,,33956,34562,15114,.,.,.,61813,,,,,,,,,,,,,,,,,,,,,,,,,,,,,,,,,,,,,,,,,,,,,,,,,,,,,,,,,,,,,,,,,,,,,,,,,,,,,,,,,,,,,,,,,,,,,,,,,,,,,,,,,,,,,,,,,,,,,,,,,,,,,,,,,,,,,,,,,,,,,,,,,,,,,,,,,,,
ACSSF,2019e1,nc,000,0039,0000022,,,,,,,,,,,,,,,,,,,,,,,,,,,,,,,,,,,,,,,,,,,,,,,,,,,,,,,,,,,,,,,,28140,29739,23777,.,26499,7073,36998,,,,,,,,,,,,,,,,,,,,,,,,,,,,,,,,,,,,,,,,,,,,,,,,,,,,,,,,,,,,,,,,,,,,,,,,,,,,,,,,,,,,,,,,,,,,,,,,,,,,,,,,,,,,,,,,,,,,,,,,,,,,,,,,,,,,,,,,,,,,,,,,,,,,,,,,,,,
ACSSF,2019e1,nc,000,0039,0000023,,,,,,,,,,,,,,,,,,,,,,,,,,,,,,,,,,,,,,,,,,,,,,,,,,,,,,,,,,,,,,,,31382,35294,24080,14076,8747,32014,29884,,,,,,,,,,,,,,,,,,,,,,,,,,,,,,,,,,,,,,,,,,,,,,,,,,,,,,,,,,,,,,,,,,,,,,,,,,,,,,,,,,,,,,,,,,,,,,,,,,,,,,,,,,,,,,,,,,,,,,,,,,,,,,,,,,,,,,,,,,,,,,,,,,,,,,,,,,,
ACSSF,2019e1,nc,000,0039,0000024,182706,20863,12895,29035,32511,32660,19734,8831,26177,149957,15562,10091,21271,24932,27991,17785,8024,24301,14969,2451,1463,3495,2954,2273,1155,180,998,916,341,184,0,113,149,35,94,0,8721,754,561,2628,3032,1577,126,43,0,3252,753,155,720,567,184,389,178,306,4891,1002,441,921,913,486,244,312,572,32357,35995,25131,11590,25769,24985,25431,169693,13161,13343,143189,146105,9738,10952,125415,12932,1606,1461,9865,916,208,84,624,1915,241,320,1354,2934,437,140,2357,4891,931,386,3574,182760,55685,30526,32486,19849,21365,22849,149957,48264,24672,26134,15682,17848,17357,15023,3237,3212,2692,2764,1833,1285,916,49,248,479,25,115,0,8721,1575,816,1246,815,177,4092,3252,366,1067,508,334,862,115,4891,2194,511,1427,229,530,0,182706,20863,12895,29035,32511,32660,19734,8831,26177,149957,15562,10091,21271,24932,27991,17785,8024,24301,14969,2451,1463,3495,2954,2273,1155,180,998,916,341,184,0,113,149,35,94,0,11973,1507,716,3348,3599,1761,515,221,306,4891,1002,441,921,913,486,244,312,572,169693,13161,13343,143189,146105,9738,10952,125415,12932,1606,1461,9865,916,208,84,624,4849,678,460,3711,4891,931,386,3574
ACSSF,2019e1,nc,000,0039,0000025,,,,,,,,,,,,,,,,,,,,,,,,,,,,,,,,,,,,,,,,,,,,,,,,,,,,,,,,,,,,,,,,31947,35185,21308,25257,45494,21381,43428,,,,,,,,,,,,,,,,,,,,,,,,,,,,,,,,,,,,,,,,,,,,,,,,,,,,,,,,,,,,,,,,,,,,,,,,,,,,,,,,,,,,,,,,,,,,,,,,,,,,,,,,,,,,,,,,,,,,,,,,,,,,,,,,,,,,43805,3686,3801,36318,35311,2652,2584,30075,5480,602,836,4042,61,27,0,34,1161,229,29,903,1792,176,352,1264
ACSSF,2019e1,nc,000,0039,0000026,210578,17752,9927,22569,21872,34931,25805,15089,62633,173289,12017,7332,16916,18066,30110,22104,12518,54226,13889,1571,991,2679,1653,2393,1318,892,2392,5866,1559,765,1421,602,742,111,386,280,3507,612,236,190,704,278,220,774,493,2440,342,199,331,78,342,300,83,765,11587,1651,404,1032,769,1066,1752,436,4477,48469,50649,35161,17197,40120,42163,57379,209683,11693,8669,189321,173050,7400,6827,158823,13889,1429,1254,11206,5866,1792,369,3705,3033,216,52,2765,2440,640,44,1756,11405,216,123,11066,210578,122520,24380,33509,12301,17821,47,173289,100830,19265,26820,10235,16092,47,13889,7001,1951,2586,1436,915,0,5866,1924,2392,1172,65,313,0,3507,2362,205,599,341,0,0,2440,1640,112,115,180,393,0,11587,8763,455,2217,44,108,0,210578,17752,9927,22569,21872,34931,25805,15089,62633,173289,12017,7332,16916,18066,30110,22104,12518,54226,13889,1571,991,2679,1653,2393,1318,892,2392,5866,1559,765,1421,602,742,111,386,280,5947,954,435,521,782,620,520,857,1258,11587,1651,404,1032,769,1066,1752,436,4477,209683,11693,8669,189321,173050,7400,6827,158823,13889,1429,1254,11206,5866,1792,369,3705,5473,856,96,4521,11405,216,123,11066
ACSSF,2019e1,nc,000,0039,0000027,197849,26118,11136,27132,29756,37732,24091,10158,31726,164442,17504,8373,21963,24665,33772,21549,9032,27584,15104,2990,1637,2321,3192,2014,1357,422,1171,2482,1167,221,637,104,299,54,0,0,4296,2020,137,1007,87,50,297,177,521,2453,906,444,435,249,229,82,0,108,9072,1531,324,769,1459,1368,752,527,2342,36321,38417,25729,12011,14836,11805,41499,196238,14714,13063,168461,164071,9716,10035,144320,15104,2788,1495,10821,2291,498,595,1198,3500,489,221,2790,2453,1015,425,1013,8819,208,292,8319,197849,78508,34993,44628,15746,23974,0,164442,67769,28327,37106,12891,18349,0,15104,4250,3256,2557,2030,3011,0,2482,577,894,673,205,133,0,4296,988,1249,1015,319,725,0,2453,316,633,218,174,1112,0,9072,4608,634,3059,127,644,0,197849,26118,11136,27132,29756,37732,24091,10158,31726,164442,17504,8373,21963,24665,33772,21549,9032,27584,15104,2990,1637,2321,3192,2014,1357,422,1171,2482,1167,221,637,104,299,54,0,0,6749,2926,581,1442,336,279,379,177,629,9072,1531,324,769,1459,1368,752,527,2342,196238,14714,13063,168461,164071,9716,10035,144320,15104,2788,1495,10821,2291,498,595,1198,5953,1504,646,3803,8819,208,292,8319
ACSSF,2019e1,nc,000,0039,0000028,,,,,,,,,,,,,,,,,,,,,,,,,,,,,,,,,,,,,,,,,,,,,,,,,,,,,,,,,,,,,,,,39370,40684,30556,.,.,.,40685,,,,,,,,,,,,,,,,,,,,,,,,,,,,,,,,,,,,,,,,,,,,,,,,,,,,,,,,,,,,,,,,,,,,,,,,,,,,,,,,,,,,,,,,,,,,,,,,,,,,,,,,,,,,,,,,,,,,,,,,,,,,,,,,,,,,,,,,,,,,,,,,,,,,,,,,,,,
ACSSF,2019e1,nc,000,0039,0000029,,,,,,,,,,,,,,,,,,,,,,,,,,,,,,,,,,,,,,,,,,,,,,,,,,,,,,,,,,,,,,,,32287,32126,31604,29121,50818,20616,66146,83395,3987,5915,73493,68874,2518,4512,61844,8659,849,613,7197,479,64,386,29,773,68,0,705,872,243,331,298,3738,245,73,3420,,,,,,,,,,,,,,,,,,,,,,,,,,,,,,,,,,,,,,,,,,,,,,,,,,83432,9561,5683,13060,15131,15559,10075,3332,11031,68837,7176,4634,11321,13145,12669,8238,3024,8630,8659,1858,331,1130,1357,2297,1165,0,521,479,64,57,0,167,191,0,0,0,1719,112,395,390,138,95,369,0,220,3738,351,266,219,324,307,303,308,1660,83395,3987,5915,73493,68874,2518,4512,61844,8659,849,613,7197,479,64,386,29,1645,311,331,1003,3738,245,73,3420
ACSSF,2019e1,nc,000,0039,0000030,299341,35180,21753,41619,41439,56390,38428,15866,48666,242268,24650,16728,32615,32712,47747,32020,14307,41489,25961,5515,1504,4949,5291,3795,2636,453,1818,5508,1517,723,1170,476,867,138,189,428,6148,1647,1582,1236,64,490,311,368,450,5227,424,177,642,489,745,1475,142,1133,14229,1427,1039,1007,2407,2746,1848,407,3348,36834,39371,26480,16675,13270,52986,37764,294527,18515,19655,256357,240211,12654,13807,213750,25528,2877,4015,18636,5508,1260,666,3582,4390,950,398,3042,5065,261,168,4636,13825,513,601,12711,299341,111288,44103,67128,23645,52677,500,242268,94786,32097,54121,17355,43615,294,25961,6121,5799,4915,4018,4902,206,5508,578,1955,1363,222,1390,0,6148,1302,2512,1356,354,624,0,5227,958,692,1341,371,1865,0,14229,7543,1048,4032,1325,281,0,299341,35180,21753,41619,41439,56390,38428,15866,48666,242268,24650,16728,32615,32712,47747,32020,14307,41489,25961,5515,1504,4949,5291,3795,2636,453,1818,5508,1517,723,1170,476,867,138,189,428,11375,2071,1759,1878,553,1235,1786,510,1583,14229,1427,1039,1007,2407,2746,1848,407,3348,294527,18515,19655,256357,240211,12654,13807,213750,25528,2877,4015,18636,5508,1260,666,3582,9455,1211,566,7678,13825,513,601,12711
ACSSF,2019e1,nc,000,0039,0000031,,,,,,,,,,,,,,,,,,,,,,,,,,,,,,,,,,,,,,,,,,,,,,,,,,,,,,,,,,,,,,,,29187,30276,23914,.,16352,.,39632,,,,,,,,,,,,,,,,,,,,,,,,,,,,,,,,,,,,,,,,,,,,,,,,,,,,,,,,,,,,,,,,,,,,,,,,,,,,,,,,,,,,,,,,,,,,,,,,,,,,,,,,,,,,,,,,,,,,,,,,,,,,,,,,,,,,,,,,,,,,,,,,,,,,,,,,,,,
ACSSF,2019e1,nc,000,0039,0000032,,,,,,,,,,,,,,,,,,,,,,,,,,,,,,,,,,,,,,,,,,,,,,,,,,,,,,,,,,,,,,,,33742,36245,21138,.,25677,23479,37342,,,,,,,,,,,,,,,,,,,,,,,,,,,,,,,,,,,,,,,,,,,,,,,,,,,,,,,,,,,,,,,,,,,,,,,,,,,,,,48800,6252,3366,8838,6390,9160,5696,2057,7041,39963,4804,2521,5866,5868,8302,5142,1792,5668,4367,740,483,1670,288,499,174,176,337,152,8,0,144,0,0,0,0,0,839,148,0,542,106,0,43,0,0,3479,552,362,616,128,359,337,89,1036,48791,3655,2446,42690,39954,2936,1865,35153,4367,485,258,3624,152,144,8,0,839,49,292,498,3479,41,23,3415
ACSSF,2019e1,nc,000,0039,0000033,,,,,,,,,,,,,,,,,,,,,,,,,,,,,,,,,,,,,,,,,,,,,,,,,,,,,,,,,,,,,,,,36371,37122,22757,.,31306,21220,52383,86524,3442,4022,79060,70466,2008,2832,65626,8429,780,936,6713,8,0,8,0,1190,101,0,1089,765,46,63,656,5666,507,183,4976,,,,,,,,,,,,,,,,,,,,,,,,,,,,,,,,,,,,,,,,,,,,,,,,,,86524,9545,6713,11317,12891,15058,10880,4730,15390,70466,6311,5174,8958,10776,13338,9622,4323,11964,8429,1961,1107,1299,1109,1092,873,205,783,8,8,0,0,0,0,0,0,0,1955,243,125,502,699,132,0,0,254,5666,1022,307,558,307,496,385,202,2389,86524,3442,4022,79060,70466,2008,2832,65626,8429,780,936,6713,8,0,8,0,1955,147,63,1745,5666,507,183,4976
ACSSF,2019e1,nc,000,0039,0000034,,,,,,,,,,,,,,,,,,,,,,,,,,,,,,,,,,,,,,,,,,,,,,,,,,,,,,,,,,,,,,,,35646,33625,27367,.,23766,51450,66563,,,,,,,,,,,,,,,,,,,,,,,,,,,,,,,,,,,,,,,,,,,,,,,,,,,,,,,,,,,,,,,,,,,,,,,,,,,,,,,,,,,,,,,,,,,,,,,,,,,,,,,,,,,,,,,,,,,,,,,,,,,,,,,,,,,,,,,,,,,,,,,,,,,,,,,,,,,
ACSSF,2019e1,nc,000,0039,0000035,,,,,,,,,,,,,,,,,,,,,,,,,,,,,,,,,,,,,,,,,,,,,,,,,,,,,,,,,,,,,,,,32106,31752,17368,.,.,.,73481,,,,,,,,,,,,,,,,,,,,,,,,,,,,,,,,,,,,,,,,,,,,,,,,,,,,,,,,,,,,,,,,,,,,,,,,,,,,,,,,,,,,,,,,,,,,,,,,,,,,,,,,,,,,,,,,,,,,,,,,,,,,,,,,,,,,,,,,,,,,,,,,,,,,,,,,,,,
ACSSF,2019e1,nc,000,0039,0000036,767722,73053,40038,81351,99677,133446,100939,44283,194935,603231,48693,29736,62059,77977,107543,86472,37749,153002,60687,11098,3650,10636,9680,9844,4897,1756,9126,20039,3218,1967,2646,2564,1907,1355,1053,5329,11631,3408,524,737,796,2081,1387,454,2244,10216,1382,482,1128,2041,1220,568,249,3146,61918,5254,3679,4145,6619,10851,6260,3022,22088,43423,45829,30079,32458,39286,35539,50502,763912,34689,35994,693229,602418,22906,26228,553284,60398,4532,4660,51206,19860,3082,1376,15402,9379,648,729,8002,10097,72,689,9336,61760,3449,2312,55999,767947,342126,112369,165281,62703,84805,663,603231,272341,87791,130506,43379,68551,663,60687,19278,10681,9991,13273,7464,0,20039,9062,4213,3597,813,2354,0,11631,6202,2400,2065,171,793,0,10216,3767,1300,1957,484,2708,0,62143,31476,5984,17165,4583,2935,0,767722,73053,40038,81351,99677,133446,100939,44283,194935,603231,48693,29736,62059,77977,107543,86472,37749,153002,60687,11098,3650,10636,9680,9844,4897,1756,9126,20039,3218,1967,2646,2564,1907,1355,1053,5329,21847,4790,1006,1865,2837,3301,1955,703,5390,61918,5254,3679,4145,6619,10851,6260,3022,22088,763912,34689,35994,693229,602418,22906,26228,553284,60398,4532,4660,51206,19860,3082,1376,15402,19476,720,1418,17338,61760,3449,2312,55999
ACSSF,2019e1,nc,000,0039,0000037,,,,,,,,,,,,,,,,,,,,,,,,,,,,,,,,,,,,,,,,,,,,,,,,,,,,,,,,,,,,,,,,30840,31744,12954,.,47640,20645,25556,47116,3621,4534,38961,35758,2075,3284,30399,4378,1171,112,3095,14,0,14,0,402,0,118,284,2060,68,633,1359,4504,307,373,3824,47116,15873,12405,8172,4970,5696,0,35758,11467,10034,6613,3227,4417,0,4378,1324,1366,391,737,560,0,14,0,0,0,0,14,0,402,196,89,0,0,117,0,2060,460,351,449,593,207,0,4504,2426,565,719,413,381,0,46978,8481,4100,6942,7635,8126,6416,1060,4218,35620,4685,2627,5993,6805,6534,5722,993,2261,4378,1569,850,165,400,1084,252,0,58,14,14,0,0,0,0,0,0,0,2462,1066,0,318,191,151,0,0,736,4504,1147,623,466,239,357,442,67,1163,47116,3621,4534,38961,35758,2075,3284,30399,4378,1171,112,3095,14,0,14,0,2462,68,751,1643,4504,307,373,3824
ACSSF,2019e1,nc,000,0039,0000038,,,,,,,,,,,,,,,,,,,,,,,,,,,,,,,,,,,,,,,,,,,,,,,,,,,,,,,,,,,,,,,,30603,30320,31153,.,17378,34604,33223,,,,,,,,,,,,,,,,,,,,,,,,,,,,,,,,,,,,,,,,,,,,,,,,,,,,,,,,,,,,,,,,,,,,,,,,,,,,,,,,,,,,,,,,,,,,,,,,,,,,,,,,,,,,,,,,,,,,,,,,,,,,,,,,,,,,,,,,,,,,,,,,,,,,,,,,,,,
ACSSF,2019e1,nc,000,0039,0000039,145462,18930,9805,22650,22811,25820,14864,6299,24283,114327,13596,8175,18156,18826,20969,12582,5186,16837,13327,2513,976,2843,1875,2460,1001,542,1117,734,516,164,54,0,0,0,0,0,2596,515,221,341,809,48,209,0,453,1712,472,147,150,641,100,118,0,84,12766,1318,122,1106,660,2243,954,571,5792,33665,32692,27704,8556,30202,30505,61806,144174,9469,11973,122732,113948,5960,9135,98853,13103,1788,2231,9084,734,734,0,0,2192,95,268,1829,1595,400,118,1077,12602,492,221,11889,145462,59644,27433,28254,14148,15570,413,114327,45798,22976,22136,9863,13141,413,13327,3601,2464,2124,3797,1341,0,734,0,528,36,170,0,0,2596,1125,680,533,81,177,0,1712,188,394,933,0,197,0,12766,8932,391,2492,237,714,0,145462,18930,9805,22650,22811,25820,14864,6299,24283,114327,13596,8175,18156,18826,20969,12582,5186,16837,13327,2513,976,2843,1875,2460,1001,542,1117,734,516,164,54,0,0,0,0,0,4308,987,368,491,1450,148,327,0,537,12766,1318,122,1106,660,2243,954,571,5792,144174,9469,11973,122732,113948,5960,9135,98853,13103,1788,2231,9084,734,734,0,0,3787,495,386,2906,12602,492,221,11889
ACSSF,2019e1,nc,000,0039,0000040,,,,,,,,,,,,,,,,,,,,,,,,,,,,,,,,,,,,,,,,,,,,,,,,,,,,,,,,,,,,,,,,25518,30330,22273,.,22217,21356,21168,,,,,,,,,,,,,,,,,,,,,,,,,,,,,99269,26318,15536,15114,16944,10786,14571,69610,21528,9523,11359,9390,8586,9224,15355,2436,3589,1892,4861,1347,1230,117,0,0,47,0,70,0,7567,646,1370,597,1529,436,2989,1660,100,202,183,944,112,119,4960,1608,852,1036,220,235,1009,99269,10119,6826,31314,16545,15680,7740,3955,7090,69610,7103,4394,16746,11785,13159,6718,3750,5955,15355,1858,1039,6848,2849,1176,816,0,769,117,0,0,0,117,0,0,0,0,9227,442,637,6044,1117,920,67,0,0,4960,716,756,1676,677,425,139,205,366,79927,3254,6439,70234,64247,1533,4843,57871,9750,1433,1128,7189,117,0,0,117,2361,202,159,2000,3452,86,309,3057
ACSSF,2019e1,nc,000,0039,0000041,86941,11956,4696,9981,11078,13847,12084,4662,18637,63041,6629,3111,7193,7183,11233,10459,3798,13435,4716,956,83,296,733,865,618,283,882,6754,1146,718,1261,1830,710,409,47,633,2883,908,372,446,467,154,358,94,84,1565,175,72,124,293,180,0,55,666,7982,2142,340,661,572,705,240,385,2937,40836,43698,37280,26416,20678,48844,40683,84428,6536,4374,73518,62511,3905,2674,55932,4708,140,491,4077,6754,1315,619,4820,2519,769,108,1642,1565,102,49,1414,6371,305,433,5633,86968,50480,13449,13637,4133,5212,57,63041,35861,8841,10359,3459,4464,57,4716,2231,601,762,547,575,0,6754,3556,1607,1508,0,83,0,2883,1425,1294,164,0,0,0,1565,1079,280,151,55,0,0,8009,6328,826,693,72,90,0,86941,11956,4696,9981,11078,13847,12084,4662,18637,63041,6629,3111,7193,7183,11233,10459,3798,13435,4716,956,83,296,733,865,618,283,882,6754,1146,718,1261,1830,710,409,47,633,4448,1083,444,570,760,334,358,149,750,7982,2142,340,661,572,705,240,385,2937,84428,6536,4374,73518,62511,3905,2674,55932,4708,140,491,4077,6754,1315,619,4820,4084,871,157,3056,6371,305,433,5633
ACSSF,2019e1,nc,000,0039,0000042,91977,11425,7037,13600,14602,15261,15095,3771,11186,75725,8678,5570,11057,12222,13010,12846,3373,8969,7340,867,692,1500,917,899,999,398,1068,1732,637,0,364,455,276,0,0,0,1115,294,0,0,538,123,75,0,85,993,264,257,99,81,109,183,0,0,5072,685,518,580,389,844,992,0,1064,34228,35231,27472,23370,27336,13724,40365,92094,9916,5872,76306,75725,7894,3862,63969,7457,597,485,6375,1732,268,656,808,1115,65,282,768,993,88,99,806,5072,1004,488,3580,92094,34883,21589,18972,5650,10322,678,75725,30229,16824,16010,3648,8581,433,7457,2100,1813,1171,1077,1051,245,1732,233,1223,276,0,0,0,1115,623,315,177,0,0,0,993,169,344,48,174,258,0,5072,1529,1070,1290,751,432,0,91977,11425,7037,13600,14602,15261,15095,3771,11186,75725,8678,5570,11057,12222,13010,12846,3373,8969,7340,867,692,1500,917,899,999,398,1068,1732,637,0,364,455,276,0,0,0,2108,558,257,99,619,232,258,0,85,5072,685,518,580,389,844,992,0,1064,92094,9916,5872,76306,75725,7894,3862,63969,7457,597,485,6375,1732,268,656,808,2108,153,381,1574,5072,1004,488,3580
ACSSF,2019e1,nc,000,0039,0000043,,,,,,,,,,,,,,,,,,,,,,,,,,,,,,,,,,,,,,,,,,,,,,,,,,,,,,,,,,,,,,,,31311,32385,26913,.,20046,6874,40746,,,,,,,,,,,,,,,,,,,,,,,,,,,,,,,,,,,,,,,,,,,,,,,,,,,,,,,,,,,,,,,,,,,,,,,,,,,,,,,,,,,,,,,,,,,,,,,,,,,,,,,,,,,,,,,,,,,,,,,,,,,,,,,,,,,,,,,,,,,,,,,,,,,,,,,,,,,
ACSSF,2019e1,nc,000,0039,0000044,,,,,,,,,,,,,,,,,,,,,,,,,,,,,,,,,,,,,,,,,,,,,,,,,,,,,,,,,,,,,,,,29914,30112,30800,25402,16875,50304,16767,43320,5354,4329,33637,37313,4702,3499,29112,4034,343,652,3039,264,16,0,248,282,64,7,211,503,53,75,375,924,176,96,652,,,,,,,,,,,,,,,,,,,,,,,,,,,,,,,,,,,,,,,,,,,,,,,,,,,,,,,,,,,,,,,,,,,,,,,,,,,,,,,,,,,,,,,,,,,,,,,,,,,,,,,,43320,5354,4329,33637,37313,4702,3499,29112,4034,343,652,3039,264,16,0,248,785,117,82,586,924,176,96,652
ACSSF,2019e1,nc,000,0039,0000045,,,,,,,,,,,,,,,,,,,,,,,,,,,,,,,,,,,,,,,,,,,,,,,,,,,,,,,,,,,,,,,,29736,29441,31667,27907,51691,.,38668,,,,,,,,,,,,,,,,,,,,,,,,,,,,,,,,,,,,,,,,,,,,,,,,,,,,,,,,,,,,,,,,,,,,,,,,,,,,,,,,,,,,,,,,,,,,,,,,,,,,,,,,,,,,,,,,,,,,,,,,,,,,,,,,,,,,,,,,,,,,,,,,,,,,,,,,,,,
ACSSF,2019e1,nc,000,0039,0000046,,,,,,,,,,,,,,,,,,,,,,,,,,,,,,,,,,,,,,,,,,,,,,,,,,,,,,,,,,,,,,,,34322,36772,20612,30331,30098,11541,22228,48894,3829,3138,41927,40501,1717,2247,36537,4588,1360,706,2522,118,50,0,68,592,0,0,592,643,292,0,351,2452,410,185,1857,,,,,,,,,,,,,,,,,,,,,,,,,,,,,,,,,,,,,,,,,,,,,,,,,,49162,6595,3623,7460,7244,9276,6521,2119,6324,40635,4882,2339,5401,6043,8546,5991,1977,5456,4658,896,565,1373,742,421,483,0,178,118,43,7,0,68,0,0,0,0,1235,330,231,157,332,60,0,0,125,2516,444,481,529,59,249,47,142,565,48894,3829,3138,41927,40501,1717,2247,36537,4588,1360,706,2522,118,50,0,68,1235,292,0,943,2452,410,185,1857
ACSSF,2019e1,nc,000,0039,0000047,,,,,,,,,,,,,,,,,,,,,,,,,,,,,,,,,,,,,,,,,,,,,,,,,,,,,,,,,,,,,,,,31538,35726,24165,.,7306,30000,31050,,,,,,,,,,,,,,,,,,,,,,,,,,,,,,,,,,,,,,,,,,,,,,,,,,,,,,,,,,,,,,,,,,,,,,,,,,,,,,,,,,,,,,,,,,,,,,,,,,,,,,,,,,,,,,,,,,,,,,,,,,,,,,,,,,,,,,,,,,,,,,,,,,,,,,,,,,,
ACSSF,2019e1,nc,000,0039,0000048,,,,,,,,,,,,,,,,,,,,,,,,,,,,,,,,,,,,,,,,,,,,,,,,,,,,,,,,,,,,,,,,29437,30694,18902,.,77837,.,40842,,,,,,,,,,,,,,,,,,,,,,,,,,,,,,,,,,,,,,,,,,,,,,,,,,,,,,,,,,,,,,,,,,,,,,,,,,,,,,,,,,,,,,,,,,,,,,,,,,,,,,,,,,,,,,,,,,,,,,,,,,,,,,,,,,,,,,,,,,,,,,,,,,,,,,,,,,,
ACSSF,2019e1,nc,000,0039,0000049,83180,11062,5305,11157,10739,16101,11171,4540,13105,62914,7661,4074,9226,8367,12764,9465,3636,7721,7360,1785,499,1162,1537,1197,531,167,482,0,0,0,0,0,0,0,0,0,761,435,0,72,210,0,0,0,44,2074,341,579,122,0,775,87,0,170,10071,840,153,575,625,1365,1088,737,4688,37105,37331,26360,.,7110,24890,67280,83008,5330,2800,74878,62914,4136,1713,57065,7360,867,669,5824,0,0,0,0,589,56,146,387,2074,169,8,1897,10071,102,264,9705,,,,,,,,,,,,,,,,,,,,,,,,,,,,,,,,,,,,,,,,,,,,,,,,,,83180,11062,5305,11157,10739,16101,11171,4540,13105,62914,7661,4074,9226,8367,12764,9465,3636,7721,7360,1785,499,1162,1537,1197,531,167,482,0,0,0,0,0,0,0,0,0,2835,776,579,194,210,775,87,0,214,10071,840,153,575,625,1365,1088,737,4688,83008,5330,2800,74878,62914,4136,1713,57065,7360,867,669,5824,0,0,0,0,2663,225,154,2284,10071,102,264,9705
ACSSF,2019e1,nc,000,0039,0000050,637887,60377,34605,74382,77638,107782,77178,37362,168563,506651,44887,25677,56857,61566,89897,66031,31051,130685,47998,5781,3361,8537,7946,8085,4456,2693,7139,4730,718,389,827,1274,444,381,0,697,6955,1961,652,1244,761,788,290,50,1209,7371,1140,1138,1490,1028,482,421,318,1354,64182,5890,3388,5427,5063,8086,5599,3250,27479,43756,45077,32054,28805,21549,23879,60341,635712,30015,30941,574756,505419,21926,21093,462400,47958,2694,3787,41477,4671,631,1226,2814,6133,1007,523,4603,7371,1438,1082,4851,64160,2319,3230,58611,637887,312588,91978,128062,51061,53508,690,506651,249710,73690,102504,37346,42913,488,47998,16999,9008,8815,8069,4986,121,4730,1955,1102,843,179,651,0,6955,2694,1680,1557,429,595,0,7371,2448,1088,1590,788,1376,81,64182,38782,5410,12753,4250,2987,0,637887,60377,34605,74382,77638,107782,77178,37362,168563,506651,44887,25677,56857,61566,89897,66031,31051,130685,47998,5781,3361,8537,7946,8085,4456,2693,7139,4730,718,389,827,1274,444,381,0,697,14326,3101,1790,2734,1789,1270,711,368,2563,64182,5890,3388,5427,5063,8086,5599,3250,27479,635712,30015,30941,574756,505419,21926,21093,462400,47958,2694,3787,41477,4671,631,1226,2814,13504,2445,1605,9454,64160,2319,3230,58611
ACSSF,2019e1,nc,000,0039,0000051,,,,,,,,,,,,,,,,,,,,,,,,,,,,,,,,,,,,,,,,,,,,,,,,,,,,,,,,,,,,,,,,30547,31386,19719,9261,10539,7310,36513,,,,,,,,,,,,,,,,,,,,,,,,,,,,,,,,,,,,,,,,,,,,,,,,,,,,,,,,,,,,,,,,,,,,,,,,,,,,,,,,,,,,,,,,,,,,,,,,,,,,,,,,,,,,,,,,,,,,,,,,,,,,,,,,,,,,48610,3968,4751,39891,41331,3272,4101,33958,5278,508,389,4381,527,122,141,264,364,29,0,335,1110,37,120,953
ACSSF,2019e1,nc,000,0039,0000052,,,,,,,,,,,,,,,,,,,,,,,,,,,,,,,,,,,,,,,,,,,,,,,,,,,,,,,,,,,,,,,,30349,30541,30863,.,7117,.,55575,,,,,,,,,,,,,,,,,,,,,,,,,,,,,,,,,,,,,,,,,,,,,,,,,,,,,,,,,,,,,,,,,,,,,,,,,,,,,,,,,,,,,,,,,,,,,,,,,,,,,,,,,,,,,,,,,,,,,,,,,,,,,,,,,,,,,,,,,,,,,,,,,,,,,,,,,,,
ACSSF,2019e1,nc,000,0039,0000053,,,,,,,,,,,,,,,,,,,,,,,,,,,,,,,,,,,,,,,,,,,,,,,,,,,,,,,,,,,,,,,,36185,37737,21912,.,23413,26188,31096,,,,,,,,,,,,,,,,,,,,,,,,,,,,,,,,,,,,,,,,,,,,,,,,,,,,,,,,,,,,,,,,,,,,,,,,,,,,,,,,,,,,,,,,,,,,,,,,,,,,,,,,,,,,,,,,,,,,,,,,,,,,,,,,,,,,,,,,,,,,,,,,,,,,,,,,,,,
ACSSF,2019e1,nc,000,0039,0000054,102342,10797,7237,18035,14259,20611,13118,5215,13070,84701,7498,6029,14615,12000,18101,10751,4727,10980,7295,1162,760,1583,909,1014,1146,308,413,720,54,4,500,50,112,0,0,0,2245,254,78,449,0,656,440,28,340,1070,619,0,91,204,52,26,78,0,6311,1210,366,797,1096,676,755,74,1337,35498,36330,25705,22643,41301,8500,33895,101906,7321,9006,85579,84630,5360,7096,72174,7281,1021,1055,5205,720,58,290,372,2112,172,109,1831,1070,279,84,707,6093,431,372,5290,,,,,,,,,,,,,,,,,,,,,,,,,,,,,,,,,,,,,,,,,,,,,,,,,,102342,10797,7237,18035,14259,20611,13118,5215,13070,84701,7498,6029,14615,12000,18101,10751,4727,10980,7295,1162,760,1583,909,1014,1146,308,413,720,54,4,500,50,112,0,0,0,3315,873,78,540,204,708,466,106,340,6311,1210,366,797,1096,676,755,74,1337,101906,7321,9006,85579,84630,5360,7096,72174,7281,1021,1055,5205,720,58,290,372,3182,451,193,2538,6093,431,372,5290
ACSSF,2019e1,nc,000,0039,0000055,99810,9237,5450,11825,11169,15107,8536,5449,33037,80079,7363,4030,9473,8359,13031,7476,5026,25321,7494,1094,393,1839,1283,647,564,244,1430,250,0,170,44,0,36,0,0,0,1343,267,156,199,282,0,0,0,439,905,0,172,0,389,0,0,0,344,9739,513,529,270,856,1393,496,179,5503,46123,46470,26975,14070,27380,27338,91935,99366,3636,4366,91364,79655,2603,3214,73838,7474,627,349,6498,250,44,102,104,1343,156,260,927,905,172,300,433,9739,34,141,9564,,,,,,,,,,,,,,,,,,,,,,,,,,,,,,,,,,,,,,,,,,,,,,,,,,99810,9237,5450,11825,11169,15107,8536,5449,33037,80079,7363,4030,9473,8359,13031,7476,5026,25321,7494,1094,393,1839,1283,647,564,244,1430,250,0,170,44,0,36,0,0,0,2248,267,328,199,671,0,0,0,783,9739,513,529,270,856,1393,496,179,5503,99366,3636,4366,91364,79655,2603,3214,73838,7474,627,349,6498,250,44,102,104,2248,328,560,1360,9739,34,141,9564
ACSSF,2019e1,nc,000,0039,0000056,647543,57008,34332,68546,83722,109488,86589,37254,170604,510841,36595,25589,52019,65240,87937,74996,31482,136983,51116,9025,2947,9260,8391,7818,3838,1643,8194,19207,3218,1748,2362,2489,1789,1219,1053,5329,9963,2531,362,737,672,1953,1309,454,1945,8861,1382,482,949,1326,1140,442,249,2891,47555,4257,3204,3219,5604,8851,4785,2373,15262,45074,47042,30244,33306,40682,37094,45780,644309,30977,32618,580714,510028,19912,23203,466913,50827,4256,4516,42055,19028,2903,1247,14878,8257,648,729,6880,8742,72,611,8059,47427,3186,2312,41929,647768,292522,93745,135386,53946,71648,521,510841,235193,72561,107943,36697,57926,521,51116,15990,9042,8172,11951,5961,0,19207,9062,4095,3337,594,2119,0,9963,5546,1628,1972,53,764,0,8861,3363,992,1599,442,2465,0,47780,23368,5427,12363,4209,2413,0,647543,57008,34332,68546,83722,109488,86589,37254,170604,510841,36595,25589,52019,65240,87937,74996,31482,136983,51116,9025,2947,9260,8391,7818,3838,1643,8194,19207,3218,1748,2362,2489,1789,1219,1053,5329,18824,3913,844,1686,1998,3093,1751,703,4836,47555,4257,3204,3219,5604,8851,4785,2373,15262,644309,30977,32618,580714,510028,19912,23203,466913,50827,4256,4516,42055,19028,2903,1247,14878,16999,720,1340,14939,47427,3186,2312,41929
ACSSF,2019e1,nc,000,0039,0000057,,,,,,,,,,,,,,,,,,,,,,,,,,,,,,,,,,,,,,,,,,,,,,,,,,,,,,,,,,,,,,,,31869,32322,27695,.,.,7275,51728,,,,,,,,,,,,,,,,,,,,,,,,,,,,,,,,,,,,,,,,,,,,,,,,,,,,,,,,,,,,,,,,,,,,,,,,,,,,,,,,,,,,,,,,,,,,,,,,,,,,,,,,,,,,,,,,,,,,,,,,,,,,,,,,,,,,,,,,,,,,,,,,,,,,,,,,,,,
ACSSF,2019e1,nc,000,0039,0000058,178089,16826,8103,20268,19993,30143,22238,12592,47926,143807,11252,6060,15566,16262,25585,18790,10289,40003,12786,1571,991,1893,1554,2208,1234,762,2573,5586,1559,650,1256,602,742,111,386,280,3159,612,111,190,704,278,135,636,493,2100,249,137,331,186,264,300,83,550,10651,1583,154,1032,685,1066,1668,436,4027,46018,47042,36228,17107,33970,41150,56147,177194,10448,8238,158508,143568,6629,6825,130114,12786,1129,952,10705,5586,1792,369,3425,2685,91,52,2542,2100,591,0,1509,10469,216,40,10213,178089,101307,22382,29909,10384,14060,47,143807,80807,18048,23489,8715,12701,47,12786,7016,1444,2497,1039,790,0,5586,1924,2227,1172,65,198,0,3159,2014,205,599,341,0,0,2100,1298,176,115,180,331,0,10651,8248,282,2037,44,40,0,178089,16826,8103,20268,19993,30143,22238,12592,47926,143807,11252,6060,15566,16262,25585,18790,10289,40003,12786,1571,991,1893,1554,2208,1234,762,2573,5586,1559,650,1256,602,742,111,386,280,5259,861,248,521,890,542,435,719,1043,10651,1583,154,1032,685,1066,1668,436,4027,177194,10448,8238,158508,143568,6629,6825,130114,12786,1129,952,10705,5586,1792,369,3425,4785,682,52,4051,10469,216,40,10213
ACSSF,2019e1,nc,000,0039,0000059,147938,15963,10849,22977,26843,26659,15514,6959,22174,121814,11601,8318,16582,20869,22950,14326,6597,20571,11922,2206,1321,2638,2486,1512,641,131,987,646,313,184,0,0,149,0,0,0,8128,700,561,2550,2571,1577,126,43,0,2803,712,24,600,567,125,389,80,306,2625,431,441,607,350,346,32,108,310,32610,36477,24457,10136,25623,25642,21917,135824,10490,10872,114462,118341,7734,9007,101600,10035,1407,1180,7448,646,183,81,382,1692,241,320,1131,2485,323,82,2080,2625,602,202,1821,147992,47554,26540,24005,14300,13745,21848,121814,41879,21484,19578,10855,11146,16872,11976,2655,2736,2041,2163,1280,1101,646,49,248,272,0,77,0,8128,1524,816,1079,815,134,3760,2803,366,825,508,334,655,115,2625,1081,431,527,133,453,0,147938,15963,10849,22977,26843,26659,15514,6959,22174,121814,11601,8318,16582,20869,22950,14326,6597,20571,11922,2206,1321,2638,2486,1512,641,131,987,646,313,184,0,0,149,0,0,0,10931,1412,585,3150,3138,1702,515,123,306,2625,431,441,607,350,346,32,108,310,135824,10490,10872,114462,118341,7734,9007,101600,10035,1407,1180,7448,646,183,81,382,4177,564,402,3211,2625,602,202,1821
ACSSF,2019e1,nc,000,0039,0000060,,,,,,,,,,,,,,,,,,,,,,,,,,,,,,,,,,,,,,,,,,,,,,,,,,,,,,,,,,,,,,,,31423,31122,31127,29121,14314,12207,96022,,,,,,,,,,,,,,,,,,,,,,,,,,,,,,,,,,,,,,,,,,,,,,,,,,,,,,,,,,,,,,,,,,,,,,,,,,,,,,,,,,,,,,,,,,,,,,,,,,,,,,,,,,,,,,,,,,,,,,,,,,,,,,,,,,,,50186,1821,4609,43756,42625,1228,3844,37553,4984,252,357,4375,479,64,386,29,682,277,0,405,1416,0,22,1394
ACSSF,2019e1,nc,000,0039,0000061,191908,22039,14543,24878,25598,36509,24477,10613,33251,154202,14927,11247,19238,19588,30801,20225,9430,28746,17305,3409,948,2797,3632,2982,1768,362,1407,5104,1481,548,1102,476,773,138,189,397,3923,1118,1032,629,64,38,268,368,406,3587,175,177,642,464,237,726,142,1024,7787,929,591,470,1374,1678,1352,122,1271,37503,40635,28004,16705,12499,55662,36763,188977,11375,13288,164314,153090,7342,9652,136096,17153,1672,2455,13026,5104,1224,466,3414,2654,406,355,1893,3552,261,143,3148,7424,470,217,6737,191908,75366,28940,44826,14178,28392,206,154202,64438,20552,35923,10661,22628,0,17305,4344,4623,3222,2215,2695,206,5104,578,1680,1333,222,1291,0,3923,1075,961,1174,268,445,0,3587,691,476,1209,95,1116,0,7787,4240,648,1965,717,217,0,191908,22039,14543,24878,25598,36509,24477,10613,33251,154202,14927,11247,19238,19588,30801,20225,9430,28746,17305,3409,948,2797,3632,2982,1768,362,1407,5104,1481,548,1102,476,773,138,189,397,7510,1293,1209,1271,528,275,994,510,1430,7787,929,591,470,1374,1678,1352,122,1271,188977,11375,13288,164314,153090,7342,9652,136096,17153,1672,2455,13026,5104,1224,466,3414,6206,667,498,5041,7424,470,217,6737
ACSSF,2019e1,nc,000,0039,0000062,,,,,,,,,,,,,,,,,,,,,,,,,,,,,,,,,,,,,,,,,,,,,,,,,,,,,,,,,,,,,,,,33279,34437,25996,23370,27487,35057,42363,63790,7026,4198,52566,52968,5889,2513,44566,5005,529,485,3991,1732,268,656,808,945,65,282,598,363,0,0,363,2777,275,262,2240,,,,,,,,,,,,,,,,,,,,,,,,,,,,,,,,,,,,,,,,,,,,,,,,,,,,,,,,,,,,,,,,,,,,,,,,,,,,,,,,,,,,,,,,,,,,,,,,,,,,,,,,63790,7026,4198,52566,52968,5889,2513,44566,5005,529,485,3991,1732,268,656,808,1308,65,282,961,2777,275,262,2240
ACSSF,2019e1,nc,000,0039,0000063,,,,,,,,,,,,,,,,,,,,,,,,,,,,,,,,,,,,,,,,,,,,,,,,,,,,,,,,,,,,,,,,33349,36081,18855,14107,22974,36067,24927,,,,,,,,,,,,,,,,,,,,,,,,,,,,,,,,,,,,,,,,,,,,,,,,,,,,,,,,,,,,,,,,,,,,,,,,,,,,,,65224,9417,4677,10758,8711,12496,7171,3242,8752,55925,6700,4029,8535,7660,11323,6676,3151,7851,5474,1770,263,1218,975,559,408,91,190,297,36,175,25,0,30,0,0,31,2005,665,70,597,0,477,43,0,153,1523,246,140,383,76,107,44,0,527,,,,,,,,,,,,,,,,,,,,,,,,
ACSSF,2019e1,nc,000,0039,0000064,,,,,,,,,,,,,,,,,,,,,,,,,,,,,,,,,,,,,,,,,,,,,,,,,,,,,,,,,,,,,,,,25144,30636,22090,.,22065,21234,21262,,,,,,,,,,,,,,,,,,,,,,,,,,,,,79133,18955,11364,12275,14854,7731,13954,54979,16169,7039,9391,7524,6035,8821,13517,1988,2498,1861,4678,1262,1230,47,0,0,47,0,0,0,7107,624,1260,597,1529,322,2775,1567,7,202,183,944,112,119,1916,167,365,196,179,0,1009,79133,6836,3901,28506,13085,11791,6018,3343,5653,54979,4602,2555,14874,9342,9974,5173,3343,5116,13517,1693,688,6501,2407,1012,723,0,493,47,0,0,0,47,0,0,0,0,8674,392,637,5795,978,805,67,0,0,1916,149,21,1336,311,0,55,0,44,,,,,,,,,,,,,,,,,,,,,,,,
ACSSF,2019e1,nc,000,0039,0000065,339593,29888,17171,39500,40174,62927,47646,20292,81995,278091,22664,12906,28872,32768,52715,41890,16798,69478,23207,2089,1897,4487,3395,4405,2337,1294,3303,3981,634,219,738,940,408,381,0,661,3613,974,422,810,479,261,214,50,403,4388,947,865,985,306,377,289,119,500,26313,2580,862,3608,2286,4761,2535,2031,7650,44530,46089,33127,30361,20940,17146,45716,338078,16816,18331,302931,277414,12478,13013,251923,23187,679,2707,19801,3922,444,1124,2354,2876,357,120,2399,4388,1091,516,2781,26291,1767,851,23673,339593,166205,51918,68614,27361,25149,346,278091,140628,41379,55446,20660,19713,265,23207,8485,4919,4812,3382,1609,0,3981,1743,798,790,179,471,0,3613,1558,841,862,63,289,0,4388,1258,980,932,184,953,81,26313,12533,3001,5772,2893,2114,0,339593,29888,17171,39500,40174,62927,47646,20292,81995,278091,22664,12906,28872,32768,52715,41890,16798,69478,23207,2089,1897,4487,3395,4405,2337,1294,3303,3981,634,219,738,940,408,381,0,661,8001,1921,1287,1795,785,638,503,169,903,26313,2580,862,3608,2286,4761,2535,2031,7650,338078,16816,18331,302931,277414,12478,13013,251923,23187,679,2707,19801,3922,444,1124,2354,7264,1448,636,5180,26291,1767,851,23673
ACSSF,2019e1,nc,000,0039,0000066,102222,12878,8128,16400,15288,18161,11563,4288,15516,83341,9278,6772,12979,12849,15134,10488,3468,12373,8821,1336,756,2123,757,1868,673,360,948,734,516,164,54,0,0,0,0,0,2210,408,221,341,809,48,85,0,298,1603,472,147,150,532,100,118,0,84,5513,868,68,753,341,1011,199,460,1813,32495,34356,27752,8556,26875,26250,45572,101159,7504,8544,85111,83104,4687,7004,71413,8680,1297,933,6450,734,734,0,0,1806,36,268,1502,1486,400,118,968,5349,350,221,4778,102222,43177,18988,20713,9059,10142,143,83341,35029,15716,16766,6809,8878,143,8821,3075,1427,1527,1927,865,0,734,0,528,36,170,0,0,2210,835,621,533,81,140,0,1603,188,352,933,0,130,0,5513,4050,344,918,72,129,0,102222,12878,8128,16400,15288,18161,11563,4288,15516,83341,9278,6772,12979,12849,15134,10488,3468,12373,8821,1336,756,2123,757,1868,673,360,948,734,516,164,54,0,0,0,0,0,3813,880,368,491,1341,148,203,0,382,5513,868,68,753,341,1011,199,460,1813,101159,7504,8544,85111,83104,4687,7004,71413,8680,1297,933,6450,734,734,0,0,3292,436,386,2470,5349,350,221,4778
ACSSF,2019e1,nc,000,0039,0000067,148983,19424,8274,20150,20511,28937,19455,7362,24870,125793,13144,6172,15994,17918,26253,17411,6554,22347,10315,1954,1248,1851,1179,1486,1240,252,1105,2475,1160,221,637,104,299,54,0,0,3310,1390,137,975,87,50,269,126,276,1944,906,271,380,56,141,82,0,108,5146,870,225,313,1167,708,399,430,1034,37089,39796,25420,12106,15823,10609,34961,147372,10770,9763,126839,125422,7373,7432,110617,10315,1453,1090,7772,2284,491,595,1198,2514,273,221,2020,1944,1015,425,504,4893,165,0,4728,148983,62381,27512,34438,8619,16033,0,125793,55106,22190,29822,7348,11327,0,10315,3022,2382,1492,870,2549,0,2475,577,887,673,205,133,0,3310,775,1160,573,77,725,0,1944,288,468,45,119,1024,0,5146,2613,425,1833,0,275,0,148983,19424,8274,20150,20511,28937,19455,7362,24870,125793,13144,6172,15994,17918,26253,17411,6554,22347,10315,1954,1248,1851,1179,1486,1240,252,1105,2475,1160,221,637,104,299,54,0,0,5254,2296,408,1355,143,191,351,126,384,5146,870,225,313,1167,708,399,430,1034,147372,10770,9763,126839,125422,7373,7432,110617,10315,1453,1090,7772,2284,491,595,1198,4458,1288,646,2524,4893,165,0,4728
ACSSF,2019e1,nc,000,0039,0000068,102342,10797,7237,18035,14259,20611,13118,5215,13070,84701,7498,6029,14615,12000,18101,10751,4727,10980,7295,1162,760,1583,909,1014,1146,308,413,720,54,4,500,50,112,0,0,0,2245,254,78,449,0,656,440,28,340,1070,619,0,91,204,52,26,78,0,6311,1210,366,797,1096,676,755,74,1337,35498,36330,25705,22643,41301,8500,33895,101906,7321,9006,85579,84630,5360,7096,72174,7281,1021,1055,5205,720,58,290,372,2112,172,109,1831,1070,279,84,707,6093,431,372,5290,,,,,,,,,,,,,,,,,,,,,,,,,,,,,,,,,,,,,,,,,,,,,,,,,,102342,10797,7237,18035,14259,20611,13118,5215,13070,84701,7498,6029,14615,12000,18101,10751,4727,10980,7295,1162,760,1583,909,1014,1146,308,413,720,54,4,500,50,112,0,0,0,3315,873,78,540,204,708,466,106,340,6311,1210,366,797,1096,676,755,74,1337,101906,7321,9006,85579,84630,5360,7096,72174,7281,1021,1055,5205,720,58,290,372,3182,451,193,2538,6093,431,372,5290
ACSSF,2019e1,nc,000,0039,0000069,647543,57008,34332,68546,83722,109488,86589,37254,170604,510841,36595,25589,52019,65240,87937,74996,31482,136983,51116,9025,2947,9260,8391,7818,3838,1643,8194,19207,3218,1748,2362,2489,1789,1219,1053,5329,9963,2531,362,737,672,1953,1309,454,1945,8861,1382,482,949,1326,1140,442,249,2891,47555,4257,3204,3219,5604,8851,4785,2373,15262,45074,47042,30244,33306,40682,37094,45780,644309,30977,32618,580714,510028,19912,23203,466913,50827,4256,4516,42055,19028,2903,1247,14878,8257,648,729,6880,8742,72,611,8059,47427,3186,2312,41929,647768,292522,93745,135386,53946,71648,521,510841,235193,72561,107943,36697,57926,521,51116,15990,9042,8172,11951,5961,0,19207,9062,4095,3337,594,2119,0,9963,5546,1628,1972,53,764,0,8861,3363,992,1599,442,2465,0,47780,23368,5427,12363,4209,2413,0,647543,57008,34332,68546,83722,109488,86589,37254,170604,510841,36595,25589,52019,65240,87937,74996,31482,136983,51116,9025,2947,9260,8391,7818,3838,1643,8194,19207,3218,1748,2362,2489,1789,1219,1053,5329,18824,3913,844,1686,1998,3093,1751,703,4836,47555,4257,3204,3219,5604,8851,4785,2373,15262,644309,30977,32618,580714,510028,19912,23203,466913,50827,4256,4516,42055,19028,2903,1247,14878,16999,720,1340,14939,47427,3186,2312,41929
ACSSF,2019e1,nc,000,0039,0000070,,,,,,,,,,,,,,,,,,,,,,,,,,,,,,,,,,,,,,,,,,,,,,,,,,,,,,,,,,,,,,,,31869,32322,27695,.,.,7275,51728,,,,,,,,,,,,,,,,,,,,,,,,,,,,,,,,,,,,,,,,,,,,,,,,,,,,,,,,,,,,,,,,,,,,,,,,,,,,,,,,,,,,,,,,,,,,,,,,,,,,,,,,,,,,,,,,,,,,,,,,,,,,,,,,,,,,,,,,,,,,,,,,,,,,,,,,,,,
ACSSF,2019e1,nc,000,0039,0000071,,,,,,,,,,,,,,,,,,,,,,,,,,,,,,,,,,,,,,,,,,,,,,,,,,,,,,,,,,,,,,,,31423,31122,31127,29121,14314,12207,96022,,,,,,,,,,,,,,,,,,,,,,,,,,,,,,,,,,,,,,,,,,,,,,,,,,,,,,,,,,,,,,,,,,,,,,,,,,,,,,,,,,,,,,,,,,,,,,,,,,,,,,,,,,,,,,,,,,,,,,,,,,,,,,,,,,,,50186,1821,4609,43756,42625,1228,3844,37553,4984,252,357,4375,479,64,386,29,682,277,0,405,1416,0,22,1394
ACSSF,2019e1,nc,000,0039,0000072,176372,16826,8048,20071,19371,30048,22129,12592,47287,142759,11252,6005,15369,15748,25490,18681,10289,39925,12225,1571,991,1893,1554,2208,1234,762,2012,5586,1559,650,1256,602,742,111,386,280,3159,612,111,190,704,278,135,636,493,1992,249,137,331,78,264,300,83,550,10651,1583,154,1032,685,1066,1668,436,4027,46054,47176,35331,17107,33970,42135,56147,175477,10448,8238,156791,142520,6629,6825,129066,12225,1129,952,10144,5586,1792,369,3425,2685,91,52,2542,1992,591,0,1401,10469,216,40,10213,176372,100531,21774,29909,10303,13808,47,142759,80592,17548,23489,8634,12449,47,12225,6455,1444,2497,1039,790,0,5586,1924,2227,1172,65,198,0,3159,2014,205,599,341,0,0,1992,1298,68,115,180,331,0,10651,8248,282,2037,44,40,0,176372,16826,8048,20071,19371,30048,22129,12592,47287,142759,11252,6005,15369,15748,25490,18681,10289,39925,12225,1571,991,1893,1554,2208,1234,762,2012,5586,1559,650,1256,602,742,111,386,280,5151,861,248,521,782,542,435,719,1043,10651,1583,154,1032,685,1066,1668,436,4027,175477,10448,8238,156791,142520,6629,6825,129066,12225,1129,952,10144,5586,1792,369,3425,4677,682,52,3943,10469,216,40,10213
ACSSF,2019e1,nc,000,0039,0000073,147938,15963,10849,22977,26843,26659,15514,6959,22174,121814,11601,8318,16582,20869,22950,14326,6597,20571,11922,2206,1321,2638,2486,1512,641,131,987,646,313,184,0,0,149,0,0,0,8128,700,561,2550,2571,1577,126,43,0,2803,712,24,600,567,125,389,80,306,2625,431,441,607,350,346,32,108,310,32610,36477,24457,10136,25623,25642,21917,135824,10490,10872,114462,118341,7734,9007,101600,10035,1407,1180,7448,646,183,81,382,1692,241,320,1131,2485,323,82,2080,2625,602,202,1821,147992,47554,26540,24005,14300,13745,21848,121814,41879,21484,19578,10855,11146,16872,11976,2655,2736,2041,2163,1280,1101,646,49,248,272,0,77,0,8128,1524,816,1079,815,134,3760,2803,366,825,508,334,655,115,2625,1081,431,527,133,453,0,147938,15963,10849,22977,26843,26659,15514,6959,22174,121814,11601,8318,16582,20869,22950,14326,6597,20571,11922,2206,1321,2638,2486,1512,641,131,987,646,313,184,0,0,149,0,0,0,10931,1412,585,3150,3138,1702,515,123,306,2625,431,441,607,350,346,32,108,310,135824,10490,10872,114462,118341,7734,9007,101600,10035,1407,1180,7448,646,183,81,382,4177,564,402,3211,2625,602,202,1821
ACSSF,2019e1,nc,000,0039,0000074,191908,22039,14543,24878,25598,36509,24477,10613,33251,154202,14927,11247,19238,19588,30801,20225,9430,28746,17305,3409,948,2797,3632,2982,1768,362,1407,5104,1481,548,1102,476,773,138,189,397,3923,1118,1032,629,64,38,268,368,406,3587,175,177,642,464,237,726,142,1024,7787,929,591,470,1374,1678,1352,122,1271,37503,40635,28004,16705,12499,55662,36763,188977,11375,13288,164314,153090,7342,9652,136096,17153,1672,2455,13026,5104,1224,466,3414,2654,406,355,1893,3552,261,143,3148,7424,470,217,6737,191908,75366,28940,44826,14178,28392,206,154202,64438,20552,35923,10661,22628,0,17305,4344,4623,3222,2215,2695,206,5104,578,1680,1333,222,1291,0,3923,1075,961,1174,268,445,0,3587,691,476,1209,95,1116,0,7787,4240,648,1965,717,217,0,191908,22039,14543,24878,25598,36509,24477,10613,33251,154202,14927,11247,19238,19588,30801,20225,9430,28746,17305,3409,948,2797,3632,2982,1768,362,1407,5104,1481,548,1102,476,773,138,189,397,7510,1293,1209,1271,528,275,994,510,1430,7787,929,591,470,1374,1678,1352,122,1271,188977,11375,13288,164314,153090,7342,9652,136096,17153,1672,2455,13026,5104,1224,466,3414,6206,667,498,5041,7424,470,217,6737
ACSSF,2019e1,nc,000,0039,0000075,,,,,,,,,,,,,,,,,,,,,,,,,,,,,,,,,,,,,,,,,,,,,,,,,,,,,,,,,,,,,,,,32982,35908,18855,14107,22974,36067,24927,,,,,,,,,,,,,,,,,,,,,,,,,,,,,,,,,,,,,,,,,,,,,,,,,,,,,,,,,,,,,,,,,,,,,,,,,,,,,,64405,9417,4479,10758,8711,11964,7082,3242,8752,55106,6700,3831,8535,7660,10791,6587,3151,7851,5474,1770,263,1218,975,559,408,91,190,297,36,175,25,0,30,0,0,31,2005,665,70,597,0,477,43,0,153,1523,246,140,383,76,107,44,0,527,,,,,,,,,,,,,,,,,,,,,,,,
ACSSF,2019e1,nc,000,0039,0000076,,,,,,,,,,,,,,,,,,,,,,,,,,,,,,,,,,,,,,,,,,,,,,,,,,,,,,,,,,,,,,,,33279,34437,25996,23370,27487,35057,42363,63790,7026,4198,52566,52968,5889,2513,44566,5005,529,485,3991,1732,268,656,808,945,65,282,598,363,0,0,363,2777,275,262,2240,,,,,,,,,,,,,,,,,,,,,,,,,,,,,,,,,,,,,,,,,,,,,,,,,,,,,,,,,,,,,,,,,,,,,,,,,,,,,,,,,,,,,,,,,,,,,,,,,,,,,,,,63790,7026,4198,52566,52968,5889,2513,44566,5005,529,485,3991,1732,268,656,808,1308,65,282,961,2777,275,262,2240
ACSSF,2019e1,nc,000,0039,0000077,,,,,,,,,,,,,,,,,,,,,,,,,,,,,,,,,,,,,,,,,,,,,,,,,,,,,,,,,,,,,,,,25144,30636,22090,.,22065,21234,21262,,,,,,,,,,,,,,,,,,,,,,,,,,,,,79133,18955,11364,12275,14854,7731,13954,54979,16169,7039,9391,7524,6035,8821,13517,1988,2498,1861,4678,1262,1230,47,0,0,47,0,0,0,7107,624,1260,597,1529,322,2775,1567,7,202,183,944,112,119,1916,167,365,196,179,0,1009,79133,6836,3901,28506,13085,11791,6018,3343,5653,54979,4602,2555,14874,9342,9974,5173,3343,5116,13517,1693,688,6501,2407,1012,723,0,493,47,0,0,0,47,0,0,0,0,8674,392,637,5795,978,805,67,0,0,1916,149,21,1336,311,0,55,0,44,,,,,,,,,,,,,,,,,,,,,,,,
ACSSF,2019e1,nc,000,0039,0000078,99437,9237,5450,11825,10962,15107,8416,5449,32991,79752,7363,4030,9473,8152,13031,7356,5026,25321,7494,1094,393,1839,1283,647,564,244,1430,250,0,170,44,0,36,0,0,0,1343,267,156,199,282,0,0,0,439,905,0,172,0,389,0,0,0,344,9693,513,529,270,856,1393,496,179,5457,46138,46507,26975,14070,27380,27338,91782,98993,3636,4366,90991,79328,2603,3214,73511,7474,627,349,6498,250,44,102,104,1343,156,260,927,905,172,300,433,9693,34,141,9518,,,,,,,,,,,,,,,,,,,,,,,,,,,,,,,,,,,,,,,,,,,,,,,,,,99437,9237,5450,11825,10962,15107,8416,5449,32991,79752,7363,4030,9473,8152,13031,7356,5026,25321,7494,1094,393,1839,1283,647,564,244,1430,250,0,170,44,0,36,0,0,0,2248,267,328,199,671,0,0,0,783,9693,513,529,270,856,1393,496,179,5457,98993,3636,4366,90991,79328,2603,3214,73511,7474,627,349,6498,250,44,102,104,2248,328,560,1360,9693,34,141,9518
ACSSF,2019e1,nc,000,0039,0000079,338753,29838,17125,39367,40174,62869,47548,20221,81611,277384,22614,12860,28872,32768,52657,41792,16727,69094,23074,2089,1897,4354,3395,4405,2337,1294,3303,3981,634,219,738,940,408,381,0,661,3613,974,422,810,479,261,214,50,403,4388,947,865,985,306,377,289,119,500,26313,2580,862,3608,2286,4761,2535,2031,7650,44483,46047,33598,30361,20940,17146,45716,337238,16816,18198,302224,276707,12478,13013,251216,23054,679,2574,19801,3922,444,1124,2354,2876,357,120,2399,4388,1091,516,2781,26291,1767,851,23673,338753,165986,51727,68518,27125,25051,346,277384,140409,41321,55350,20424,19615,265,23074,8485,4786,4812,3382,1609,0,3981,1743,798,790,179,471,0,3613,1558,841,862,63,289,0,4388,1258,980,932,184,953,81,26313,12533,3001,5772,2893,2114,0,338753,29838,17125,39367,40174,62869,47548,20221,81611,277384,22614,12860,28872,32768,52657,41792,16727,69094,23074,2089,1897,4354,3395,4405,2337,1294,3303,3981,634,219,738,940,408,381,0,661,8001,1921,1287,1795,785,638,503,169,903,26313,2580,862,3608,2286,4761,2535,2031,7650,337238,16816,18198,302224,276707,12478,13013,251216,23054,679,2574,19801,3922,444,1124,2354,7264,1448,636,5180,26291,1767,851,23673
ACSSF,2019e1,nc,000,0039,0000080,102222,12878,8128,16400,15288,18161,11563,4288,15516,83341,9278,6772,12979,12849,15134,10488,3468,12373,8821,1336,756,2123,757,1868,673,360,948,734,516,164,54,0,0,0,0,0,2210,408,221,341,809,48,85,0,298,1603,472,147,150,532,100,118,0,84,5513,868,68,753,341,1011,199,460,1813,32495,34356,27752,8556,26875,26250,45572,101159,7504,8544,85111,83104,4687,7004,71413,8680,1297,933,6450,734,734,0,0,1806,36,268,1502,1486,400,118,968,5349,350,221,4778,102222,43177,18988,20713,9059,10142,143,83341,35029,15716,16766,6809,8878,143,8821,3075,1427,1527,1927,865,0,734,0,528,36,170,0,0,2210,835,621,533,81,140,0,1603,188,352,933,0,130,0,5513,4050,344,918,72,129,0,102222,12878,8128,16400,15288,18161,11563,4288,15516,83341,9278,6772,12979,12849,15134,10488,3468,12373,8821,1336,756,2123,757,1868,673,360,948,734,516,164,54,0,0,0,0,0,3813,880,368,491,1341,148,203,0,382,5513,868,68,753,341,1011,199,460,1813,101159,7504,8544,85111,83104,4687,7004,71413,8680,1297,933,6450,734,734,0,0,3292,436,386,2470,5349,350,221,4778
ACSSF,2019e1,nc,000,0039,0000081,148983,19424,8274,20150,20511,28937,19455,7362,24870,125793,13144,6172,15994,17918,26253,17411,6554,22347,10315,1954,1248,1851,1179,1486,1240,252,1105,2475,1160,221,637,104,299,54,0,0,3310,1390,137,975,87,50,269,126,276,1944,906,271,380,56,141,82,0,108,5146,870,225,313,1167,708,399,430,1034,37089,39796,25420,12106,15823,10609,34961,147372,10770,9763,126839,125422,7373,7432,110617,10315,1453,1090,7772,2284,491,595,1198,2514,273,221,2020,1944,1015,425,504,4893,165,0,4728,148983,62381,27512,34438,8619,16033,0,125793,55106,22190,29822,7348,11327,0,10315,3022,2382,1492,870,2549,0,2475,577,887,673,205,133,0,3310,775,1160,573,77,725,0,1944,288,468,45,119,1024,0,5146,2613,425,1833,0,275,0,148983,19424,8274,20150,20511,28937,19455,7362,24870,125793,13144,6172,15994,17918,26253,17411,6554,22347,10315,1954,1248,1851,1179,1486,1240,252,1105,2475,1160,221,637,104,299,54,0,0,5254,2296,408,1355,143,191,351,126,384,5146,870,225,313,1167,708,399,430,1034,147372,10770,9763,126839,125422,7373,7432,110617,10315,1453,1090,7772,2284,491,595,1198,4458,1288,646,2524,4893,165,0,4728
ACSSF,2019e1,nc,000,0039,0000082,,,,,,,,,,,,,,,,,,,,,,,,,,,,,,,,,,,,,,,,,,,,,,,,,,,,,,,,,,,,,,,,,,,,,,,,,,,,,,,,,,,,,,,,,,,,,,,,,,,,,,,,,,,,,,,,,,,,,,,,,,,,,,,,,,,,,,,,,,,,,,,,,,,,,,,,,,,,,,,,,,,,,,,,,,,,,,,,,,,,,,,,,,,,,,,,,,,,,,,,,,,,,,,,,,,,,,,,,,,,,,,,,
ACSSF,2019e1,nc,000,0039,0000083,,,,,,,,,,,,,,,,,,,,,,,,,,,,,,,,,,,,,,,,,,,,,,,,,,,,,,,,,,,,,,,,,,,,,,,,,,,,,,,,,,,,,,,,,,,,,,,,,,,,,,,,,,,,,,,,,,,,,,,,,,,,,,,,,,,,,,,,,,,,,,,,,,,,,,,,,,,,,,,,,,,,,,,,,,,,,,,,,,,,,,,,,,,,,,,,,,,,,,,,,,,,,,,,,,,,,,,,,,,,,,,,,
ACSSF,2019e1,nc,000,0039,0000084,,,,,,,,,,,,,,,,,,,,,,,,,,,,,,,,,,,,,,,,,,,,,,,,,,,,,,,,,,,,,,,,,,,,,,,,,,,,,,,,,,,,,,,,,,,,,,,,,,,,,,,,,,,,,,,,,,,,,,,,,,,,,,,,,,,,,,,,,,,,,,,,,,,,,,,,,,,,,,,,,,,,,,,,,,,,,,,,,,,,,,,,,,,,,,,,,,,,,,,,,,,,,,,,,,,,,,,,,,,,,,,,,
ACSSF,2019e1,nc,000,0039,0000085,,,,,,,,,,,,,,,,,,,,,,,,,,,,,,,,,,,,,,,,,,,,,,,,,,,,,,,,,,,,,,,,,,,,,,,,,,,,,,,,,,,,,,,,,,,,,,,,,,,,,,,,,,,,,,,,,,,,,,,,,,,,,,,,,,,,,,,,,,,,,,,,,,,,,,,,,,,,,,,,,,,,,,,,,,,,,,,,,,,,,,,,,,,,,,,,,,,,,,,,,,,,,,,,,,,,,,,,,,,,,,,,,
ACSSF,2019e1,nc,000,0039,0000086,,,,,,,,,,,,,,,,,,,,,,,,,,,,,,,,,,,,,,,,,,,,,,,,,,,,,,,,,,,,,,,,,,,,,,,,,,,,,,,,,,,,,,,,,,,,,,,,,,,,,,,,,,,,,,,,,,,,,,,,,,,,,,,,,,,,,,,,,,,,,,,,,,,,,,,,,,,,,,,,,,,,,,,,,,,,,,,,,,,,,,,,,,,,,,,,,,,,,,,,,,,,,,,,,,,,,,,,,,,,,,,,,
ACSSF,2019e1,nc,000,0039,0000087,,,,,,,,,,,,,,,,,,,,,,,,,,,,,,,,,,,,,,,,,,,,,,,,,,,,,,,,,,,,,,,,,,,,,,,,,,,,,,,,,,,,,,,,,,,,,,,,,,,,,,,,,,,,,,,,,,,,,,,,,,,,,,,,,,,,,,,,,,,,,,,,,,,,,,,,,,,,,,,,,,,,,,,,,,,,,,,,,,,,,,,,,,,,,,,,,,,,,,,,,,,,,,,,,,,,,,,,,,,,,,,,,
ACSSF,2019e1,nc,000,0039,0000088,,,,,,,,,,,,,,,,,,,,,,,,,,,,,,,,,,,,,,,,,,,,,,,,,,,,,,,,,,,,,,,,,,,,,,,,,,,,,,,,,,,,,,,,,,,,,,,,,,,,,,,,,,,,,,,,,,,,,,,,,,,,,,,,,,,,,,,,,,,,,,,,,,,,,,,,,,,,,,,,,,,,,,,,,,,,,,,,,,,,,,,,,,,,,,,,,,,,,,,,,,,,,,,,,,,,,,,,,,,,,,,,,
ACSSF,2019e1,nc,000,0039,0000089,,,,,,,,,,,,,,,,,,,,,,,,,,,,,,,,,,,,,,,,,,,,,,,,,,,,,,,,,,,,,,,,,,,,,,,,,,,,,,,,,,,,,,,,,,,,,,,,,,,,,,,,,,,,,,,,,,,,,,,,,,,,,,,,,,,,,,,,,,,,,,,,,,,,,,,,,,,,,,,,,,,,,,,,,,,,,,,,,,,,,,,,,,,,,,,,,,,,,,,,,,,,,,,,,,,,,,,,,,,,,,,,,
ACSSF,2019e1,nc,000,0039,0000090,,,,,,,,,,,,,,,,,,,,,,,,,,,,,,,,,,,,,,,,,,,,,,,,,,,,,,,,,,,,,,,,,,,,,,,,,,,,,,,,,,,,,,,,,,,,,,,,,,,,,,,,,,,,,,,,,,,,,,,,,,,,,,,,,,,,,,,,,,,,,,,,,,,,,,,,,,,,,,,,,,,,,,,,,,,,,,,,,,,,,,,,,,,,,,,,,,,,,,,,,,,,,,,,,,,,,,,,,,,,,,,,,
ACSSF,2019e1,nc,000,0039,0000091,,,,,,,,,,,,,,,,,,,,,,,,,,,,,,,,,,,,,,,,,,,,,,,,,,,,,,,,,,,,,,,,,,,,,,,,,,,,,,,,,,,,,,,,,,,,,,,,,,,,,,,,,,,,,,,,,,,,,,,,,,,,,,,,,,,,,,,,,,,,,,,,,,,,,,,,,,,,,,,,,,,,,,,,,,,,,,,,,,,,,,,,,,,,,,,,,,,,,,,,,,,,,,,,,,,,,,,,,,,,,,,,,
ACSSF,2019e1,nc,000,0039,0000092,,,,,,,,,,,,,,,,,,,,,,,,,,,,,,,,,,,,,,,,,,,,,,,,,,,,,,,,,,,,,,,,,,,,,,,,,,,,,,,,,,,,,,,,,,,,,,,,,,,,,,,,,,,,,,,,,,,,,,,,,,,,,,,,,,,,,,,,,,,,,,,,,,,,,,,,,,,,,,,,,,,,,,,,,,,,,,,,,,,,,,,,,,,,,,,,,,,,,,,,,,,,,,,,,,,,,,,,,,,,,,,,,
ACSSF,2019e1,nc,000,0039,0000093,,,,,,,,,,,,,,,,,,,,,,,,,,,,,,,,,,,,,,,,,,,,,,,,,,,,,,,,,,,,,,,,,,,,,,,,,,,,,,,,,,,,,,,,,,,,,,,,,,,,,,,,,,,,,,,,,,,,,,,,,,,,,,,,,,,,,,,,,,,,,,,,,,,,,,,,,,,,,,,,,,,,,,,,,,,,,,,,,,,,,,,,,,,,,,,,,,,,,,,,,,,,,,,,,,,,,,,,,,,,,,,,,
ACSSF,2019e1,nc,000,0039,0000094,,,,,,,,,,,,,,,,,,,,,,,,,,,,,,,,,,,,,,,,,,,,,,,,,,,,,,,,,,,,,,,,,,,,,,,,,,,,,,,,,,,,,,,,,,,,,,,,,,,,,,,,,,,,,,,,,,,,,,,,,,,,,,,,,,,,,,,,,,,,,,,,,,,,,,,,,,,,,,,,,,,,,,,,,,,,,,,,,,,,,,,,,,,,,,,,,,,,,,,,,,,,,,,,,,,,,,,,,,,,,,,,,
ACSSF,2019e1,nc,000,0039,0000095,,,,,,,,,,,,,,,,,,,,,,,,,,,,,,,,,,,,,,,,,,,,,,,,,,,,,,,,,,,,,,,,,,,,,,,,,,,,,,,,,,,,,,,,,,,,,,,,,,,,,,,,,,,,,,,,,,,,,,,,,,,,,,,,,,,,,,,,,,,,,,,,,,,,,,,,,,,,,,,,,,,,,,,,,,,,,,,,,,,,,,,,,,,,,,,,,,,,,,,,,,,,,,,,,,,,,,,,,,,,,,,,,
ACSSF,2019e1,nc,000,0039,0000096,,,,,,,,,,,,,,,,,,,,,,,,,,,,,,,,,,,,,,,,,,,,,,,,,,,,,,,,,,,,,,,,,,,,,,,,,,,,,,,,,,,,,,,,,,,,,,,,,,,,,,,,,,,,,,,,,,,,,,,,,,,,,,,,,,,,,,,,,,,,,,,,,,,,,,,,,,,,,,,,,,,,,,,,,,,,,,,,,,,,,,,,,,,,,,,,,,,,,,,,,,,,,,,,,,,,,,,,,,,,,,,,,
ACSSF,2019e1,nc,000,0039,0000097,,,,,,,,,,,,,,,,,,,,,,,,,,,,,,,,,,,,,,,,,,,,,,,,,,,,,,,,,,,,,,,,,,,,,,,,,,,,,,,,,,,,,,,,,,,,,,,,,,,,,,,,,,,,,,,,,,,,,,,,,,,,,,,,,,,,,,,,,,,,,,,,,,,,,,,,,,,,,,,,,,,,,,,,,,,,,,,,,,,,,,,,,,,,,,,,,,,,,,,,,,,,,,,,,,,,,,,,,,,,,,,,,
ACSSF,2019e1,nc,000,0039,0000098,,,,,,,,,,,,,,,,,,,,,,,,,,,,,,,,,,,,,,,,,,,,,,,,,,,,,,,,,,,,,,,,,,,,,,,,,,,,,,,,,,,,,,,,,,,,,,,,,,,,,,,,,,,,,,,,,,,,,,,,,,,,,,,,,,,,,,,,,,,,,,,,,,,,,,,,,,,,,,,,,,,,,,,,,,,,,,,,,,,,,,,,,,,,,,,,,,,,,,,,,,,,,,,,,,,,,,,,,,,,,,,,,
ACSSF,2019e1,nc,000,0039,0000099,,,,,,,,,,,,,,,,,,,,,,,,,,,,,,,,,,,,,,,,,,,,,,,,,,,,,,,,,,,,,,,,,,,,,,,,,,,,,,,,,,,,,,,,,,,,,,,,,,,,,,,,,,,,,,,,,,,,,,,,,,,,,,,,,,,,,,,,,,,,,,,,,,,,,,,,,,,,,,,,,,,,,,,,,,,,,,,,,,,,,,,,,,,,,,,,,,,,,,,,,,,,,,,,,,,,,,,,,,,,,,,,,
ACSSF,2019e1,nc,000,0039,0000100,,,,,,,,,,,,,,,,,,,,,,,,,,,,,,,,,,,,,,,,,,,,,,,,,,,,,,,,,,,,,,,,,,,,,,,,,,,,,,,,,,,,,,,,,,,,,,,,,,,,,,,,,,,,,,,,,,,,,,,,,,,,,,,,,,,,,,,,,,,,,,,,,,,,,,,,,,,,,,,,,,,,,,,,,,,,,,,,,,,,,,,,,,,,,,,,,,,,,,,,,,,,,,,,,,,,,,,,,,,,,,,,,
ACSSF,2019e1,nc,000,0039,0000101,,,,,,,,,,,,,,,,,,,,,,,,,,,,,,,,,,,,,,,,,,,,,,,,,,,,,,,,,,,,,,,,,,,,,,,,,,,,,,,,,,,,,,,,,,,,,,,,,,,,,,,,,,,,,,,,,,,,,,,,,,,,,,,,,,,,,,,,,,,,,,,,,,,,,,,,,,,,,,,,,,,,,,,,,,,,,,,,,,,,,,,,,,,,,,,,,,,,,,,,,,,,,,,,,,,,,,,,,,,,,,,,,
ACSSF,2019e1,nc,000,0039,0000102,,,,,,,,,,,,,,,,,,,,,,,,,,,,,,,,,,,,,,,,,,,,,,,,,,,,,,,,,,,,,,,,,,,,,,,,,,,,,,,,,,,,,,,,,,,,,,,,,,,,,,,,,,,,,,,,,,,,,,,,,,,,,,,,,,,,,,,,,,,,,,,,,,,,,,,,,,,,,,,,,,,,,,,,,,,,,,,,,,,,,,,,,,,,,,,,,,,,,,,,,,,,,,,,,,,,,,,,,,,,,,,,,
ACSSF,2019e1,nc,000,0039,0000103,,,,,,,,,,,,,,,,,,,,,,,,,,,,,,,,,,,,,,,,,,,,,,,,,,,,,,,,,,,,,,,,,,,,,,,,,,,,,,,,,,,,,,,,,,,,,,,,,,,,,,,,,,,,,,,,,,,,,,,,,,,,,,,,,,,,,,,,,,,,,,,,,,,,,,,,,,,,,,,,,,,,,,,,,,,,,,,,,,,,,,,,,,,,,,,,,,,,,,,,,,,,,,,,,,,,,,,,,,,,,,,,,
ACSSF,2019e1,nc,000,0039,0000104,,,,,,,,,,,,,,,,,,,,,,,,,,,,,,,,,,,,,,,,,,,,,,,,,,,,,,,,,,,,,,,,,,,,,,,,,,,,,,,,,,,,,,,,,,,,,,,,,,,,,,,,,,,,,,,,,,,,,,,,,,,,,,,,,,,,,,,,,,,,,,,,,,,,,,,,,,,,,,,,,,,,,,,,,,,,,,,,,,,,,,,,,,,,,,,,,,,,,,,,,,,,,,,,,,,,,,,,,,,,,,,,,
ACSSF,2019e1,nc,000,0039,0000105,,,,,,,,,,,,,,,,,,,,,,,,,,,,,,,,,,,,,,,,,,,,,,,,,,,,,,,,,,,,,,,,,,,,,,,,,,,,,,,,,,,,,,,,,,,,,,,,,,,,,,,,,,,,,,,,,,,,,,,,,,,,,,,,,,,,,,,,,,,,,,,,,,,,,,,,,,,,,,,,,,,,,,,,,,,,,,,,,,,,,,,,,,,,,,,,,,,,,,,,,,,,,,,,,,,,,,,,,,,,,,,,,
ACSSF,2019e1,nc,000,0039,0000106,,,,,,,,,,,,,,,,,,,,,,,,,,,,,,,,,,,,,,,,,,,,,,,,,,,,,,,,,,,,,,,,,,,,,,,,,,,,,,,,,,,,,,,,,,,,,,,,,,,,,,,,,,,,,,,,,,,,,,,,,,,,,,,,,,,,,,,,,,,,,,,,,,,,,,,,,,,,,,,,,,,,,,,,,,,,,,,,,,,,,,,,,,,,,,,,,,,,,,,,,,,,,,,,,,,,,,,,,,,,,,,,,
ACSSF,2019e1,nc,000,0039,0000107,,,,,,,,,,,,,,,,,,,,,,,,,,,,,,,,,,,,,,,,,,,,,,,,,,,,,,,,,,,,,,,,,,,,,,,,,,,,,,,,,,,,,,,,,,,,,,,,,,,,,,,,,,,,,,,,,,,,,,,,,,,,,,,,,,,,,,,,,,,,,,,,,,,,,,,,,,,,,,,,,,,,,,,,,,,,,,,,,,,,,,,,,,,,,,,,,,,,,,,,,,,,,,,,,,,,,,,,,,,,,,,,,
ACSSF,2019e1,nc,000,0039,0000108,,,,,,,,,,,,,,,,,,,,,,,,,,,,,,,,,,,,,,,,,,,,,,,,,,,,,,,,,,,,,,,,,,,,,,,,,,,,,,,,,,,,,,,,,,,,,,,,,,,,,,,,,,,,,,,,,,,,,,,,,,,,,,,,,,,,,,,,,,,,,,,,,,,,,,,,,,,,,,,,,,,,,,,,,,,,,,,,,,,,,,,,,,,,,,,,,,,,,,,,,,,,,,,,,,,,,,,,,,,,,,,,,
ACSSF,2019e1,nc,000,0039,0000109,,,,,,,,,,,,,,,,,,,,,,,,,,,,,,,,,,,,,,,,,,,,,,,,,,,,,,,,,,,,,,,,,,,,,,,,,,,,,,,,,,,,,,,,,,,,,,,,,,,,,,,,,,,,,,,,,,,,,,,,,,,,,,,,,,,,,,,,,,,,,,,,,,,,,,,,,,,,,,,,,,,,,,,,,,,,,,,,,,,,,,,,,,,,,,,,,,,,,,,,,,,,,,,,,,,,,,,,,,,,,,,,,
ACSSF,2019e1,nc,000,0039,0000110,,,,,,,,,,,,,,,,,,,,,,,,,,,,,,,,,,,,,,,,,,,,,,,,,,,,,,,,,,,,,,,,,,,,,,,,,,,,,,,,,,,,,,,,,,,,,,,,,,,,,,,,,,,,,,,,,,,,,,,,,,,,,,,,,,,,,,,,,,,,,,,,,,,,,,,,,,,,,,,,,,,,,,,,,,,,,,,,,,,,,,,,,,,,,,,,,,,,,,,,,,,,,,,,,,,,,,,,,,,,,,,,,
ACSSF,2019e1,nc,000,0039,0000111,,,,,,,,,,,,,,,,,,,,,,,,,,,,,,,,,,,,,,,,,,,,,,,,,,,,,,,,,,,,,,,,,,,,,,,,,,,,,,,,,,,,,,,,,,,,,,,,,,,,,,,,,,,,,,,,,,,,,,,,,,,,,,,,,,,,,,,,,,,,,,,,,,,,,,,,,,,,,,,,,,,,,,,,,,,,,,,,,,,,,,,,,,,,,,,,,,,,,,,,,,,,,,,,,,,,,,,,,,,,,,,,,
ACSSF,2019e1,nc,000,0039,0000112,,,,,,,,,,,,,,,,,,,,,,,,,,,,,,,,,,,,,,,,,,,,,,,,,,,,,,,,,,,,,,,,,,,,,,,,,,,,,,,,,,,,,,,,,,,,,,,,,,,,,,,,,,,,,,,,,,,,,,,,,,,,,,,,,,,,,,,,,,,,,,,,,,,,,,,,,,,,,,,,,,,,,,,,,,,,,,,,,,,,,,,,,,,,,,,,,,,,,,,,,,,,,,,,,,,,,,,,,,,,,,,,,
ACSSF,2019e1,nc,000,0039,0000113,,,,,,,,,,,,,,,,,,,,,,,,,,,,,,,,,,,,,,,,,,,,,,,,,,,,,,,,,,,,,,,,,,,,,,,,,,,,,,,,,,,,,,,,,,,,,,,,,,,,,,,,,,,,,,,,,,,,,,,,,,,,,,,,,,,,,,,,,,,,,,,,,,,,,,,,,,,,,,,,,,,,,,,,,,,,,,,,,,,,,,,,,,,,,,,,,,,,,,,,,,,,,,,,,,,,,,,,,,,,,,,,,
ACSSF,2019e1,nc,000,0039,0000114,,,,,,,,,,,,,,,,,,,,,,,,,,,,,,,,,,,,,,,,,,,,,,,,,,,,,,,,,,,,,,,,,,,,,,,,,,,,,,,,,,,,,,,,,,,,,,,,,,,,,,,,,,,,,,,,,,,,,,,,,,,,,,,,,,,,,,,,,,,,,,,,,,,,,,,,,,,,,,,,,,,,,,,,,,,,,,,,,,,,,,,,,,,,,,,,,,,,,,,,,,,,,,,,,,,,,,,,,,,,,,,,,
ACSSF,2019e1,nc,000,0039,0000115,,,,,,,,,,,,,,,,,,,,,,,,,,,,,,,,,,,,,,,,,,,,,,,,,,,,,,,,,,,,,,,,,,,,,,,,,,,,,,,,,,,,,,,,,,,,,,,,,,,,,,,,,,,,,,,,,,,,,,,,,,,,,,,,,,,,,,,,,,,,,,,,,,,,,,,,,,,,,,,,,,,,,,,,,,,,,,,,,,,,,,,,,,,,,,,,,,,,,,,,,,,,,,,,,,,,,,,,,,,,,,,,,
ACSSF,2019e1,nc,000,0039,0000116,,,,,,,,,,,,,,,,,,,,,,,,,,,,,,,,,,,,,,,,,,,,,,,,,,,,,,,,,,,,,,,,,,,,,,,,,,,,,,,,,,,,,,,,,,,,,,,,,,,,,,,,,,,,,,,,,,,,,,,,,,,,,,,,,,,,,,,,,,,,,,,,,,,,,,,,,,,,,,,,,,,,,,,,,,,,,,,,,,,,,,,,,,,,,,,,,,,,,,,,,,,,,,,,,,,,,,,,,,,,,,,,,
ACSSF,2019e1,nc,000,0039,0000117,,,,,,,,,,,,,,,,,,,,,,,,,,,,,,,,,,,,,,,,,,,,,,,,,,,,,,,,,,,,,,,,,,,,,,,,,,,,,,,,,,,,,,,,,,,,,,,,,,,,,,,,,,,,,,,,,,,,,,,,,,,,,,,,,,,,,,,,,,,,,,,,,,,,,,,,,,,,,,,,,,,,,,,,,,,,,,,,,,,,,,,,,,,,,,,,,,,,,,,,,,,,,,,,,,,,,,,,,,,,,,,,,
ACSSF,2019e1,nc,000,0039,0000118,,,,,,,,,,,,,,,,,,,,,,,,,,,,,,,,,,,,,,,,,,,,,,,,,,,,,,,,,,,,,,,,,,,,,,,,,,,,,,,,,,,,,,,,,,,,,,,,,,,,,,,,,,,,,,,,,,,,,,,,,,,,,,,,,,,,,,,,,,,,,,,,,,,,,,,,,,,,,,,,,,,,,,,,,,,,,,,,,,,,,,,,,,,,,,,,,,,,,,,,,,,,,,,,,,,,,,,,,,,,,,,,,
ACSSF,2019e1,nc,000,0039,0000119,,,,,,,,,,,,,,,,,,,,,,,,,,,,,,,,,,,,,,,,,,,,,,,,,,,,,,,,,,,,,,,,,,,,,,,,,,,,,,,,,,,,,,,,,,,,,,,,,,,,,,,,,,,,,,,,,,,,,,,,,,,,,,,,,,,,,,,,,,,,,,,,,,,,,,,,,,,,,,,,,,,,,,,,,,,,,,,,,,,,,,,,,,,,,,,,,,,,,,,,,,,,,,,,,,,,,,,,,,,,,,,,,
ACSSF,2019e1,nc,000,0039,0000120,,,,,,,,,,,,,,,,,,,,,,,,,,,,,,,,,,,,,,,,,,,,,,,,,,,,,,,,,,,,,,,,,,,,,,,,,,,,,,,,,,,,,,,,,,,,,,,,,,,,,,,,,,,,,,,,,,,,,,,,,,,,,,,,,,,,,,,,,,,,,,,,,,,,,,,,,,,,,,,,,,,,,,,,,,,,,,,,,,,,,,,,,,,,,,,,,,,,,,,,,,,,,,,,,,,,,,,,,,,,,,,,,
ACSSF,2019e1,nc,000,0039,0000121,,,,,,,,,,,,,,,,,,,,,,,,,,,,,,,,,,,,,,,,,,,,,,,,,,,,,,,,,,,,,,,,,,,,,,,,,,,,,,,,,,,,,,,,,,,,,,,,,,,,,,,,,,,,,,,,,,,,,,,,,,,,,,,,,,,,,,,,,,,,,,,,,,,,,,,,,,,,,,,,,,,,,,,,,,,,,,,,,,,,,,,,,,,,,,,,,,,,,,,,,,,,,,,,,,,,,,,,,,,,,,,,,
ACSSF,2019e1,nc,000,0039,0000122,,,,,,,,,,,,,,,,,,,,,,,,,,,,,,,,,,,,,,,,,,,,,,,,,,,,,,,,,,,,,,,,,,,,,,,,,,,,,,,,,,,,,,,,,,,,,,,,,,,,,,,,,,,,,,,,,,,,,,,,,,,,,,,,,,,,,,,,,,,,,,,,,,,,,,,,,,,,,,,,,,,,,,,,,,,,,,,,,,,,,,,,,,,,,,,,,,,,,,,,,,,,,,,,,,,,,,,,,,,,,,,,,
ACSSF,2019e1,nc,000,0039,0000123,,,,,,,,,,,,,,,,,,,,,,,,,,,,,,,,,,,,,,,,,,,,,,,,,,,,,,,,,,,,,,,,,,,,,,,,,,,,,,,,,,,,,,,,,,,,,,,,,,,,,,,,,,,,,,,,,,,,,,,,,,,,,,,,,,,,,,,,,,,,,,,,,,,,,,,,,,,,,,,,,,,,,,,,,,,,,,,,,,,,,,,,,,,,,,,,,,,,,,,,,,,,,,,,,,,,,,,,,,,,,,,,,
ACSSF,2019e1,nc,000,0039,0000124,,,,,,,,,,,,,,,,,,,,,,,,,,,,,,,,,,,,,,,,,,,,,,,,,,,,,,,,,,,,,,,,,,,,,,,,,,,,,,,,,,,,,,,,,,,,,,,,,,,,,,,,,,,,,,,,,,,,,,,,,,,,,,,,,,,,,,,,,,,,,,,,,,,,,,,,,,,,,,,,,,,,,,,,,,,,,,,,,,,,,,,,,,,,,,,,,,,,,,,,,,,,,,,,,,,,,,,,,,,,,,,,,
ACSSF,2019e1,nc,000,0039,0000125,,,,,,,,,,,,,,,,,,,,,,,,,,,,,,,,,,,,,,,,,,,,,,,,,,,,,,,,,,,,,,,,,,,,,,,,,,,,,,,,,,,,,,,,,,,,,,,,,,,,,,,,,,,,,,,,,,,,,,,,,,,,,,,,,,,,,,,,,,,,,,,,,,,,,,,,,,,,,,,,,,,,,,,,,,,,,,,,,,,,,,,,,,,,,,,,,,,,,,,,,,,,,,,,,,,,,,,,,,,,,,,,,
ACSSF,2019e1,nc,000,0039,0000126,,,,,,,,,,,,,,,,,,,,,,,,,,,,,,,,,,,,,,,,,,,,,,,,,,,,,,,,,,,,,,,,,,,,,,,,,,,,,,,,,,,,,,,,,,,,,,,,,,,,,,,,,,,,,,,,,,,,,,,,,,,,,,,,,,,,,,,,,,,,,,,,,,,,,,,,,,,,,,,,,,,,,,,,,,,,,,,,,,,,,,,,,,,,,,,,,,,,,,,,,,,,,,,,,,,,,,,,,,,,,,,,,
ACSSF,2019e1,nc,000,0039,0000127,,,,,,,,,,,,,,,,,,,,,,,,,,,,,,,,,,,,,,,,,,,,,,,,,,,,,,,,,,,,,,,,,,,,,,,,,,,,,,,,,,,,,,,,,,,,,,,,,,,,,,,,,,,,,,,,,,,,,,,,,,,,,,,,,,,,,,,,,,,,,,,,,,,,,,,,,,,,,,,,,,,,,,,,,,,,,,,,,,,,,,,,,,,,,,,,,,,,,,,,,,,,,,,,,,,,,,,,,,,,,,,,,
ACSSF,2019e1,nc,000,0039,0000128,,,,,,,,,,,,,,,,,,,,,,,,,,,,,,,,,,,,,,,,,,,,,,,,,,,,,,,,,,,,,,,,,,,,,,,,,,,,,,,,,,,,,,,,,,,,,,,,,,,,,,,,,,,,,,,,,,,,,,,,,,,,,,,,,,,,,,,,,,,,,,,,,,,,,,,,,,,,,,,,,,,,,,,,,,,,,,,,,,,,,,,,,,,,,,,,,,,,,,,,,,,,,,,,,,,,,,,,,,,,,,,,,
ACSSF,2019e1,nc,000,0039,0000129,,,,,,,,,,,,,,,,,,,,,,,,,,,,,,,,,,,,,,,,,,,,,,,,,,,,,,,,,,,,,,,,,,,,,,,,,,,,,,,,,,,,,,,,,,,,,,,,,,,,,,,,,,,,,,,,,,,,,,,,,,,,,,,,,,,,,,,,,,,,,,,,,,,,,,,,,,,,,,,,,,,,,,,,,,,,,,,,,,,,,,,,,,,,,,,,,,,,,,,,,,,,,,,,,,,,,,,,,,,,,,,,,
ACSSF,2019e1,nc,000,0039,0000130,,,,,,,,,,,,,,,,,,,,,,,,,,,,,,,,,,,,,,,,,,,,,,,,,,,,,,,,,,,,,,,,,,,,,,,,,,,,,,,,,,,,,,,,,,,,,,,,,,,,,,,,,,,,,,,,,,,,,,,,,,,,,,,,,,,,,,,,,,,,,,,,,,,,,,,,,,,,,,,,,,,,,,,,,,,,,,,,,,,,,,,,,,,,,,,,,,,,,,,,,,,,,,,,,,,,,,,,,,,,,,,,,
ACSSF,2019e1,nc,000,0039,0000131,,,,,,,,,,,,,,,,,,,,,,,,,,,,,,,,,,,,,,,,,,,,,,,,,,,,,,,,,,,,,,,,,,,,,,,,,,,,,,,,,,,,,,,,,,,,,,,,,,,,,,,,,,,,,,,,,,,,,,,,,,,,,,,,,,,,,,,,,,,,,,,,,,,,,,,,,,,,,,,,,,,,,,,,,,,,,,,,,,,,,,,,,,,,,,,,,,,,,,,,,,,,,,,,,,,,,,,,,,,,,,,,,
ACSSF,2019e1,nc,000,0039,0000132,,,,,,,,,,,,,,,,,,,,,,,,,,,,,,,,,,,,,,,,,,,,,,,,,,,,,,,,,,,,,,,,,,,,,,,,,,,,,,,,,,,,,,,,,,,,,,,,,,,,,,,,,,,,,,,,,,,,,,,,,,,,,,,,,,,,,,,,,,,,,,,,,,,,,,,,,,,,,,,,,,,,,,,,,,,,,,,,,,,,,,,,,,,,,,,,,,,,,,,,,,,,,,,,,,,,,,,,,,,,,,,,,
ACSSF,2019e1,nc,000,0039,0000133,,,,,,,,,,,,,,,,,,,,,,,,,,,,,,,,,,,,,,,,,,,,,,,,,,,,,,,,,,,,,,,,,,,,,,,,,,,,,,,,,,,,,,,,,,,,,,,,,,,,,,,,,,,,,,,,,,,,,,,,,,,,,,,,,,,,,,,,,,,,,,,,,,,,,,,,,,,,,,,,,,,,,,,,,,,,,,,,,,,,,,,,,,,,,,,,,,,,,,,,,,,,,,,,,,,,,,,,,,,,,,,,,
ACSSF,2019e1,nc,000,0039,0000134,,,,,,,,,,,,,,,,,,,,,,,,,,,,,,,,,,,,,,,,,,,,,,,,,,,,,,,,,,,,,,,,,,,,,,,,,,,,,,,,,,,,,,,,,,,,,,,,,,,,,,,,,,,,,,,,,,,,,,,,,,,,,,,,,,,,,,,,,,,,,,,,,,,,,,,,,,,,,,,,,,,,,,,,,,,,,,,,,,,,,,,,,,,,,,,,,,,,,,,,,,,,,,,,,,,,,,,,,,,,,,,,,
ACSSF,2019e1,nc,000,0039,0000135,,,,,,,,,,,,,,,,,,,,,,,,,,,,,,,,,,,,,,,,,,,,,,,,,,,,,,,,,,,,,,,,,,,,,,,,,,,,,,,,,,,,,,,,,,,,,,,,,,,,,,,,,,,,,,,,,,,,,,,,,,,,,,,,,,,,,,,,,,,,,,,,,,,,,,,,,,,,,,,,,,,,,,,,,,,,,,,,,,,,,,,,,,,,,,,,,,,,,,,,,,,,,,,,,,,,,,,,,,,,,,,,,
ACSSF,2019e1,nc,000,0039,0000136,,,,,,,,,,,,,,,,,,,,,,,,,,,,,,,,,,,,,,,,,,,,,,,,,,,,,,,,,,,,,,,,,,,,,,,,,,,,,,,,,,,,,,,,,,,,,,,,,,,,,,,,,,,,,,,,,,,,,,,,,,,,,,,,,,,,,,,,,,,,,,,,,,,,,,,,,,,,,,,,,,,,,,,,,,,,,,,,,,,,,,,,,,,,,,,,,,,,,,,,,,,,,,,,,,,,,,,,,,,,,,,,,
ACSSF,2019e1,nc,000,0039,0000137,,,,,,,,,,,,,,,,,,,,,,,,,,,,,,,,,,,,,,,,,,,,,,,,,,,,,,,,,,,,,,,,,,,,,,,,,,,,,,,,,,,,,,,,,,,,,,,,,,,,,,,,,,,,,,,,,,,,,,,,,,,,,,,,,,,,,,,,,,,,,,,,,,,,,,,,,,,,,,,,,,,,,,,,,,,,,,,,,,,,,,,,,,,,,,,,,,,,,,,,,,,,,,,,,,,,,,,,,,,,,,,,,
ACSSF,2019e1,nc,000,0039,0000138,,,,,,,,,,,,,,,,,,,,,,,,,,,,,,,,,,,,,,,,,,,,,,,,,,,,,,,,,,,,,,,,,,,,,,,,,,,,,,,,,,,,,,,,,,,,,,,,,,,,,,,,,,,,,,,,,,,,,,,,,,,,,,,,,,,,,,,,,,,,,,,,,,,,,,,,,,,,,,,,,,,,,,,,,,,,,,,,,,,,,,,,,,,,,,,,,,,,,,,,,,,,,,,,,,,,,,,,,,,,,,,,,
ACSSF,2019e1,nc,000,0039,0000139,,,,,,,,,,,,,,,,,,,,,,,,,,,,,,,,,,,,,,,,,,,,,,,,,,,,,,,,,,,,,,,,,,,,,,,,,,,,,,,,,,,,,,,,,,,,,,,,,,,,,,,,,,,,,,,,,,,,,,,,,,,,,,,,,,,,,,,,,,,,,,,,,,,,,,,,,,,,,,,,,,,,,,,,,,,,,,,,,,,,,,,,,,,,,,,,,,,,,,,,,,,,,,,,,,,,,,,,,,,,,,,,,
ACSSF,2019e1,nc,000,0039,0000140,,,,,,,,,,,,,,,,,,,,,,,,,,,,,,,,,,,,,,,,,,,,,,,,,,,,,,,,,,,,,,,,,,,,,,,,,,,,,,,,,,,,,,,,,,,,,,,,,,,,,,,,,,,,,,,,,,,,,,,,,,,,,,,,,,,,,,,,,,,,,,,,,,,,,,,,,,,,,,,,,,,,,,,,,,,,,,,,,,,,,,,,,,,,,,,,,,,,,,,,,,,,,,,,,,,,,,,,,,,,,,,,,
ACSSF,2019e1,nc,000,0039,0000141,,,,,,,,,,,,,,,,,,,,,,,,,,,,,,,,,,,,,,,,,,,,,,,,,,,,,,,,,,,,,,,,,,,,,,,,,,,,,,,,,,,,,,,,,,,,,,,,,,,,,,,,,,,,,,,,,,,,,,,,,,,,,,,,,,,,,,,,,,,,,,,,,,,,,,,,,,,,,,,,,,,,,,,,,,,,,,,,,,,,,,,,,,,,,,,,,,,,,,,,,,,,,,,,,,,,,,,,,,,,,,,,,
ACSSF,2019e1,nc,000,0039,0000142,,,,,,,,,,,,,,,,,,,,,,,,,,,,,,,,,,,,,,,,,,,,,,,,,,,,,,,,,,,,,,,,,,,,,,,,,,,,,,,,,,,,,,,,,,,,,,,,,,,,,,,,,,,,,,,,,,,,,,,,,,,,,,,,,,,,,,,,,,,,,,,,,,,,,,,,,,,,,,,,,,,,,,,,,,,,,,,,,,,,,,,,,,,,,,,,,,,,,,,,,,,,,,,,,,,,,,,,,,,,,,,,,
ACSSF,2019e1,nc,000,0039,0000143,,,,,,,,,,,,,,,,,,,,,,,,,,,,,,,,,,,,,,,,,,,,,,,,,,,,,,,,,,,,,,,,,,,,,,,,,,,,,,,,,,,,,,,,,,,,,,,,,,,,,,,,,,,,,,,,,,,,,,,,,,,,,,,,,,,,,,,,,,,,,,,,,,,,,,,,,,,,,,,,,,,,,,,,,,,,,,,,,,,,,,,,,,,,,,,,,,,,,,,,,,,,,,,,,,,,,,,,,,,,,,,,,
ACSSF,2019e1,nc,000,0039,0000144,,,,,,,,,,,,,,,,,,,,,,,,,,,,,,,,,,,,,,,,,,,,,,,,,,,,,,,,,,,,,,,,,,,,,,,,,,,,,,,,,,,,,,,,,,,,,,,,,,,,,,,,,,,,,,,,,,,,,,,,,,,,,,,,,,,,,,,,,,,,,,,,,,,,,,,,,,,,,,,,,,,,,,,,,,,,,,,,,,,,,,,,,,,,,,,,,,,,,,,,,,,,,,,,,,,,,,,,,,,,,,,,,
ACSSF,2019e1,nc,000,0039,0000145,,,,,,,,,,,,,,,,,,,,,,,,,,,,,,,,,,,,,,,,,,,,,,,,,,,,,,,,,,,,,,,,,,,,,,,,,,,,,,,,,,,,,,,,,,,,,,,,,,,,,,,,,,,,,,,,,,,,,,,,,,,,,,,,,,,,,,,,,,,,,,,,,,,,,,,,,,,,,,,,,,,,,,,,,,,,,,,,,,,,,,,,,,,,,,,,,,,,,,,,,,,,,,,,,,,,,,,,,,,,,,,,,
ACSSF,2019e1,nc,000,0039,0000146,,,,,,,,,,,,,,,,,,,,,,,,,,,,,,,,,,,,,,,,,,,,,,,,,,,,,,,,,,,,,,,,,,,,,,,,,,,,,,,,,,,,,,,,,,,,,,,,,,,,,,,,,,,,,,,,,,,,,,,,,,,,,,,,,,,,,,,,,,,,,,,,,,,,,,,,,,,,,,,,,,,,,,,,,,,,,,,,,,,,,,,,,,,,,,,,,,,,,,,,,,,,,,,,,,,,,,,,,,,,,,,,,
ACSSF,2019e1,nc,000,0039,0000147,,,,,,,,,,,,,,,,,,,,,,,,,,,,,,,,,,,,,,,,,,,,,,,,,,,,,,,,,,,,,,,,,,,,,,,,,,,,,,,,,,,,,,,,,,,,,,,,,,,,,,,,,,,,,,,,,,,,,,,,,,,,,,,,,,,,,,,,,,,,,,,,,,,,,,,,,,,,,,,,,,,,,,,,,,,,,,,,,,,,,,,,,,,,,,,,,,,,,,,,,,,,,,,,,,,,,,,,,,,,,,,,,
ACSSF,2019e1,nc,000,0039,0000148,,,,,,,,,,,,,,,,,,,,,,,,,,,,,,,,,,,,,,,,,,,,,,,,,,,,,,,,,,,,,,,,,,,,,,,,,,,,,,,,,,,,,,,,,,,,,,,,,,,,,,,,,,,,,,,,,,,,,,,,,,,,,,,,,,,,,,,,,,,,,,,,,,,,,,,,,,,,,,,,,,,,,,,,,,,,,,,,,,,,,,,,,,,,,,,,,,,,,,,,,,,,,,,,,,,,,,,,,,,,,,,,,
ACSSF,2019e1,nc,000,0039,0000149,,,,,,,,,,,,,,,,,,,,,,,,,,,,,,,,,,,,,,,,,,,,,,,,,,,,,,,,,,,,,,,,,,,,,,,,,,,,,,,,,,,,,,,,,,,,,,,,,,,,,,,,,,,,,,,,,,,,,,,,,,,,,,,,,,,,,,,,,,,,,,,,,,,,,,,,,,,,,,,,,,,,,,,,,,,,,,,,,,,,,,,,,,,,,,,,,,,,,,,,,,,,,,,,,,,,,,,,,,,,,,,,,
ACSSF,2019e1,nc,000,0039,0000150,,,,,,,,,,,,,,,,,,,,,,,,,,,,,,,,,,,,,,,,,,,,,,,,,,,,,,,,,,,,,,,,,,,,,,,,,,,,,,,,,,,,,,,,,,,,,,,,,,,,,,,,,,,,,,,,,,,,,,,,,,,,,,,,,,,,,,,,,,,,,,,,,,,,,,,,,,,,,,,,,,,,,,,,,,,,,,,,,,,,,,,,,,,,,,,,,,,,,,,,,,,,,,,,,,,,,,,,,,,,,,,,,
ACSSF,2019e1,nc,000,0039,0000151,,,,,,,,,,,,,,,,,,,,,,,,,,,,,,,,,,,,,,,,,,,,,,,,,,,,,,,,,,,,,,,,,,,,,,,,,,,,,,,,,,,,,,,,,,,,,,,,,,,,,,,,,,,,,,,,,,,,,,,,,,,,,,,,,,,,,,,,,,,,,,,,,,,,,,,,,,,,,,,,,,,,,,,,,,,,,,,,,,,,,,,,,,,,,,,,,,,,,,,,,,,,,,,,,,,,,,,,,,,,,,,,,
ACSSF,2019e1,nc,000,0039,0000152,,,,,,,,,,,,,,,,,,,,,,,,,,,,,,,,,,,,,,,,,,,,,,,,,,,,,,,,,,,,,,,,,,,,,,,,,,,,,,,,,,,,,,,,,,,,,,,,,,,,,,,,,,,,,,,,,,,,,,,,,,,,,,,,,,,,,,,,,,,,,,,,,,,,,,,,,,,,,,,,,,,,,,,,,,,,,,,,,,,,,,,,,,,,,,,,,,,,,,,,,,,,,,,,,,,,,,,,,,,,,,,,,
ACSSF,2019e1,nc,000,0039,0000153,,,,,,,,,,,,,,,,,,,,,,,,,,,,,,,,,,,,,,,,,,,,,,,,,,,,,,,,,,,,,,,,,,,,,,,,,,,,,,,,,,,,,,,,,,,,,,,,,,,,,,,,,,,,,,,,,,,,,,,,,,,,,,,,,,,,,,,,,,,,,,,,,,,,,,,,,,,,,,,,,,,,,,,,,,,,,,,,,,,,,,,,,,,,,,,,,,,,,,,,,,,,,,,,,,,,,,,,,,,,,,,,,
ACSSF,2019e1,nc,000,0039,0000154,,,,,,,,,,,,,,,,,,,,,,,,,,,,,,,,,,,,,,,,,,,,,,,,,,,,,,,,,,,,,,,,,,,,,,,,,,,,,,,,,,,,,,,,,,,,,,,,,,,,,,,,,,,,,,,,,,,,,,,,,,,,,,,,,,,,,,,,,,,,,,,,,,,,,,,,,,,,,,,,,,,,,,,,,,,,,,,,,,,,,,,,,,,,,,,,,,,,,,,,,,,,,,,,,,,,,,,,,,,,,,,,,
ACSSF,2019e1,nc,000,0039,0000155,,,,,,,,,,,,,,,,,,,,,,,,,,,,,,,,,,,,,,,,,,,,,,,,,,,,,,,,,,,,,,,,,,,,,,,,,,,,,,,,,,,,,,,,,,,,,,,,,,,,,,,,,,,,,,,,,,,,,,,,,,,,,,,,,,,,,,,,,,,,,,,,,,,,,,,,,,,,,,,,,,,,,,,,,,,,,,,,,,,,,,,,,,,,,,,,,,,,,,,,,,,,,,,,,,,,,,,,,,,,,,,,,
ACSSF,2019e1,nc,000,0039,0000156,,,,,,,,,,,,,,,,,,,,,,,,,,,,,,,,,,,,,,,,,,,,,,,,,,,,,,,,,,,,,,,,,,,,,,,,,,,,,,,,,,,,,,,,,,,,,,,,,,,,,,,,,,,,,,,,,,,,,,,,,,,,,,,,,,,,,,,,,,,,,,,,,,,,,,,,,,,,,,,,,,,,,,,,,,,,,,,,,,,,,,,,,,,,,,,,,,,,,,,,,,,,,,,,,,,,,,,,,,,,,,,,,
ACSSF,2019e1,nc,000,0039,0000157,,,,,,,,,,,,,,,,,,,,,,,,,,,,,,,,,,,,,,,,,,,,,,,,,,,,,,,,,,,,,,,,,,,,,,,,,,,,,,,,,,,,,,,,,,,,,,,,,,,,,,,,,,,,,,,,,,,,,,,,,,,,,,,,,,,,,,,,,,,,,,,,,,,,,,,,,,,,,,,,,,,,,,,,,,,,,,,,,,,,,,,,,,,,,,,,,,,,,,,,,,,,,,,,,,,,,,,,,,,,,,,,,
ACSSF,2019e1,nc,000,0039,0000158,,,,,,,,,,,,,,,,,,,,,,,,,,,,,,,,,,,,,,,,,,,,,,,,,,,,,,,,,,,,,,,,,,,,,,,,,,,,,,,,,,,,,,,,,,,,,,,,,,,,,,,,,,,,,,,,,,,,,,,,,,,,,,,,,,,,,,,,,,,,,,,,,,,,,,,,,,,,,,,,,,,,,,,,,,,,,,,,,,,,,,,,,,,,,,,,,,,,,,,,,,,,,,,,,,,,,,,,,,,,,,,,,
ACSSF,2019e1,nc,000,0039,0000159,,,,,,,,,,,,,,,,,,,,,,,,,,,,,,,,,,,,,,,,,,,,,,,,,,,,,,,,,,,,,,,,,,,,,,,,,,,,,,,,,,,,,,,,,,,,,,,,,,,,,,,,,,,,,,,,,,,,,,,,,,,,,,,,,,,,,,,,,,,,,,,,,,,,,,,,,,,,,,,,,,,,,,,,,,,,,,,,,,,,,,,,,,,,,,,,,,,,,,,,,,,,,,,,,,,,,,,,,,,,,,,,,
ACSSF,2019e1,nc,000,0039,0000160,,,,,,,,,,,,,,,,,,,,,,,,,,,,,,,,,,,,,,,,,,,,,,,,,,,,,,,,,,,,,,,,,,,,,,,,,,,,,,,,,,,,,,,,,,,,,,,,,,,,,,,,,,,,,,,,,,,,,,,,,,,,,,,,,,,,,,,,,,,,,,,,,,,,,,,,,,,,,,,,,,,,,,,,,,,,,,,,,,,,,,,,,,,,,,,,,,,,,,,,,,,,,,,,,,,,,,,,,,,,,,,,,
ACSSF,2019e1,nc,000,0039,0000161,,,,,,,,,,,,,,,,,,,,,,,,,,,,,,,,,,,,,,,,,,,,,,,,,,,,,,,,,,,,,,,,,,,,,,,,,,,,,,,,,,,,,,,,,,,,,,,,,,,,,,,,,,,,,,,,,,,,,,,,,,,,,,,,,,,,,,,,,,,,,,,,,,,,,,,,,,,,,,,,,,,,,,,,,,,,,,,,,,,,,,,,,,,,,,,,,,,,,,,,,,,,,,,,,,,,,,,,,,,,,,,,,
ACSSF,2019e1,nc,000,0039,0000162,,,,,,,,,,,,,,,,,,,,,,,,,,,,,,,,,,,,,,,,,,,,,,,,,,,,,,,,,,,,,,,,,,,,,,,,,,,,,,,,,,,,,,,,,,,,,,,,,,,,,,,,,,,,,,,,,,,,,,,,,,,,,,,,,,,,,,,,,,,,,,,,,,,,,,,,,,,,,,,,,,,,,,,,,,,,,,,,,,,,,,,,,,,,,,,,,,,,,,,,,,,,,,,,,,,,,,,,,,,,,,,,,
ACSSF,2019e1,nc,000,0039,0000163,,,,,,,,,,,,,,,,,,,,,,,,,,,,,,,,,,,,,,,,,,,,,,,,,,,,,,,,,,,,,,,,,,,,,,,,,,,,,,,,,,,,,,,,,,,,,,,,,,,,,,,,,,,,,,,,,,,,,,,,,,,,,,,,,,,,,,,,,,,,,,,,,,,,,,,,,,,,,,,,,,,,,,,,,,,,,,,,,,,,,,,,,,,,,,,,,,,,,,,,,,,,,,,,,,,,,,,,,,,,,,,,,
ACSSF,2019e1,nc,000,0039,0000164,,,,,,,,,,,,,,,,,,,,,,,,,,,,,,,,,,,,,,,,,,,,,,,,,,,,,,,,,,,,,,,,,,,,,,,,,,,,,,,,,,,,,,,,,,,,,,,,,,,,,,,,,,,,,,,,,,,,,,,,,,,,,,,,,,,,,,,,,,,,,,,,,,,,,,,,,,,,,,,,,,,,,,,,,,,,,,,,,,,,,,,,,,,,,,,,,,,,,,,,,,,,,,,,,,,,,,,,,,,,,,,,,
ACSSF,2019e1,nc,000,0039,0000165,,,,,,,,,,,,,,,,,,,,,,,,,,,,,,,,,,,,,,,,,,,,,,,,,,,,,,,,,,,,,,,,,,,,,,,,,,,,,,,,,,,,,,,,,,,,,,,,,,,,,,,,,,,,,,,,,,,,,,,,,,,,,,,,,,,,,,,,,,,,,,,,,,,,,,,,,,,,,,,,,,,,,,,,,,,,,,,,,,,,,,,,,,,,,,,,,,,,,,,,,,,,,,,,,,,,,,,,,,,,,,,,,
ACSSF,2019e1,nc,000,0039,0000166,,,,,,,,,,,,,,,,,,,,,,,,,,,,,,,,,,,,,,,,,,,,,,,,,,,,,,,,,,,,,,,,,,,,,,,,,,,,,,,,,,,,,,,,,,,,,,,,,,,,,,,,,,,,,,,,,,,,,,,,,,,,,,,,,,,,,,,,,,,,,,,,,,,,,,,,,,,,,,,,,,,,,,,,,,,,,,,,,,,,,,,,,,,,,,,,,,,,,,,,,,,,,,,,,,,,,,,,,,,,,,,,,
ACSSF,2019e1,nc,000,0039,0000167,,,,,,,,,,,,,,,,,,,,,,,,,,,,,,,,,,,,,,,,,,,,,,,,,,,,,,,,,,,,,,,,,,,,,,,,,,,,,,,,,,,,,,,,,,,,,,,,,,,,,,,,,,,,,,,,,,,,,,,,,,,,,,,,,,,,,,,,,,,,,,,,,,,,,,,,,,,,,,,,,,,,,,,,,,,,,,,,,,,,,,,,,,,,,,,,,,,,,,,,,,,,,,,,,,,,,,,,,,,,,,,,,
ACSSF,2019e1,nc,000,0039,0000168,,,,,,,,,,,,,,,,,,,,,,,,,,,,,,,,,,,,,,,,,,,,,,,,,,,,,,,,,,,,,,,,,,,,,,,,,,,,,,,,,,,,,,,,,,,,,,,,,,,,,,,,,,,,,,,,,,,,,,,,,,,,,,,,,,,,,,,,,,,,,,,,,,,,,,,,,,,,,,,,,,,,,,,,,,,,,,,,,,,,,,,,,,,,,,,,,,,,,,,,,,,,,,,,,,,,,,,,,,,,,,,,,
ACSSF,2019e1,nc,000,0039,0000169,,,,,,,,,,,,,,,,,,,,,,,,,,,,,,,,,,,,,,,,,,,,,,,,,,,,,,,,,,,,,,,,,,,,,,,,,,,,,,,,,,,,,,,,,,,,,,,,,,,,,,,,,,,,,,,,,,,,,,,,,,,,,,,,,,,,,,,,,,,,,,,,,,,,,,,,,,,,,,,,,,,,,,,,,,,,,,,,,,,,,,,,,,,,,,,,,,,,,,,,,,,,,,,,,,,,,,,,,,,,,,,,,
ACSSF,2019e1,nc,000,0039,0000170,,,,,,,,,,,,,,,,,,,,,,,,,,,,,,,,,,,,,,,,,,,,,,,,,,,,,,,,,,,,,,,,,,,,,,,,,,,,,,,,,,,,,,,,,,,,,,,,,,,,,,,,,,,,,,,,,,,,,,,,,,,,,,,,,,,,,,,,,,,,,,,,,,,,,,,,,,,,,,,,,,,,,,,,,,,,,,,,,,,,,,,,,,,,,,,,,,,,,,,,,,,,,,,,,,,,,,,,,,,,,,,,,
ACSSF,2019e1,nc,000,0039,0000171,,,,,,,,,,,,,,,,,,,,,,,,,,,,,,,,,,,,,,,,,,,,,,,,,,,,,,,,,,,,,,,,,,,,,,,,,,,,,,,,,,,,,,,,,,,,,,,,,,,,,,,,,,,,,,,,,,,,,,,,,,,,,,,,,,,,,,,,,,,,,,,,,,,,,,,,,,,,,,,,,,,,,,,,,,,,,,,,,,,,,,,,,,,,,,,,,,,,,,,,,,,,,,,,,,,,,,,,,,,,,,,,,
ACSSF,2019e1,nc,000,0039,0000172,,,,,,,,,,,,,,,,,,,,,,,,,,,,,,,,,,,,,,,,,,,,,,,,,,,,,,,,,,,,,,,,,,,,,,,,,,,,,,,,,,,,,,,,,,,,,,,,,,,,,,,,,,,,,,,,,,,,,,,,,,,,,,,,,,,,,,,,,,,,,,,,,,,,,,,,,,,,,,,,,,,,,,,,,,,,,,,,,,,,,,,,,,,,,,,,,,,,,,,,,,,,,,,,,,,,,,,,,,,,,,,,,
ACSSF,2019e1,nc,000,0039,0000173,,,,,,,,,,,,,,,,,,,,,,,,,,,,,,,,,,,,,,,,,,,,,,,,,,,,,,,,,,,,,,,,,,,,,,,,,,,,,,,,,,,,,,,,,,,,,,,,,,,,,,,,,,,,,,,,,,,,,,,,,,,,,,,,,,,,,,,,,,,,,,,,,,,,,,,,,,,,,,,,,,,,,,,,,,,,,,,,,,,,,,,,,,,,,,,,,,,,,,,,,,,,,,,,,,,,,,,,,,,,,,,,,
ACSSF,2019e1,nc,000,0039,0000174,,,,,,,,,,,,,,,,,,,,,,,,,,,,,,,,,,,,,,,,,,,,,,,,,,,,,,,,,,,,,,,,,,,,,,,,,,,,,,,,,,,,,,,,,,,,,,,,,,,,,,,,,,,,,,,,,,,,,,,,,,,,,,,,,,,,,,,,,,,,,,,,,,,,,,,,,,,,,,,,,,,,,,,,,,,,,,,,,,,,,,,,,,,,,,,,,,,,,,,,,,,,,,,,,,,,,,,,,,,,,,,,,
ACSSF,2019e1,nc,000,0039,0000175,,,,,,,,,,,,,,,,,,,,,,,,,,,,,,,,,,,,,,,,,,,,,,,,,,,,,,,,,,,,,,,,,,,,,,,,,,,,,,,,,,,,,,,,,,,,,,,,,,,,,,,,,,,,,,,,,,,,,,,,,,,,,,,,,,,,,,,,,,,,,,,,,,,,,,,,,,,,,,,,,,,,,,,,,,,,,,,,,,,,,,,,,,,,,,,,,,,,,,,,,,,,,,,,,,,,,,,,,,,,,,,,,
ACSSF,2019e1,nc,000,0039,0000176,,,,,,,,,,,,,,,,,,,,,,,,,,,,,,,,,,,,,,,,,,,,,,,,,,,,,,,,,,,,,,,,,,,,,,,,,,,,,,,,,,,,,,,,,,,,,,,,,,,,,,,,,,,,,,,,,,,,,,,,,,,,,,,,,,,,,,,,,,,,,,,,,,,,,,,,,,,,,,,,,,,,,,,,,,,,,,,,,,,,,,,,,,,,,,,,,,,,,,,,,,,,,,,,,,,,,,,,,,,,,,,,,
ACSSF,2019e1,nc,000,0039,0000177,,,,,,,,,,,,,,,,,,,,,,,,,,,,,,,,,,,,,,,,,,,,,,,,,,,,,,,,,,,,,,,,,,,,,,,,,,,,,,,,,,,,,,,,,,,,,,,,,,,,,,,,,,,,,,,,,,,,,,,,,,,,,,,,,,,,,,,,,,,,,,,,,,,,,,,,,,,,,,,,,,,,,,,,,,,,,,,,,,,,,,,,,,,,,,,,,,,,,,,,,,,,,,,,,,,,,,,,,,,,,,,,,
ACSSF,2019e1,nc,000,0039,0000178,,,,,,,,,,,,,,,,,,,,,,,,,,,,,,,,,,,,,,,,,,,,,,,,,,,,,,,,,,,,,,,,,,,,,,,,,,,,,,,,,,,,,,,,,,,,,,,,,,,,,,,,,,,,,,,,,,,,,,,,,,,,,,,,,,,,,,,,,,,,,,,,,,,,,,,,,,,,,,,,,,,,,,,,,,,,,,,,,,,,,,,,,,,,,,,,,,,,,,,,,,,,,,,,,,,,,,,,,,,,,,,,,
ACSSF,2019e1,nc,000,0039,0000179,,,,,,,,,,,,,,,,,,,,,,,,,,,,,,,,,,,,,,,,,,,,,,,,,,,,,,,,,,,,,,,,,,,,,,,,,,,,,,,,,,,,,,,,,,,,,,,,,,,,,,,,,,,,,,,,,,,,,,,,,,,,,,,,,,,,,,,,,,,,,,,,,,,,,,,,,,,,,,,,,,,,,,,,,,,,,,,,,,,,,,,,,,,,,,,,,,,,,,,,,,,,,,,,,,,,,,,,,,,,,,,,,
ACSSF,2019e1,nc,000,0039,0000180,,,,,,,,,,,,,,,,,,,,,,,,,,,,,,,,,,,,,,,,,,,,,,,,,,,,,,,,,,,,,,,,,,,,,,,,,,,,,,,,,,,,,,,,,,,,,,,,,,,,,,,,,,,,,,,,,,,,,,,,,,,,,,,,,,,,,,,,,,,,,,,,,,,,,,,,,,,,,,,,,,,,,,,,,,,,,,,,,,,,,,,,,,,,,,,,,,,,,,,,,,,,,,,,,,,,,,,,,,,,,,,,,
ACSSF,2019e1,nc,000,0039,0000181,,,,,,,,,,,,,,,,,,,,,,,,,,,,,,,,,,,,,,,,,,,,,,,,,,,,,,,,,,,,,,,,,,,,,,,,,,,,,,,,,,,,,,,,,,,,,,,,,,,,,,,,,,,,,,,,,,,,,,,,,,,,,,,,,,,,,,,,,,,,,,,,,,,,,,,,,,,,,,,,,,,,,,,,,,,,,,,,,,,,,,,,,,,,,,,,,,,,,,,,,,,,,,,,,,,,,,,,,,,,,,,,,
ACSSF,2019e1,nc,000,0039,0000182,,,,,,,,,,,,,,,,,,,,,,,,,,,,,,,,,,,,,,,,,,,,,,,,,,,,,,,,,,,,,,,,,,,,,,,,,,,,,,,,,,,,,,,,,,,,,,,,,,,,,,,,,,,,,,,,,,,,,,,,,,,,,,,,,,,,,,,,,,,,,,,,,,,,,,,,,,,,,,,,,,,,,,,,,,,,,,,,,,,,,,,,,,,,,,,,,,,,,,,,,,,,,,,,,,,,,,,,,,,,,,,,,
ACSSF,2019e1,nc,000,0039,0000183,,,,,,,,,,,,,,,,,,,,,,,,,,,,,,,,,,,,,,,,,,,,,,,,,,,,,,,,,,,,,,,,,,,,,,,,,,,,,,,,,,,,,,,,,,,,,,,,,,,,,,,,,,,,,,,,,,,,,,,,,,,,,,,,,,,,,,,,,,,,,,,,,,,,,,,,,,,,,,,,,,,,,,,,,,,,,,,,,,,,,,,,,,,,,,,,,,,,,,,,,,,,,,,,,,,,,,,,,,,,,,,,,
ACSSF,2019e1,nc,000,0039,0000184,,,,,,,,,,,,,,,,,,,,,,,,,,,,,,,,,,,,,,,,,,,,,,,,,,,,,,,,,,,,,,,,,,,,,,,,,,,,,,,,,,,,,,,,,,,,,,,,,,,,,,,,,,,,,,,,,,,,,,,,,,,,,,,,,,,,,,,,,,,,,,,,,,,,,,,,,,,,,,,,,,,,,,,,,,,,,,,,,,,,,,,,,,,,,,,,,,,,,,,,,,,,,,,,,,,,,,,,,,,,,,,,,
ACSSF,2019e1,nc,000,0039,0000185,,,,,,,,,,,,,,,,,,,,,,,,,,,,,,,,,,,,,,,,,,,,,,,,,,,,,,,,,,,,,,,,,,,,,,,,,,,,,,,,,,,,,,,,,,,,,,,,,,,,,,,,,,,,,,,,,,,,,,,,,,,,,,,,,,,,,,,,,,,,,,,,,,,,,,,,,,,,,,,,,,,,,,,,,,,,,,,,,,,,,,,,,,,,,,,,,,,,,,,,,,,,,,,,,,,,,,,,,,,,,,,,,
ACSSF,2019e1,nc,000,0039,0000186,,,,,,,,,,,,,,,,,,,,,,,,,,,,,,,,,,,,,,,,,,,,,,,,,,,,,,,,,,,,,,,,,,,,,,,,,,,,,,,,,,,,,,,,,,,,,,,,,,,,,,,,,,,,,,,,,,,,,,,,,,,,,,,,,,,,,,,,,,,,,,,,,,,,,,,,,,,,,,,,,,,,,,,,,,,,,,,,,,,,,,,,,,,,,,,,,,,,,,,,,,,,,,,,,,,,,,,,,,,,,,,,,
ACSSF,2019e1,nc,000,0039,0000187,,,,,,,,,,,,,,,,,,,,,,,,,,,,,,,,,,,,,,,,,,,,,,,,,,,,,,,,,,,,,,,,,,,,,,,,,,,,,,,,,,,,,,,,,,,,,,,,,,,,,,,,,,,,,,,,,,,,,,,,,,,,,,,,,,,,,,,,,,,,,,,,,,,,,,,,,,,,,,,,,,,,,,,,,,,,,,,,,,,,,,,,,,,,,,,,,,,,,,,,,,,,,,,,,,,,,,,,,,,,,,,,,
ACSSF,2019e1,nc,000,0039,0000188,,,,,,,,,,,,,,,,,,,,,,,,,,,,,,,,,,,,,,,,,,,,,,,,,,,,,,,,,,,,,,,,,,,,,,,,,,,,,,,,,,,,,,,,,,,,,,,,,,,,,,,,,,,,,,,,,,,,,,,,,,,,,,,,,,,,,,,,,,,,,,,,,,,,,,,,,,,,,,,,,,,,,,,,,,,,,,,,,,,,,,,,,,,,,,,,,,,,,,,,,,,,,,,,,,,,,,,,,,,,,,,,,
ACSSF,2019e1,nc,000,0039,0000189,,,,,,,,,,,,,,,,,,,,,,,,,,,,,,,,,,,,,,,,,,,,,,,,,,,,,,,,,,,,,,,,,,,,,,,,,,,,,,,,,,,,,,,,,,,,,,,,,,,,,,,,,,,,,,,,,,,,,,,,,,,,,,,,,,,,,,,,,,,,,,,,,,,,,,,,,,,,,,,,,,,,,,,,,,,,,,,,,,,,,,,,,,,,,,,,,,,,,,,,,,,,,,,,,,,,,,,,,,,,,,,,,
ACSSF,2019e1,nc,000,0039,0000190,,,,,,,,,,,,,,,,,,,,,,,,,,,,,,,,,,,,,,,,,,,,,,,,,,,,,,,,,,,,,,,,,,,,,,,,,,,,,,,,,,,,,,,,,,,,,,,,,,,,,,,,,,,,,,,,,,,,,,,,,,,,,,,,,,,,,,,,,,,,,,,,,,,,,,,,,,,,,,,,,,,,,,,,,,,,,,,,,,,,,,,,,,,,,,,,,,,,,,,,,,,,,,,,,,,,,,,,,,,,,,,,,
ACSSF,2019e1,nc,000,0039,0000191,,,,,,,,,,,,,,,,,,,,,,,,,,,,,,,,,,,,,,,,,,,,,,,,,,,,,,,,,,,,,,,,,,,,,,,,,,,,,,,,,,,,,,,,,,,,,,,,,,,,,,,,,,,,,,,,,,,,,,,,,,,,,,,,,,,,,,,,,,,,,,,,,,,,,,,,,,,,,,,,,,,,,,,,,,,,,,,,,,,,,,,,,,,,,,,,,,,,,,,,,,,,,,,,,,,,,,,,,,,,,,,,,
ACSSF,2019e1,nc,000,0039,0000192,,,,,,,,,,,,,,,,,,,,,,,,,,,,,,,,,,,,,,,,,,,,,,,,,,,,,,,,,,,,,,,,,,,,,,,,,,,,,,,,,,,,,,,,,,,,,,,,,,,,,,,,,,,,,,,,,,,,,,,,,,,,,,,,,,,,,,,,,,,,,,,,,,,,,,,,,,,,,,,,,,,,,,,,,,,,,,,,,,,,,,,,,,,,,,,,,,,,,,,,,,,,,,,,,,,,,,,,,,,,,,,,,
ACSSF,2019e1,nc,000,0039,0000193,,,,,,,,,,,,,,,,,,,,,,,,,,,,,,,,,,,,,,,,,,,,,,,,,,,,,,,,,,,,,,,,,,,,,,,,,,,,,,,,,,,,,,,,,,,,,,,,,,,,,,,,,,,,,,,,,,,,,,,,,,,,,,,,,,,,,,,,,,,,,,,,,,,,,,,,,,,,,,,,,,,,,,,,,,,,,,,,,,,,,,,,,,,,,,,,,,,,,,,,,,,,,,,,,,,,,,,,,,,,,,,,,
ACSSF,2019e1,nc,000,0039,0000194,,,,,,,,,,,,,,,,,,,,,,,,,,,,,,,,,,,,,,,,,,,,,,,,,,,,,,,,,,,,,,,,,,,,,,,,,,,,,,,,,,,,,,,,,,,,,,,,,,,,,,,,,,,,,,,,,,,,,,,,,,,,,,,,,,,,,,,,,,,,,,,,,,,,,,,,,,,,,,,,,,,,,,,,,,,,,,,,,,,,,,,,,,,,,,,,,,,,,,,,,,,,,,,,,,,,,,,,,,,,,,,,,
ACSSF,2019e1,nc,000,0039,0000195,,,,,,,,,,,,,,,,,,,,,,,,,,,,,,,,,,,,,,,,,,,,,,,,,,,,,,,,,,,,,,,,,,,,,,,,,,,,,,,,,,,,,,,,,,,,,,,,,,,,,,,,,,,,,,,,,,,,,,,,,,,,,,,,,,,,,,,,,,,,,,,,,,,,,,,,,,,,,,,,,,,,,,,,,,,,,,,,,,,,,,,,,,,,,,,,,,,,,,,,,,,,,,,,,,,,,,,,,,,,,,,,,
ACSSF,2019e1,nc,000,0039,0000196,,,,,,,,,,,,,,,,,,,,,,,,,,,,,,,,,,,,,,,,,,,,,,,,,,,,,,,,,,,,,,,,,,,,,,,,,,,,,,,,,,,,,,,,,,,,,,,,,,,,,,,,,,,,,,,,,,,,,,,,,,,,,,,,,,,,,,,,,,,,,,,,,,,,,,,,,,,,,,,,,,,,,,,,,,,,,,,,,,,,,,,,,,,,,,,,,,,,,,,,,,,,,,,,,,,,,,,,,,,,,,,,,
ACSSF,2019e1,nc,000,0039,0000197,,,,,,,,,,,,,,,,,,,,,,,,,,,,,,,,,,,,,,,,,,,,,,,,,,,,,,,,,,,,,,,,,,,,,,,,,,,,,,,,,,,,,,,,,,,,,,,,,,,,,,,,,,,,,,,,,,,,,,,,,,,,,,,,,,,,,,,,,,,,,,,,,,,,,,,,,,,,,,,,,,,,,,,,,,,,,,,,,,,,,,,,,,,,,,,,,,,,,,,,,,,,,,,,,,,,,,,,,,,,,,,,,
ACSSF,2019e1,nc,000,0039,0000198,,,,,,,,,,,,,,,,,,,,,,,,,,,,,,,,,,,,,,,,,,,,,,,,,,,,,,,,,,,,,,,,,,,,,,,,,,,,,,,,,,,,,,,,,,,,,,,,,,,,,,,,,,,,,,,,,,,,,,,,,,,,,,,,,,,,,,,,,,,,,,,,,,,,,,,,,,,,,,,,,,,,,,,,,,,,,,,,,,,,,,,,,,,,,,,,,,,,,,,,,,,,,,,,,,,,,,,,,,,,,,,,,
ACSSF,2019e1,nc,000,0039,0000199,,,,,,,,,,,,,,,,,,,,,,,,,,,,,,,,,,,,,,,,,,,,,,,,,,,,,,,,,,,,,,,,,,,,,,,,,,,,,,,,,,,,,,,,,,,,,,,,,,,,,,,,,,,,,,,,,,,,,,,,,,,,,,,,,,,,,,,,,,,,,,,,,,,,,,,,,,,,,,,,,,,,,,,,,,,,,,,,,,,,,,,,,,,,,,,,,,,,,,,,,,,,,,,,,,,,,,,,,,,,,,,,,
ACSSF,2019e1,nc,000,0039,0000200,,,,,,,,,,,,,,,,,,,,,,,,,,,,,,,,,,,,,,,,,,,,,,,,,,,,,,,,,,,,,,,,,,,,,,,,,,,,,,,,,,,,,,,,,,,,,,,,,,,,,,,,,,,,,,,,,,,,,,,,,,,,,,,,,,,,,,,,,,,,,,,,,,,,,,,,,,,,,,,,,,,,,,,,,,,,,,,,,,,,,,,,,,,,,,,,,,,,,,,,,,,,,,,,,,,,,,,,,,,,,,,,,
ACSSF,2019e1,nc,000,0039,0000201,,,,,,,,,,,,,,,,,,,,,,,,,,,,,,,,,,,,,,,,,,,,,,,,,,,,,,,,,,,,,,,,,,,,,,,,,,,,,,,,,,,,,,,,,,,,,,,,,,,,,,,,,,,,,,,,,,,,,,,,,,,,,,,,,,,,,,,,,,,,,,,,,,,,,,,,,,,,,,,,,,,,,,,,,,,,,,,,,,,,,,,,,,,,,,,,,,,,,,,,,,,,,,,,,,,,,,,,,,,,,,,,,
ACSSF,2019e1,nc,000,0039,0000202,,,,,,,,,,,,,,,,,,,,,,,,,,,,,,,,,,,,,,,,,,,,,,,,,,,,,,,,,,,,,,,,,,,,,,,,,,,,,,,,,,,,,,,,,,,,,,,,,,,,,,,,,,,,,,,,,,,,,,,,,,,,,,,,,,,,,,,,,,,,,,,,,,,,,,,,,,,,,,,,,,,,,,,,,,,,,,,,,,,,,,,,,,,,,,,,,,,,,,,,,,,,,,,,,,,,,,,,,,,,,,,,,
ACSSF,2019e1,nc,000,0039,0000203,,,,,,,,,,,,,,,,,,,,,,,,,,,,,,,,,,,,,,,,,,,,,,,,,,,,,,,,,,,,,,,,,,,,,,,,,,,,,,,,,,,,,,,,,,,,,,,,,,,,,,,,,,,,,,,,,,,,,,,,,,,,,,,,,,,,,,,,,,,,,,,,,,,,,,,,,,,,,,,,,,,,,,,,,,,,,,,,,,,,,,,,,,,,,,,,,,,,,,,,,,,,,,,,,,,,,,,,,,,,,,,,,
ACSSF,2019e1,nc,000,0039,0000204,,,,,,,,,,,,,,,,,,,,,,,,,,,,,,,,,,,,,,,,,,,,,,,,,,,,,,,,,,,,,,,,,,,,,,,,,,,,,,,,,,,,,,,,,,,,,,,,,,,,,,,,,,,,,,,,,,,,,,,,,,,,,,,,,,,,,,,,,,,,,,,,,,,,,,,,,,,,,,,,,,,,,,,,,,,,,,,,,,,,,,,,,,,,,,,,,,,,,,,,,,,,,,,,,,,,,,,,,,,,,,,,,
ACSSF,2019e1,nc,000,0039,0000205,,,,,,,,,,,,,,,,,,,,,,,,,,,,,,,,,,,,,,,,,,,,,,,,,,,,,,,,,,,,,,,,,,,,,,,,,,,,,,,,,,,,,,,,,,,,,,,,,,,,,,,,,,,,,,,,,,,,,,,,,,,,,,,,,,,,,,,,,,,,,,,,,,,,,,,,,,,,,,,,,,,,,,,,,,,,,,,,,,,,,,,,,,,,,,,,,,,,,,,,,,,,,,,,,,,,,,,,,,,,,,,,,
ACSSF,2019e1,nc,000,0039,0000206,,,,,,,,,,,,,,,,,,,,,,,,,,,,,,,,,,,,,,,,,,,,,,,,,,,,,,,,,,,,,,,,,,,,,,,,,,,,,,,,,,,,,,,,,,,,,,,,,,,,,,,,,,,,,,,,,,,,,,,,,,,,,,,,,,,,,,,,,,,,,,,,,,,,,,,,,,,,,,,,,,,,,,,,,,,,,,,,,,,,,,,,,,,,,,,,,,,,,,,,,,,,,,,,,,,,,,,,,,,,,,,,,
ACSSF,2019e1,nc,000,0039,0000207,,,,,,,,,,,,,,,,,,,,,,,,,,,,,,,,,,,,,,,,,,,,,,,,,,,,,,,,,,,,,,,,,,,,,,,,,,,,,,,,,,,,,,,,,,,,,,,,,,,,,,,,,,,,,,,,,,,,,,,,,,,,,,,,,,,,,,,,,,,,,,,,,,,,,,,,,,,,,,,,,,,,,,,,,,,,,,,,,,,,,,,,,,,,,,,,,,,,,,,,,,,,,,,,,,,,,,,,,,,,,,,,,
ACSSF,2019e1,nc,000,0039,0000208,,,,,,,,,,,,,,,,,,,,,,,,,,,,,,,,,,,,,,,,,,,,,,,,,,,,,,,,,,,,,,,,,,,,,,,,,,,,,,,,,,,,,,,,,,,,,,,,,,,,,,,,,,,,,,,,,,,,,,,,,,,,,,,,,,,,,,,,,,,,,,,,,,,,,,,,,,,,,,,,,,,,,,,,,,,,,,,,,,,,,,,,,,,,,,,,,,,,,,,,,,,,,,,,,,,,,,,,,,,,,,,,,
ACSSF,2019e1,nc,000,0039,0000209,,,,,,,,,,,,,,,,,,,,,,,,,,,,,,,,,,,,,,,,,,,,,,,,,,,,,,,,,,,,,,,,,,,,,,,,,,,,,,,,,,,,,,,,,,,,,,,,,,,,,,,,,,,,,,,,,,,,,,,,,,,,,,,,,,,,,,,,,,,,,,,,,,,,,,,,,,,,,,,,,,,,,,,,,,,,,,,,,,,,,,,,,,,,,,,,,,,,,,,,,,,,,,,,,,,,,,,,,,,,,,,,,
ACSSF,2019e1,nc,000,0039,0000210,,,,,,,,,,,,,,,,,,,,,,,,,,,,,,,,,,,,,,,,,,,,,,,,,,,,,,,,,,,,,,,,,,,,,,,,,,,,,,,,,,,,,,,,,,,,,,,,,,,,,,,,,,,,,,,,,,,,,,,,,,,,,,,,,,,,,,,,,,,,,,,,,,,,,,,,,,,,,,,,,,,,,,,,,,,,,,,,,,,,,,,,,,,,,,,,,,,,,,,,,,,,,,,,,,,,,,,,,,,,,,,,,
ACSSF,2019e1,nc,000,0039,0000211,,,,,,,,,,,,,,,,,,,,,,,,,,,,,,,,,,,,,,,,,,,,,,,,,,,,,,,,,,,,,,,,,,,,,,,,,,,,,,,,,,,,,,,,,,,,,,,,,,,,,,,,,,,,,,,,,,,,,,,,,,,,,,,,,,,,,,,,,,,,,,,,,,,,,,,,,,,,,,,,,,,,,,,,,,,,,,,,,,,,,,,,,,,,,,,,,,,,,,,,,,,,,,,,,,,,,,,,,,,,,,,,,
ACSSF,2019e1,nc,000,0039,0000212,,,,,,,,,,,,,,,,,,,,,,,,,,,,,,,,,,,,,,,,,,,,,,,,,,,,,,,,,,,,,,,,,,,,,,,,,,,,,,,,,,,,,,,,,,,,,,,,,,,,,,,,,,,,,,,,,,,,,,,,,,,,,,,,,,,,,,,,,,,,,,,,,,,,,,,,,,,,,,,,,,,,,,,,,,,,,,,,,,,,,,,,,,,,,,,,,,,,,,,,,,,,,,,,,,,,,,,,,,,,,,,,,
