ACSSF,2019e1,nc,000,0038,0000001,51665,43756,3727,531,787,712,2152,156886,114376,21038,5166,3677,1457,11172,,,,,,,,164857,108330,34537,2466,1817,5033,12674,104120,82150,11339,1602,2463,1831,4735,3181312,2620756,217428,18476,51635,34359,238658,448469,311614,86202,6071,9405,9602,25575,4944291,4401830,542461,230633,311828,3970962,3585315,385647,179992,205655,428767,337178,91589,26488,65101,56578,45701,10877,3850,7027,87160,79879,7281,2535,4746,69568,62284,7284,2276,5008,331256,291473,39783,15492,24291,4944291,4319726,392345,210382,181963,232220,171599,60621,3970962,3530359,268798,154974,113824,171805,129895,41910,428767,320087,80503,32574,47929,28177,16760,11417,56578,46399,5222,2950,2272,4957,3709,1248,87160,75575,6028,4064,1964,5557,3855,1702,69568,57772,8798,5981,2817,2998,2449,549,331256,289534,22996,9839,13157,18726,14931,3795,4944291,4401830,542461,230633,311828,3970962,3585315,385647,179992,205655,428767,337178,91589,26488,65101,56578,45701,10877,3850,7027,156728,142163,14565,4811,9754,331256,291473,39783,15492,24291,4944291,4319726,624565,381981,242584,3970962,3530359,440603,284869,155734,428767,320087,108680,49334,59346,56578,46399,10179,6659,3520,156728,133347,23381,16349,7032,331256,289534,41722,24770,16952
ACSSF,2019e1,nc,000,0038,0000002,,,,,,,,,,,,,,,,,,,,,,,,,,,,,,,,,,,,,,,,,,,,,,,,,,,,,,,,,,,,,,,,,,,,,,,,,,,,,,,,,,,,,,,,,,,,,,,,,,,,,,,,,,,,,,,,,,,,,,,,,,,,,,,,,,,,,,,,,,,,,,,,,,,,,,,,,,,,,,,,,,,,,,,,,,,,,,,,,,,,,,,,,,,,,,,,,,,,,,,,
ACSSF,2019e1,nc,000,0038,0000003,,,,,,,,,,,,,,,,,,,,,,,,,,,,,,,,,,,,,,,,,,,,,,,,,,,,,,,,,,,,,,,,,,,,,,,,,,,,,,,,,,,,,,,,,,,,,,,,,,,,,,,,,,,,,,,,,,,,,,,,,,,,,,,,,,,,,,,,,,,,,,,,,,,,,,,,,,,,,,,,,,,,,,,,,,,,,,,,,,,,,,,,,,,,,,,,,,,,,,,,
ACSSF,2019e1,nc,000,0038,0000004,,,,,,,,,,,,,,,,,,,,,,,,,,,,,,,,,,,,,,,,,,,,,,,,,,,,,,,,,,,,,,,,,,,,,,,,,,,,,,,,,,,,,,,,,,,,,,,,,,,,,,,,,,,,,,,,,,,,,,,,,,,,,,,,,,,,,,,,,,,,,,,,,,,,,,,,,,,,,,,,,,,,,,,,,,,,,,,,,,,,,,,,,,,,,,,,,,,,,,,,
ACSSF,2019e1,nc,000,0038,0000005,,,,,,,,,,,,,,,,,,,,,,,,,,,,,,,,,,,,,,,,,,,,,,,,,,,,,,,,,,,,,,,,,,,,,,,,,,,,,,,,,,,,,,,,,,,,,,,,,,,,,,,,,,,,,,,,,,,,,,,,,,,,,,,,,,,,,,,,,,,,,,,,,,,,,,,,,,,,,,,,,,,,,,,,,,,,,,,,,,,,,,,,,,,,,,,,,,,,,,,,
ACSSF,2019e1,nc,000,0038,0000006,,,,,,,,,,,,,,,,,,,,,,,,,,,,,,,,,,,,,,,,,,,,,,,,,,,,,,,,,,,,,,,,,,,,,,,,,,,,,,,,,,,,,,,,,,,,,,,,,,,,,,,,,,,,,,,,,,,,,,,,,,,,,,,,,,,,,,,,,,,,,,,,,,,,,,,,,,,,,,,,,,,,,,,,,,,,,,,,,,,,,,,,,,,,,,,,,,,,,,,,
ACSSF,2019e1,nc,000,0038,0000007,,,,,,,,,,,,,,,,,,,,,,,,,,,,,,,,,,,,,,,,,,,,,,,,,,,,,,,,,,,,,,,,,,,,,,,,,,,,,,,,,,,,,,,,,,,,,,,,,,,,,,,,,,,,,,,,,,,,,,,,,,,,,,,,,,,,,,,,,,,,,,,,,,,,,,,,,,,,,,,,,,,,,,,,,,,,,,,,,,,,,,,,,,,,,,,,,,,,,,,,
ACSSF,2019e1,nc,000,0038,0000008,,,,,,,,,,,,,,,,,,,,,,,,,,,,,,,,,,,,,,,,,,,,,,,,,,,,,,,,,,,,,,,,,,,,,,,,,,,,,,,,,,,,,,,,,,,,,,,,,,,,,,,,,,,,,,,,,,,,,,,,,,,,,,,,,,,,,,,,,,,,,,,,,,,,,,,,,,,,,,,,,,,,,,,,,,,,,,,,,,,,,,,,,,,,,,,,,,,,,,,,
ACSSF,2019e1,nc,000,0038,0000009,,,,,,,,,,,,,,,,,,,,,,,,,,,,,,,,,,,,,,,,,,,,,,,,,,,,,,,,,,,,,,,,,,,,,,,,,,,,,,,,,,,,,,,,,,,,,,,,,,,,,,,,,,,,,,,,,,,,,,,,,,,,,,,,,,,,,,,,,,,,,,,,,,,,,,,,,,,,,,,,,,,,,,,,,,,,,,,,,,,,,,,,,,,,,,,,,,,,,,,,
ACSSF,2019e1,nc,000,0038,0000010,,,,,,,,,,,,,,,,,,,,,,,,,,,,,,,,,,,,,,,,,,,,,,,,,,,,,,,,,,,,,,,,,,,,,,,,,,,,,,,,,,,,,,,,,,,,,,,,,,,,,,,,,,,,,,,,,,,,,,,,,,,,,,,,,,,,,,,,,,,,,,,,,,,,,,,,,,,,,,,,,,,,,,,,,,,,,,,,,,,,,,,,,,,,,,,,,,,,,,,,
ACSSF,2019e1,nc,000,0038,0000011,,,,,,,,,,,,,,,,,,,,,,,,,,,,,,,,,,,,,,,,,,,,,,,,,,,,,,,,,,,,,,,,,,,,,,,,,,,,,,,,,,,,,,,,,,,,,,,,,,,,,,,,,,,,,,,,,,,,,,,,,,,,,,,,,,,,,,,,,,,,,,,,,,,,,,,,,,,,,,,,,,,,,,,,,,,,,,,,,,,,,,,,,,,,,,,,,,,,,,,,
ACSSF,2019e1,nc,000,0038,0000012,,,,,,,,,,,,,,,,,,,,,,,,,,,,,,,,,,,,,,,,,,,,,,,,,,,,,,,,,,,,,,,,,,,,,,,,,,,,,,,,,,,,,,,,,,,,,,,,,,,,,,,,,,,,,,,,,,,,,,,,,,,,,,,,,,,,,,,,,,,,,,,,,,,,,,,,,,,,,,,,,,,,,,,,,,,,,,,,,,,,,,,,,,,,,,,,,,,,,,,,
ACSSF,2019e1,nc,000,0038,0000013,,,,,,,,,,,,,,,,,,,,,,,,,,,,,,,,,,,,44611,37552,4246,0,253,410,2150,,,,,,,,,,,,,,,,,,,,,,,,,,,,,,,,,,,,,,,,,,,,,,,,,,,,,,,,,,,,,,,,,,,,,,,,,,,,,,,,,,,,,,,,,,,,,,,,,,,,,,,,,,,,,,,,,,,,,,,,,,,,,,,,,70399,59503,10896,6020,4876,58550,50697,7853,4850,3003,7146,4805,2341,761,1580,45,45,0,0,0,1910,1469,441,234,207,2748,2487,261,175,86
ACSSF,2019e1,nc,000,0038,0000014,,,,,,,,,,,,,,,,,,,,,,,,,,,,,,,,,,,,33586,26104,3285,185,328,252,3432,,,,,,,,,,,,,,,,,,,,,,,,,,,,,,,,,,,,,,,,,,,,,,,,,,,,,,,,,,,,,,,,,,,,,,,,,,,,,,,,,,,,,,,,,,,,,,,,,,,,,,,,,,,,,,,,,,,,,,,,,,,,,,,,,,,,,,,,,,,,,,,,,,,,,,,,,,,,,,
ACSSF,2019e1,nc,000,0038,0000015,,,,,,,,,,,,,,,,,,,,,,,,,,,,,,,,,,,,129741,104022,8103,425,2968,1445,12778,,,,,,,,152113,140354,11759,5030,6729,121028,112173,8855,4323,4532,10607,9535,1072,127,945,878,878,0,0,0,3109,3068,41,0,41,2133,2133,0,0,0,14358,12567,1791,580,1211,,,,,,,,,,,,,,,,,,,,,,,,,,,,,,,,,,,,,,,,,,,,,,,,,,,,,,,,,152113,140354,11759,5030,6729,121028,112173,8855,4323,4532,10607,9535,1072,127,945,878,878,0,0,0,5242,5201,41,0,41,14358,12567,1791,580,1211,152113,138445,13668,7025,6643,121028,111001,10027,5591,4436,10607,9155,1452,701,751,878,745,133,133,0,5242,5158,84,70,14,14358,12386,1972,530,1442
ACSSF,2019e1,nc,000,0038,0000016,,,,,,,,,,,,,,,,,,,,,,,,,,,,,,,,,,,,28175,24633,1724,0,216,242,1360,,,,,,,,,,,,,,,,,,,,,,,,,,,,,,,,,,,,,,,,,,,,,,,,,,,,,,,,,,,,,,,,,,,,,,,,,,,,,,,,,,,,,,,,,,,,,,,,,,,,,,,,,,,,,,,,,,,,,,,,,,,,,,,,,,,,,,,,,,,,,,,,,,,,,,,,,,,,,,
ACSSF,2019e1,nc,000,0038,0000017,,,,,,,,,,,,,,,,,,,,,,,,,,,,,,,,,,,,57567,47189,4296,117,556,106,5303,10124,6036,1799,0,74,1405,810,89106,78942,10164,5183,4981,70314,62939,7375,3351,4024,8346,6345,2001,1378,623,362,362,0,0,0,884,884,0,0,0,2344,2101,243,13,230,6856,6311,545,441,104,,,,,,,,,,,,,,,,,,,,,,,,,,,,,,,,,,,,,,,,,,,,,,,,,,,,,,,,,89106,78942,10164,5183,4981,70314,62939,7375,3351,4024,8346,6345,2001,1378,623,362,362,0,0,0,3228,2985,243,13,230,6856,6311,545,441,104,89106,76632,12474,7365,5109,70314,61818,8496,4819,3677,8346,6790,1556,798,758,362,362,0,0,0,3228,1823,1405,1175,230,6856,5839,1017,573,444
ACSSF,2019e1,nc,000,0038,0000018,,,,,,,,,,,,,,,,,,,,,,,,,,,,,,,,,,,,23436,19291,2870,0,174,286,815,,,,,,,,,,,,,,,,,,,,,,,,,,,,,,,,,,,,,,,,,,,,,,,,,,,,,,,,,,,,,,,,,,,,,,,,,,,,,,,,,,,,,,,,,,,,,,,,,,,,,,,,,,,,,,,,,,,,,,,,,,,,,,,,,,,,,,,,,,,,,,,,,,,,,,,,,,,,,,
ACSSF,2019e1,nc,000,0038,0000019,,,,,,,,,,,,,,,,,,,,,,,,,,,,,,,,,,,,26249,22406,1648,30,141,647,1377,,,,,,,,,,,,,,,,,,,,,,,,,,,,,,,,,,,,,,,,,,,,,,,,,,,,,,,,,,,,,,,,,,,,,,,,,,,,,,,,,,,,,,,,,,,,,,,,,,,,,,,,,,,,,,,,,,,,,,,,,,,,,,,,,32661,29947,2714,1981,733,27503,25319,2184,1513,671,2566,2095,471,468,3,140,140,0,0,0,1045,986,59,0,59,1407,1407,0,0,0
ACSSF,2019e1,nc,000,0038,0000020,,,,,,,,,,,,,,,,,,,,,,,,,,,,,,,,,,,,71816,61731,5587,667,612,685,2534,,,,,,,,91380,83893,7487,4569,2918,77774,72061,5713,3838,1875,7861,6474,1387,607,780,676,676,0,0,0,1035,1035,0,0,0,1225,1225,0,0,0,2809,2422,387,124,263,,,,,,,,,,,,,,,,,,,,,,,,,,,,,,,,,,,,,,,,,,,,,,,,,,,,,,,,,91380,83893,7487,4569,2918,77774,72061,5713,3838,1875,7861,6474,1387,607,780,676,676,0,0,0,2260,2260,0,0,0,2809,2422,387,124,263,91380,79905,11475,7888,3587,77774,68625,9149,7019,2130,7861,6222,1639,433,1206,676,676,0,0,0,2260,1908,352,352,0,2809,2474,335,84,251
ACSSF,2019e1,nc,000,0038,0000021,,,,,,,,,,,,,,,,,,,,,,,,,,,,,,,,,,,,14326,10684,536,33,511,237,2325,,,,,,,,,,,,,,,,,,,,,,,,,,,,,,,,,,,,,,,,,,,,,,,,,,,,,,,,,,,,,,,,,,,,,,,,,,,,,,,,,,,,,,,,,,,,,,,,,,,,,,,,,,,,,,,,,,,,,,,,,,,,,,,,,,,,,,,,,,,,,,,,,,,,,,,,,,,,,,
ACSSF,2019e1,nc,000,0038,0000022,,,,,,,,,,,,,,,,,,,,,,,,,,,,,,,,,,,,27085,23522,1659,0,1155,258,491,,,,,,,,,,,,,,,,,,,,,,,,,,,,,,,,,,,,,,,,,,,,,,,,,,,,,,,,,,,,,,,,,,,,,,,,,,,,,,,,,,,,,,,,,,,,,,,,,,,,,,,,,,,,,,,,,,,,,,,,,,,,,,,,,,,,,,,,,,,,,,,,,,,,,,,,,,,,,,
ACSSF,2019e1,nc,000,0038,0000023,,,,,,,,,,,,,,,,,,,,,,,,,,,,,,,,,,,,34814,28712,3695,37,285,201,1884,,,,,,,,,,,,,,,,,,,,,,,,,,,,,,,,,,,,,,,,,,,,,,,,,,,,,,,,,,,,,,,,,,,,,,,,,,,,,,,,,,,,,,,,,,,,,,,,,,,,,,,,,,,,,,,,,,,,,,,,,,,,,,,,,,,,,,,,,,,,,,,,,,,,,,,,,,,,,,
ACSSF,2019e1,nc,000,0038,0000024,,,,,,,,,,,,,,,,,,,,,,,,,,,,,,,,,,,,92848,77680,7312,0,4941,409,2506,21161,16247,2572,25,1201,971,145,182760,168193,14567,8588,5979,149957,138111,11846,7251,4595,15023,13959,1064,425,639,916,721,195,49,146,8721,8262,459,238,221,3252,2587,665,287,378,4891,4553,338,338,0,182760,160589,14495,9460,5035,7676,5734,1942,149957,132609,10573,6912,3661,6775,4878,1897,15023,12792,2050,1191,859,181,181,0,916,842,25,0,25,49,49,0,8721,7843,547,413,134,331,331,0,3252,2015,1155,872,283,82,37,45,4891,4488,145,72,73,258,258,0,182760,168193,14567,8588,5979,149957,138111,11846,7251,4595,15023,13959,1064,425,639,916,721,195,49,146,11973,10849,1124,525,599,4891,4553,338,338,0,182760,160589,22171,15194,6977,149957,132609,17348,11790,5558,15023,12792,2231,1372,859,916,842,74,49,25,11973,9858,2115,1653,462,4891,4488,403,330,73
ACSSF,2019e1,nc,000,0038,0000025,,,,,,,,,,,,,,,,,,,,,,,,,,,,,,,,,,,,34502,27695,4132,0,346,815,1514,,,,,,,,,,,,,,,,,,,,,,,,,,,,,,,,,,,,,,,,,,,,,,,,,,,,,,,,,,,,,,,,,,,,,,,,,,,,,,,,,,,,,,,,,,,,,,,,,,,,,,,,,,,,,,,,,,,,,,,,,,,,,,,,,,,,,,,,,,,,,,,,,,,,,,,,,,,,,,
ACSSF,2019e1,nc,000,0038,0000026,,,,,,,,13993,10691,1763,707,211,147,474,,,,,,,,,,,,,,,,,,,,,,116166,98811,5390,1416,1634,1606,7309,,,,,,,,210578,176022,34556,16378,18178,173289,145289,28000,14310,13690,13889,9651,4238,1373,2865,5866,5232,634,46,588,3507,3140,367,258,109,2440,2112,328,0,328,11587,10598,989,391,598,210578,177936,15202,7784,7418,17440,14477,2963,173289,147491,11977,6073,5904,13821,11293,2528,13889,9435,2637,1213,1424,1817,1467,350,5866,4734,498,498,0,634,588,46,3507,3250,0,0,0,257,218,39,2440,2223,0,0,0,217,217,0,11587,10803,90,0,90,694,694,0,210578,176022,34556,16378,18178,173289,145289,28000,14310,13690,13889,9651,4238,1373,2865,5866,5232,634,46,588,5947,5252,695,258,437,11587,10598,989,391,598,210578,177936,32642,22261,10381,173289,147491,25798,17366,8432,13889,9435,4454,2680,1774,5866,4734,1132,1086,46,5947,5473,474,435,39,11587,10803,784,694,90
ACSSF,2019e1,nc,000,0038,0000027,,,,,,,,,,,,,,,,,,,,,,,,,,,,,,,,,,,,125534,109406,6519,428,1704,536,6941,21055,15301,3754,275,1003,165,557,197849,176540,21309,8897,12412,164442,147818,16624,6673,9951,15104,11093,4011,1818,2193,2482,2112,370,328,42,4296,4179,117,25,92,2453,2453,0,0,0,9072,8885,187,53,134,197849,172759,18542,10487,8055,6548,4375,2173,164442,146134,13870,7789,6081,4438,3271,1167,15104,10960,2968,1278,1690,1176,410,766,2482,2120,205,205,0,157,0,157,4296,3124,929,929,0,243,212,31,2453,1897,156,86,70,400,400,0,9072,8524,414,200,214,134,82,52,197849,176540,21309,8897,12412,164442,147818,16624,6673,9951,15104,11093,4011,1818,2193,2482,2112,370,328,42,6749,6632,117,25,92,9072,8885,187,53,134,197849,172759,25090,14862,10228,164442,146134,18308,11060,7248,15104,10960,4144,1688,2456,2482,2120,362,205,157,6749,5021,1728,1627,101,9072,8524,548,282,266
ACSSF,2019e1,nc,000,0038,0000028,,,,,,,,,,,,,,,,,,,,,,,,,,,,,,,,,,,,8944,6957,1069,0,0,97,821,,,,,,,,,,,,,,,,,,,,,,,,,,,,,,,,,,,,,,,,,,,,,,,,,,,,,,,,,,,,,,,,,,,,,,,,,,,,,,,,,,,,,,,,,,,,,,,,,,,,,,,,,,,,,,,,,,,,,,,,,,,,,,,,,,,,,,,,,,,,,,,,,,,,,,,,,,,,,,
ACSSF,2019e1,nc,000,0038,0000029,,,,,,,,,,,,,,,,,,,,,,,,,,,,,,,,,,,,59178,50055,5208,86,572,323,2934,,,,,,,,83469,77144,6325,2564,3761,68874,64535,4339,1862,2477,8659,7107,1552,605,947,479,479,0,0,0,847,847,0,0,0,872,682,190,0,190,3738,3494,244,97,147,,,,,,,,,,,,,,,,,,,,,,,,,,,,,,,,,,,,,,,,,,,,,,,,,,,,,,,,,83469,77144,6325,2564,3761,68874,64535,4339,1862,2477,8659,7107,1552,605,947,479,479,0,0,0,1719,1529,190,0,190,3738,3494,244,97,147,83469,75742,7727,4507,3220,68874,63563,5311,3164,2147,8659,6771,1888,1034,854,479,479,0,0,0,1719,1406,313,123,190,3738,3523,215,186,29
ACSSF,2019e1,nc,000,0038,0000030,,,,,,,,,,,,,,,,,,,,,,,,,,,,,,,,,,,,174096,146938,9775,1128,3219,2926,10110,23185,15162,5879,172,498,123,1351,299341,261130,38211,19156,19055,242268,214992,27276,15343,11933,25961,18787,7174,2653,4521,5508,4884,624,95,529,6148,5499,649,34,615,5227,4740,487,46,441,14229,12228,2001,985,1016,299341,259874,18792,10573,8219,20675,12294,8381,242268,213516,12069,7297,4772,16683,10413,6270,25961,18085,5257,2758,2499,2619,693,1926,5508,5273,102,0,102,133,0,133,6148,5258,561,175,386,329,277,52,5227,4652,180,133,47,395,395,0,14229,13090,623,210,413,516,516,0,299341,261130,38211,19156,19055,242268,214992,27276,15343,11933,25961,18787,7174,2653,4521,5508,4884,624,95,529,11375,10239,1136,80,1056,14229,12228,2001,985,1016,299341,259874,39467,22867,16600,242268,213516,28752,17710,11042,25961,18085,7876,3451,4425,5508,5273,235,0,235,11375,9910,1465,980,485,14229,13090,1139,726,413
ACSSF,2019e1,nc,000,0038,0000031,,,,,,,,,,,,,,,,,,,,,,,,,,,,,,,,,,,,17226,14025,922,0,970,81,1228,,,,,,,,,,,,,,,,,,,,,,,,,,,,,,,,,,,,,,,,,,,,,,,,,,,,,,,,,,,,,,,,,,,,,,,,,,,,,,,,,,,,,,,,,,,,,,,,,,,,,,,,,,,,,,,,,,,,,,,,,,,,,,,,,29229,25180,4049,2216,1833,23424,20598,2826,1840,986,2042,1083,959,344,615,428,408,20,0,20,1675,1479,196,0,196,1660,1612,48,32,16
ACSSF,2019e1,nc,000,0038,0000032,,,,,,,,,,,,,,,,,,,,,,,,,,,,,,,,,,,,40404,34313,2869,8,125,217,2872,,,,,,,,,,,,,,,,,,,,,,,,,,,,,,,,,,,,,,,,,,,,,,,,,,,,,,,,,,,,,,,,,,,,,,,,,,,,,,,,,,,,,,,,,,,,,,,,,,,,,,,,,,,,,,,,,,,,,,,,,,,,,,,,,48837,44346,4491,2131,2360,40000,36986,3014,1658,1356,4367,3482,885,442,443,152,152,0,0,0,839,547,292,31,261,3479,3179,300,0,300
ACSSF,2019e1,nc,000,0038,0000033,,,,,,,,,,,,,,,,,,,,,,,,,,,,,,,,,,,,64569,53777,5027,8,631,269,4857,,,,,,,,86524,78593,7931,2928,5003,70466,64836,5630,2345,3285,8429,7172,1257,252,1005,8,8,0,0,0,1190,1075,115,0,115,765,282,483,33,450,5666,5220,446,298,148,,,,,,,,,,,,,,,,,,,,,,,,,,,,,,,,,,,,,,,,,,,,,,,,,,,,,,,,,86524,78593,7931,2928,5003,70466,64836,5630,2345,3285,8429,7172,1257,252,1005,8,8,0,0,0,1955,1357,598,33,565,5666,5220,446,298,148,86524,76794,9730,5258,4472,70466,63634,6832,4080,2752,8429,6517,1912,877,1035,8,8,0,0,0,1955,1098,857,210,647,5666,5537,129,91,38
ACSSF,2019e1,nc,000,0038,0000034,,,,,,,,,,,,,,,,,,,,,,,,,,,,,,,,,,,,44180,35628,2287,0,181,127,5957,,,,,,,,,,,,,,,,,,,,,,,,,,,,,,,,,,,,,,,,,,,,,,,,,,,,,,,,,,,,,,,,,,,,,,,,,,,,,,,,,,,,,,,,,,,,,,,,,,,,,,,,,,,,,,,,,,,,,,,,,,,,,,,,,65903,57174,8729,4962,3767,53453,46278,7175,4455,2720,4176,3008,1168,317,851,21,21,0,0,0,499,477,22,0,22,7754,7390,364,190,174
ACSSF,2019e1,nc,000,0038,0000035,,,,,,,,,,,,,,,,,,,,,,,,,,,,,,,,,,,,,,,,,,,,,,,,,,,,,,,,,,,,,,,,,,,,,,,,,,,,,,,,,,,,,,,,,,,,,,,,,,,,,,,,,,,,,,,,,,,,,,,,,,,,,,,,,,,,,,,,,,,,,,,,,,,,,,,,,,,,,,,,,,,,,,,,,,,,,,,,,,,,,,,,,,,,,,,,,,,,,,,,
ACSSF,2019e1,nc,000,0038,0000036,,,,,,,,37986,26911,4907,2244,1597,301,2026,,,,,,,,35470,21334,7570,867,99,431,5169,18137,14201,1788,674,654,0,820,425839,351732,23569,6800,5420,4336,33982,79795,51602,17294,2677,697,1193,6332,767947,644238,123709,53715,69994,603231,520296,82935,41928,41007,60687,38609,22078,5893,16185,20039,15343,4696,2103,2593,11631,9066,2565,582,1983,10216,8395,1821,763,1058,62143,52529,9614,2446,7168,767947,640948,72021,34596,37425,54978,39471,15507,603231,519709,45051,25285,19766,38471,28970,9501,60687,36618,16837,5249,11588,7232,3935,3297,20039,15451,2401,1017,1384,2187,1970,217,11631,8940,406,213,193,2285,1359,926,10216,8308,1157,531,626,751,501,250,62143,51922,6169,2301,3868,4052,2736,1316,767947,644238,123709,53715,69994,603231,520296,82935,41928,41007,60687,38609,22078,5893,16185,20039,15343,4696,2103,2593,21847,17461,4386,1345,3041,62143,52529,9614,2446,7168,767947,640948,126999,74067,52932,603231,519709,83522,54255,29267,60687,36618,24069,9184,14885,20039,15451,4588,2987,1601,21847,17248,4599,2604,1995,62143,51922,10221,5037,5184
ACSSF,2019e1,nc,000,0038,0000037,,,,,,,,,,,,,,,,,,,,,,,,,,,,,,,,,,,,32471,24655,3285,0,284,911,3336,,,,,,,,,,,,,,,,,,,,,,,,,,,,,,,,,,,,,,,,,,,,,,,,,,,,,,,,,,,,,,,,,,,,,,,,,,,,,,,,,,,,,,,,,,,,,,,,,,,,,,,,,,,,,,,,,,,,,,,,,,,,,,,,,,,,,,,,,,,,,,,,,,,,,,,,,,,,,,
ACSSF,2019e1,nc,000,0038,0000038,,,,,,,,,,,,,,,,,,,,,,,,,,,,,,,,,,,,19229,15890,948,0,368,185,1838,,,,,,,,,,,,,,,,,,,,,,,,,,,,,,,,,,,,,,,,,,,,,,,,,,,,,,,,,,,,,,,,,,,,,,,,,,,,,,,,,,,,,,,,,,,,,,,,,,,,,,,,,,,,,,,,,,,,,,,,,,,,,,,,,,,,,,,,,,,,,,,,,,,,,,,,,,,,,,
ACSSF,2019e1,nc,000,0038,0000039,,,,,,,,,,,,,,,,,,,,,,,,,,,,,,,,,,,,111909,90816,7483,100,1646,845,11019,,,,,,,,145462,135119,10343,4590,5753,114327,108673,5654,2869,2785,13327,10502,2825,796,2029,734,300,434,0,434,2596,2411,185,185,0,1712,1712,0,0,0,12766,11521,1245,740,505,,,,,,,,,,,,,,,,,,,,,,,,,,,,,,,,,,,,,,,,,,,,,,,,,,,,,,,,,145462,135119,10343,4590,5753,114327,108673,5654,2869,2785,13327,10502,2825,796,2029,734,300,434,0,434,4308,4123,185,185,0,12766,11521,1245,740,505,145462,133731,11731,6687,5044,114327,107729,6598,3845,2753,13327,9986,3341,1845,1496,734,300,434,0,434,4308,3912,396,256,140,12766,11804,962,741,221
ACSSF,2019e1,nc,000,0038,0000040,,,,,,,,,,,,,,,,,,,,,,,,,,,,,,,,,,,,67234,48949,8239,70,4770,1145,4061,12328,7481,2880,0,1471,248,248,,,,,,,,,,,,,,,,,,,,,,,,,,,,,,,,,,,,,,,,,,,,,,,,,,,,,,,,,,,,,,,,,,,,,,,,,,,,,,,,,,,,,,,,,,,,,,,,,,,,,,,,,,,,,,,,,,,,,,,,,,99269,88054,11215,8861,2354,69610,63412,6198,5088,1110,15355,12600,2755,1918,837,117,117,0,0,0,9227,7280,1947,1602,345,4960,4645,315,253,62
ACSSF,2019e1,nc,000,0038,0000041,,,,,,,,6184,3952,212,968,234,133,685,,,,,,,,,,,,,,,,,,,,,,56504,39339,2963,4038,2172,1359,6633,,,,,,,,86968,73126,13842,8058,5784,63041,54025,9016,5139,3877,4716,3277,1439,961,478,6754,4992,1762,979,783,2883,2619,264,57,207,1565,1432,133,0,133,8009,6781,1228,922,306,86968,71253,7591,4496,3095,8124,6083,2041,63041,52455,5440,3107,2333,5146,3731,1415,4716,3068,1062,575,487,586,471,115,6754,4909,713,499,214,1132,769,363,2883,2624,29,29,0,230,230,0,1565,1523,0,0,0,42,42,0,8009,6674,347,286,61,988,840,148,86968,73126,13842,8058,5784,63041,54025,9016,5139,3877,4716,3277,1439,961,478,6754,4992,1762,979,783,4448,4051,397,57,340,8009,6781,1228,922,306,86968,71253,15715,10579,5136,63041,52455,10586,6838,3748,4716,3068,1648,1046,602,6754,4909,1845,1268,577,4448,4147,301,301,0,8009,6674,1335,1126,209
ACSSF,2019e1,nc,000,0038,0000042,,,,,,,,,,,,,,,,,,,,,,,,,,,,,,,,,,,,51186,43855,2879,273,180,827,3172,,,,,,,,92094,86029,6065,2680,3385,75725,71642,4083,1951,2132,7457,6112,1345,611,734,1732,1363,369,0,369,1115,1038,77,77,0,993,993,0,0,0,5072,4881,191,41,150,,,,,,,,,,,,,,,,,,,,,,,,,,,,,,,,,,,,,,,,,,,,,,,,,,,,,,,,,92094,86029,6065,2680,3385,75725,71642,4083,1951,2132,7457,6112,1345,611,734,1732,1363,369,0,369,2108,2031,77,77,0,5072,4881,191,41,150,92094,86009,6085,2682,3403,75725,71331,4394,2115,2279,7457,5993,1464,490,974,1732,1732,0,0,0,2108,2031,77,77,0,5072,4922,150,0,150
ACSSF,2019e1,nc,000,0038,0000043,,,,,,,,,,,,,,,,,,,,,,,,,,,,,,,,,,,,36566,29089,4570,0,344,685,1878,,,,,,,,,,,,,,,,,,,,,,,,,,,,,,,,,,,,,,,,,,,,,,,,,,,,,,,,,,,,,,,,,,,,,,,,,,,,,,,,,,,,,,,,,,,,,,,,,,,49135,42867,6268,1420,4848,38546,34256,4290,838,3452,6517,5181,1336,369,967,13,13,0,0,0,1194,1029,165,0,165,2865,2388,477,213,264,49135,40238,8897,4916,3981,38546,32182,6364,3658,2706,6517,4689,1828,1195,633,13,13,0,0,0,1194,1029,165,0,165,2865,2325,540,63,477
ACSSF,2019e1,nc,000,0038,0000044,,,,,,,,,,,,,,,,,,,,,,,,,,,,,,,,,,,,13250,12051,623,14,92,64,406,,,,,,,,43320,40115,3205,678,2527,37313,35124,2189,442,1747,4034,3264,770,156,614,264,264,0,0,0,282,282,0,0,0,503,503,0,0,0,924,678,246,80,166,,,,,,,,,,,,,,,,,,,,,,,,,,,,,,,,,,,,,,,,,,,,,,,,,,,,,,,,,43320,40115,3205,678,2527,37313,35124,2189,442,1747,4034,3264,770,156,614,264,264,0,0,0,785,785,0,0,0,924,678,246,80,166,43320,39307,4013,2008,2005,37313,34372,2941,1540,1401,4034,3128,906,411,495,264,264,0,0,0,785,785,0,0,0,924,758,166,57,109
ACSSF,2019e1,nc,000,0038,0000045,,,,,,,,,,,,,,,,,,,,,,,,,,,,,,,,,,,,20049,16923,2049,119,135,213,610,,,,,,,,,,,,,,,,,,,,,,,,,,,,,,,,,,,,,,,,,,,,,,,,,,,,,,,,,,,,,,,,,,,,,,,,,,,,,,,,,,,,,,,,,,,,,,,,,,,,,,,,,,,,,,,,,,,,,,,,,,,,,,,,,,,,,,,,,,,,,,,,,,,,,,,,,,,,,,
ACSSF,2019e1,nc,000,0038,0000046,,,,,,,,,,,,,,,,,,,,,,,,,,,,,,,,,,,,35020,29808,2798,68,346,415,1585,,,,,,,,,,,,,,,,,,,,,,,,,,,,,,,,,,,,,,,,,,,,,,,,,,,,,,,,,,,,,,,,,,,,,,,,,,,,,,,,,,,,,,,,,,,,,,,,,,,,,,,,,,,,,,,,,,,,,,,,,,,,,,,,,49200,45220,3980,1940,2040,40673,38340,2333,1398,935,4658,3779,879,342,537,118,75,43,0,43,1235,1185,50,50,0,2516,1841,675,150,525
ACSSF,2019e1,nc,000,0038,0000047,,,,,,,,,,,,,,,,,,,,,,,,,,,,,,,,,,,,15824,12787,1203,0,725,376,733,,,,,,,,,,,,,,,,,,,,,,,,,,,,,,,,,,,,,,,,,,,,,,,,,,,,,,,,,,,,,,,,,,,,,,,,,,,,,,,,,,,,,,,,,,,,,,,,,,,,,,,,,,,,,,,,,,,,,,,,,,,,,,,,,,,,,,,,,,,,,,,,,,,,,,,,,,,,,,
ACSSF,2019e1,nc,000,0038,0000048,,,,,,,,,,,,,,,,,,,,,,,,,,,,,,,,,,,,25487,22481,1660,0,241,70,1035,,,,,,,,,,,,,,,,,,,,,,,,,,,,,,,,,,,,,,,,,,,,,,,,,,,,,,,,,,,,,,,,,,,,,,,,,,,,,,,,,,,,,,,,,,,,,,,,,,,,,,,,,,,,,,,,,,,,,,,,,,,,,,,,,,,,,,,,,,,,,,,,,,,,,,,,,,,,,,
ACSSF,2019e1,nc,000,0038,0000049,,,,,,,,,,,,,,,,,,,,,,,,,,,,,,,,,,,,57765,45372,3316,0,585,667,7825,9050,5277,2527,0,0,579,667,83180,73037,10143,4576,5567,62914,56545,6369,3223,3146,7360,5056,2304,198,2106,0,0,0,0,0,761,761,0,0,0,2074,2074,0,0,0,10071,8601,1470,1155,315,,,,,,,,,,,,,,,,,,,,,,,,,,,,,,,,,,,,,,,,,,,,,,,,,,,,,,,,,83180,73037,10143,4576,5567,62914,56545,6369,3223,3146,7360,5056,2304,198,2106,0,0,0,0,0,2835,2835,0,0,0,10071,8601,1470,1155,315,83180,70077,13103,7437,5666,62914,54342,8572,5107,3465,7360,4863,2497,730,1767,0,0,0,0,0,2835,2079,756,756,0,10071,8793,1278,844,434
ACSSF,2019e1,nc,000,0038,0000050,,,,,,,,35440,23558,4858,1109,165,248,5502,,,,,,,,29051,19016,4918,168,230,227,4492,11621,9260,929,272,101,290,769,395383,321334,20347,1559,4333,4179,43631,69449,49235,11233,416,1035,917,6613,637887,535630,102257,43052,59205,506651,432296,74355,33186,41169,47998,35248,12750,4302,8448,4730,3219,1511,203,1308,6955,6198,757,165,592,7371,6100,1271,809,462,64182,52569,11613,4387,7226,637887,527269,61003,34965,26038,49615,40521,9094,506651,428293,42100,25428,16672,36258,29860,6398,47998,32438,10250,4799,5451,5310,4024,1286,4730,3827,380,201,179,523,333,190,6955,5819,751,521,230,385,128,257,7371,6015,814,406,408,542,448,94,64182,50877,6708,3610,3098,6597,5728,869,637887,535630,102257,43052,59205,506651,432296,74355,33186,41169,47998,35248,12750,4302,8448,4730,3219,1511,203,1308,14326,12298,2028,974,1054,64182,52569,11613,4387,7226,637887,527269,110618,75486,35132,506651,428293,78358,55288,23070,47998,32438,15560,8823,6737,4730,3827,903,534,369,14326,11834,2492,1503,989,64182,50877,13305,9338,3967
ACSSF,2019e1,nc,000,0038,0000051,,,,,,,,,,,,,,,,,,,,,,,,,,,,,,,,,,,,28779,25542,2317,0,146,236,538,,,,,,,,,,,,,,,,,,,,,,,,,,,,,,,,,,,,,,,,,,,,,,,,,,,,,,,,,,,,,,,,,,,,,,,,,,,,,,,,,,,,,,,,,,,,,,,,,,,,,,,,,,,,,,,,,,,,,,,,,,,,,,,,,49470,43099,6371,3259,3112,42107,37490,4617,2323,2294,5278,3990,1288,470,818,527,405,122,122,0,448,419,29,29,0,1110,795,315,315,0
ACSSF,2019e1,nc,000,0038,0000052,,,,,,,,,,,,,,,,,,,,,,,,,,,,,,,,,,,,20653,17178,1883,12,481,0,1099,,,,,,,,,,,,,,,,,,,,,,,,,,,,,,,,,,,,,,,,,,,,,,,,,,,,,,,,,,,,,,,,,,,,,,,,,,,,,,,,,,,,,,,,,,,,,,,,,,,,,,,,,,,,,,,,,,,,,,,,,,,,,,,,,,,,,,,,,,,,,,,,,,,,,,,,,,,,,,
ACSSF,2019e1,nc,000,0038,0000053,,,,,,,,,,,,,,,,,,,,,,,,,,,,,,,,,,,,22214,20047,851,0,177,54,1085,,,,,,,,,,,,,,,,,,,,,,,,,,,,,,,,,,,,,,,,,,,,,,,,,,,,,,,,,,,,,,,,,,,,,,,,,,,,,,,,,,,,,,,,,,,,,,,,,,,,,,,,,,,,,,,,,,,,,,,,,,,,,,,,,,,,,,,,,,,,,,,,,,,,,,,,,,,,,,
ACSSF,2019e1,nc,000,0038,0000054,,,,,,,,,,,,,,,,,,,,,,,,,,,,,,,,,,,,85284,72005,5348,302,2118,382,5129,,,,,,,,102342,94017,8325,3566,4759,84701,77819,6882,3284,3598,7295,6361,934,94,840,720,720,0,0,0,2245,2218,27,0,27,1070,1070,0,0,0,6311,5829,482,188,294,,,,,,,,,,,,,,,,,,,,,,,,,,,,,,,,,,,,,,,,,,,,,,,,,,,,,,,,,102342,94017,8325,3566,4759,84701,77819,6882,3284,3598,7295,6361,934,94,840,720,720,0,0,0,3315,3288,27,0,27,6311,5829,482,188,294,102342,92520,9822,5356,4466,84701,76829,7872,4386,3486,7295,6069,1226,613,613,720,587,133,133,0,3315,3245,70,70,0,6311,5790,521,154,367
ACSSF,2019e1,nc,000,0038,0000055,,,,,,,,,,,,,,,,,,,,,,,,,,,,,,,,,,,,62986,52318,2671,49,746,363,6839,,,,,,,,99810,81246,18564,8017,10547,80079,67455,12624,5570,7054,7494,4909,2585,511,2074,250,197,53,0,53,1343,1010,333,103,230,905,791,114,114,0,9739,6884,2855,1719,1136,99810,81440,6792,4055,2737,11578,10169,1409,80079,67813,4203,2670,1533,8063,7040,1023,7494,4026,2063,1187,876,1405,1279,126,250,197,0,0,0,53,0,53,1343,1074,269,39,230,0,0,0,905,835,0,0,0,70,70,0,9739,7495,257,159,98,1987,1780,207,99810,81246,18564,8017,10547,80079,67455,12624,5570,7054,7494,4909,2585,511,2074,250,197,53,0,53,2248,1801,447,217,230,9739,6884,2855,1719,1136,99810,81440,18370,14224,4146,80079,67813,12266,9710,2556,7494,4026,3468,2466,1002,250,197,53,0,53,2248,1909,339,109,230,9739,7495,2244,1939,305
ACSSF,2019e1,nc,000,0038,0000056,,,,,,,,34572,23877,4736,2244,1597,230,1888,,,,,,,,32707,19029,7285,867,99,431,4996,15120,11985,1641,479,476,0,539,349262,291738,18326,6682,4484,3853,24179,70010,45226,15194,2677,697,1004,5212,647768,537657,110111,45524,64587,510841,437301,73540,36344,37196,51116,31389,19727,4359,15368,19207,14546,4661,2103,2558,9963,7912,2051,296,1755,8861,7300,1561,652,909,47780,39209,8571,1770,6801,647768,535470,64393,30238,34155,47905,34114,13791,510841,437932,40299,22271,18028,32610,24144,8466,51116,29446,14893,4589,10304,6777,3794,2983,19207,14619,2401,1017,1384,2187,1970,217,9963,7578,406,213,193,1979,1130,849,8861,7144,1037,531,506,680,501,179,47780,38751,5357,1617,3740,3672,2575,1097,647768,537657,110111,45524,64587,510841,437301,73540,36344,37196,51116,31389,19727,4359,15368,19207,14546,4661,2103,2558,18824,15212,3612,948,2664,47780,39209,8571,1770,6801,647768,535470,112298,64352,47946,510841,437932,72909,46415,26494,51116,29446,21670,8383,13287,19207,14619,4588,2987,1601,18824,14722,4102,2375,1727,47780,38751,9029,4192,4837
ACSSF,2019e1,nc,000,0038,0000057,,,,,,,,,,,,,,,,,,,,,,,,,,,,,,,,,,,,35277,31181,2144,117,81,50,1704,,,,,,,,,,,,,,,,,,,,,,,,,,,,,,,,,,,,,,,,,,,,,,,,,,,,,,,,,,,,,,,,,,,,,,,,,,,,,,,,,,,,,,,,,,,,,,,,,,,,,,,,,,,,,,,,,,,,,,,,,,,,,,,,,,,,,,,,,,,,,,,,,,,,,,,,,,,,,,
ACSSF,2019e1,nc,000,0038,0000058,,,,,,,,11999,9003,1567,707,167,81,474,,,,,,,,,,,,,,,,,,,,,,94381,78638,5269,1218,1424,1376,6456,,,,,,,,178089,148863,29226,13590,15636,143807,120227,23580,11610,11970,12786,9280,3506,1329,2177,5586,4952,634,46,588,3159,2836,323,214,109,2100,1838,262,0,262,10651,9730,921,391,530,178089,150202,13367,6567,6800,14520,11986,2534,143807,121966,10634,5076,5558,11207,9108,2099,12786,9020,2145,993,1152,1621,1271,350,5586,4454,498,498,0,634,588,46,3159,2946,0,0,0,213,174,39,2100,1949,0,0,0,151,151,0,10651,9867,90,0,90,694,694,0,178089,148863,29226,13590,15636,143807,120227,23580,11610,11970,12786,9280,3506,1329,2177,5586,4952,634,46,588,5259,4674,585,214,371,10651,9730,921,391,530,178089,150202,27887,18553,9334,143807,121966,21841,14184,7657,12786,9020,3766,2264,1502,5586,4454,1132,1086,46,5259,4895,364,325,39,10651,9867,784,694,90
ACSSF,2019e1,nc,000,0038,0000059,,,,,,,,,,,,,,,,,,,,,,,,,,,,,,,,,,,,75282,63449,5757,0,4480,343,1253,17972,13776,1956,0,1182,913,145,147992,136058,11934,6958,4976,121814,112212,9602,5829,3773,11976,11068,908,425,483,646,476,170,49,121,8128,7669,459,238,221,2803,2138,665,287,378,2625,2495,130,130,0,147992,128962,12159,8327,3832,6871,5027,1844,121814,106841,8767,6063,2704,6206,4407,1799,11976,10192,1603,965,638,181,181,0,646,597,0,0,0,49,49,0,8128,7250,547,413,134,331,331,0,2803,1624,1097,814,283,82,37,45,2625,2458,145,72,73,22,22,0,147992,136058,11934,6958,4976,121814,112212,9602,5829,3773,11976,11068,908,425,483,646,476,170,49,121,10931,9807,1124,525,599,2625,2495,130,130,0,147992,128962,19030,13354,5676,121814,106841,14973,10470,4503,11976,10192,1784,1146,638,646,597,49,49,0,10931,8874,2057,1595,462,2625,2458,167,94,73
ACSSF,2019e1,nc,000,0038,0000060,,,,,,,,,,,,,,,,,,,,,,,,,,,,,,,,,,,,,,,,,,,,,,,,,,,,,,,,,,,,,,,,,,,,,,,,,,,,,,,,,,,,,,,,,,,,,,,,,,,,,,,,,,,,,,,,,,,,,,,,,,,,,,,,,,,,,,,,,,,,,,,,,,,,,,,,,,,,,,,,,,,,,,,,,,,,,,,,,,,,,,,,,,,,,,,,,,,,,,,,
ACSSF,2019e1,nc,000,0038,0000061,,,,,,,,,,,,,,,,,,,,,,,,,,,,,,,,,,,,104629,89257,6161,1103,1817,1495,4796,,,,,,,,191908,164189,27719,14560,13159,154202,134863,19339,11439,7900,17305,11526,5779,2319,3460,5104,4618,486,0,486,3923,3740,183,34,149,3587,3125,462,46,416,7787,6317,1470,722,748,191908,164404,12488,7894,4594,15016,9076,5940,154202,134344,8374,5469,2905,11484,7429,4055,17305,11380,3622,2184,1438,2303,539,1764,5104,4976,59,0,59,69,0,69,3923,3646,28,28,0,249,197,52,3587,3068,124,77,47,395,395,0,7787,6990,281,136,145,516,516,0,191908,164189,27719,14560,13159,154202,134863,19339,11439,7900,17305,11526,5779,2319,3460,5104,4618,486,0,486,7510,6865,645,80,565,7787,6317,1470,722,748,191908,164404,27504,16970,10534,154202,134344,19858,12898,6960,17305,11380,5925,2723,3202,5104,4976,128,0,128,7510,6714,796,697,99,7787,6990,797,652,145
ACSSF,2019e1,nc,000,0038,0000062,,,,,,,,,,,,,,,,,,,,,,,,,,,,,,,,,,,,33889,29683,1704,273,112,285,1832,,,,,,,,,,,,,,,,,,,,,,,,,,,,,,,,,,,,,,,,,,,,,,,,,,,,,,,,,,,,,,,,,,,,,,,,,,,,,,,,,,,,,,,,,,,,,,,,,,,,,,,,,,,,,,,,,,,,,,,,,,,,,,,,,,,,,,,,,,,,,,,,,,,,,,,,,,,,,,
ACSSF,2019e1,nc,000,0038,0000063,,,,,,,,,,,,,,,,,,,,,,,,,,,,,,,,,,,,40772,36188,2045,25,1064,356,1094,,,,,,,,,,,,,,,,,,,,,,,,,,,,,,,,,,,,,,,,,,,,,,,,,,,,,,,,,,,,,,,,,,,,,,,,,,,,,,,,,,,,,,,,,,,,,,,,,,,,,,,,,,,,,,,,,,,,,,,,,,,,,,,,,65224,58079,7145,3354,3791,55925,49860,6065,2715,3350,5474,4682,792,351,441,297,297,0,0,0,2005,1791,214,214,0,1523,1449,74,74,0
ACSSF,2019e1,nc,000,0038,0000064,,,,,,,,,,,,,,,,,,,,,,,,,,,,,,,,,,,,50932,37055,6967,0,4495,1052,1363,11426,7013,2564,0,1425,248,176,,,,,,,,,,,,,,,,,,,,,,,,,,,,,,,,,,,,,,,,,,,,,,,,,,,,,,,,,,,,,,,,,,,,,,,,,,,,,,,,,,,,,,,,,,,,,,,,,,,,,,,,,,,,,,,,,,,,,,,,,,79133,69266,9867,7870,1997,54979,49561,5418,4551,867,13517,11073,2444,1634,810,47,47,0,0,0,8674,6837,1837,1538,299,1916,1748,168,147,21
ACSSF,2019e1,nc,000,0038,0000065,,,,,,,,14481,10341,2091,1018,165,94,772,,,,,,,,15483,9312,2649,168,0,0,3354,6806,5301,522,93,101,290,499,207940,174851,10014,1276,2485,2779,16535,33948,24178,4869,380,306,272,3943,339593,288154,51439,21630,29809,278091,240626,37465,17112,20353,23207,16550,6657,2252,4405,3981,2561,1420,203,1217,3613,3281,332,62,270,4388,3984,404,404,0,26313,21152,5161,1597,3564,339593,284143,32059,16598,15461,23391,18592,4799,278091,237678,22724,12675,10049,17689,14535,3154,23207,15715,4616,1787,2829,2876,2105,771,3981,3169,380,201,179,432,295,137,3613,3186,200,200,0,227,62,165,4388,4004,169,88,81,215,121,94,26313,20391,3970,1647,2323,1952,1474,478,339593,288154,51439,21630,29809,278091,240626,37465,17112,20353,23207,16550,6657,2252,4405,3981,2561,1420,203,1217,8001,7265,736,466,270,26313,21152,5161,1597,3564,339593,284143,55450,35190,20260,278091,237678,40413,27210,13203,23207,15715,7492,3892,3600,3981,3169,812,496,316,8001,7190,811,471,340,26313,20391,5922,3121,2801
ACSSF,2019e1,nc,000,0038,0000066,,,,,,,,,,,,,,,,,,,,,,,,,,,,,,,,,,,,77631,65525,5238,100,1297,736,4735,,,,,,,,102222,95433,6789,2546,4243,83341,79503,3838,1906,1932,8821,6879,1942,320,1622,734,300,434,0,434,2210,2025,185,185,0,1603,1603,0,0,0,5513,5123,390,135,255,,,,,,,,,,,,,,,,,,,,,,,,,,,,,,,,,,,,,,,,,,,,,,,,,,,,,,,,,102222,95433,6789,2546,4243,83341,79503,3838,1906,1932,8821,6879,1942,320,1622,734,300,434,0,434,3813,3628,185,185,0,5513,5123,390,135,255,102222,94080,8142,4308,3834,83341,78826,4515,2496,2019,8821,6521,2300,1280,1020,734,300,434,0,434,3813,3417,396,256,140,5513,5016,497,276,221
ACSSF,2019e1,nc,000,0038,0000067,,,,,,,,,,,,,,,,,,,,,,,,,,,,,,,,,,,,91462,82509,4044,428,1039,365,3077,15237,10491,2746,275,1003,165,557,148983,133911,15072,6694,8378,125793,114281,11512,4899,6613,10315,7376,2939,1389,1550,2475,2105,370,328,42,3310,3193,117,25,92,1944,1944,0,0,0,5146,5012,134,53,81,148983,130265,13254,7602,5652,5464,3521,1943,125793,112585,9565,5319,4246,3643,2639,1004,10315,7304,2071,949,1122,940,241,699,2475,2113,205,205,0,157,0,157,3310,2138,929,929,0,243,212,31,1944,1474,70,0,70,400,400,0,5146,4651,414,200,214,81,29,52,148983,133911,15072,6694,8378,125793,114281,11512,4899,6613,10315,7376,2939,1389,1550,2475,2105,370,328,42,5254,5137,117,25,92,5146,5012,134,53,81,148983,130265,18718,11123,7595,125793,112585,13208,7958,5250,10315,7304,3011,1190,1821,2475,2113,362,205,157,5254,3612,1642,1541,101,5146,4651,495,229,266
ACSSF,2019e1,nc,000,0038,0000068,,,,,,,,,,,,,,,,,,,,,,,,,,,,,,,,,,,,85284,72005,5348,302,2118,382,5129,,,,,,,,102342,94017,8325,3566,4759,84701,77819,6882,3284,3598,7295,6361,934,94,840,720,720,0,0,0,2245,2218,27,0,27,1070,1070,0,0,0,6311,5829,482,188,294,,,,,,,,,,,,,,,,,,,,,,,,,,,,,,,,,,,,,,,,,,,,,,,,,,,,,,,,,102342,94017,8325,3566,4759,84701,77819,6882,3284,3598,7295,6361,934,94,840,720,720,0,0,0,3315,3288,27,0,27,6311,5829,482,188,294,102342,92520,9822,5356,4466,84701,76829,7872,4386,3486,7295,6069,1226,613,613,720,587,133,133,0,3315,3245,70,70,0,6311,5790,521,154,367
ACSSF,2019e1,nc,000,0038,0000069,,,,,,,,34572,23877,4736,2244,1597,230,1888,,,,,,,,32707,19029,7285,867,99,431,4996,15120,11985,1641,479,476,0,539,349262,291738,18326,6682,4484,3853,24179,70010,45226,15194,2677,697,1004,5212,647768,537657,110111,45524,64587,510841,437301,73540,36344,37196,51116,31389,19727,4359,15368,19207,14546,4661,2103,2558,9963,7912,2051,296,1755,8861,7300,1561,652,909,47780,39209,8571,1770,6801,647768,535470,64393,30238,34155,47905,34114,13791,510841,437932,40299,22271,18028,32610,24144,8466,51116,29446,14893,4589,10304,6777,3794,2983,19207,14619,2401,1017,1384,2187,1970,217,9963,7578,406,213,193,1979,1130,849,8861,7144,1037,531,506,680,501,179,47780,38751,5357,1617,3740,3672,2575,1097,647768,537657,110111,45524,64587,510841,437301,73540,36344,37196,51116,31389,19727,4359,15368,19207,14546,4661,2103,2558,18824,15212,3612,948,2664,47780,39209,8571,1770,6801,647768,535470,112298,64352,47946,510841,437932,72909,46415,26494,51116,29446,21670,8383,13287,19207,14619,4588,2987,1601,18824,14722,4102,2375,1727,47780,38751,9029,4192,4837
ACSSF,2019e1,nc,000,0038,0000070,,,,,,,,,,,,,,,,,,,,,,,,,,,,,,,,,,,,35277,31181,2144,117,81,50,1704,,,,,,,,,,,,,,,,,,,,,,,,,,,,,,,,,,,,,,,,,,,,,,,,,,,,,,,,,,,,,,,,,,,,,,,,,,,,,,,,,,,,,,,,,,,,,,,,,,,,,,,,,,,,,,,,,,,,,,,,,,,,,,,,,,,,,,,,,,,,,,,,,,,,,,,,,,,,,,
ACSSF,2019e1,nc,000,0038,0000071,,,,,,,,,,,,,,,,,,,,,,,,,,,,,,,,,,,,,,,,,,,,,,,,,,,,,,,,,,,,,,,,,,,,,,,,,,,,,,,,,,,,,,,,,,,,,,,,,,,,,,,,,,,,,,,,,,,,,,,,,,,,,,,,,,,,,,,,,,,,,,,,,,,,,,,,,,,,,,,,,,,,,,,,,,,,,,,,,,,,,,,,,,,,,,,,,,,,,,,,
ACSSF,2019e1,nc,000,0038,0000072,,,,,,,,11971,9003,1539,707,167,81,474,,,,,,,,,,,,,,,,,,,,,,93539,78437,4736,1218,1424,1268,6456,,,,,,,,176372,147674,28698,13590,15108,142759,119679,23080,11610,11470,12225,8747,3478,1329,2149,5586,4952,634,46,588,3159,2836,323,214,109,1992,1730,262,0,262,10651,9730,921,391,530,176372,149013,12867,6567,6300,14492,11958,2534,142759,121418,10134,5076,5058,11207,9108,2099,12225,8487,2145,993,1152,1593,1243,350,5586,4454,498,498,0,634,588,46,3159,2946,0,0,0,213,174,39,1992,1841,0,0,0,151,151,0,10651,9867,90,0,90,694,694,0,176372,147674,28698,13590,15108,142759,119679,23080,11610,11470,12225,8747,3478,1329,2149,5586,4952,634,46,588,5151,4566,585,214,371,10651,9730,921,391,530,176372,149013,27359,18525,8834,142759,121418,21341,14184,7157,12225,8487,3738,2236,1502,5586,4454,1132,1086,46,5151,4787,364,325,39,10651,9867,784,694,90
ACSSF,2019e1,nc,000,0038,0000073,,,,,,,,,,,,,,,,,,,,,,,,,,,,,,,,,,,,75282,63449,5757,0,4480,343,1253,17972,13776,1956,0,1182,913,145,147992,136058,11934,6958,4976,121814,112212,9602,5829,3773,11976,11068,908,425,483,646,476,170,49,121,8128,7669,459,238,221,2803,2138,665,287,378,2625,2495,130,130,0,147992,128962,12159,8327,3832,6871,5027,1844,121814,106841,8767,6063,2704,6206,4407,1799,11976,10192,1603,965,638,181,181,0,646,597,0,0,0,49,49,0,8128,7250,547,413,134,331,331,0,2803,1624,1097,814,283,82,37,45,2625,2458,145,72,73,22,22,0,147992,136058,11934,6958,4976,121814,112212,9602,5829,3773,11976,11068,908,425,483,646,476,170,49,121,10931,9807,1124,525,599,2625,2495,130,130,0,147992,128962,19030,13354,5676,121814,106841,14973,10470,4503,11976,10192,1784,1146,638,646,597,49,49,0,10931,8874,2057,1595,462,2625,2458,167,94,73
ACSSF,2019e1,nc,000,0038,0000074,,,,,,,,,,,,,,,,,,,,,,,,,,,,,,,,,,,,104629,89257,6161,1103,1817,1495,4796,,,,,,,,191908,164189,27719,14560,13159,154202,134863,19339,11439,7900,17305,11526,5779,2319,3460,5104,4618,486,0,486,3923,3740,183,34,149,3587,3125,462,46,416,7787,6317,1470,722,748,191908,164404,12488,7894,4594,15016,9076,5940,154202,134344,8374,5469,2905,11484,7429,4055,17305,11380,3622,2184,1438,2303,539,1764,5104,4976,59,0,59,69,0,69,3923,3646,28,28,0,249,197,52,3587,3068,124,77,47,395,395,0,7787,6990,281,136,145,516,516,0,191908,164189,27719,14560,13159,154202,134863,19339,11439,7900,17305,11526,5779,2319,3460,5104,4618,486,0,486,7510,6865,645,80,565,7787,6317,1470,722,748,191908,164404,27504,16970,10534,154202,134344,19858,12898,6960,17305,11380,5925,2723,3202,5104,4976,128,0,128,7510,6714,796,697,99,7787,6990,797,652,145
ACSSF,2019e1,nc,000,0038,0000075,,,,,,,,,,,,,,,,,,,,,,,,,,,,,,,,,,,,40459,35875,2045,25,1064,356,1094,,,,,,,,,,,,,,,,,,,,,,,,,,,,,,,,,,,,,,,,,,,,,,,,,,,,,,,,,,,,,,,,,,,,,,,,,,,,,,,,,,,,,,,,,,,,,,,,,,,,,,,,,,,,,,,,,,,,,,,,,,,,,,,,,64405,57260,7145,3354,3791,55106,49041,6065,2715,3350,5474,4682,792,351,441,297,297,0,0,0,2005,1791,214,214,0,1523,1449,74,74,0
ACSSF,2019e1,nc,000,0038,0000076,,,,,,,,,,,,,,,,,,,,,,,,,,,,,,,,,,,,33889,29683,1704,273,112,285,1832,,,,,,,,,,,,,,,,,,,,,,,,,,,,,,,,,,,,,,,,,,,,,,,,,,,,,,,,,,,,,,,,,,,,,,,,,,,,,,,,,,,,,,,,,,,,,,,,,,,,,,,,,,,,,,,,,,,,,,,,,,,,,,,,,,,,,,,,,,,,,,,,,,,,,,,,,,,,,,
ACSSF,2019e1,nc,000,0038,0000077,,,,,,,,,,,,,,,,,,,,,,,,,,,,,,,,,,,,50932,37055,6967,0,4495,1052,1363,11426,7013,2564,0,1425,248,176,,,,,,,,,,,,,,,,,,,,,,,,,,,,,,,,,,,,,,,,,,,,,,,,,,,,,,,,,,,,,,,,,,,,,,,,,,,,,,,,,,,,,,,,,,,,,,,,,,,,,,,,,,,,,,,,,,,,,,,,,,79133,69266,9867,7870,1997,54979,49561,5418,4551,867,13517,11073,2444,1634,810,47,47,0,0,0,8674,6837,1837,1538,299,1916,1748,168,147,21
ACSSF,2019e1,nc,000,0038,0000078,,,,,,,,,,,,,,,,,,,,,,,,,,,,,,,,,,,,62613,51991,2671,49,746,363,6793,,,,,,,,99437,80873,18564,8017,10547,79752,67128,12624,5570,7054,7494,4909,2585,511,2074,250,197,53,0,53,1343,1010,333,103,230,905,791,114,114,0,9693,6838,2855,1719,1136,99437,81067,6792,4055,2737,11578,10169,1409,79752,67486,4203,2670,1533,8063,7040,1023,7494,4026,2063,1187,876,1405,1279,126,250,197,0,0,0,53,0,53,1343,1074,269,39,230,0,0,0,905,835,0,0,0,70,70,0,9693,7449,257,159,98,1987,1780,207,99437,80873,18564,8017,10547,79752,67128,12624,5570,7054,7494,4909,2585,511,2074,250,197,53,0,53,2248,1801,447,217,230,9693,6838,2855,1719,1136,99437,81067,18370,14224,4146,79752,67486,12266,9710,2556,7494,4026,3468,2466,1002,250,197,53,0,53,2248,1909,339,109,230,9693,7449,2244,1939,305
ACSSF,2019e1,nc,000,0038,0000079,,,,,,,,14481,10341,2091,1018,165,94,772,,,,,,,,15483,9312,2649,168,0,0,3354,6806,5301,522,93,101,290,499,207675,174586,10014,1276,2485,2779,16535,33579,23942,4736,380,306,272,3943,338753,287683,51070,21630,29440,277384,240155,37229,17112,20117,23074,16550,6524,2252,4272,3981,2561,1420,203,1217,3613,3281,332,62,270,4388,3984,404,404,0,26313,21152,5161,1597,3564,338753,283672,31690,16598,15092,23391,18592,4799,277384,237207,22488,12675,9813,17689,14535,3154,23074,15715,4483,1787,2696,2876,2105,771,3981,3169,380,201,179,432,295,137,3613,3186,200,200,0,227,62,165,4388,4004,169,88,81,215,121,94,26313,20391,3970,1647,2323,1952,1474,478,338753,287683,51070,21630,29440,277384,240155,37229,17112,20117,23074,16550,6524,2252,4272,3981,2561,1420,203,1217,8001,7265,736,466,270,26313,21152,5161,1597,3564,338753,283672,55081,35190,19891,277384,237207,40177,27210,12967,23074,15715,7359,3892,3467,3981,3169,812,496,316,8001,7190,811,471,340,26313,20391,5922,3121,2801
ACSSF,2019e1,nc,000,0038,0000080,,,,,,,,,,,,,,,,,,,,,,,,,,,,,,,,,,,,77631,65525,5238,100,1297,736,4735,,,,,,,,102222,95433,6789,2546,4243,83341,79503,3838,1906,1932,8821,6879,1942,320,1622,734,300,434,0,434,2210,2025,185,185,0,1603,1603,0,0,0,5513,5123,390,135,255,,,,,,,,,,,,,,,,,,,,,,,,,,,,,,,,,,,,,,,,,,,,,,,,,,,,,,,,,102222,95433,6789,2546,4243,83341,79503,3838,1906,1932,8821,6879,1942,320,1622,734,300,434,0,434,3813,3628,185,185,0,5513,5123,390,135,255,102222,94080,8142,4308,3834,83341,78826,4515,2496,2019,8821,6521,2300,1280,1020,734,300,434,0,434,3813,3417,396,256,140,5513,5016,497,276,221
ACSSF,2019e1,nc,000,0038,0000081,,,,,,,,,,,,,,,,,,,,,,,,,,,,,,,,,,,,91462,82509,4044,428,1039,365,3077,15237,10491,2746,275,1003,165,557,148983,133911,15072,6694,8378,125793,114281,11512,4899,6613,10315,7376,2939,1389,1550,2475,2105,370,328,42,3310,3193,117,25,92,1944,1944,0,0,0,5146,5012,134,53,81,148983,130265,13254,7602,5652,5464,3521,1943,125793,112585,9565,5319,4246,3643,2639,1004,10315,7304,2071,949,1122,940,241,699,2475,2113,205,205,0,157,0,157,3310,2138,929,929,0,243,212,31,1944,1474,70,0,70,400,400,0,5146,4651,414,200,214,81,29,52,148983,133911,15072,6694,8378,125793,114281,11512,4899,6613,10315,7376,2939,1389,1550,2475,2105,370,328,42,5254,5137,117,25,92,5146,5012,134,53,81,148983,130265,18718,11123,7595,125793,112585,13208,7958,5250,10315,7304,3011,1190,1821,2475,2113,362,205,157,5254,3612,1642,1541,101,5146,4651,495,229,266
ACSSF,2019e1,nc,000,0038,0000082,,,,,,,,,,,,,,,,,,,,,,,,,,,,,,,,,,,,,,,,,,,,,,,,,,,,,,,,,,,,,,,,,,,,,,,,,,,,,,,,,,,,,,,,,,,,,,,,,,,,,,,,,,,,,,,,,,,,,,,,,,,,,,,,,,,,,,,,,,,,,,,,,,,,,,,,,,,,,,,,,,,,,,,,,,,,,,,,,,,,,,,,,,,,,,,,,,,,,,,,
ACSSF,2019e1,nc,000,0038,0000083,,,,,,,,,,,,,,,,,,,,,,,,,,,,,,,,,,,,,,,,,,,,,,,,,,,,,,,,,,,,,,,,,,,,,,,,,,,,,,,,,,,,,,,,,,,,,,,,,,,,,,,,,,,,,,,,,,,,,,,,,,,,,,,,,,,,,,,,,,,,,,,,,,,,,,,,,,,,,,,,,,,,,,,,,,,,,,,,,,,,,,,,,,,,,,,,,,,,,,,,
ACSSF,2019e1,nc,000,0038,0000084,,,,,,,,,,,,,,,,,,,,,,,,,,,,,,,,,,,,,,,,,,,,,,,,,,,,,,,,,,,,,,,,,,,,,,,,,,,,,,,,,,,,,,,,,,,,,,,,,,,,,,,,,,,,,,,,,,,,,,,,,,,,,,,,,,,,,,,,,,,,,,,,,,,,,,,,,,,,,,,,,,,,,,,,,,,,,,,,,,,,,,,,,,,,,,,,,,,,,,,,
ACSSF,2019e1,nc,000,0038,0000085,,,,,,,,,,,,,,,,,,,,,,,,,,,,,,,,,,,,,,,,,,,,,,,,,,,,,,,,,,,,,,,,,,,,,,,,,,,,,,,,,,,,,,,,,,,,,,,,,,,,,,,,,,,,,,,,,,,,,,,,,,,,,,,,,,,,,,,,,,,,,,,,,,,,,,,,,,,,,,,,,,,,,,,,,,,,,,,,,,,,,,,,,,,,,,,,,,,,,,,,
ACSSF,2019e1,nc,000,0038,0000086,,,,,,,,,,,,,,,,,,,,,,,,,,,,,,,,,,,,,,,,,,,,,,,,,,,,,,,,,,,,,,,,,,,,,,,,,,,,,,,,,,,,,,,,,,,,,,,,,,,,,,,,,,,,,,,,,,,,,,,,,,,,,,,,,,,,,,,,,,,,,,,,,,,,,,,,,,,,,,,,,,,,,,,,,,,,,,,,,,,,,,,,,,,,,,,,,,,,,,,,
ACSSF,2019e1,nc,000,0038,0000087,,,,,,,,,,,,,,,,,,,,,,,,,,,,,,,,,,,,,,,,,,,,,,,,,,,,,,,,,,,,,,,,,,,,,,,,,,,,,,,,,,,,,,,,,,,,,,,,,,,,,,,,,,,,,,,,,,,,,,,,,,,,,,,,,,,,,,,,,,,,,,,,,,,,,,,,,,,,,,,,,,,,,,,,,,,,,,,,,,,,,,,,,,,,,,,,,,,,,,,,
ACSSF,2019e1,nc,000,0038,0000088,,,,,,,,,,,,,,,,,,,,,,,,,,,,,,,,,,,,,,,,,,,,,,,,,,,,,,,,,,,,,,,,,,,,,,,,,,,,,,,,,,,,,,,,,,,,,,,,,,,,,,,,,,,,,,,,,,,,,,,,,,,,,,,,,,,,,,,,,,,,,,,,,,,,,,,,,,,,,,,,,,,,,,,,,,,,,,,,,,,,,,,,,,,,,,,,,,,,,,,,
ACSSF,2019e1,nc,000,0038,0000089,,,,,,,,,,,,,,,,,,,,,,,,,,,,,,,,,,,,,,,,,,,,,,,,,,,,,,,,,,,,,,,,,,,,,,,,,,,,,,,,,,,,,,,,,,,,,,,,,,,,,,,,,,,,,,,,,,,,,,,,,,,,,,,,,,,,,,,,,,,,,,,,,,,,,,,,,,,,,,,,,,,,,,,,,,,,,,,,,,,,,,,,,,,,,,,,,,,,,,,,
ACSSF,2019e1,nc,000,0038,0000090,,,,,,,,,,,,,,,,,,,,,,,,,,,,,,,,,,,,,,,,,,,,,,,,,,,,,,,,,,,,,,,,,,,,,,,,,,,,,,,,,,,,,,,,,,,,,,,,,,,,,,,,,,,,,,,,,,,,,,,,,,,,,,,,,,,,,,,,,,,,,,,,,,,,,,,,,,,,,,,,,,,,,,,,,,,,,,,,,,,,,,,,,,,,,,,,,,,,,,,,
ACSSF,2019e1,nc,000,0038,0000091,,,,,,,,,,,,,,,,,,,,,,,,,,,,,,,,,,,,,,,,,,,,,,,,,,,,,,,,,,,,,,,,,,,,,,,,,,,,,,,,,,,,,,,,,,,,,,,,,,,,,,,,,,,,,,,,,,,,,,,,,,,,,,,,,,,,,,,,,,,,,,,,,,,,,,,,,,,,,,,,,,,,,,,,,,,,,,,,,,,,,,,,,,,,,,,,,,,,,,,,
ACSSF,2019e1,nc,000,0038,0000092,,,,,,,,,,,,,,,,,,,,,,,,,,,,,,,,,,,,,,,,,,,,,,,,,,,,,,,,,,,,,,,,,,,,,,,,,,,,,,,,,,,,,,,,,,,,,,,,,,,,,,,,,,,,,,,,,,,,,,,,,,,,,,,,,,,,,,,,,,,,,,,,,,,,,,,,,,,,,,,,,,,,,,,,,,,,,,,,,,,,,,,,,,,,,,,,,,,,,,,,
ACSSF,2019e1,nc,000,0038,0000093,,,,,,,,,,,,,,,,,,,,,,,,,,,,,,,,,,,,,,,,,,,,,,,,,,,,,,,,,,,,,,,,,,,,,,,,,,,,,,,,,,,,,,,,,,,,,,,,,,,,,,,,,,,,,,,,,,,,,,,,,,,,,,,,,,,,,,,,,,,,,,,,,,,,,,,,,,,,,,,,,,,,,,,,,,,,,,,,,,,,,,,,,,,,,,,,,,,,,,,,
ACSSF,2019e1,nc,000,0038,0000094,,,,,,,,,,,,,,,,,,,,,,,,,,,,,,,,,,,,,,,,,,,,,,,,,,,,,,,,,,,,,,,,,,,,,,,,,,,,,,,,,,,,,,,,,,,,,,,,,,,,,,,,,,,,,,,,,,,,,,,,,,,,,,,,,,,,,,,,,,,,,,,,,,,,,,,,,,,,,,,,,,,,,,,,,,,,,,,,,,,,,,,,,,,,,,,,,,,,,,,,
ACSSF,2019e1,nc,000,0038,0000095,,,,,,,,,,,,,,,,,,,,,,,,,,,,,,,,,,,,,,,,,,,,,,,,,,,,,,,,,,,,,,,,,,,,,,,,,,,,,,,,,,,,,,,,,,,,,,,,,,,,,,,,,,,,,,,,,,,,,,,,,,,,,,,,,,,,,,,,,,,,,,,,,,,,,,,,,,,,,,,,,,,,,,,,,,,,,,,,,,,,,,,,,,,,,,,,,,,,,,,,
ACSSF,2019e1,nc,000,0038,0000096,,,,,,,,,,,,,,,,,,,,,,,,,,,,,,,,,,,,,,,,,,,,,,,,,,,,,,,,,,,,,,,,,,,,,,,,,,,,,,,,,,,,,,,,,,,,,,,,,,,,,,,,,,,,,,,,,,,,,,,,,,,,,,,,,,,,,,,,,,,,,,,,,,,,,,,,,,,,,,,,,,,,,,,,,,,,,,,,,,,,,,,,,,,,,,,,,,,,,,,,
ACSSF,2019e1,nc,000,0038,0000097,,,,,,,,,,,,,,,,,,,,,,,,,,,,,,,,,,,,,,,,,,,,,,,,,,,,,,,,,,,,,,,,,,,,,,,,,,,,,,,,,,,,,,,,,,,,,,,,,,,,,,,,,,,,,,,,,,,,,,,,,,,,,,,,,,,,,,,,,,,,,,,,,,,,,,,,,,,,,,,,,,,,,,,,,,,,,,,,,,,,,,,,,,,,,,,,,,,,,,,,
ACSSF,2019e1,nc,000,0038,0000098,,,,,,,,,,,,,,,,,,,,,,,,,,,,,,,,,,,,,,,,,,,,,,,,,,,,,,,,,,,,,,,,,,,,,,,,,,,,,,,,,,,,,,,,,,,,,,,,,,,,,,,,,,,,,,,,,,,,,,,,,,,,,,,,,,,,,,,,,,,,,,,,,,,,,,,,,,,,,,,,,,,,,,,,,,,,,,,,,,,,,,,,,,,,,,,,,,,,,,,,
ACSSF,2019e1,nc,000,0038,0000099,,,,,,,,,,,,,,,,,,,,,,,,,,,,,,,,,,,,,,,,,,,,,,,,,,,,,,,,,,,,,,,,,,,,,,,,,,,,,,,,,,,,,,,,,,,,,,,,,,,,,,,,,,,,,,,,,,,,,,,,,,,,,,,,,,,,,,,,,,,,,,,,,,,,,,,,,,,,,,,,,,,,,,,,,,,,,,,,,,,,,,,,,,,,,,,,,,,,,,,,
ACSSF,2019e1,nc,000,0038,0000100,,,,,,,,,,,,,,,,,,,,,,,,,,,,,,,,,,,,,,,,,,,,,,,,,,,,,,,,,,,,,,,,,,,,,,,,,,,,,,,,,,,,,,,,,,,,,,,,,,,,,,,,,,,,,,,,,,,,,,,,,,,,,,,,,,,,,,,,,,,,,,,,,,,,,,,,,,,,,,,,,,,,,,,,,,,,,,,,,,,,,,,,,,,,,,,,,,,,,,,,
ACSSF,2019e1,nc,000,0038,0000101,,,,,,,,,,,,,,,,,,,,,,,,,,,,,,,,,,,,,,,,,,,,,,,,,,,,,,,,,,,,,,,,,,,,,,,,,,,,,,,,,,,,,,,,,,,,,,,,,,,,,,,,,,,,,,,,,,,,,,,,,,,,,,,,,,,,,,,,,,,,,,,,,,,,,,,,,,,,,,,,,,,,,,,,,,,,,,,,,,,,,,,,,,,,,,,,,,,,,,,,
ACSSF,2019e1,nc,000,0038,0000102,,,,,,,,,,,,,,,,,,,,,,,,,,,,,,,,,,,,,,,,,,,,,,,,,,,,,,,,,,,,,,,,,,,,,,,,,,,,,,,,,,,,,,,,,,,,,,,,,,,,,,,,,,,,,,,,,,,,,,,,,,,,,,,,,,,,,,,,,,,,,,,,,,,,,,,,,,,,,,,,,,,,,,,,,,,,,,,,,,,,,,,,,,,,,,,,,,,,,,,,
ACSSF,2019e1,nc,000,0038,0000103,,,,,,,,,,,,,,,,,,,,,,,,,,,,,,,,,,,,,,,,,,,,,,,,,,,,,,,,,,,,,,,,,,,,,,,,,,,,,,,,,,,,,,,,,,,,,,,,,,,,,,,,,,,,,,,,,,,,,,,,,,,,,,,,,,,,,,,,,,,,,,,,,,,,,,,,,,,,,,,,,,,,,,,,,,,,,,,,,,,,,,,,,,,,,,,,,,,,,,,,
ACSSF,2019e1,nc,000,0038,0000104,,,,,,,,,,,,,,,,,,,,,,,,,,,,,,,,,,,,,,,,,,,,,,,,,,,,,,,,,,,,,,,,,,,,,,,,,,,,,,,,,,,,,,,,,,,,,,,,,,,,,,,,,,,,,,,,,,,,,,,,,,,,,,,,,,,,,,,,,,,,,,,,,,,,,,,,,,,,,,,,,,,,,,,,,,,,,,,,,,,,,,,,,,,,,,,,,,,,,,,,
ACSSF,2019e1,nc,000,0038,0000105,,,,,,,,,,,,,,,,,,,,,,,,,,,,,,,,,,,,,,,,,,,,,,,,,,,,,,,,,,,,,,,,,,,,,,,,,,,,,,,,,,,,,,,,,,,,,,,,,,,,,,,,,,,,,,,,,,,,,,,,,,,,,,,,,,,,,,,,,,,,,,,,,,,,,,,,,,,,,,,,,,,,,,,,,,,,,,,,,,,,,,,,,,,,,,,,,,,,,,,,
ACSSF,2019e1,nc,000,0038,0000106,,,,,,,,,,,,,,,,,,,,,,,,,,,,,,,,,,,,,,,,,,,,,,,,,,,,,,,,,,,,,,,,,,,,,,,,,,,,,,,,,,,,,,,,,,,,,,,,,,,,,,,,,,,,,,,,,,,,,,,,,,,,,,,,,,,,,,,,,,,,,,,,,,,,,,,,,,,,,,,,,,,,,,,,,,,,,,,,,,,,,,,,,,,,,,,,,,,,,,,,
ACSSF,2019e1,nc,000,0038,0000107,,,,,,,,,,,,,,,,,,,,,,,,,,,,,,,,,,,,,,,,,,,,,,,,,,,,,,,,,,,,,,,,,,,,,,,,,,,,,,,,,,,,,,,,,,,,,,,,,,,,,,,,,,,,,,,,,,,,,,,,,,,,,,,,,,,,,,,,,,,,,,,,,,,,,,,,,,,,,,,,,,,,,,,,,,,,,,,,,,,,,,,,,,,,,,,,,,,,,,,,
ACSSF,2019e1,nc,000,0038,0000108,,,,,,,,,,,,,,,,,,,,,,,,,,,,,,,,,,,,,,,,,,,,,,,,,,,,,,,,,,,,,,,,,,,,,,,,,,,,,,,,,,,,,,,,,,,,,,,,,,,,,,,,,,,,,,,,,,,,,,,,,,,,,,,,,,,,,,,,,,,,,,,,,,,,,,,,,,,,,,,,,,,,,,,,,,,,,,,,,,,,,,,,,,,,,,,,,,,,,,,,
ACSSF,2019e1,nc,000,0038,0000109,,,,,,,,,,,,,,,,,,,,,,,,,,,,,,,,,,,,,,,,,,,,,,,,,,,,,,,,,,,,,,,,,,,,,,,,,,,,,,,,,,,,,,,,,,,,,,,,,,,,,,,,,,,,,,,,,,,,,,,,,,,,,,,,,,,,,,,,,,,,,,,,,,,,,,,,,,,,,,,,,,,,,,,,,,,,,,,,,,,,,,,,,,,,,,,,,,,,,,,,
ACSSF,2019e1,nc,000,0038,0000110,,,,,,,,,,,,,,,,,,,,,,,,,,,,,,,,,,,,,,,,,,,,,,,,,,,,,,,,,,,,,,,,,,,,,,,,,,,,,,,,,,,,,,,,,,,,,,,,,,,,,,,,,,,,,,,,,,,,,,,,,,,,,,,,,,,,,,,,,,,,,,,,,,,,,,,,,,,,,,,,,,,,,,,,,,,,,,,,,,,,,,,,,,,,,,,,,,,,,,,,
ACSSF,2019e1,nc,000,0038,0000111,,,,,,,,,,,,,,,,,,,,,,,,,,,,,,,,,,,,,,,,,,,,,,,,,,,,,,,,,,,,,,,,,,,,,,,,,,,,,,,,,,,,,,,,,,,,,,,,,,,,,,,,,,,,,,,,,,,,,,,,,,,,,,,,,,,,,,,,,,,,,,,,,,,,,,,,,,,,,,,,,,,,,,,,,,,,,,,,,,,,,,,,,,,,,,,,,,,,,,,,
ACSSF,2019e1,nc,000,0038,0000112,,,,,,,,,,,,,,,,,,,,,,,,,,,,,,,,,,,,,,,,,,,,,,,,,,,,,,,,,,,,,,,,,,,,,,,,,,,,,,,,,,,,,,,,,,,,,,,,,,,,,,,,,,,,,,,,,,,,,,,,,,,,,,,,,,,,,,,,,,,,,,,,,,,,,,,,,,,,,,,,,,,,,,,,,,,,,,,,,,,,,,,,,,,,,,,,,,,,,,,,
ACSSF,2019e1,nc,000,0038,0000113,,,,,,,,,,,,,,,,,,,,,,,,,,,,,,,,,,,,,,,,,,,,,,,,,,,,,,,,,,,,,,,,,,,,,,,,,,,,,,,,,,,,,,,,,,,,,,,,,,,,,,,,,,,,,,,,,,,,,,,,,,,,,,,,,,,,,,,,,,,,,,,,,,,,,,,,,,,,,,,,,,,,,,,,,,,,,,,,,,,,,,,,,,,,,,,,,,,,,,,,
ACSSF,2019e1,nc,000,0038,0000114,,,,,,,,,,,,,,,,,,,,,,,,,,,,,,,,,,,,,,,,,,,,,,,,,,,,,,,,,,,,,,,,,,,,,,,,,,,,,,,,,,,,,,,,,,,,,,,,,,,,,,,,,,,,,,,,,,,,,,,,,,,,,,,,,,,,,,,,,,,,,,,,,,,,,,,,,,,,,,,,,,,,,,,,,,,,,,,,,,,,,,,,,,,,,,,,,,,,,,,,
ACSSF,2019e1,nc,000,0038,0000115,,,,,,,,,,,,,,,,,,,,,,,,,,,,,,,,,,,,,,,,,,,,,,,,,,,,,,,,,,,,,,,,,,,,,,,,,,,,,,,,,,,,,,,,,,,,,,,,,,,,,,,,,,,,,,,,,,,,,,,,,,,,,,,,,,,,,,,,,,,,,,,,,,,,,,,,,,,,,,,,,,,,,,,,,,,,,,,,,,,,,,,,,,,,,,,,,,,,,,,,
ACSSF,2019e1,nc,000,0038,0000116,,,,,,,,,,,,,,,,,,,,,,,,,,,,,,,,,,,,,,,,,,,,,,,,,,,,,,,,,,,,,,,,,,,,,,,,,,,,,,,,,,,,,,,,,,,,,,,,,,,,,,,,,,,,,,,,,,,,,,,,,,,,,,,,,,,,,,,,,,,,,,,,,,,,,,,,,,,,,,,,,,,,,,,,,,,,,,,,,,,,,,,,,,,,,,,,,,,,,,,,
ACSSF,2019e1,nc,000,0038,0000117,,,,,,,,,,,,,,,,,,,,,,,,,,,,,,,,,,,,,,,,,,,,,,,,,,,,,,,,,,,,,,,,,,,,,,,,,,,,,,,,,,,,,,,,,,,,,,,,,,,,,,,,,,,,,,,,,,,,,,,,,,,,,,,,,,,,,,,,,,,,,,,,,,,,,,,,,,,,,,,,,,,,,,,,,,,,,,,,,,,,,,,,,,,,,,,,,,,,,,,,
ACSSF,2019e1,nc,000,0038,0000118,,,,,,,,,,,,,,,,,,,,,,,,,,,,,,,,,,,,,,,,,,,,,,,,,,,,,,,,,,,,,,,,,,,,,,,,,,,,,,,,,,,,,,,,,,,,,,,,,,,,,,,,,,,,,,,,,,,,,,,,,,,,,,,,,,,,,,,,,,,,,,,,,,,,,,,,,,,,,,,,,,,,,,,,,,,,,,,,,,,,,,,,,,,,,,,,,,,,,,,,
ACSSF,2019e1,nc,000,0038,0000119,,,,,,,,,,,,,,,,,,,,,,,,,,,,,,,,,,,,,,,,,,,,,,,,,,,,,,,,,,,,,,,,,,,,,,,,,,,,,,,,,,,,,,,,,,,,,,,,,,,,,,,,,,,,,,,,,,,,,,,,,,,,,,,,,,,,,,,,,,,,,,,,,,,,,,,,,,,,,,,,,,,,,,,,,,,,,,,,,,,,,,,,,,,,,,,,,,,,,,,,
ACSSF,2019e1,nc,000,0038,0000120,,,,,,,,,,,,,,,,,,,,,,,,,,,,,,,,,,,,,,,,,,,,,,,,,,,,,,,,,,,,,,,,,,,,,,,,,,,,,,,,,,,,,,,,,,,,,,,,,,,,,,,,,,,,,,,,,,,,,,,,,,,,,,,,,,,,,,,,,,,,,,,,,,,,,,,,,,,,,,,,,,,,,,,,,,,,,,,,,,,,,,,,,,,,,,,,,,,,,,,,
ACSSF,2019e1,nc,000,0038,0000121,,,,,,,,,,,,,,,,,,,,,,,,,,,,,,,,,,,,,,,,,,,,,,,,,,,,,,,,,,,,,,,,,,,,,,,,,,,,,,,,,,,,,,,,,,,,,,,,,,,,,,,,,,,,,,,,,,,,,,,,,,,,,,,,,,,,,,,,,,,,,,,,,,,,,,,,,,,,,,,,,,,,,,,,,,,,,,,,,,,,,,,,,,,,,,,,,,,,,,,,
ACSSF,2019e1,nc,000,0038,0000122,,,,,,,,,,,,,,,,,,,,,,,,,,,,,,,,,,,,,,,,,,,,,,,,,,,,,,,,,,,,,,,,,,,,,,,,,,,,,,,,,,,,,,,,,,,,,,,,,,,,,,,,,,,,,,,,,,,,,,,,,,,,,,,,,,,,,,,,,,,,,,,,,,,,,,,,,,,,,,,,,,,,,,,,,,,,,,,,,,,,,,,,,,,,,,,,,,,,,,,,
ACSSF,2019e1,nc,000,0038,0000123,,,,,,,,,,,,,,,,,,,,,,,,,,,,,,,,,,,,,,,,,,,,,,,,,,,,,,,,,,,,,,,,,,,,,,,,,,,,,,,,,,,,,,,,,,,,,,,,,,,,,,,,,,,,,,,,,,,,,,,,,,,,,,,,,,,,,,,,,,,,,,,,,,,,,,,,,,,,,,,,,,,,,,,,,,,,,,,,,,,,,,,,,,,,,,,,,,,,,,,,
ACSSF,2019e1,nc,000,0038,0000124,,,,,,,,,,,,,,,,,,,,,,,,,,,,,,,,,,,,,,,,,,,,,,,,,,,,,,,,,,,,,,,,,,,,,,,,,,,,,,,,,,,,,,,,,,,,,,,,,,,,,,,,,,,,,,,,,,,,,,,,,,,,,,,,,,,,,,,,,,,,,,,,,,,,,,,,,,,,,,,,,,,,,,,,,,,,,,,,,,,,,,,,,,,,,,,,,,,,,,,,
ACSSF,2019e1,nc,000,0038,0000125,,,,,,,,,,,,,,,,,,,,,,,,,,,,,,,,,,,,,,,,,,,,,,,,,,,,,,,,,,,,,,,,,,,,,,,,,,,,,,,,,,,,,,,,,,,,,,,,,,,,,,,,,,,,,,,,,,,,,,,,,,,,,,,,,,,,,,,,,,,,,,,,,,,,,,,,,,,,,,,,,,,,,,,,,,,,,,,,,,,,,,,,,,,,,,,,,,,,,,,,
ACSSF,2019e1,nc,000,0038,0000126,,,,,,,,,,,,,,,,,,,,,,,,,,,,,,,,,,,,,,,,,,,,,,,,,,,,,,,,,,,,,,,,,,,,,,,,,,,,,,,,,,,,,,,,,,,,,,,,,,,,,,,,,,,,,,,,,,,,,,,,,,,,,,,,,,,,,,,,,,,,,,,,,,,,,,,,,,,,,,,,,,,,,,,,,,,,,,,,,,,,,,,,,,,,,,,,,,,,,,,,
ACSSF,2019e1,nc,000,0038,0000127,,,,,,,,,,,,,,,,,,,,,,,,,,,,,,,,,,,,,,,,,,,,,,,,,,,,,,,,,,,,,,,,,,,,,,,,,,,,,,,,,,,,,,,,,,,,,,,,,,,,,,,,,,,,,,,,,,,,,,,,,,,,,,,,,,,,,,,,,,,,,,,,,,,,,,,,,,,,,,,,,,,,,,,,,,,,,,,,,,,,,,,,,,,,,,,,,,,,,,,,
ACSSF,2019e1,nc,000,0038,0000128,,,,,,,,,,,,,,,,,,,,,,,,,,,,,,,,,,,,,,,,,,,,,,,,,,,,,,,,,,,,,,,,,,,,,,,,,,,,,,,,,,,,,,,,,,,,,,,,,,,,,,,,,,,,,,,,,,,,,,,,,,,,,,,,,,,,,,,,,,,,,,,,,,,,,,,,,,,,,,,,,,,,,,,,,,,,,,,,,,,,,,,,,,,,,,,,,,,,,,,,
ACSSF,2019e1,nc,000,0038,0000129,,,,,,,,,,,,,,,,,,,,,,,,,,,,,,,,,,,,,,,,,,,,,,,,,,,,,,,,,,,,,,,,,,,,,,,,,,,,,,,,,,,,,,,,,,,,,,,,,,,,,,,,,,,,,,,,,,,,,,,,,,,,,,,,,,,,,,,,,,,,,,,,,,,,,,,,,,,,,,,,,,,,,,,,,,,,,,,,,,,,,,,,,,,,,,,,,,,,,,,,
ACSSF,2019e1,nc,000,0038,0000130,,,,,,,,,,,,,,,,,,,,,,,,,,,,,,,,,,,,,,,,,,,,,,,,,,,,,,,,,,,,,,,,,,,,,,,,,,,,,,,,,,,,,,,,,,,,,,,,,,,,,,,,,,,,,,,,,,,,,,,,,,,,,,,,,,,,,,,,,,,,,,,,,,,,,,,,,,,,,,,,,,,,,,,,,,,,,,,,,,,,,,,,,,,,,,,,,,,,,,,,
ACSSF,2019e1,nc,000,0038,0000131,,,,,,,,,,,,,,,,,,,,,,,,,,,,,,,,,,,,,,,,,,,,,,,,,,,,,,,,,,,,,,,,,,,,,,,,,,,,,,,,,,,,,,,,,,,,,,,,,,,,,,,,,,,,,,,,,,,,,,,,,,,,,,,,,,,,,,,,,,,,,,,,,,,,,,,,,,,,,,,,,,,,,,,,,,,,,,,,,,,,,,,,,,,,,,,,,,,,,,,,
ACSSF,2019e1,nc,000,0038,0000132,,,,,,,,,,,,,,,,,,,,,,,,,,,,,,,,,,,,,,,,,,,,,,,,,,,,,,,,,,,,,,,,,,,,,,,,,,,,,,,,,,,,,,,,,,,,,,,,,,,,,,,,,,,,,,,,,,,,,,,,,,,,,,,,,,,,,,,,,,,,,,,,,,,,,,,,,,,,,,,,,,,,,,,,,,,,,,,,,,,,,,,,,,,,,,,,,,,,,,,,
ACSSF,2019e1,nc,000,0038,0000133,,,,,,,,,,,,,,,,,,,,,,,,,,,,,,,,,,,,,,,,,,,,,,,,,,,,,,,,,,,,,,,,,,,,,,,,,,,,,,,,,,,,,,,,,,,,,,,,,,,,,,,,,,,,,,,,,,,,,,,,,,,,,,,,,,,,,,,,,,,,,,,,,,,,,,,,,,,,,,,,,,,,,,,,,,,,,,,,,,,,,,,,,,,,,,,,,,,,,,,,
ACSSF,2019e1,nc,000,0038,0000134,,,,,,,,,,,,,,,,,,,,,,,,,,,,,,,,,,,,,,,,,,,,,,,,,,,,,,,,,,,,,,,,,,,,,,,,,,,,,,,,,,,,,,,,,,,,,,,,,,,,,,,,,,,,,,,,,,,,,,,,,,,,,,,,,,,,,,,,,,,,,,,,,,,,,,,,,,,,,,,,,,,,,,,,,,,,,,,,,,,,,,,,,,,,,,,,,,,,,,,,
ACSSF,2019e1,nc,000,0038,0000135,,,,,,,,,,,,,,,,,,,,,,,,,,,,,,,,,,,,,,,,,,,,,,,,,,,,,,,,,,,,,,,,,,,,,,,,,,,,,,,,,,,,,,,,,,,,,,,,,,,,,,,,,,,,,,,,,,,,,,,,,,,,,,,,,,,,,,,,,,,,,,,,,,,,,,,,,,,,,,,,,,,,,,,,,,,,,,,,,,,,,,,,,,,,,,,,,,,,,,,,
ACSSF,2019e1,nc,000,0038,0000136,,,,,,,,,,,,,,,,,,,,,,,,,,,,,,,,,,,,,,,,,,,,,,,,,,,,,,,,,,,,,,,,,,,,,,,,,,,,,,,,,,,,,,,,,,,,,,,,,,,,,,,,,,,,,,,,,,,,,,,,,,,,,,,,,,,,,,,,,,,,,,,,,,,,,,,,,,,,,,,,,,,,,,,,,,,,,,,,,,,,,,,,,,,,,,,,,,,,,,,,
ACSSF,2019e1,nc,000,0038,0000137,,,,,,,,,,,,,,,,,,,,,,,,,,,,,,,,,,,,,,,,,,,,,,,,,,,,,,,,,,,,,,,,,,,,,,,,,,,,,,,,,,,,,,,,,,,,,,,,,,,,,,,,,,,,,,,,,,,,,,,,,,,,,,,,,,,,,,,,,,,,,,,,,,,,,,,,,,,,,,,,,,,,,,,,,,,,,,,,,,,,,,,,,,,,,,,,,,,,,,,,
ACSSF,2019e1,nc,000,0038,0000138,,,,,,,,,,,,,,,,,,,,,,,,,,,,,,,,,,,,,,,,,,,,,,,,,,,,,,,,,,,,,,,,,,,,,,,,,,,,,,,,,,,,,,,,,,,,,,,,,,,,,,,,,,,,,,,,,,,,,,,,,,,,,,,,,,,,,,,,,,,,,,,,,,,,,,,,,,,,,,,,,,,,,,,,,,,,,,,,,,,,,,,,,,,,,,,,,,,,,,,,
ACSSF,2019e1,nc,000,0038,0000139,,,,,,,,,,,,,,,,,,,,,,,,,,,,,,,,,,,,,,,,,,,,,,,,,,,,,,,,,,,,,,,,,,,,,,,,,,,,,,,,,,,,,,,,,,,,,,,,,,,,,,,,,,,,,,,,,,,,,,,,,,,,,,,,,,,,,,,,,,,,,,,,,,,,,,,,,,,,,,,,,,,,,,,,,,,,,,,,,,,,,,,,,,,,,,,,,,,,,,,,
ACSSF,2019e1,nc,000,0038,0000140,,,,,,,,,,,,,,,,,,,,,,,,,,,,,,,,,,,,,,,,,,,,,,,,,,,,,,,,,,,,,,,,,,,,,,,,,,,,,,,,,,,,,,,,,,,,,,,,,,,,,,,,,,,,,,,,,,,,,,,,,,,,,,,,,,,,,,,,,,,,,,,,,,,,,,,,,,,,,,,,,,,,,,,,,,,,,,,,,,,,,,,,,,,,,,,,,,,,,,,,
ACSSF,2019e1,nc,000,0038,0000141,,,,,,,,,,,,,,,,,,,,,,,,,,,,,,,,,,,,,,,,,,,,,,,,,,,,,,,,,,,,,,,,,,,,,,,,,,,,,,,,,,,,,,,,,,,,,,,,,,,,,,,,,,,,,,,,,,,,,,,,,,,,,,,,,,,,,,,,,,,,,,,,,,,,,,,,,,,,,,,,,,,,,,,,,,,,,,,,,,,,,,,,,,,,,,,,,,,,,,,,
ACSSF,2019e1,nc,000,0038,0000142,,,,,,,,,,,,,,,,,,,,,,,,,,,,,,,,,,,,,,,,,,,,,,,,,,,,,,,,,,,,,,,,,,,,,,,,,,,,,,,,,,,,,,,,,,,,,,,,,,,,,,,,,,,,,,,,,,,,,,,,,,,,,,,,,,,,,,,,,,,,,,,,,,,,,,,,,,,,,,,,,,,,,,,,,,,,,,,,,,,,,,,,,,,,,,,,,,,,,,,,
ACSSF,2019e1,nc,000,0038,0000143,,,,,,,,,,,,,,,,,,,,,,,,,,,,,,,,,,,,,,,,,,,,,,,,,,,,,,,,,,,,,,,,,,,,,,,,,,,,,,,,,,,,,,,,,,,,,,,,,,,,,,,,,,,,,,,,,,,,,,,,,,,,,,,,,,,,,,,,,,,,,,,,,,,,,,,,,,,,,,,,,,,,,,,,,,,,,,,,,,,,,,,,,,,,,,,,,,,,,,,,
ACSSF,2019e1,nc,000,0038,0000144,,,,,,,,,,,,,,,,,,,,,,,,,,,,,,,,,,,,,,,,,,,,,,,,,,,,,,,,,,,,,,,,,,,,,,,,,,,,,,,,,,,,,,,,,,,,,,,,,,,,,,,,,,,,,,,,,,,,,,,,,,,,,,,,,,,,,,,,,,,,,,,,,,,,,,,,,,,,,,,,,,,,,,,,,,,,,,,,,,,,,,,,,,,,,,,,,,,,,,,,
ACSSF,2019e1,nc,000,0038,0000145,,,,,,,,,,,,,,,,,,,,,,,,,,,,,,,,,,,,,,,,,,,,,,,,,,,,,,,,,,,,,,,,,,,,,,,,,,,,,,,,,,,,,,,,,,,,,,,,,,,,,,,,,,,,,,,,,,,,,,,,,,,,,,,,,,,,,,,,,,,,,,,,,,,,,,,,,,,,,,,,,,,,,,,,,,,,,,,,,,,,,,,,,,,,,,,,,,,,,,,,
ACSSF,2019e1,nc,000,0038,0000146,,,,,,,,,,,,,,,,,,,,,,,,,,,,,,,,,,,,,,,,,,,,,,,,,,,,,,,,,,,,,,,,,,,,,,,,,,,,,,,,,,,,,,,,,,,,,,,,,,,,,,,,,,,,,,,,,,,,,,,,,,,,,,,,,,,,,,,,,,,,,,,,,,,,,,,,,,,,,,,,,,,,,,,,,,,,,,,,,,,,,,,,,,,,,,,,,,,,,,,,
ACSSF,2019e1,nc,000,0038,0000147,,,,,,,,,,,,,,,,,,,,,,,,,,,,,,,,,,,,,,,,,,,,,,,,,,,,,,,,,,,,,,,,,,,,,,,,,,,,,,,,,,,,,,,,,,,,,,,,,,,,,,,,,,,,,,,,,,,,,,,,,,,,,,,,,,,,,,,,,,,,,,,,,,,,,,,,,,,,,,,,,,,,,,,,,,,,,,,,,,,,,,,,,,,,,,,,,,,,,,,,
ACSSF,2019e1,nc,000,0038,0000148,,,,,,,,,,,,,,,,,,,,,,,,,,,,,,,,,,,,,,,,,,,,,,,,,,,,,,,,,,,,,,,,,,,,,,,,,,,,,,,,,,,,,,,,,,,,,,,,,,,,,,,,,,,,,,,,,,,,,,,,,,,,,,,,,,,,,,,,,,,,,,,,,,,,,,,,,,,,,,,,,,,,,,,,,,,,,,,,,,,,,,,,,,,,,,,,,,,,,,,,
ACSSF,2019e1,nc,000,0038,0000149,,,,,,,,,,,,,,,,,,,,,,,,,,,,,,,,,,,,,,,,,,,,,,,,,,,,,,,,,,,,,,,,,,,,,,,,,,,,,,,,,,,,,,,,,,,,,,,,,,,,,,,,,,,,,,,,,,,,,,,,,,,,,,,,,,,,,,,,,,,,,,,,,,,,,,,,,,,,,,,,,,,,,,,,,,,,,,,,,,,,,,,,,,,,,,,,,,,,,,,,
ACSSF,2019e1,nc,000,0038,0000150,,,,,,,,,,,,,,,,,,,,,,,,,,,,,,,,,,,,,,,,,,,,,,,,,,,,,,,,,,,,,,,,,,,,,,,,,,,,,,,,,,,,,,,,,,,,,,,,,,,,,,,,,,,,,,,,,,,,,,,,,,,,,,,,,,,,,,,,,,,,,,,,,,,,,,,,,,,,,,,,,,,,,,,,,,,,,,,,,,,,,,,,,,,,,,,,,,,,,,,,
ACSSF,2019e1,nc,000,0038,0000151,,,,,,,,,,,,,,,,,,,,,,,,,,,,,,,,,,,,,,,,,,,,,,,,,,,,,,,,,,,,,,,,,,,,,,,,,,,,,,,,,,,,,,,,,,,,,,,,,,,,,,,,,,,,,,,,,,,,,,,,,,,,,,,,,,,,,,,,,,,,,,,,,,,,,,,,,,,,,,,,,,,,,,,,,,,,,,,,,,,,,,,,,,,,,,,,,,,,,,,,
ACSSF,2019e1,nc,000,0038,0000152,,,,,,,,,,,,,,,,,,,,,,,,,,,,,,,,,,,,,,,,,,,,,,,,,,,,,,,,,,,,,,,,,,,,,,,,,,,,,,,,,,,,,,,,,,,,,,,,,,,,,,,,,,,,,,,,,,,,,,,,,,,,,,,,,,,,,,,,,,,,,,,,,,,,,,,,,,,,,,,,,,,,,,,,,,,,,,,,,,,,,,,,,,,,,,,,,,,,,,,,
ACSSF,2019e1,nc,000,0038,0000153,,,,,,,,,,,,,,,,,,,,,,,,,,,,,,,,,,,,,,,,,,,,,,,,,,,,,,,,,,,,,,,,,,,,,,,,,,,,,,,,,,,,,,,,,,,,,,,,,,,,,,,,,,,,,,,,,,,,,,,,,,,,,,,,,,,,,,,,,,,,,,,,,,,,,,,,,,,,,,,,,,,,,,,,,,,,,,,,,,,,,,,,,,,,,,,,,,,,,,,,
ACSSF,2019e1,nc,000,0038,0000154,,,,,,,,,,,,,,,,,,,,,,,,,,,,,,,,,,,,,,,,,,,,,,,,,,,,,,,,,,,,,,,,,,,,,,,,,,,,,,,,,,,,,,,,,,,,,,,,,,,,,,,,,,,,,,,,,,,,,,,,,,,,,,,,,,,,,,,,,,,,,,,,,,,,,,,,,,,,,,,,,,,,,,,,,,,,,,,,,,,,,,,,,,,,,,,,,,,,,,,,
ACSSF,2019e1,nc,000,0038,0000155,,,,,,,,,,,,,,,,,,,,,,,,,,,,,,,,,,,,,,,,,,,,,,,,,,,,,,,,,,,,,,,,,,,,,,,,,,,,,,,,,,,,,,,,,,,,,,,,,,,,,,,,,,,,,,,,,,,,,,,,,,,,,,,,,,,,,,,,,,,,,,,,,,,,,,,,,,,,,,,,,,,,,,,,,,,,,,,,,,,,,,,,,,,,,,,,,,,,,,,,
ACSSF,2019e1,nc,000,0038,0000156,,,,,,,,,,,,,,,,,,,,,,,,,,,,,,,,,,,,,,,,,,,,,,,,,,,,,,,,,,,,,,,,,,,,,,,,,,,,,,,,,,,,,,,,,,,,,,,,,,,,,,,,,,,,,,,,,,,,,,,,,,,,,,,,,,,,,,,,,,,,,,,,,,,,,,,,,,,,,,,,,,,,,,,,,,,,,,,,,,,,,,,,,,,,,,,,,,,,,,,,
ACSSF,2019e1,nc,000,0038,0000157,,,,,,,,,,,,,,,,,,,,,,,,,,,,,,,,,,,,,,,,,,,,,,,,,,,,,,,,,,,,,,,,,,,,,,,,,,,,,,,,,,,,,,,,,,,,,,,,,,,,,,,,,,,,,,,,,,,,,,,,,,,,,,,,,,,,,,,,,,,,,,,,,,,,,,,,,,,,,,,,,,,,,,,,,,,,,,,,,,,,,,,,,,,,,,,,,,,,,,,,
ACSSF,2019e1,nc,000,0038,0000158,,,,,,,,,,,,,,,,,,,,,,,,,,,,,,,,,,,,,,,,,,,,,,,,,,,,,,,,,,,,,,,,,,,,,,,,,,,,,,,,,,,,,,,,,,,,,,,,,,,,,,,,,,,,,,,,,,,,,,,,,,,,,,,,,,,,,,,,,,,,,,,,,,,,,,,,,,,,,,,,,,,,,,,,,,,,,,,,,,,,,,,,,,,,,,,,,,,,,,,,
ACSSF,2019e1,nc,000,0038,0000159,,,,,,,,,,,,,,,,,,,,,,,,,,,,,,,,,,,,,,,,,,,,,,,,,,,,,,,,,,,,,,,,,,,,,,,,,,,,,,,,,,,,,,,,,,,,,,,,,,,,,,,,,,,,,,,,,,,,,,,,,,,,,,,,,,,,,,,,,,,,,,,,,,,,,,,,,,,,,,,,,,,,,,,,,,,,,,,,,,,,,,,,,,,,,,,,,,,,,,,,
ACSSF,2019e1,nc,000,0038,0000160,,,,,,,,,,,,,,,,,,,,,,,,,,,,,,,,,,,,,,,,,,,,,,,,,,,,,,,,,,,,,,,,,,,,,,,,,,,,,,,,,,,,,,,,,,,,,,,,,,,,,,,,,,,,,,,,,,,,,,,,,,,,,,,,,,,,,,,,,,,,,,,,,,,,,,,,,,,,,,,,,,,,,,,,,,,,,,,,,,,,,,,,,,,,,,,,,,,,,,,,
ACSSF,2019e1,nc,000,0038,0000161,,,,,,,,,,,,,,,,,,,,,,,,,,,,,,,,,,,,,,,,,,,,,,,,,,,,,,,,,,,,,,,,,,,,,,,,,,,,,,,,,,,,,,,,,,,,,,,,,,,,,,,,,,,,,,,,,,,,,,,,,,,,,,,,,,,,,,,,,,,,,,,,,,,,,,,,,,,,,,,,,,,,,,,,,,,,,,,,,,,,,,,,,,,,,,,,,,,,,,,,
ACSSF,2019e1,nc,000,0038,0000162,,,,,,,,,,,,,,,,,,,,,,,,,,,,,,,,,,,,,,,,,,,,,,,,,,,,,,,,,,,,,,,,,,,,,,,,,,,,,,,,,,,,,,,,,,,,,,,,,,,,,,,,,,,,,,,,,,,,,,,,,,,,,,,,,,,,,,,,,,,,,,,,,,,,,,,,,,,,,,,,,,,,,,,,,,,,,,,,,,,,,,,,,,,,,,,,,,,,,,,,
ACSSF,2019e1,nc,000,0038,0000163,,,,,,,,,,,,,,,,,,,,,,,,,,,,,,,,,,,,,,,,,,,,,,,,,,,,,,,,,,,,,,,,,,,,,,,,,,,,,,,,,,,,,,,,,,,,,,,,,,,,,,,,,,,,,,,,,,,,,,,,,,,,,,,,,,,,,,,,,,,,,,,,,,,,,,,,,,,,,,,,,,,,,,,,,,,,,,,,,,,,,,,,,,,,,,,,,,,,,,,,
ACSSF,2019e1,nc,000,0038,0000164,,,,,,,,,,,,,,,,,,,,,,,,,,,,,,,,,,,,,,,,,,,,,,,,,,,,,,,,,,,,,,,,,,,,,,,,,,,,,,,,,,,,,,,,,,,,,,,,,,,,,,,,,,,,,,,,,,,,,,,,,,,,,,,,,,,,,,,,,,,,,,,,,,,,,,,,,,,,,,,,,,,,,,,,,,,,,,,,,,,,,,,,,,,,,,,,,,,,,,,,
ACSSF,2019e1,nc,000,0038,0000165,,,,,,,,,,,,,,,,,,,,,,,,,,,,,,,,,,,,,,,,,,,,,,,,,,,,,,,,,,,,,,,,,,,,,,,,,,,,,,,,,,,,,,,,,,,,,,,,,,,,,,,,,,,,,,,,,,,,,,,,,,,,,,,,,,,,,,,,,,,,,,,,,,,,,,,,,,,,,,,,,,,,,,,,,,,,,,,,,,,,,,,,,,,,,,,,,,,,,,,,
ACSSF,2019e1,nc,000,0038,0000166,,,,,,,,,,,,,,,,,,,,,,,,,,,,,,,,,,,,,,,,,,,,,,,,,,,,,,,,,,,,,,,,,,,,,,,,,,,,,,,,,,,,,,,,,,,,,,,,,,,,,,,,,,,,,,,,,,,,,,,,,,,,,,,,,,,,,,,,,,,,,,,,,,,,,,,,,,,,,,,,,,,,,,,,,,,,,,,,,,,,,,,,,,,,,,,,,,,,,,,,
ACSSF,2019e1,nc,000,0038,0000167,,,,,,,,,,,,,,,,,,,,,,,,,,,,,,,,,,,,,,,,,,,,,,,,,,,,,,,,,,,,,,,,,,,,,,,,,,,,,,,,,,,,,,,,,,,,,,,,,,,,,,,,,,,,,,,,,,,,,,,,,,,,,,,,,,,,,,,,,,,,,,,,,,,,,,,,,,,,,,,,,,,,,,,,,,,,,,,,,,,,,,,,,,,,,,,,,,,,,,,,
ACSSF,2019e1,nc,000,0038,0000168,,,,,,,,,,,,,,,,,,,,,,,,,,,,,,,,,,,,,,,,,,,,,,,,,,,,,,,,,,,,,,,,,,,,,,,,,,,,,,,,,,,,,,,,,,,,,,,,,,,,,,,,,,,,,,,,,,,,,,,,,,,,,,,,,,,,,,,,,,,,,,,,,,,,,,,,,,,,,,,,,,,,,,,,,,,,,,,,,,,,,,,,,,,,,,,,,,,,,,,,
ACSSF,2019e1,nc,000,0038,0000169,,,,,,,,,,,,,,,,,,,,,,,,,,,,,,,,,,,,,,,,,,,,,,,,,,,,,,,,,,,,,,,,,,,,,,,,,,,,,,,,,,,,,,,,,,,,,,,,,,,,,,,,,,,,,,,,,,,,,,,,,,,,,,,,,,,,,,,,,,,,,,,,,,,,,,,,,,,,,,,,,,,,,,,,,,,,,,,,,,,,,,,,,,,,,,,,,,,,,,,,
ACSSF,2019e1,nc,000,0038,0000170,,,,,,,,,,,,,,,,,,,,,,,,,,,,,,,,,,,,,,,,,,,,,,,,,,,,,,,,,,,,,,,,,,,,,,,,,,,,,,,,,,,,,,,,,,,,,,,,,,,,,,,,,,,,,,,,,,,,,,,,,,,,,,,,,,,,,,,,,,,,,,,,,,,,,,,,,,,,,,,,,,,,,,,,,,,,,,,,,,,,,,,,,,,,,,,,,,,,,,,,
ACSSF,2019e1,nc,000,0038,0000171,,,,,,,,,,,,,,,,,,,,,,,,,,,,,,,,,,,,,,,,,,,,,,,,,,,,,,,,,,,,,,,,,,,,,,,,,,,,,,,,,,,,,,,,,,,,,,,,,,,,,,,,,,,,,,,,,,,,,,,,,,,,,,,,,,,,,,,,,,,,,,,,,,,,,,,,,,,,,,,,,,,,,,,,,,,,,,,,,,,,,,,,,,,,,,,,,,,,,,,,
ACSSF,2019e1,nc,000,0038,0000172,,,,,,,,,,,,,,,,,,,,,,,,,,,,,,,,,,,,,,,,,,,,,,,,,,,,,,,,,,,,,,,,,,,,,,,,,,,,,,,,,,,,,,,,,,,,,,,,,,,,,,,,,,,,,,,,,,,,,,,,,,,,,,,,,,,,,,,,,,,,,,,,,,,,,,,,,,,,,,,,,,,,,,,,,,,,,,,,,,,,,,,,,,,,,,,,,,,,,,,,
ACSSF,2019e1,nc,000,0038,0000173,,,,,,,,,,,,,,,,,,,,,,,,,,,,,,,,,,,,,,,,,,,,,,,,,,,,,,,,,,,,,,,,,,,,,,,,,,,,,,,,,,,,,,,,,,,,,,,,,,,,,,,,,,,,,,,,,,,,,,,,,,,,,,,,,,,,,,,,,,,,,,,,,,,,,,,,,,,,,,,,,,,,,,,,,,,,,,,,,,,,,,,,,,,,,,,,,,,,,,,,
ACSSF,2019e1,nc,000,0038,0000174,,,,,,,,,,,,,,,,,,,,,,,,,,,,,,,,,,,,,,,,,,,,,,,,,,,,,,,,,,,,,,,,,,,,,,,,,,,,,,,,,,,,,,,,,,,,,,,,,,,,,,,,,,,,,,,,,,,,,,,,,,,,,,,,,,,,,,,,,,,,,,,,,,,,,,,,,,,,,,,,,,,,,,,,,,,,,,,,,,,,,,,,,,,,,,,,,,,,,,,,
ACSSF,2019e1,nc,000,0038,0000175,,,,,,,,,,,,,,,,,,,,,,,,,,,,,,,,,,,,,,,,,,,,,,,,,,,,,,,,,,,,,,,,,,,,,,,,,,,,,,,,,,,,,,,,,,,,,,,,,,,,,,,,,,,,,,,,,,,,,,,,,,,,,,,,,,,,,,,,,,,,,,,,,,,,,,,,,,,,,,,,,,,,,,,,,,,,,,,,,,,,,,,,,,,,,,,,,,,,,,,,
ACSSF,2019e1,nc,000,0038,0000176,,,,,,,,,,,,,,,,,,,,,,,,,,,,,,,,,,,,,,,,,,,,,,,,,,,,,,,,,,,,,,,,,,,,,,,,,,,,,,,,,,,,,,,,,,,,,,,,,,,,,,,,,,,,,,,,,,,,,,,,,,,,,,,,,,,,,,,,,,,,,,,,,,,,,,,,,,,,,,,,,,,,,,,,,,,,,,,,,,,,,,,,,,,,,,,,,,,,,,,,
ACSSF,2019e1,nc,000,0038,0000177,,,,,,,,,,,,,,,,,,,,,,,,,,,,,,,,,,,,,,,,,,,,,,,,,,,,,,,,,,,,,,,,,,,,,,,,,,,,,,,,,,,,,,,,,,,,,,,,,,,,,,,,,,,,,,,,,,,,,,,,,,,,,,,,,,,,,,,,,,,,,,,,,,,,,,,,,,,,,,,,,,,,,,,,,,,,,,,,,,,,,,,,,,,,,,,,,,,,,,,,
ACSSF,2019e1,nc,000,0038,0000178,,,,,,,,,,,,,,,,,,,,,,,,,,,,,,,,,,,,,,,,,,,,,,,,,,,,,,,,,,,,,,,,,,,,,,,,,,,,,,,,,,,,,,,,,,,,,,,,,,,,,,,,,,,,,,,,,,,,,,,,,,,,,,,,,,,,,,,,,,,,,,,,,,,,,,,,,,,,,,,,,,,,,,,,,,,,,,,,,,,,,,,,,,,,,,,,,,,,,,,,
ACSSF,2019e1,nc,000,0038,0000179,,,,,,,,,,,,,,,,,,,,,,,,,,,,,,,,,,,,,,,,,,,,,,,,,,,,,,,,,,,,,,,,,,,,,,,,,,,,,,,,,,,,,,,,,,,,,,,,,,,,,,,,,,,,,,,,,,,,,,,,,,,,,,,,,,,,,,,,,,,,,,,,,,,,,,,,,,,,,,,,,,,,,,,,,,,,,,,,,,,,,,,,,,,,,,,,,,,,,,,,
ACSSF,2019e1,nc,000,0038,0000180,,,,,,,,,,,,,,,,,,,,,,,,,,,,,,,,,,,,,,,,,,,,,,,,,,,,,,,,,,,,,,,,,,,,,,,,,,,,,,,,,,,,,,,,,,,,,,,,,,,,,,,,,,,,,,,,,,,,,,,,,,,,,,,,,,,,,,,,,,,,,,,,,,,,,,,,,,,,,,,,,,,,,,,,,,,,,,,,,,,,,,,,,,,,,,,,,,,,,,,,
ACSSF,2019e1,nc,000,0038,0000181,,,,,,,,,,,,,,,,,,,,,,,,,,,,,,,,,,,,,,,,,,,,,,,,,,,,,,,,,,,,,,,,,,,,,,,,,,,,,,,,,,,,,,,,,,,,,,,,,,,,,,,,,,,,,,,,,,,,,,,,,,,,,,,,,,,,,,,,,,,,,,,,,,,,,,,,,,,,,,,,,,,,,,,,,,,,,,,,,,,,,,,,,,,,,,,,,,,,,,,,
ACSSF,2019e1,nc,000,0038,0000182,,,,,,,,,,,,,,,,,,,,,,,,,,,,,,,,,,,,,,,,,,,,,,,,,,,,,,,,,,,,,,,,,,,,,,,,,,,,,,,,,,,,,,,,,,,,,,,,,,,,,,,,,,,,,,,,,,,,,,,,,,,,,,,,,,,,,,,,,,,,,,,,,,,,,,,,,,,,,,,,,,,,,,,,,,,,,,,,,,,,,,,,,,,,,,,,,,,,,,,,
ACSSF,2019e1,nc,000,0038,0000183,,,,,,,,,,,,,,,,,,,,,,,,,,,,,,,,,,,,,,,,,,,,,,,,,,,,,,,,,,,,,,,,,,,,,,,,,,,,,,,,,,,,,,,,,,,,,,,,,,,,,,,,,,,,,,,,,,,,,,,,,,,,,,,,,,,,,,,,,,,,,,,,,,,,,,,,,,,,,,,,,,,,,,,,,,,,,,,,,,,,,,,,,,,,,,,,,,,,,,,,
ACSSF,2019e1,nc,000,0038,0000184,,,,,,,,,,,,,,,,,,,,,,,,,,,,,,,,,,,,,,,,,,,,,,,,,,,,,,,,,,,,,,,,,,,,,,,,,,,,,,,,,,,,,,,,,,,,,,,,,,,,,,,,,,,,,,,,,,,,,,,,,,,,,,,,,,,,,,,,,,,,,,,,,,,,,,,,,,,,,,,,,,,,,,,,,,,,,,,,,,,,,,,,,,,,,,,,,,,,,,,,
ACSSF,2019e1,nc,000,0038,0000185,,,,,,,,,,,,,,,,,,,,,,,,,,,,,,,,,,,,,,,,,,,,,,,,,,,,,,,,,,,,,,,,,,,,,,,,,,,,,,,,,,,,,,,,,,,,,,,,,,,,,,,,,,,,,,,,,,,,,,,,,,,,,,,,,,,,,,,,,,,,,,,,,,,,,,,,,,,,,,,,,,,,,,,,,,,,,,,,,,,,,,,,,,,,,,,,,,,,,,,,
ACSSF,2019e1,nc,000,0038,0000186,,,,,,,,,,,,,,,,,,,,,,,,,,,,,,,,,,,,,,,,,,,,,,,,,,,,,,,,,,,,,,,,,,,,,,,,,,,,,,,,,,,,,,,,,,,,,,,,,,,,,,,,,,,,,,,,,,,,,,,,,,,,,,,,,,,,,,,,,,,,,,,,,,,,,,,,,,,,,,,,,,,,,,,,,,,,,,,,,,,,,,,,,,,,,,,,,,,,,,,,
ACSSF,2019e1,nc,000,0038,0000187,,,,,,,,,,,,,,,,,,,,,,,,,,,,,,,,,,,,,,,,,,,,,,,,,,,,,,,,,,,,,,,,,,,,,,,,,,,,,,,,,,,,,,,,,,,,,,,,,,,,,,,,,,,,,,,,,,,,,,,,,,,,,,,,,,,,,,,,,,,,,,,,,,,,,,,,,,,,,,,,,,,,,,,,,,,,,,,,,,,,,,,,,,,,,,,,,,,,,,,,
ACSSF,2019e1,nc,000,0038,0000188,,,,,,,,,,,,,,,,,,,,,,,,,,,,,,,,,,,,,,,,,,,,,,,,,,,,,,,,,,,,,,,,,,,,,,,,,,,,,,,,,,,,,,,,,,,,,,,,,,,,,,,,,,,,,,,,,,,,,,,,,,,,,,,,,,,,,,,,,,,,,,,,,,,,,,,,,,,,,,,,,,,,,,,,,,,,,,,,,,,,,,,,,,,,,,,,,,,,,,,,
ACSSF,2019e1,nc,000,0038,0000189,,,,,,,,,,,,,,,,,,,,,,,,,,,,,,,,,,,,,,,,,,,,,,,,,,,,,,,,,,,,,,,,,,,,,,,,,,,,,,,,,,,,,,,,,,,,,,,,,,,,,,,,,,,,,,,,,,,,,,,,,,,,,,,,,,,,,,,,,,,,,,,,,,,,,,,,,,,,,,,,,,,,,,,,,,,,,,,,,,,,,,,,,,,,,,,,,,,,,,,,
ACSSF,2019e1,nc,000,0038,0000190,,,,,,,,,,,,,,,,,,,,,,,,,,,,,,,,,,,,,,,,,,,,,,,,,,,,,,,,,,,,,,,,,,,,,,,,,,,,,,,,,,,,,,,,,,,,,,,,,,,,,,,,,,,,,,,,,,,,,,,,,,,,,,,,,,,,,,,,,,,,,,,,,,,,,,,,,,,,,,,,,,,,,,,,,,,,,,,,,,,,,,,,,,,,,,,,,,,,,,,,
ACSSF,2019e1,nc,000,0038,0000191,,,,,,,,,,,,,,,,,,,,,,,,,,,,,,,,,,,,,,,,,,,,,,,,,,,,,,,,,,,,,,,,,,,,,,,,,,,,,,,,,,,,,,,,,,,,,,,,,,,,,,,,,,,,,,,,,,,,,,,,,,,,,,,,,,,,,,,,,,,,,,,,,,,,,,,,,,,,,,,,,,,,,,,,,,,,,,,,,,,,,,,,,,,,,,,,,,,,,,,,
ACSSF,2019e1,nc,000,0038,0000192,,,,,,,,,,,,,,,,,,,,,,,,,,,,,,,,,,,,,,,,,,,,,,,,,,,,,,,,,,,,,,,,,,,,,,,,,,,,,,,,,,,,,,,,,,,,,,,,,,,,,,,,,,,,,,,,,,,,,,,,,,,,,,,,,,,,,,,,,,,,,,,,,,,,,,,,,,,,,,,,,,,,,,,,,,,,,,,,,,,,,,,,,,,,,,,,,,,,,,,,
ACSSF,2019e1,nc,000,0038,0000193,,,,,,,,,,,,,,,,,,,,,,,,,,,,,,,,,,,,,,,,,,,,,,,,,,,,,,,,,,,,,,,,,,,,,,,,,,,,,,,,,,,,,,,,,,,,,,,,,,,,,,,,,,,,,,,,,,,,,,,,,,,,,,,,,,,,,,,,,,,,,,,,,,,,,,,,,,,,,,,,,,,,,,,,,,,,,,,,,,,,,,,,,,,,,,,,,,,,,,,,
ACSSF,2019e1,nc,000,0038,0000194,,,,,,,,,,,,,,,,,,,,,,,,,,,,,,,,,,,,,,,,,,,,,,,,,,,,,,,,,,,,,,,,,,,,,,,,,,,,,,,,,,,,,,,,,,,,,,,,,,,,,,,,,,,,,,,,,,,,,,,,,,,,,,,,,,,,,,,,,,,,,,,,,,,,,,,,,,,,,,,,,,,,,,,,,,,,,,,,,,,,,,,,,,,,,,,,,,,,,,,,
ACSSF,2019e1,nc,000,0038,0000195,,,,,,,,,,,,,,,,,,,,,,,,,,,,,,,,,,,,,,,,,,,,,,,,,,,,,,,,,,,,,,,,,,,,,,,,,,,,,,,,,,,,,,,,,,,,,,,,,,,,,,,,,,,,,,,,,,,,,,,,,,,,,,,,,,,,,,,,,,,,,,,,,,,,,,,,,,,,,,,,,,,,,,,,,,,,,,,,,,,,,,,,,,,,,,,,,,,,,,,,
ACSSF,2019e1,nc,000,0038,0000196,,,,,,,,,,,,,,,,,,,,,,,,,,,,,,,,,,,,,,,,,,,,,,,,,,,,,,,,,,,,,,,,,,,,,,,,,,,,,,,,,,,,,,,,,,,,,,,,,,,,,,,,,,,,,,,,,,,,,,,,,,,,,,,,,,,,,,,,,,,,,,,,,,,,,,,,,,,,,,,,,,,,,,,,,,,,,,,,,,,,,,,,,,,,,,,,,,,,,,,,
ACSSF,2019e1,nc,000,0038,0000197,,,,,,,,,,,,,,,,,,,,,,,,,,,,,,,,,,,,,,,,,,,,,,,,,,,,,,,,,,,,,,,,,,,,,,,,,,,,,,,,,,,,,,,,,,,,,,,,,,,,,,,,,,,,,,,,,,,,,,,,,,,,,,,,,,,,,,,,,,,,,,,,,,,,,,,,,,,,,,,,,,,,,,,,,,,,,,,,,,,,,,,,,,,,,,,,,,,,,,,,
ACSSF,2019e1,nc,000,0038,0000198,,,,,,,,,,,,,,,,,,,,,,,,,,,,,,,,,,,,,,,,,,,,,,,,,,,,,,,,,,,,,,,,,,,,,,,,,,,,,,,,,,,,,,,,,,,,,,,,,,,,,,,,,,,,,,,,,,,,,,,,,,,,,,,,,,,,,,,,,,,,,,,,,,,,,,,,,,,,,,,,,,,,,,,,,,,,,,,,,,,,,,,,,,,,,,,,,,,,,,,,
ACSSF,2019e1,nc,000,0038,0000199,,,,,,,,,,,,,,,,,,,,,,,,,,,,,,,,,,,,,,,,,,,,,,,,,,,,,,,,,,,,,,,,,,,,,,,,,,,,,,,,,,,,,,,,,,,,,,,,,,,,,,,,,,,,,,,,,,,,,,,,,,,,,,,,,,,,,,,,,,,,,,,,,,,,,,,,,,,,,,,,,,,,,,,,,,,,,,,,,,,,,,,,,,,,,,,,,,,,,,,,
ACSSF,2019e1,nc,000,0038,0000200,,,,,,,,,,,,,,,,,,,,,,,,,,,,,,,,,,,,,,,,,,,,,,,,,,,,,,,,,,,,,,,,,,,,,,,,,,,,,,,,,,,,,,,,,,,,,,,,,,,,,,,,,,,,,,,,,,,,,,,,,,,,,,,,,,,,,,,,,,,,,,,,,,,,,,,,,,,,,,,,,,,,,,,,,,,,,,,,,,,,,,,,,,,,,,,,,,,,,,,,
ACSSF,2019e1,nc,000,0038,0000201,,,,,,,,,,,,,,,,,,,,,,,,,,,,,,,,,,,,,,,,,,,,,,,,,,,,,,,,,,,,,,,,,,,,,,,,,,,,,,,,,,,,,,,,,,,,,,,,,,,,,,,,,,,,,,,,,,,,,,,,,,,,,,,,,,,,,,,,,,,,,,,,,,,,,,,,,,,,,,,,,,,,,,,,,,,,,,,,,,,,,,,,,,,,,,,,,,,,,,,,
ACSSF,2019e1,nc,000,0038,0000202,,,,,,,,,,,,,,,,,,,,,,,,,,,,,,,,,,,,,,,,,,,,,,,,,,,,,,,,,,,,,,,,,,,,,,,,,,,,,,,,,,,,,,,,,,,,,,,,,,,,,,,,,,,,,,,,,,,,,,,,,,,,,,,,,,,,,,,,,,,,,,,,,,,,,,,,,,,,,,,,,,,,,,,,,,,,,,,,,,,,,,,,,,,,,,,,,,,,,,,,
ACSSF,2019e1,nc,000,0038,0000203,,,,,,,,,,,,,,,,,,,,,,,,,,,,,,,,,,,,,,,,,,,,,,,,,,,,,,,,,,,,,,,,,,,,,,,,,,,,,,,,,,,,,,,,,,,,,,,,,,,,,,,,,,,,,,,,,,,,,,,,,,,,,,,,,,,,,,,,,,,,,,,,,,,,,,,,,,,,,,,,,,,,,,,,,,,,,,,,,,,,,,,,,,,,,,,,,,,,,,,,
ACSSF,2019e1,nc,000,0038,0000204,,,,,,,,,,,,,,,,,,,,,,,,,,,,,,,,,,,,,,,,,,,,,,,,,,,,,,,,,,,,,,,,,,,,,,,,,,,,,,,,,,,,,,,,,,,,,,,,,,,,,,,,,,,,,,,,,,,,,,,,,,,,,,,,,,,,,,,,,,,,,,,,,,,,,,,,,,,,,,,,,,,,,,,,,,,,,,,,,,,,,,,,,,,,,,,,,,,,,,,,
ACSSF,2019e1,nc,000,0038,0000205,,,,,,,,,,,,,,,,,,,,,,,,,,,,,,,,,,,,,,,,,,,,,,,,,,,,,,,,,,,,,,,,,,,,,,,,,,,,,,,,,,,,,,,,,,,,,,,,,,,,,,,,,,,,,,,,,,,,,,,,,,,,,,,,,,,,,,,,,,,,,,,,,,,,,,,,,,,,,,,,,,,,,,,,,,,,,,,,,,,,,,,,,,,,,,,,,,,,,,,,
ACSSF,2019e1,nc,000,0038,0000206,,,,,,,,,,,,,,,,,,,,,,,,,,,,,,,,,,,,,,,,,,,,,,,,,,,,,,,,,,,,,,,,,,,,,,,,,,,,,,,,,,,,,,,,,,,,,,,,,,,,,,,,,,,,,,,,,,,,,,,,,,,,,,,,,,,,,,,,,,,,,,,,,,,,,,,,,,,,,,,,,,,,,,,,,,,,,,,,,,,,,,,,,,,,,,,,,,,,,,,,
ACSSF,2019e1,nc,000,0038,0000207,,,,,,,,,,,,,,,,,,,,,,,,,,,,,,,,,,,,,,,,,,,,,,,,,,,,,,,,,,,,,,,,,,,,,,,,,,,,,,,,,,,,,,,,,,,,,,,,,,,,,,,,,,,,,,,,,,,,,,,,,,,,,,,,,,,,,,,,,,,,,,,,,,,,,,,,,,,,,,,,,,,,,,,,,,,,,,,,,,,,,,,,,,,,,,,,,,,,,,,,
ACSSF,2019e1,nc,000,0038,0000208,,,,,,,,,,,,,,,,,,,,,,,,,,,,,,,,,,,,,,,,,,,,,,,,,,,,,,,,,,,,,,,,,,,,,,,,,,,,,,,,,,,,,,,,,,,,,,,,,,,,,,,,,,,,,,,,,,,,,,,,,,,,,,,,,,,,,,,,,,,,,,,,,,,,,,,,,,,,,,,,,,,,,,,,,,,,,,,,,,,,,,,,,,,,,,,,,,,,,,,,
ACSSF,2019e1,nc,000,0038,0000209,,,,,,,,,,,,,,,,,,,,,,,,,,,,,,,,,,,,,,,,,,,,,,,,,,,,,,,,,,,,,,,,,,,,,,,,,,,,,,,,,,,,,,,,,,,,,,,,,,,,,,,,,,,,,,,,,,,,,,,,,,,,,,,,,,,,,,,,,,,,,,,,,,,,,,,,,,,,,,,,,,,,,,,,,,,,,,,,,,,,,,,,,,,,,,,,,,,,,,,,
ACSSF,2019e1,nc,000,0038,0000210,,,,,,,,,,,,,,,,,,,,,,,,,,,,,,,,,,,,,,,,,,,,,,,,,,,,,,,,,,,,,,,,,,,,,,,,,,,,,,,,,,,,,,,,,,,,,,,,,,,,,,,,,,,,,,,,,,,,,,,,,,,,,,,,,,,,,,,,,,,,,,,,,,,,,,,,,,,,,,,,,,,,,,,,,,,,,,,,,,,,,,,,,,,,,,,,,,,,,,,,
ACSSF,2019e1,nc,000,0038,0000211,,,,,,,,,,,,,,,,,,,,,,,,,,,,,,,,,,,,,,,,,,,,,,,,,,,,,,,,,,,,,,,,,,,,,,,,,,,,,,,,,,,,,,,,,,,,,,,,,,,,,,,,,,,,,,,,,,,,,,,,,,,,,,,,,,,,,,,,,,,,,,,,,,,,,,,,,,,,,,,,,,,,,,,,,,,,,,,,,,,,,,,,,,,,,,,,,,,,,,,,
ACSSF,2019e1,nc,000,0038,0000212,,,,,,,,,,,,,,,,,,,,,,,,,,,,,,,,,,,,,,,,,,,,,,,,,,,,,,,,,,,,,,,,,,,,,,,,,,,,,,,,,,,,,,,,,,,,,,,,,,,,,,,,,,,,,,,,,,,,,,,,,,,,,,,,,,,,,,,,,,,,,,,,,,,,,,,,,,,,,,,,,,,,,,,,,,,,,,,,,,,,,,,,,,,,,,,,,,,,,,,,
