ACSSF,2019e1,nc,000,0024,0000001,10259927,477439,1681239,306774,675963,706142,677111,650826,650898,686033,663625,698316,650177,556292,483024,696068,8834381,388320,1461954,220652,486138,520431,538550,552107,566457,611682,607576,641711,606170,521713,458327,652593,759234,50887,132777,27437,93734,99176,74757,51622,47203,44124,29848,29625,23162,18541,12183,24158,410966,20445,53535,44081,62045,50904,37311,26236,20803,20265,17332,16379,12378,9663,6870,12719,255346,17787,32973,14604,34046,35631,26493,20861,16435,9962,8869,10601,8467,6375,5644,6598,,,,,,,,,,,,,,,,,,,,,,,,,,,,,,,,,,,,,,,,,,,,,,,,,,,,,,,,,,,,,,,,,,,,,,,,,,,,,,,,,10259927,477439,1681239,982737,1383253,1301724,1349658,1348493,1039316,696068,8834381,388320,1461954,706790,1058981,1118564,1219258,1247881,980040,652593,759234,50887,132777,121171,173933,98825,73972,52787,30724,24158,410966,20445,53535,106126,88215,47039,37597,28757,16533,12719,255346,17787,32973,48650,62124,37296,18831,19068,12019,6598
ACSSF,2019e1,nc,000,0024,0000002,,,,,,,,,,,,,,,,,,,,,,,,,,,,,,,,,,,,,,,,,,,,,,,,,,,,,,,,,,,,,,,,,,,,,,,,,,,,,,,,,,,,,,,,,,,,,,,,,,,,,,,,,,,,,,,,,,,,,,,,,,,,,,,,,,,,,,,,,,,,,,,,,,,,,,,,,,,,,,,,,,,,,,,,,,,,,,,,,,,,,,,,,,,,,,,,,,,,,,,,,,,,,,,,,,
ACSSF,2019e1,nc,000,0024,0000003,,,,,,,,,,,,,,,,,,,,,,,,,,,,,,,,,,,,,,,,,,,,,,,,,,,,,,,,,,,,,,,,,,,,,,,,,,,,,,,,,,,,,,,,,,,,,,,,,,,,,,,,,,,,,,,,,,,,,,,,,,,,,,,,,,,,,,,,,,,,,,,,,,,,,,,,,,,,,,,,,,,,,,,,,,,,,,,,,,,,,,,,,,,,,,,,,,,,,,,,,,,,,,,,,,
ACSSF,2019e1,nc,000,0024,0000004,,,,,,,,,,,,,,,,,,,,,,,,,,,,,,,,,,,,,,,,,,,,,,,,,,,,,,,,,,,,,,,,,,,,,,,,,,,,,,,,,,,,,,,,,,,,,,,,,,,,,,,,,,,,,,,,,,,,,,,,,,,,,,,,,,,,,,,,,,,,,,,,,,,,,,,,,,,,,,,,,,,,,,,,,,,,,,,,,,,,,,,,,,,,,,,,,,,,,,,,,,,,,,,,,,
ACSSF,2019e1,nc,000,0024,0000005,,,,,,,,,,,,,,,,,,,,,,,,,,,,,,,,,,,,,,,,,,,,,,,,,,,,,,,,,,,,,,,,,,,,,,,,,,,,,,,,,,,,,,,,,,,,,,,,,,,,,,,,,,,,,,,,,,,,,,,,,,,,,,,,,,,,,,,,,,,,,,,,,,,,,,,,,,,,,,,,,,,,,,,,,,,,,,,,,,,,,,,,,,,,,,,,,,,,,,,,,,,,,,,,,,
ACSSF,2019e1,nc,000,0024,0000006,,,,,,,,,,,,,,,,,,,,,,,,,,,,,,,,,,,,,,,,,,,,,,,,,,,,,,,,,,,,,,,,,,,,,,,,,,,,,,,,,,,,,,,,,,,,,,,,,,,,,,,,,,,,,,,,,,,,,,,,,,,,,,,,,,,,,,,,,,,,,,,,,,,,,,,,,,,,,,,,,,,,,,,,,,,,,,,,,,,,,,,,,,,,,,,,,,,,,,,,,,,,,,,,,,
ACSSF,2019e1,nc,000,0024,0000007,,,,,,,,,,,,,,,,,,,,,,,,,,,,,,,,,,,,,,,,,,,,,,,,,,,,,,,,,,,,,,,,,,,,,,,,,,,,,,,,,,,,,,,,,,,,,,,,,,,,,,,,,,,,,,,,,,,,,,,,,,,,,,,,,,,,,,,,,,,,,,,,,,,,,,,,,,,,,,,,,,,,,,,,,,,,,,,,,,,,,,,,,,,,,,,,,,,,,,,,,,,,,,,,,,
ACSSF,2019e1,nc,000,0024,0000008,,,,,,,,,,,,,,,,,,,,,,,,,,,,,,,,,,,,,,,,,,,,,,,,,,,,,,,,,,,,,,,,,,,,,,,,,,,,,,,,,,,,,,,,,,,,,,,,,,,,,,,,,,,,,,,,,,,,,,,,,,,,,,,,,,,,,,,,,,,,,,,,,,,,,,,,,,,,,,,,,,,,,,,,,,,,,,,,,,,,,,,,,,,,,,,,,,,,,,,,,,,,,,,,,,
ACSSF,2019e1,nc,000,0024,0000009,,,,,,,,,,,,,,,,,,,,,,,,,,,,,,,,,,,,,,,,,,,,,,,,,,,,,,,,,,,,,,,,,,,,,,,,,,,,,,,,,,,,,,,,,,,,,,,,,,,,,,,,,,,,,,,,,,,,,,,,,,,,,,,,,,,,,,,,,,,,,,,,,,,,,,,,,,,,,,,,,,,,,,,,,,,,,,,,,,,,,,,,,,,,,,,,,,,,,,,,,,,,,,,,,,
ACSSF,2019e1,nc,000,0024,0000010,,,,,,,,,,,,,,,,,,,,,,,,,,,,,,,,,,,,,,,,,,,,,,,,,,,,,,,,,,,,,,,,,,,,,,,,,,,,,,,,,,,,,,,,,,,,,,,,,,,,,,,,,,,,,,,,,,,,,,,,,,,,,,,,,,,,,,,,,,,,,,,,,,,,,,,,,,,,,,,,,,,,,,,,,,,,,,,,,,,,,,,,,,,,,,,,,,,,,,,,,,,,,,,,,,
ACSSF,2019e1,nc,000,0024,0000011,,,,,,,,,,,,,,,,,,,,,,,,,,,,,,,,,,,,,,,,,,,,,,,,,,,,,,,,,,,,,,,,,,,,,,,,,,,,,,,,,,,,,,,,,,,,,,,,,,,,,,,,,,,,,,,,,,,,,,,,,,,,,,,,,,,,,,,,,,,,,,,,,,,,,,,,,,,,,,,,,,,,,,,,,,,,,,,,,,,,,,,,,,,,,,,,,,,,,,,,,,,,,,,,,,
ACSSF,2019e1,nc,000,0024,0000012,,,,,,,,,,,,,,,,,,,,,,,,,,,,,,,,,,,,,,,,,,,,,,,,,,,,,,,,,,,,,,,,,,,,,,,,,,,,,,,,,,,,,,,,,,,,,,,,,,,,,,,,,,,,,,,,,,,,,,,,,,,,,,,,,,,,,,,,,,,,,,,,,,,,,,,,,,,,,,,,,,,,,,,,,,,,,,,,,,,,,,,,,,,,,,,,,,,,,,,,,,,,,,,,,,
ACSSF,2019e1,nc,000,0024,0000013,163263,7375,26079,6353,11894,8752,10778,11738,8637,10603,10962,11787,9417,8959,7581,12348,143513,6728,22135,5128,8610,7112,9713,10150,7049,9248,10350,11387,9177,8213,6979,11534,9519,230,1812,346,1757,1146,663,579,757,518,302,232,99,73,286,719,8049,417,1469,879,1334,424,402,465,696,496,310,120,46,673,223,95,2182,0,663,0,193,70,0,544,135,341,0,48,95,0,93,0,,,,,,,,,,,,,,,,,,,,,,,,,,,,,,,,,,,,,,,,,,,,,,,,,,,,,,,,,,,,,,,,,,,,,,,,,,,,,,,,,163263,7375,26079,18247,19530,20375,21565,21204,16540,12348,143513,6728,22135,13738,16825,17199,19598,20564,15192,11534,9519,230,1812,2103,1809,1336,820,331,359,719,8049,417,1469,2213,826,1161,806,166,896,95,2182,0,663,193,70,679,341,143,93,0
ACSSF,2019e1,nc,000,0024,0000014,135052,3477,14466,3937,4378,6942,7080,4954,7856,5158,6670,10690,14244,15516,14711,14973,121498,2666,12845,2605,3801,5062,5964,4221,6722,4374,6262,10169,13435,14357,14344,14671,6211,475,817,128,12,1317,497,504,399,350,175,319,249,728,160,81,3437,249,365,612,303,192,480,188,322,0,134,125,116,172,0,179,3906,87,439,592,262,371,139,41,413,434,99,77,444,259,207,42,,,,,,,,,,,,,,,,,,,,,,,,,,,,,,,,,,,,,,,,,,,,,,,,,,,,,,,,,,,,,,,,,,,,,,,,,,,,,,,,,135052,3477,14466,8315,14022,12810,11828,24934,30227,14973,121498,2666,12845,6406,11026,10943,10636,23604,28701,14671,6211,475,817,140,1814,903,525,568,888,81,3437,249,365,915,672,510,134,241,172,179,3906,87,439,854,510,454,533,521,466,42
ACSSF,2019e1,nc,000,0024,0000015,262591,10968,36344,6658,14004,17155,20340,17507,16535,18253,14089,16545,18471,16605,15573,23544,229559,9929,32090,4784,10654,14278,15969,15110,14297,15449,13141,15064,17479,15873,14794,20648,13903,77,2015,244,983,1545,2045,679,1689,1378,703,723,261,219,326,1016,11819,671,1634,1155,1401,678,1816,594,254,1034,55,564,321,206,197,1239,7310,291,605,475,966,654,510,1124,295,392,190,194,410,307,256,641,,,,,,,,,,,,,,,,,,,,,,,,,,,,,,,,,,,,,,,,,,,,,,,,,,,,,,,,,,,,,,,,,,,,,,,,,,,,,,,,,262591,10968,36344,20662,37495,34042,32342,35016,32178,23544,229559,9929,32090,15438,30247,29407,28590,32543,30667,20648,13903,77,2015,1227,3590,2368,2081,984,545,1016,11819,671,1634,2556,2494,848,1089,885,403,1239,7310,291,605,1441,1164,1419,582,604,563,641
ACSSF,2019e1,nc,000,0024,0000016,,,,,,,,,,,,,,,,,,,,,,,,,,,,,,,,,,,,,,,,,,,,,,,,,,,,,,,,,,,,,,,,,,,,,,,,,,,,,,,,,,,,,,,,,,,,,,,,,,,,,,,,,,,,,,,,,,,,,,,,,,,,,,,,,,,,,,,,,,,,,,,,,,,,,,,,,,,,,,,,,90447,3680,13074,7176,10495,10585,12517,14008,10248,8664,78231,3151,10245,5818,8215,8853,11415,12916,10043,7575,6517,312,1857,240,701,1178,928,297,200,804,4143,130,812,803,1024,364,130,595,0,285,1556,87,160,315,555,190,44,200,5,0
ACSSF,2019e1,nc,000,0024,0000017,218035,10582,43597,7667,12015,13983,15957,15921,13272,16561,14221,13391,11013,8242,9855,11758,187815,8592,37746,5769,9099,10139,13165,13153,11807,15263,13366,11908,10215,7669,9232,10692,12398,1184,2445,474,954,1396,1421,741,663,540,184,619,251,365,448,713,13465,787,2963,1232,1533,1263,887,1586,662,536,637,620,319,208,76,156,4357,19,443,192,429,1185,484,441,140,222,34,244,228,0,99,197,,,,,,,,,,,,,,,,,,,,,,,,,,,,,,,,,,,,,,,,,,,,,,,,,,,,,,,,,,,,,,,,,,,,,,,,,,,,,,,,,218035,10582,43597,19682,29940,29193,30782,24404,18097,11758,187815,8592,37746,14868,23304,24960,28629,22123,16901,10692,12398,1184,2445,1428,2817,1404,724,870,813,713,13465,787,2963,2765,2150,2248,1173,939,284,156,4357,19,443,621,1669,581,256,472,99,197
ACSSF,2019e1,nc,000,0024,0000018,,,,,,,,,,,,,,,,,,,,,,,,,,,,,,,,,,,,,,,,,,,,,,,,,,,,,,,,,,,,,,,,,,,,,,,,,,,,,,,,,,,,,,,,,,,,,,,,,,,,,,,,,,,,,,,,,,,,,,,,,,,,,,,,,,,,,,,,,,,,,,,,,,,,,,,,,,,,,,,,,,,,,,,,,,,,,,,,,,,,,,,,,,,,,,,,,,,,,,,,,,,,,,,,,,
ACSSF,2019e1,nc,000,0024,0000019,67260,1977,9038,2617,2641,3198,2973,3658,3528,3722,4825,5113,6519,6152,4209,7090,57587,1746,7520,1736,2332,2557,2282,3051,2897,3463,4268,4318,5894,5412,3869,6242,5307,103,787,344,199,296,290,245,367,259,496,302,282,625,242,470,3328,128,505,457,48,22,266,196,218,0,61,493,343,115,98,378,1038,0,226,80,62,323,135,166,46,0,0,0,0,0,0,0,,,,,,,,,,,,,,,,,,,,,,,,,,,,,,,,,,,,,,,,,,,,,,,,,,,,,,,,,,,,,,,,,,,,,,,,,,,,,,,,,67260,1977,9038,5258,6171,7186,8547,11632,10361,7090,57587,1746,7520,4068,4839,5948,7731,10212,9281,6242,5307,103,787,543,586,612,755,584,867,470,3328,128,505,505,288,414,61,836,213,378,1038,0,226,142,458,212,0,0,0,0
ACSSF,2019e1,nc,000,0024,0000020,158407,5912,27503,4860,9921,10260,9384,8929,8962,11443,10247,12072,9470,9291,8527,11626,139326,4642,24505,3474,8391,8127,7194,7470,8303,10017,9539,11310,8806,8491,8156,10901,8962,838,1528,262,579,921,1108,638,318,373,480,385,493,382,174,483,7262,432,973,1031,676,517,917,588,274,806,120,80,52,357,197,242,2857,0,497,93,275,695,165,233,67,247,108,297,119,61,0,0,,,,,,,,,,,,,,,,,,,,,,,,,,,,,,,,,,,,,,,,,,,,,,,,,,,,,,,,,,,,,,,,,,,,,,,,,,,,,,,,,158407,5912,27503,14781,19644,17891,21690,21542,17818,11626,139326,4642,24505,11865,15321,15773,19556,20116,16647,10901,8962,838,1528,841,2029,956,853,878,556,483,7262,432,973,1707,1434,862,926,132,554,242,2857,0,497,368,860,300,355,416,61,0
ACSSF,2019e1,nc,000,0024,0000021,,,,,,,,,,,,,,,,,,,,,,,,,,,,,,,,,,,,,,,,,,,,,,,,,,,,,,,,,,,,,,,,,,,,,,,,,,,,,,,,,,,,,,,,,,,,,,,,,,,,,,,,,,,,,,,,,,,,,,,,,,,,,,,,,,,,,,,,,,,,,,,,,,,,,,,,,,,,,,,,,,,,,,,,,,,,,,,,,,,,,,,,,,,,,,,,,,,,,,,,,,,,,,,,,,
ACSSF,2019e1,nc,000,0024,0000022,,,,,,,,,,,,,,,,,,,,,,,,,,,,,,,,,,,,,,,,,,,,,,,,,,,,,,,,,,,,,,,,,,,,,,,,,,,,,,,,,,,,,,,,,,,,,,,,,,,,,,,,,,,,,,,,,,,,,,,,,,,,,,,,,,,,,,,,,,,,,,,,,,,,,,,,,,,,,,,,,96289,4056,15873,10668,9803,12321,11693,13363,11241,7271,86812,3632,13994,8533,8165,11057,11149,13052,10941,6289,4351,424,448,587,984,370,379,211,163,785,4468,0,1431,1386,519,773,165,12,47,135,658,0,0,162,135,121,0,88,90,62
ACSSF,2019e1,nc,000,0024,0000023,104563,5416,16405,1870,10188,8284,6770,5423,5676,6047,5132,6365,6781,7379,5493,7334,86049,3905,12444,1553,7557,6440,5173,4799,4464,4708,4489,5716,6091,6643,5305,6762,7316,582,2111,60,958,576,475,265,162,753,369,213,170,225,113,284,4460,638,595,203,181,634,486,64,114,327,177,331,375,112,75,148,6738,291,1255,54,1492,634,636,295,936,259,97,105,145,399,0,140,,,,,,,,,,,,,,,,,,,,,,,,,,,,,,,,,,,,,,,,,,,,,,,,,,,,,,,,,,,,,,,,,,,,,,,,,,,,,,,,,104563,5416,16405,12058,15054,11099,11179,13146,12872,7334,86049,3905,12444,9110,11613,9263,9197,11807,11948,6762,7316,582,2111,1018,1051,427,1122,383,338,284,4460,638,595,384,1120,178,504,706,187,148,6738,291,1255,1546,1270,1231,356,250,399,140
ACSSF,2019e1,nc,000,0024,0000024,334123,21653,59295,10914,30822,33225,25818,20956,19938,16960,17566,19294,17619,13196,10774,16093,258176,13321,45326,7371,18775,22213,17797,16593,15803,14929,15024,17405,16123,12009,9832,15655,37077,3347,7458,1188,6867,4240,3419,2500,1861,1229,1757,965,591,895,463,297,16577,1277,2661,1500,2038,2623,2147,1235,767,440,372,207,708,34,433,135,22293,3708,3850,855,3142,4149,2455,628,1507,362,413,717,197,258,46,6,,,,,,,,,,,,,,,,,,,,,,,,,,,,,,,,,,,,,,,,,,,,,,,,,,,,,,,,,,,,,,,,,,,,,,,,,,,,,,,,,334123,21653,59295,41736,59043,40894,34526,36913,23970,16093,258176,13321,45326,26146,40010,32396,29953,33528,21841,15655,37077,3347,7458,8055,7659,4361,2986,1556,1358,297,16577,1277,2661,3538,4770,2002,812,915,467,135,22293,3708,3850,3997,6604,2135,775,914,304,6
ACSSF,2019e1,nc,000,0024,0000025,167934,6806,26922,3870,9617,10071,10908,8533,8101,11845,13827,13611,12026,10078,8547,13172,151817,6106,24317,2883,7842,7829,9244,7824,7789,11526,12813,12389,11097,9543,8351,12264,8058,398,2052,58,569,1018,1245,439,206,171,364,375,269,269,130,495,6316,264,553,900,912,1121,391,270,106,79,360,443,336,102,66,413,1743,38,0,29,294,103,28,0,0,69,290,404,324,164,0,0,,,,,,,,,,,,,,,,,,,,,,,,,,,,,,,,,,,,,,,,,,,,,,,,,,,,,,,,,,,,,,,,,,,,,,,,,,,,,,,,,167934,6806,26922,13487,20979,16634,25672,25637,18625,13172,151817,6106,24317,10725,17073,15613,24339,23486,17894,12264,8058,398,2052,627,2263,645,535,644,399,495,6316,264,553,1812,1512,376,439,779,168,413,1743,38,0,323,131,0,359,728,164,0
ACSSF,2019e1,nc,000,0024,0000026,316741,18374,47839,8576,22047,28248,28862,27538,19148,18275,17861,16352,19299,15885,12174,16263,259831,14830,39117,5965,14673,17815,22641,22052,16845,17216,15267,14760,17608,15188,11385,14469,29598,979,3970,1019,4228,6741,3037,2187,860,603,1811,1137,696,576,554,1200,16674,1944,3825,1134,2062,2078,1850,1619,599,144,502,254,342,121,88,112,10638,621,927,458,1084,1614,1334,1680,844,312,281,201,653,0,147,482,,,,,,,,,,,,,,,,,,,,,,,,,,,,,,,,,,,,,,,,,,,,,,,,,,,,,,,,,,,,,,,,,,,,,,,,,,,,,,,,,316741,18374,47839,30623,57110,46686,36136,35651,28059,16263,259831,14830,39117,20638,40456,38897,32483,32368,26573,14469,29598,979,3970,5247,9778,3047,2414,1833,1130,1200,16674,1944,3825,3196,3928,2218,646,596,209,112,10638,621,927,1542,2948,2524,593,854,147,482
ACSSF,2019e1,nc,000,0024,0000027,372713,18317,63586,11877,25099,27017,24408,21480,22923,24825,23572,27420,22535,18431,16907,24316,325180,14677,57120,8487,18992,20272,20743,18226,20899,21428,21446,24843,20848,17494,16265,23440,29699,2631,5797,1389,2872,3044,2130,2661,1534,2429,799,1417,1328,818,348,502,12400,479,371,1779,2280,2588,1035,250,459,500,1068,697,297,67,179,351,5434,530,298,222,955,1113,500,343,31,468,259,463,62,52,115,23,,,,,,,,,,,,,,,,,,,,,,,,,,,,,,,,,,,,,,,,,,,,,,,,,,,,,,,,,,,,,,,,,,,,,,,,,,,,,,,,,372713,18317,63586,36976,51425,44403,48397,49955,35338,24316,325180,14677,57120,27479,41015,39125,42874,45691,33759,23440,29699,2631,5797,4261,5174,4195,3228,2745,1166,502,12400,479,371,4059,3623,709,1568,994,246,351,5434,530,298,1177,1613,374,727,525,167,23
ACSSF,2019e1,nc,000,0024,0000028,,,,,,,,,,,,,,,,,,,,,,,,,,,,,,,,,,,,,,,,,,,,,,,,,,,,,,,,,,,,,,,,,,,,,,,,,,,,,,,,,,,,,,,,,,,,,,,,,,,,,,,,,,,,,,,,,,,,,,,,,,,,,,,,,,,,,,,,,,,,,,,,,,,,,,,,,,,,,,,,,,,,,,,,,,,,,,,,,,,,,,,,,,,,,,,,,,,,,,,,,,,,,,,,,,
ACSSF,2019e1,nc,000,0024,0000029,219614,10716,36771,5931,10703,15441,14702,14065,13981,16607,14561,13842,14941,13866,9183,14304,191730,9046,31921,4179,7224,12513,11806,12469,10916,14685,13956,13014,14210,13034,8808,13949,16648,1421,3051,554,1702,1602,1939,801,1741,1304,337,492,690,349,310,355,8076,249,1432,1110,1196,1230,652,765,262,297,261,245,0,377,0,0,3160,0,367,88,581,96,305,30,1062,321,7,91,41,106,65,0,,,,,,,,,,,,,,,,,,,,,,,,,,,,,,,,,,,,,,,,,,,,,,,,,,,,,,,,,,,,,,,,,,,,,,,,,,,,,,,,,219614,10716,36771,16634,30143,28046,31168,28783,23049,14304,191730,9046,31921,11403,24319,23385,28641,27224,21842,13949,16648,1421,3051,2256,3541,2542,1641,1182,659,355,8076,249,1432,2306,1882,1027,558,245,377,0,3160,0,367,669,401,1092,328,132,171,0
ACSSF,2019e1,nc,000,0024,0000030,525864,25578,86666,19711,34368,37850,35842,30878,33166,35229,34854,36085,33185,25605,22229,34618,445152,22172,73360,14403,24403,27276,28577,27653,26980,30135,30816,33568,29800,23346,20757,31906,49305,2379,10006,2155,4702,6566,4313,2007,4389,4004,2159,991,1346,1773,790,1725,22260,623,1810,1977,3965,3064,2506,657,1513,650,1516,900,1223,339,636,881,9147,404,1490,1176,1298,944,446,561,284,440,363,626,816,147,46,106,,,,,,,,,,,,,,,,,,,,,,,,,,,,,,,,,,,,,,,,,,,,,,,,,,,,,,,,,,,,,,,,,,,,,,,,,,,,,,,,,525864,25578,86666,54079,73692,64044,70083,69270,47834,34618,445152,22172,73360,38806,55853,54633,60951,63368,44103,31906,49305,2379,10006,6857,10879,6396,6163,2337,2563,1725,22260,623,1810,5942,5570,2170,2166,2123,975,881,9147,404,1490,2474,1390,845,803,1442,193,106
ACSSF,2019e1,nc,000,0024,0000031,129509,7110,24301,4933,8094,8729,10381,9103,7137,9406,8597,8190,6927,5097,5008,6496,115549,5966,22061,3860,5903,6953,8691,8264,6538,8544,8266,7692,6814,4951,4861,6185,5230,94,1121,583,710,403,353,167,512,609,132,172,73,95,58,148,5517,583,340,299,1117,1026,759,535,87,202,76,239,40,51,0,163,3213,467,779,191,364,347,578,137,0,51,123,87,0,0,89,0,,,,,,,,,,,,,,,,,,,,,,,,,,,,,,,,,,,,,,,,,,,,,,,,,,,,,,,,,,,,,,,,,,,,,,,,,,,,,,,,,129509,7110,24301,13027,19110,16240,18003,15117,10105,6496,115549,5966,22061,9763,15644,14802,16810,14506,9812,6185,5230,94,1121,1293,756,679,741,245,153,148,5517,583,340,1416,1785,622,278,279,51,163,3213,467,779,555,925,137,174,87,89,0
ACSSF,2019e1,nc,000,0024,0000032,,,,,,,,,,,,,,,,,,,,,,,,,,,,,,,,,,,,,,,,,,,,,,,,,,,,,,,,,,,,,,,,,,,,,,,,,,,,,,,,,,,,,,,,,,,,,,,,,,,,,,,,,,,,,,,,,,,,,,,,,,,,,,,,,,,,,,,,,,,,,,,,,,,,,,,,,,,,,,,,,111454,4093,15523,6489,10592,13610,14544,16357,17137,13109,102534,3874,14353,4764,9877,11653,13514,15698,16222,12579,4050,47,509,1182,164,597,643,260,236,412,3232,164,553,543,367,857,159,239,232,118,1638,8,108,0,184,503,228,160,447,0
ACSSF,2019e1,nc,000,0024,0000033,177709,7826,30960,5576,9871,10905,10197,11547,10819,12758,13414,13583,12281,8896,7830,11246,156615,6496,27673,4089,6998,8662,8253,9435,9866,12251,12598,12494,11613,8516,7416,10255,10097,258,2774,240,1274,650,1069,1198,276,311,227,558,228,305,169,560,6465,752,250,944,1117,776,864,85,474,133,480,72,251,0,85,182,4532,320,263,303,482,817,11,829,203,63,109,459,189,75,160,249,,,,,,,,,,,,,,,,,,,,,,,,,,,,,,,,,,,,,,,,,,,,,,,,,,,,,,,,,,,,,,,,,,,,,,,,,,,,,,,,,177709,7826,30960,15447,21102,22366,26172,25864,16726,11246,156615,6496,27673,11087,16915,19301,24849,24107,15932,10255,10097,258,2774,1514,1719,1474,538,786,474,560,6465,752,250,2061,1640,559,613,323,85,182,4532,320,263,785,828,1032,172,648,235,249
ACSSF,2019e1,nc,000,0024,0000034,205358,10004,39325,8357,11073,10547,11583,13720,15707,15604,15056,14460,12375,6817,10056,10674,184697,7967,35758,6891,7968,9543,9951,12653,13957,13748,14376,14115,11751,6560,9259,10200,7687,1177,1723,34,251,152,845,414,984,1156,0,101,250,80,346,174,9676,695,1026,1326,2644,757,644,622,612,568,279,94,64,72,48,225,3298,165,818,106,210,95,143,31,154,132,401,150,310,105,403,75,,,,,,,,,,,,,,,,,,,,,,,,,,,,,,,,,,,,,,,,,,,,,,,,,,,,,,,,,,,,,,,,,,,,,,,,,,,,,,,,,205358,10004,39325,19430,22130,29427,30660,26835,16873,10674,184697,7967,35758,14859,19494,26610,28124,25866,15819,10200,7687,1177,1723,285,997,1398,1156,351,426,174,9676,695,1026,3970,1401,1234,847,158,120,225,3298,165,818,316,238,185,533,460,508,75
ACSSF,2019e1,nc,000,0024,0000035,,,,,,,,,,,,,,,,,,,,,,,,,,,,,,,,,,,,,,,,,,,,,,,,,,,,,,,,,,,,,,,,,,,,,,,,,,,,,,,,,,,,,,,,,,,,,,,,,,,,,,,,,,,,,,,,,,,,,,,,,,,,,,,,,,,,,,,,,,,,,,,,,,,,,,,,,,,,,,,,,85227,3907,13395,6199,9718,10326,12836,13661,9504,5681,77319,3775,12051,4574,8624,9427,11664,13136,8902,5166,3223,0,828,515,56,374,892,349,156,53,3247,54,516,568,675,500,280,176,406,72,1438,78,0,542,363,25,0,0,40,390
ACSSF,2019e1,nc,000,0024,0000036,1100360,58827,185681,30317,70080,93078,94522,81621,83807,77911,71429,69099,57353,44518,34234,47883,919358,47803,162257,21558,51555,66170,69303,67213,70304,68408,63984,60097,52632,40433,32390,45251,95218,5519,12587,2996,8344,17202,14083,7774,7468,5006,3375,4129,2835,1941,596,1363,37015,1424,3856,4016,5397,3544,3638,1975,2194,2947,2640,2211,810,1145,614,604,48769,4081,6981,1747,4784,6162,7498,4659,3841,1550,1430,2662,1076,999,634,665,,,,,,,,,,,,,,,,,,,,,,,,,,,,,,,,,,,,,,,,,,,,,,,,,,,,,,,,,,,,,,,,,,,,,,,,,,,,,,,,,1100360,58827,185681,100397,187600,165428,149340,126452,78752,47883,919358,47803,162257,73113,135473,137517,132392,112729,72823,45251,95218,5519,12587,11340,31285,15242,8381,6964,2537,1363,37015,1424,3856,9413,7182,4169,5587,3021,1759,604,48769,4081,6981,6531,13660,8500,2980,3738,1633,665
ACSSF,2019e1,nc,000,0024,0000037,,,,,,,,,,,,,,,,,,,,,,,,,,,,,,,,,,,,,,,,,,,,,,,,,,,,,,,,,,,,,,,,,,,,,,,,,,,,,,,,,,,,,,,,,,,,,,,,,,,,,,,,,,,,,,,,,,,,,,,,,,,,,,,,,,,,,,,,,,,,,,,,,,,,,,,,,,,,,,,,,96784,4475,15322,6534,12117,11579,10811,12197,12586,11163,83806,3240,13127,4383,9796,8822,10250,11664,11921,10603,7955,1047,1525,1057,1214,1862,214,460,354,222,3317,109,431,848,866,536,109,49,90,279,1706,79,239,246,241,359,238,24,221,59
ACSSF,2019e1,nc,000,0024,0000038,,,,,,,,,,,,,,,,,,,,,,,,,,,,,,,,,,,,,,,,,,,,,,,,,,,,,,,,,,,,,,,,,,,,,,,,,,,,,,,,,,,,,,,,,,,,,,,,,,,,,,,,,,,,,,,,,,,,,,,,,,,,,,,,,,,,,,,,,,,,,,,,,,,,,,,,,,,,,,,,,89535,3831,13673,8466,10452,10582,10684,13738,11670,6439,79505,3037,11910,6851,8577,9346,9650,12855,11036,6243,5935,526,1515,245,1494,599,931,429,0,196,3572,172,248,1287,249,606,61,454,495,0,523,96,0,83,132,31,42,0,139,0
ACSSF,2019e1,nc,000,0024,0000039,225499,8516,31561,5534,19723,17470,15470,13322,16237,13666,13750,13947,14950,13707,11359,16287,189125,6187,27681,3778,13677,10808,12398,10898,13679,12347,12796,11697,13975,12766,10965,15473,20938,853,2087,825,3646,4158,1269,1677,1341,622,850,1560,520,781,194,555,10507,1046,1515,606,1783,1987,1104,304,812,476,71,162,252,82,126,181,4929,430,278,325,617,517,699,443,405,221,33,528,203,78,74,78,,,,,,,,,,,,,,,,,,,,,,,,,,,,,,,,,,,,,,,,,,,,,,,,,,,,,,,,,,,,,,,,,,,,,,,,,,,,,,,,,225499,8516,31561,25257,32940,29559,27416,28897,25066,16287,189125,6187,27681,17455,23206,24577,25143,25672,23731,15473,20938,853,2087,4471,5427,3018,1472,2080,975,555,10507,1046,1515,2389,3091,1116,547,414,208,181,4929,430,278,942,1216,848,254,731,152,78
ACSSF,2019e1,nc,000,0024,0000040,193685,12506,32309,6246,31883,21092,15062,11476,10045,9498,7181,8936,8124,7072,4959,7296,145630,7868,25932,3763,19243,13511,9843,9520,8796,7674,6228,7908,7609,6247,4591,6897,23614,2751,3376,833,5660,3960,2607,916,496,1506,508,388,141,0,236,236,8179,361,1554,752,1373,1484,858,431,164,5,247,530,133,67,132,88,16262,1526,1447,898,5607,2137,1754,609,589,313,198,110,241,758,0,75,,,,,,,,,,,,,,,,,,,,,,,,,,,,,,,,,,,,,,,,,,,,,,,,,,,,,,,,,,,,,,,,,,,,,,,,,,,,,,,,,193685,12506,32309,38129,36154,21521,16679,17060,12031,7296,145630,7868,25932,23006,23354,18316,13902,15517,10838,6897,23614,2751,3376,6493,6567,1412,2014,529,236,236,8179,361,1554,2125,2342,595,252,663,199,88,16262,1526,1447,6505,3891,1198,511,351,758,75
ACSSF,2019e1,nc,000,0024,0000041,135749,3926,21636,4035,15342,10818,7770,7910,7860,8786,8922,9166,8319,6953,7214,7092,110331,3421,18320,2628,8284,5581,5731,6775,6782,8286,8318,8382,7788,6571,6640,6824,12844,175,2619,553,4043,2064,613,460,405,301,232,334,310,255,374,106,9334,109,611,609,2206,2691,763,395,530,160,311,383,163,89,152,162,3240,221,86,245,809,482,663,280,143,39,61,67,58,38,48,0,,,,,,,,,,,,,,,,,,,,,,,,,,,,,,,,,,,,,,,,,,,,,,,,,,,,,,,,,,,,,,,,,,,,,,,,,,,,,,,,,135749,3926,21636,19377,18588,15770,17708,17485,14167,7092,110331,3421,18320,10912,11312,13557,16604,16170,13211,6824,12844,175,2619,4596,2677,865,533,644,629,106,9334,109,611,2815,3454,925,471,546,241,162,3240,221,86,1054,1145,423,100,125,86,0
ACSSF,2019e1,nc,000,0024,0000042,167647,7979,28424,3238,18628,13621,10943,10590,9839,10785,10288,11649,7876,8210,5846,9731,138397,6680,24714,1427,12274,9724,9092,7375,8637,9660,8513,10503,7559,7922,5758,8559,16426,892,1949,863,3162,2186,1105,1601,900,593,1125,697,175,288,26,864,8791,407,1501,773,1991,1193,309,574,240,532,539,370,102,0,6,254,4033,0,260,175,1201,518,437,1040,62,0,111,79,40,0,56,54,,,,,,,,,,,,,,,,,,,,,,,,,,,,,,,,,,,,,,,,,,,,,,,,,,,,,,,,,,,,,,,,,,,,,,,,,,,,,,,,,167647,7979,28424,21866,24564,20429,21073,19525,14056,9731,138397,6680,24714,13701,18816,16012,18173,18062,13680,8559,16426,892,1949,4025,3291,2501,1718,872,314,864,8791,407,1501,2764,1502,814,1071,472,6,254,4033,0,260,1376,955,1102,111,119,56,54
ACSSF,2019e1,nc,000,0024,0000043,143484,7072,25254,2957,8579,9824,8951,8685,7336,9937,9201,11394,8398,7157,8298,10441,120531,5275,18934,2380,5569,6460,7035,8179,6523,8006,8555,10960,8003,7004,8023,9625,15464,1476,3683,268,2249,2048,1542,285,465,1235,646,289,228,109,194,747,6773,208,2536,309,761,993,374,221,307,696,0,117,57,44,81,69,716,113,101,0,0,323,0,0,41,0,0,28,110,0,0,0,,,,,,,,,,,,,,,,,,,,,,,,,,,,,,,,,,,,,,,,,,,,,,,,,,,,,,,,,,,,,,,,,,,,,,,,,,,,,,,,,143484,7072,25254,11536,18775,16021,19138,19792,15455,10441,120531,5275,18934,7949,13495,14702,16561,18963,15027,9625,15464,1476,3683,2517,3590,750,1881,517,303,747,6773,208,2536,1070,1367,528,696,174,125,69,716,113,101,0,323,41,0,138,0,0
ACSSF,2019e1,nc,000,0024,0000044,130446,7847,23314,4294,8670,9242,7611,9110,6989,8191,7577,7927,8760,6707,6154,8053,119980,6453,21944,3640,7859,8337,7104,7721,6443,7731,7043,7692,8288,6477,5667,7581,5498,562,798,162,464,174,410,714,341,324,522,57,425,147,270,128,3609,625,434,492,262,263,97,328,132,136,12,178,47,83,176,344,1359,207,138,0,85,468,0,347,73,0,0,0,0,0,41,0,,,,,,,,,,,,,,,,,,,,,,,,,,,,,,,,,,,,,,,,,,,,,,,,,,,,,,,,,,,,,,,,,,,,,,,,,,,,,,,,,130446,7847,23314,12964,16853,16099,15768,16687,12861,8053,119980,6453,21944,11499,15441,14164,14774,15980,12144,7581,5498,562,798,626,584,1055,846,482,417,128,3609,625,434,754,360,460,148,225,259,344,1359,207,138,85,468,420,0,0,41,0
ACSSF,2019e1,nc,000,0024,0000045,,,,,,,,,,,,,,,,,,,,,,,,,,,,,,,,,,,,,,,,,,,,,,,,,,,,,,,,,,,,,,,,,,,,,,,,,,,,,,,,,,,,,,,,,,,,,,,,,,,,,,,,,,,,,,,,,,,,,,,,,,,,,,,,,,,,,,,,,,,,,,,,,,,,,,,,,,,,,,,,,88832,5003,12275,6611,8312,10884,13283,13779,11115,7570,76440,3818,9536,5549,6483,9119,11792,12417,10653,7073,8398,795,1964,726,1412,980,899,877,308,437,1665,0,136,209,199,141,517,324,79,60,2329,390,639,127,218,644,75,161,75,0
ACSSF,2019e1,nc,000,0024,0000046,135618,5348,21059,3825,9375,8139,8450,8264,7845,8884,9510,11165,8900,7495,7099,10260,122039,4655,19738,2540,7268,7138,6460,7258,7732,8466,8785,9973,8205,7325,6883,9613,7407,679,1109,663,518,0,1366,820,67,246,487,739,267,21,151,274,4869,14,163,584,1540,532,574,139,46,172,71,373,343,149,0,169,1303,0,49,38,49,469,50,47,0,0,167,80,85,0,65,204,,,,,,,,,,,,,,,,,,,,,,,,,,,,,,,,,,,,,,,,,,,,,,,,,,,,,,,,,,,,,,,,,,,,,,,,,,,,,,,,,135618,5348,21059,13200,16589,16109,18394,20065,14594,10260,122039,4655,19738,9808,13598,14990,17251,18178,14208,9613,7407,679,1109,1181,1366,887,733,1006,172,274,4869,14,163,2124,1106,185,243,716,149,169,1303,0,49,87,519,47,167,165,65,204
ACSSF,2019e1,nc,000,0024,0000047,,,,,,,,,,,,,,,,,,,,,,,,,,,,,,,,,,,,,,,,,,,,,,,,,,,,,,,,,,,,,,,,,,,,,,,,,,,,,,,,,,,,,,,,,,,,,,,,,,,,,,,,,,,,,,,,,,,,,,,,,,,,,,,,,,,,,,,,,,,,,,,,,,,,,,,,,,,,,,,,,63952,2710,9376,5128,6864,6973,9021,8687,8251,6942,56802,1963,8209,3797,5348,6162,8900,7895,8113,6415,5262,619,816,1098,992,449,71,630,138,449,415,0,131,123,66,51,0,44,0,0,1473,128,220,110,458,311,50,118,0,78
ACSSF,2019e1,nc,000,0024,0000048,,,,,,,,,,,,,,,,,,,,,,,,,,,,,,,,,,,,,,,,,,,,,,,,,,,,,,,,,,,,,,,,,,,,,,,,,,,,,,,,,,,,,,,,,,,,,,,,,,,,,,,,,,,,,,,,,,,,,,,,,,,,,,,,,,,,,,,,,,,,,,,,,,,,,,,,,,,,,,,,,,,,,,,,,,,,,,,,,,,,,,,,,,,,,,,,,,,,,,,,,,,,,,,,,,
ACSSF,2019e1,nc,000,0024,0000049,231445,10621,47401,8917,16897,12432,10627,14154,17111,18425,17896,15856,13013,8710,8072,11313,202181,9973,41004,6766,12112,8745,9314,12299,16092,15646,16476,14778,12146,8200,7705,10925,15272,556,4864,275,1465,1288,873,1392,412,1270,863,501,719,299,367,128,8925,92,474,1277,2407,1433,440,215,376,1185,363,100,92,211,0,260,5067,0,1059,599,913,966,0,248,231,324,194,477,56,0,0,0,,,,,,,,,,,,,,,,,,,,,,,,,,,,,,,,,,,,,,,,,,,,,,,,,,,,,,,,,,,,,,,,,,,,,,,,,,,,,,,,,231445,10621,47401,25814,23059,31265,36321,28869,16782,11313,202181,9973,41004,18878,18059,28391,32122,26924,15905,10925,15272,556,4864,1740,2161,1804,2133,1220,666,128,8925,92,474,3684,1873,591,1548,192,211,260,5067,0,1059,1512,966,479,518,533,0,0
ACSSF,2019e1,nc,000,0024,0000050,1066049,51915,191583,29411,63688,76090,79116,77777,81545,81635,74747,70385,56152,46955,35229,49821,901191,44107,168066,17989,41383,53193,63123,66048,69285,72006,68417,64155,51495,42500,32674,46750,112662,6667,17430,4641,14605,16862,11079,7826,8725,6717,4190,4612,3293,2819,1437,1759,31397,659,3491,4552,5208,3322,2681,2577,1716,1933,843,1321,1018,797,462,817,20799,482,2596,2229,2492,2713,2233,1326,1819,979,1297,297,346,839,656,495,,,,,,,,,,,,,,,,,,,,,,,,,,,,,,,,,,,,,,,,,,,,,,,,,,,,,,,,,,,,,,,,,,,,,,,,,,,,,,,,,1066049,51915,191583,93099,155206,159322,156382,126537,82184,49821,901191,44107,168066,59372,116316,135333,140423,115650,75174,46750,112662,6667,17430,19246,27941,16551,10907,7905,4256,1759,31397,659,3491,9760,6003,4293,2776,2339,1259,817,20799,482,2596,4721,4946,3145,2276,643,1495,495
ACSSF,2019e1,nc,000,0024,0000051,122776,6310,21434,4984,9393,8339,7873,5385,7016,7769,7517,8006,7878,6014,6219,8639,103059,4638,18093,3198,7655,4763,5942,4752,5597,6813,7090,6844,7342,5987,5970,8375,9473,749,1153,707,769,1577,961,172,883,610,181,1006,470,27,70,138,6304,213,1769,1034,679,769,665,199,405,133,246,25,66,0,44,57,3940,710,419,45,290,1230,305,262,131,213,0,131,0,0,135,69,,,,,,,,,,,,,,,,,,,,,,,,,,,,,,,,,,,,,,,,,,,,,,,,,,,,,,,,,,,,,,,,,,,,,,,,,,,,,,,,,122776,6310,21434,14377,16212,12401,15286,15884,12233,8639,103059,4638,18093,10853,10705,10349,13903,14186,11957,8375,9473,749,1153,1476,2538,1055,791,1476,97,138,6304,213,1769,1713,1434,604,379,91,44,57,3940,710,419,335,1535,393,213,131,135,69
ACSSF,2019e1,nc,000,0024,0000052,,,,,,,,,,,,,,,,,,,,,,,,,,,,,,,,,,,,,,,,,,,,,,,,,,,,,,,,,,,,,,,,,,,,,,,,,,,,,,,,,,,,,,,,,,,,,,,,,,,,,,,,,,,,,,,,,,,,,,,,,,,,,,,,,,,,,,,,,,,,,,,,,,,,,,,,,,,,,,,,,,,,,,,,,,,,,,,,,,,,,,,,,,,,,,,,,,,,,,,,,,,,,,,,,,
ACSSF,2019e1,nc,000,0024,0000053,,,,,,,,,,,,,,,,,,,,,,,,,,,,,,,,,,,,,,,,,,,,,,,,,,,,,,,,,,,,,,,,,,,,,,,,,,,,,,,,,,,,,,,,,,,,,,,,,,,,,,,,,,,,,,,,,,,,,,,,,,,,,,,,,,,,,,,,,,,,,,,,,,,,,,,,,,,,,,,,,80174,3512,13810,7038,8483,11080,10463,10650,9394,5744,72089,3219,12678,5842,6677,9539,9658,9878,9104,5494,4333,201,487,584,593,1021,471,725,135,116,3180,92,645,612,1137,444,129,47,74,0,572,0,0,0,76,76,205,0,81,134
ACSSF,2019e1,nc,000,0024,0000054,91352,4500,13417,2149,4747,5490,10659,6416,6934,7660,4293,3697,4745,4130,4132,8383,74723,3910,11643,1716,2998,4054,7857,4897,5435,6222,3643,3314,4173,3913,3982,6966,7505,28,904,0,558,702,1261,421,1124,658,493,198,224,84,150,700,4701,369,453,385,523,395,1061,189,175,428,55,185,127,95,0,261,4423,193,417,48,668,339,480,909,200,352,102,0,221,38,0,456,,,,,,,,,,,,,,,,,,,,,,,,,,,,,,,,,,,,,,,,,,,,,,,,,,,,,,,,,,,,,,,,,,,,,,,,,,,,,,,,,91352,4500,13417,6896,16149,13350,11953,8442,8262,8383,74723,3910,11643,4714,11911,10332,9865,7487,7895,6966,7505,28,904,558,1963,1545,1151,422,234,700,4701,369,453,908,1456,364,483,312,95,261,4423,193,417,716,819,1109,454,221,38,456
ACSSF,2019e1,nc,000,0024,0000055,163568,6143,32009,5755,6976,10879,10938,9535,12371,15541,11995,10672,9341,6767,6008,8638,138733,4811,28364,3133,3992,6916,9021,8299,10446,14016,11134,9687,9028,6410,5269,8207,16352,1261,3036,766,1100,3027,1862,829,1332,1316,526,624,274,0,146,253,5350,0,263,1346,1405,519,0,219,432,103,297,267,0,168,283,48,3133,71,346,510,479,417,55,188,161,106,38,94,39,189,310,130,,,,,,,,,,,,,,,,,,,,,,,,,,,,,,,,,,,,,,,,,,,,,,,,,,,,,,,,,,,,,,,,,,,,,,,,,,,,,,,,,163568,6143,32009,12731,21817,21906,27536,20013,12775,8638,138733,4811,28364,7125,15937,18745,25150,18715,11679,8207,16352,1261,3036,1866,4889,2161,1842,898,146,253,5350,0,263,2751,519,651,400,267,451,48,3133,71,346,989,472,349,144,133,499,130
ACSSF,2019e1,nc,000,0024,0000056,877675,47907,146644,21859,58310,81798,81644,65380,65491,59901,55071,53757,44519,34277,26085,35032,726866,38700,128878,15584,42550,57055,59589,53915,54920,51664,48490,46776,40522,30671,24853,32699,80835,4924,9158,2356,7440,15795,12737,6296,5297,4409,2937,3331,2481,1941,453,1280,31185,1315,3325,2757,4431,3249,2962,1813,2051,2520,2367,1836,754,841,421,543,38789,2968,5283,1162,3889,5699,6356,3356,3223,1308,1277,1814,762,824,358,510,,,,,,,,,,,,,,,,,,,,,,,,,,,,,,,,,,,,,,,,,,,,,,,,,,,,,,,,,,,,,,,,,,,,,,,,,,,,,,,,,877675,47907,146644,80169,163442,130871,114972,98276,60362,35032,726866,38700,128878,58134,116644,108835,100154,87298,55524,32699,80835,4924,9158,9796,28532,11593,7346,5812,2394,1280,31185,1315,3325,7188,6211,3864,4887,2590,1262,543,38789,2968,5283,5051,12055,6579,2585,2576,1182,510
ACSSF,2019e1,nc,000,0024,0000057,98969,6298,20318,4580,6154,5456,6629,8965,6586,7542,5155,5509,4705,2894,3380,4798,80509,4607,15384,3566,4594,4203,4682,6819,5588,7265,4823,4791,4298,2771,2930,4188,9206,1184,2407,380,400,971,1369,518,558,196,184,90,112,73,351,413,7022,507,2256,442,789,156,206,1442,300,81,114,491,188,50,0,0,2232,0,271,192,371,126,372,186,140,0,34,137,107,0,99,197,,,,,,,,,,,,,,,,,,,,,,,,,,,,,,,,,,,,,,,,,,,,,,,,,,,,,,,,,,,,,,,,,,,,,,,,,,,,,,,,,98969,6298,20318,10734,12085,15551,12697,10214,6274,4798,80509,4607,15384,8160,8885,12407,12088,9089,5701,4188,9206,1184,2407,780,2340,1076,380,202,424,413,7022,507,2256,1231,362,1742,195,679,50,0,2232,0,271,563,498,326,34,244,99,197
ACSSF,2019e1,nc,000,0024,0000058,275774,16167,41826,7882,21522,25900,26109,24738,17386,15675,15415,12793,16265,12826,8958,12312,224490,12683,34326,5810,14347,16358,20619,19356,15117,14616,12892,11934,14773,12207,8451,11001,26847,979,3575,680,4180,6075,2965,2187,860,603,1811,453,623,498,272,1086,14661,1944,3114,934,1911,1853,1320,1619,599,144,431,205,266,121,88,112,9776,561,811,458,1084,1614,1205,1576,810,312,281,201,603,0,147,113,,,,,,,,,,,,,,,,,,,,,,,,,,,,,,,,,,,,,,,,,,,,,,,,,,,,,,,,,,,,,,,,,,,,,,,,,,,,,,,,,275774,16167,41826,29404,52009,42124,31090,29058,21784,12312,224490,12683,34326,20157,36977,34473,27508,26707,20658,11001,26847,979,3575,4860,9040,3047,2414,1076,770,1086,14661,1944,3114,2845,3173,2218,575,471,209,112,9776,561,811,1542,2819,2386,593,804,147,113
ACSSF,2019e1,nc,000,0024,0000059,212112,15612,35804,5216,23827,23549,17350,13758,11932,9129,10681,11591,9875,7641,6194,9953,156042,9536,26011,3089,13774,14996,11607,10297,9231,7623,8759,10387,8965,6604,5446,9717,26897,2546,4488,659,5986,3513,2358,1844,832,809,1457,584,505,771,315,230,12406,798,2183,892,1741,1994,1386,1112,767,429,172,207,258,34,433,0,16767,2732,3122,576,2326,3046,1999,505,1102,268,293,413,147,232,0,6,,,,,,,,,,,,,,,,,,,,,,,,,,,,,,,,,,,,,,,,,,,,,,,,,,,,,,,,,,,,,,,,,,,,,,,,,,,,,,,,,212112,15612,35804,29043,40899,25690,19810,21466,13835,9953,156042,9536,26011,16863,26603,19528,16382,19352,12050,9717,26897,2546,4488,6645,5871,2676,2266,1089,1086,230,12406,798,2183,2633,3380,1879,601,465,467,0,16767,2732,3122,2902,5045,1607,561,560,232,6
ACSSF,2019e1,nc,000,0024,0000060,,,,,,,,,,,,,,,,,,,,,,,,,,,,,,,,,,,,,,,,,,,,,,,,,,,,,,,,,,,,,,,,,,,,,,,,,,,,,,,,,,,,,,,,,,,,,,,,,,,,,,,,,,,,,,,,,,,,,,,,,,,,,,,,,,,,,,,,,,,,,,,,,,,,,,,,,,,,,,,,,75231,2930,15254,6625,10197,9861,11433,7338,7007,4586,64967,2460,13134,4972,7779,8469,10396,6684,6717,4356,6296,406,1139,447,1678,942,709,562,183,230,2788,64,749,958,657,120,189,51,0,0,1180,0,232,248,83,330,139,41,107,0
ACSSF,2019e1,nc,000,0024,0000061,288558,14364,47471,12141,21829,24163,21149,17890,16978,18881,17211,18245,17300,13855,10022,17059,242491,12613,39864,8976,15546,18995,16216,15977,13308,16656,14539,16987,15419,12386,9352,15657,28679,1322,5633,1245,3448,2833,3205,1300,2434,1767,1838,524,746,1249,283,852,11456,142,879,1081,1745,1740,1535,309,1152,179,487,341,814,173,387,492,5932,287,1095,839,1090,595,193,304,84,279,347,393,321,47,0,58,,,,,,,,,,,,,,,,,,,,,,,,,,,,,,,,,,,,,,,,,,,,,,,,,,,,,,,,,,,,,,,,,,,,,,,,,,,,,,,,,288558,14364,47471,33970,45312,34868,36092,35545,23877,17059,242491,12613,39864,24522,35211,29285,31195,32406,21738,15657,28679,1322,5633,4693,6038,3734,3605,1270,1532,852,11456,142,879,2826,3275,1461,666,1155,560,492,5932,287,1095,1929,788,388,626,714,47,58
ACSSF,2019e1,nc,000,0024,0000062,83681,3507,11631,1607,14644,9148,4921,5949,4181,4633,4194,5487,3516,3187,2259,4817,63627,2920,9903,389,9128,6168,3809,3427,3568,3958,3087,4660,3313,2899,2203,4195,10418,491,672,674,2724,1458,604,1133,370,482,590,498,61,288,0,373,5856,96,796,386,1718,1004,71,438,201,193,406,250,102,0,0,195,3780,0,260,158,1074,518,437,951,42,0,111,79,40,0,56,54,,,,,,,,,,,,,,,,,,,,,,,,,,,,,,,,,,,,,,,,,,,,,,,,,,,,,,,,,,,,,,,,,,,,,,,,,,,,,,,,,83681,3507,11631,16251,14069,10130,8827,9003,5446,4817,63627,2920,9903,9517,9977,6995,7045,7973,5102,4195,10418,491,672,3398,2062,1503,1072,559,288,373,5856,96,796,2104,1075,639,599,352,0,195,3780,0,260,1232,955,993,111,119,56,54
ACSSF,2019e1,nc,000,0024,0000063,108595,6185,18089,3721,7733,8528,7564,6087,7553,6662,6047,7330,6578,4519,3972,8027,91110,5292,15103,2748,5750,5207,6494,5852,5675,5631,5533,6761,5779,4131,3829,7325,12700,865,2758,653,510,2913,822,169,1668,841,242,134,313,332,143,337,3468,22,79,293,1310,286,248,66,144,29,272,237,117,0,0,365,1317,6,149,27,163,122,0,0,66,161,0,198,369,56,0,0,,,,,,,,,,,,,,,,,,,,,,,,,,,,,,,,,,,,,,,,,,,,,,,,,,,,,,,,,,,,,,,,,,,,,,,,,,,,,,,,,108595,6185,18089,11454,16092,13640,12709,13908,8491,8027,91110,5292,15103,8498,11701,11527,11164,12540,7960,7325,12700,865,2758,1163,3735,1837,1083,447,475,337,3468,22,79,1603,534,210,301,354,0,365,1317,6,149,190,122,66,161,567,56,0
ACSSF,2019e1,nc,000,0024,0000064,65883,4321,7840,2266,18680,7677,4593,3798,2282,2824,1953,2333,1551,2422,1718,1625,40952,1941,4898,1007,9647,4882,2999,2708,1820,1640,1445,1915,1301,1612,1602,1535,10712,1023,836,664,4145,1176,336,418,248,1113,508,205,0,0,0,40,4253,361,1349,97,632,339,538,431,48,0,0,172,68,52,116,50,9966,996,757,498,4256,1280,720,241,166,71,0,41,182,758,0,0,,,,,,,,,,,,,,,,,,,,,,,,,,,,,,,,,,,,,,,,,,,,,,,,,,,,,,,,,,,,,,,,,,,,,,,,,,,,,,,,,65883,4321,7840,20946,12270,6080,4777,3884,4140,1625,40952,1941,4898,10654,7881,4528,3085,3216,3214,1535,10712,1023,836,4809,1512,666,1621,205,0,40,4253,361,1349,729,877,479,0,240,168,50,9966,996,757,4754,2000,407,71,223,758,0
ACSSF,2019e1,nc,000,0024,0000065,454441,20996,72301,11634,33834,43525,37242,33572,33551,33995,29537,27856,20581,19273,14519,22025,370461,17688,61501,7609,21258,30728,26450,28491,27671,30326,26710,23632,18232,16394,13572,20199,61621,2646,8759,2130,9894,9612,6950,4001,4464,2971,1496,3343,1795,1933,486,1141,12261,434,995,1040,1699,1400,2383,711,750,305,458,757,416,358,172,383,10098,228,1046,855,983,1785,1459,369,666,393,873,124,138,588,289,302,,,,,,,,,,,,,,,,,,,,,,,,,,,,,,,,,,,,,,,,,,,,,,,,,,,,,,,,,,,,,,,,,,,,,,,,,,,,,,,,,454441,20996,72301,45468,80767,67123,63532,48437,33792,22025,370461,17688,61501,28867,57178,56162,57036,41864,29966,20199,61621,2646,8759,12024,16562,8465,4467,5138,2419,1141,12261,434,995,2739,3783,1461,763,1173,530,383,10098,228,1046,1838,3244,1035,1266,262,877,302
ACSSF,2019e1,nc,000,0024,0000066,121581,5604,16404,3180,12989,11856,9260,5580,8136,5906,6421,7008,7446,6679,5851,9261,96499,3900,14140,2090,7890,6767,6841,4235,6308,5321,6079,5721,6947,6222,5531,8507,12813,385,813,664,2984,2962,1015,692,637,137,313,918,247,297,194,555,9111,984,1297,258,1508,1744,1058,304,786,448,29,114,252,82,126,121,3158,335,154,168,607,383,346,349,405,0,0,255,0,78,0,78,,,,,,,,,,,,,,,,,,,,,,,,,,,,,,,,,,,,,,,,,,,,,,,,,,,,,,,,,,,,,,,,,,,,,,,,,,,,,,,,,121581,5604,16404,16169,21116,13716,12327,14454,12530,9261,96499,3900,14140,9980,13608,10543,11400,12668,11753,8507,12813,385,813,3648,3977,1329,450,1165,491,555,9111,984,1297,1766,2802,1090,477,366,208,121,3158,335,154,775,729,754,0,255,78,78
ACSSF,2019e1,nc,000,0024,0000067,243619,13878,46236,8271,17530,19517,15101,15039,16356,16479,14620,15685,12646,10004,9029,13228,209955,11033,41363,5884,13712,14512,13097,12706,14818,14201,12791,13715,11563,9388,8476,12696,22209,2352,4516,1098,1682,2397,1346,2109,1147,1767,741,1140,746,562,348,258,7676,250,169,1185,1236,1768,322,25,360,165,889,559,275,54,168,251,3779,243,188,104,900,840,336,199,31,346,199,271,62,0,37,23,,,,,,,,,,,,,,,,,,,,,,,,,,,,,,,,,,,,,,,,,,,,,,,,,,,,,,,,,,,,,,,,,,,,,,,,,,,,,,,,,243619,13878,46236,25801,34618,31395,31099,28331,19033,13228,209955,11033,41363,19596,27609,27524,26992,25278,17864,12696,22209,2352,4516,2780,3743,3256,2508,1886,910,258,7676,250,169,2421,2090,385,1054,834,222,251,3779,243,188,1004,1176,230,545,333,37,23
ACSSF,2019e1,nc,000,0024,0000068,91352,4500,13417,2149,4747,5490,10659,6416,6934,7660,4293,3697,4745,4130,4132,8383,74723,3910,11643,1716,2998,4054,7857,4897,5435,6222,3643,3314,4173,3913,3982,6966,7505,28,904,0,558,702,1261,421,1124,658,493,198,224,84,150,700,4701,369,453,385,523,395,1061,189,175,428,55,185,127,95,0,261,4423,193,417,48,668,339,480,909,200,352,102,0,221,38,0,456,,,,,,,,,,,,,,,,,,,,,,,,,,,,,,,,,,,,,,,,,,,,,,,,,,,,,,,,,,,,,,,,,,,,,,,,,,,,,,,,,91352,4500,13417,6896,16149,13350,11953,8442,8262,8383,74723,3910,11643,4714,11911,10332,9865,7487,7895,6966,7505,28,904,558,1963,1545,1151,422,234,700,4701,369,453,908,1456,364,483,312,95,261,4423,193,417,716,819,1109,454,221,38,456
ACSSF,2019e1,nc,000,0024,0000069,877675,47907,146644,21859,58310,81798,81644,65380,65491,59901,55071,53757,44519,34277,26085,35032,726866,38700,128878,15584,42550,57055,59589,53915,54920,51664,48490,46776,40522,30671,24853,32699,80835,4924,9158,2356,7440,15795,12737,6296,5297,4409,2937,3331,2481,1941,453,1280,31185,1315,3325,2757,4431,3249,2962,1813,2051,2520,2367,1836,754,841,421,543,38789,2968,5283,1162,3889,5699,6356,3356,3223,1308,1277,1814,762,824,358,510,,,,,,,,,,,,,,,,,,,,,,,,,,,,,,,,,,,,,,,,,,,,,,,,,,,,,,,,,,,,,,,,,,,,,,,,,,,,,,,,,877675,47907,146644,80169,163442,130871,114972,98276,60362,35032,726866,38700,128878,58134,116644,108835,100154,87298,55524,32699,80835,4924,9158,9796,28532,11593,7346,5812,2394,1280,31185,1315,3325,7188,6211,3864,4887,2590,1262,543,38789,2968,5283,5051,12055,6579,2585,2576,1182,510
ACSSF,2019e1,nc,000,0024,0000070,98969,6298,20318,4580,6154,5456,6629,8965,6586,7542,5155,5509,4705,2894,3380,4798,80509,4607,15384,3566,4594,4203,4682,6819,5588,7265,4823,4791,4298,2771,2930,4188,9206,1184,2407,380,400,971,1369,518,558,196,184,90,112,73,351,413,7022,507,2256,442,789,156,206,1442,300,81,114,491,188,50,0,0,2232,0,271,192,371,126,372,186,140,0,34,137,107,0,99,197,,,,,,,,,,,,,,,,,,,,,,,,,,,,,,,,,,,,,,,,,,,,,,,,,,,,,,,,,,,,,,,,,,,,,,,,,,,,,,,,,98969,6298,20318,10734,12085,15551,12697,10214,6274,4798,80509,4607,15384,8160,8885,12407,12088,9089,5701,4188,9206,1184,2407,780,2340,1076,380,202,424,413,7022,507,2256,1231,362,1742,195,679,50,0,2232,0,271,563,498,326,34,244,99,197
ACSSF,2019e1,nc,000,0024,0000071,,,,,,,,,,,,,,,,,,,,,,,,,,,,,,,,,,,,,,,,,,,,,,,,,,,,,,,,,,,,,,,,,,,,,,,,,,,,,,,,,,,,,,,,,,,,,,,,,,,,,,,,,,,,,,,,,,,,,,,,,,,,,,,,,,,,,,,,,,,,,,,,,,,,,,,,,,,,,,,,,75231,2930,15254,6625,10197,9861,11433,7338,7007,4586,64967,2460,13134,4972,7779,8469,10396,6684,6717,4356,6296,406,1139,447,1678,942,709,562,183,230,2788,64,749,958,657,120,189,51,0,0,1180,0,232,248,83,330,139,41,107,0
ACSSF,2019e1,nc,000,0024,0000072,275280,16055,41826,7882,21522,25718,25909,24738,17386,15675,15415,12793,16265,12826,8958,12312,223996,12571,34326,5810,14347,16176,20419,19356,15117,14616,12892,11934,14773,12207,8451,11001,26847,979,3575,680,4180,6075,2965,2187,860,603,1811,453,623,498,272,1086,14661,1944,3114,934,1911,1853,1320,1619,599,144,431,205,266,121,88,112,9776,561,811,458,1084,1614,1205,1576,810,312,281,201,603,0,147,113,,,,,,,,,,,,,,,,,,,,,,,,,,,,,,,,,,,,,,,,,,,,,,,,,,,,,,,,,,,,,,,,,,,,,,,,,,,,,,,,,275280,16055,41826,29404,51627,42124,31090,29058,21784,12312,223996,12571,34326,20157,36595,34473,27508,26707,20658,11001,26847,979,3575,4860,9040,3047,2414,1076,770,1086,14661,1944,3114,2845,3173,2218,575,471,209,112,9776,561,811,1542,2819,2386,593,804,147,113
ACSSF,2019e1,nc,000,0024,0000073,212112,15612,35804,5216,23827,23549,17350,13758,11932,9129,10681,11591,9875,7641,6194,9953,156042,9536,26011,3089,13774,14996,11607,10297,9231,7623,8759,10387,8965,6604,5446,9717,26897,2546,4488,659,5986,3513,2358,1844,832,809,1457,584,505,771,315,230,12406,798,2183,892,1741,1994,1386,1112,767,429,172,207,258,34,433,0,16767,2732,3122,576,2326,3046,1999,505,1102,268,293,413,147,232,0,6,,,,,,,,,,,,,,,,,,,,,,,,,,,,,,,,,,,,,,,,,,,,,,,,,,,,,,,,,,,,,,,,,,,,,,,,,,,,,,,,,212112,15612,35804,29043,40899,25690,19810,21466,13835,9953,156042,9536,26011,16863,26603,19528,16382,19352,12050,9717,26897,2546,4488,6645,5871,2676,2266,1089,1086,230,12406,798,2183,2633,3380,1879,601,465,467,0,16767,2732,3122,2902,5045,1607,561,560,232,6
ACSSF,2019e1,nc,000,0024,0000074,288558,14364,47471,12141,21829,24163,21149,17890,16978,18881,17211,18245,17300,13855,10022,17059,242491,12613,39864,8976,15546,18995,16216,15977,13308,16656,14539,16987,15419,12386,9352,15657,28679,1322,5633,1245,3448,2833,3205,1300,2434,1767,1838,524,746,1249,283,852,11456,142,879,1081,1745,1740,1535,309,1152,179,487,341,814,173,387,492,5932,287,1095,839,1090,595,193,304,84,279,347,393,321,47,0,58,,,,,,,,,,,,,,,,,,,,,,,,,,,,,,,,,,,,,,,,,,,,,,,,,,,,,,,,,,,,,,,,,,,,,,,,,,,,,,,,,288558,14364,47471,33970,45312,34868,36092,35545,23877,17059,242491,12613,39864,24522,35211,29285,31195,32406,21738,15657,28679,1322,5633,4693,6038,3734,3605,1270,1532,852,11456,142,879,2826,3275,1461,666,1155,560,492,5932,287,1095,1929,788,388,626,714,47,58
ACSSF,2019e1,nc,000,0024,0000075,104129,5721,17619,3540,7096,8299,7215,5597,7097,6464,5840,7185,6122,4455,3972,7907,87065,4828,14633,2649,5113,4978,6248,5362,5219,5433,5326,6694,5397,4067,3829,7289,12553,865,2758,653,510,2913,719,169,1668,841,242,134,313,332,143,293,3346,22,79,211,1310,286,248,66,144,29,272,237,117,0,0,325,1165,6,149,27,163,122,0,0,66,161,0,120,295,56,0,0,,,,,,,,,,,,,,,,,,,,,,,,,,,,,,,,,,,,,,,,,,,,,,,,,,,,,,,,,,,,,,,,,,,,,,,,,,,,,,,,,104129,5721,17619,10636,15514,12694,12304,13307,8427,7907,87065,4828,14633,7762,11226,10581,10759,12091,7896,7289,12553,865,2758,1163,3632,1837,1083,447,475,293,3346,22,79,1521,534,210,301,354,0,325,1165,6,149,190,122,66,161,415,56,0
ACSSF,2019e1,nc,000,0024,0000076,83681,3507,11631,1607,14644,9148,4921,5949,4181,4633,4194,5487,3516,3187,2259,4817,63627,2920,9903,389,9128,6168,3809,3427,3568,3958,3087,4660,3313,2899,2203,4195,10418,491,672,674,2724,1458,604,1133,370,482,590,498,61,288,0,373,5856,96,796,386,1718,1004,71,438,201,193,406,250,102,0,0,195,3780,0,260,158,1074,518,437,951,42,0,111,79,40,0,56,54,,,,,,,,,,,,,,,,,,,,,,,,,,,,,,,,,,,,,,,,,,,,,,,,,,,,,,,,,,,,,,,,,,,,,,,,,,,,,,,,,83681,3507,11631,16251,14069,10130,8827,9003,5446,4817,63627,2920,9903,9517,9977,6995,7045,7973,5102,4195,10418,491,672,3398,2062,1503,1072,559,288,373,5856,96,796,2104,1075,639,599,352,0,195,3780,0,260,1232,955,993,111,119,56,54
ACSSF,2019e1,nc,000,0024,0000077,65883,4321,7840,2266,18680,7677,4593,3798,2282,2824,1953,2333,1551,2422,1718,1625,40952,1941,4898,1007,9647,4882,2999,2708,1820,1640,1445,1915,1301,1612,1602,1535,10712,1023,836,664,4145,1176,336,418,248,1113,508,205,0,0,0,40,4253,361,1349,97,632,339,538,431,48,0,0,172,68,52,116,50,9966,996,757,498,4256,1280,720,241,166,71,0,41,182,758,0,0,,,,,,,,,,,,,,,,,,,,,,,,,,,,,,,,,,,,,,,,,,,,,,,,,,,,,,,,,,,,,,,,,,,,,,,,,,,,,,,,,65883,4321,7840,20946,12270,6080,4777,3884,4140,1625,40952,1941,4898,10654,7881,4528,3085,3216,3214,1535,10712,1023,836,4809,1512,666,1621,205,0,40,4253,361,1349,729,877,479,0,240,168,50,9966,996,757,4754,2000,407,71,223,758,0
ACSSF,2019e1,nc,000,0024,0000078,160360,5862,32009,5724,6976,10811,10938,9535,12267,15350,11682,10622,8973,6649,5233,7729,135756,4601,28364,3133,3992,6848,9021,8299,10342,13825,10821,9637,8660,6328,4539,7346,16352,1261,3036,766,1100,3027,1862,829,1332,1316,526,624,274,0,146,253,5190,0,263,1315,1405,519,0,219,432,103,297,267,0,132,238,0,3062,0,346,510,479,417,55,188,161,106,38,94,39,189,310,130,,,,,,,,,,,,,,,,,,,,,,,,,,,,,,,,,,,,,,,,,,,,,,,,,,,,,,,,,,,,,,,,,,,,,,,,,,,,,,,,,160360,5862,32009,12700,21749,21802,27032,19595,11882,7729,135756,4601,28364,7125,15869,18641,24646,18297,10867,7346,16352,1261,3036,1866,4889,2161,1842,898,146,253,5190,0,263,2720,519,651,400,267,370,0,3062,0,346,989,472,349,144,133,499,130
ACSSF,2019e1,nc,000,0024,0000079,452476,20848,72301,11634,33834,43331,36920,33572,33551,33920,29537,27200,20581,18796,14519,21932,369146,17540,61501,7609,21258,30534,26128,28491,27671,30251,26710,23548,18232,15995,13572,20106,60971,2646,8759,2130,9894,9612,6950,4001,4464,2971,1496,2771,1795,1855,486,1141,12261,434,995,1040,1699,1400,2383,711,750,305,458,757,416,358,172,383,10098,228,1046,855,983,1785,1459,369,666,393,873,124,138,588,289,302,,,,,,,,,,,,,,,,,,,,,,,,,,,,,,,,,,,,,,,,,,,,,,,,,,,,,,,,,,,,,,,,,,,,,,,,,,,,,,,,,452476,20848,72301,45468,80251,67123,63457,47781,33315,21932,369146,17540,61501,28867,56662,56162,56961,41780,29567,20106,60971,2646,8759,12024,16562,8465,4467,4566,2341,1141,12261,434,995,2739,3783,1461,763,1173,530,383,10098,228,1046,1838,3244,1035,1266,262,877,302
ACSSF,2019e1,nc,000,0024,0000080,121581,5604,16404,3180,12989,11856,9260,5580,8136,5906,6421,7008,7446,6679,5851,9261,96499,3900,14140,2090,7890,6767,6841,4235,6308,5321,6079,5721,6947,6222,5531,8507,12813,385,813,664,2984,2962,1015,692,637,137,313,918,247,297,194,555,9111,984,1297,258,1508,1744,1058,304,786,448,29,114,252,82,126,121,3158,335,154,168,607,383,346,349,405,0,0,255,0,78,0,78,,,,,,,,,,,,,,,,,,,,,,,,,,,,,,,,,,,,,,,,,,,,,,,,,,,,,,,,,,,,,,,,,,,,,,,,,,,,,,,,,121581,5604,16404,16169,21116,13716,12327,14454,12530,9261,96499,3900,14140,9980,13608,10543,11400,12668,11753,8507,12813,385,813,3648,3977,1329,450,1165,491,555,9111,984,1297,1766,2802,1090,477,366,208,121,3158,335,154,775,729,754,0,255,78,78
ACSSF,2019e1,nc,000,0024,0000081,243619,13878,46236,8271,17530,19517,15101,15039,16356,16479,14620,15685,12646,10004,9029,13228,209955,11033,41363,5884,13712,14512,13097,12706,14818,14201,12791,13715,11563,9388,8476,12696,22209,2352,4516,1098,1682,2397,1346,2109,1147,1767,741,1140,746,562,348,258,7676,250,169,1185,1236,1768,322,25,360,165,889,559,275,54,168,251,3779,243,188,104,900,840,336,199,31,346,199,271,62,0,37,23,,,,,,,,,,,,,,,,,,,,,,,,,,,,,,,,,,,,,,,,,,,,,,,,,,,,,,,,,,,,,,,,,,,,,,,,,,,,,,,,,243619,13878,46236,25801,34618,31395,31099,28331,19033,13228,209955,11033,41363,19596,27609,27524,26992,25278,17864,12696,22209,2352,4516,2780,3743,3256,2508,1886,910,258,7676,250,169,2421,2090,385,1054,834,222,251,3779,243,188,1004,1176,230,545,333,37,23
ACSSF,2019e1,nc,000,0024,0000082,,,,,,,,,,,,,,,,,,,,,,,,,,,,,,,,,,,,,,,,,,,,,,,,,,,,,,,,,,,,,,,,,,,,,,,,,,,,,,,,,,,,,,,,,,,,,,,,,,,,,,,,,,,,,,,,,,,,,,,,,,,,,,,,,,,,,,,,,,,,,,,,,,,,,,,,,,,,,,,,,,,,,,,,,,,,,,,,,,,,,,,,,,,,,,,,,,,,,,,,,,,,,,,,,,
ACSSF,2019e1,nc,000,0024,0000083,,,,,,,,,,,,,,,,,,,,,,,,,,,,,,,,,,,,,,,,,,,,,,,,,,,,,,,,,,,,,,,,,,,,,,,,,,,,,,,,,,,,,,,,,,,,,,,,,,,,,,,,,,,,,,,,,,,,,,,,,,,,,,,,,,,,,,,,,,,,,,,,,,,,,,,,,,,,,,,,,,,,,,,,,,,,,,,,,,,,,,,,,,,,,,,,,,,,,,,,,,,,,,,,,,
ACSSF,2019e1,nc,000,0024,0000084,,,,,,,,,,,,,,,,,,,,,,,,,,,,,,,,,,,,,,,,,,,,,,,,,,,,,,,,,,,,,,,,,,,,,,,,,,,,,,,,,,,,,,,,,,,,,,,,,,,,,,,,,,,,,,,,,,,,,,,,,,,,,,,,,,,,,,,,,,,,,,,,,,,,,,,,,,,,,,,,,,,,,,,,,,,,,,,,,,,,,,,,,,,,,,,,,,,,,,,,,,,,,,,,,,
ACSSF,2019e1,nc,000,0024,0000085,,,,,,,,,,,,,,,,,,,,,,,,,,,,,,,,,,,,,,,,,,,,,,,,,,,,,,,,,,,,,,,,,,,,,,,,,,,,,,,,,,,,,,,,,,,,,,,,,,,,,,,,,,,,,,,,,,,,,,,,,,,,,,,,,,,,,,,,,,,,,,,,,,,,,,,,,,,,,,,,,,,,,,,,,,,,,,,,,,,,,,,,,,,,,,,,,,,,,,,,,,,,,,,,,,
ACSSF,2019e1,nc,000,0024,0000086,,,,,,,,,,,,,,,,,,,,,,,,,,,,,,,,,,,,,,,,,,,,,,,,,,,,,,,,,,,,,,,,,,,,,,,,,,,,,,,,,,,,,,,,,,,,,,,,,,,,,,,,,,,,,,,,,,,,,,,,,,,,,,,,,,,,,,,,,,,,,,,,,,,,,,,,,,,,,,,,,,,,,,,,,,,,,,,,,,,,,,,,,,,,,,,,,,,,,,,,,,,,,,,,,,
ACSSF,2019e1,nc,000,0024,0000087,,,,,,,,,,,,,,,,,,,,,,,,,,,,,,,,,,,,,,,,,,,,,,,,,,,,,,,,,,,,,,,,,,,,,,,,,,,,,,,,,,,,,,,,,,,,,,,,,,,,,,,,,,,,,,,,,,,,,,,,,,,,,,,,,,,,,,,,,,,,,,,,,,,,,,,,,,,,,,,,,,,,,,,,,,,,,,,,,,,,,,,,,,,,,,,,,,,,,,,,,,,,,,,,,,
ACSSF,2019e1,nc,000,0024,0000088,,,,,,,,,,,,,,,,,,,,,,,,,,,,,,,,,,,,,,,,,,,,,,,,,,,,,,,,,,,,,,,,,,,,,,,,,,,,,,,,,,,,,,,,,,,,,,,,,,,,,,,,,,,,,,,,,,,,,,,,,,,,,,,,,,,,,,,,,,,,,,,,,,,,,,,,,,,,,,,,,,,,,,,,,,,,,,,,,,,,,,,,,,,,,,,,,,,,,,,,,,,,,,,,,,
ACSSF,2019e1,nc,000,0024,0000089,,,,,,,,,,,,,,,,,,,,,,,,,,,,,,,,,,,,,,,,,,,,,,,,,,,,,,,,,,,,,,,,,,,,,,,,,,,,,,,,,,,,,,,,,,,,,,,,,,,,,,,,,,,,,,,,,,,,,,,,,,,,,,,,,,,,,,,,,,,,,,,,,,,,,,,,,,,,,,,,,,,,,,,,,,,,,,,,,,,,,,,,,,,,,,,,,,,,,,,,,,,,,,,,,,
ACSSF,2019e1,nc,000,0024,0000090,,,,,,,,,,,,,,,,,,,,,,,,,,,,,,,,,,,,,,,,,,,,,,,,,,,,,,,,,,,,,,,,,,,,,,,,,,,,,,,,,,,,,,,,,,,,,,,,,,,,,,,,,,,,,,,,,,,,,,,,,,,,,,,,,,,,,,,,,,,,,,,,,,,,,,,,,,,,,,,,,,,,,,,,,,,,,,,,,,,,,,,,,,,,,,,,,,,,,,,,,,,,,,,,,,
ACSSF,2019e1,nc,000,0024,0000091,,,,,,,,,,,,,,,,,,,,,,,,,,,,,,,,,,,,,,,,,,,,,,,,,,,,,,,,,,,,,,,,,,,,,,,,,,,,,,,,,,,,,,,,,,,,,,,,,,,,,,,,,,,,,,,,,,,,,,,,,,,,,,,,,,,,,,,,,,,,,,,,,,,,,,,,,,,,,,,,,,,,,,,,,,,,,,,,,,,,,,,,,,,,,,,,,,,,,,,,,,,,,,,,,,
ACSSF,2019e1,nc,000,0024,0000092,,,,,,,,,,,,,,,,,,,,,,,,,,,,,,,,,,,,,,,,,,,,,,,,,,,,,,,,,,,,,,,,,,,,,,,,,,,,,,,,,,,,,,,,,,,,,,,,,,,,,,,,,,,,,,,,,,,,,,,,,,,,,,,,,,,,,,,,,,,,,,,,,,,,,,,,,,,,,,,,,,,,,,,,,,,,,,,,,,,,,,,,,,,,,,,,,,,,,,,,,,,,,,,,,,
ACSSF,2019e1,nc,000,0024,0000093,,,,,,,,,,,,,,,,,,,,,,,,,,,,,,,,,,,,,,,,,,,,,,,,,,,,,,,,,,,,,,,,,,,,,,,,,,,,,,,,,,,,,,,,,,,,,,,,,,,,,,,,,,,,,,,,,,,,,,,,,,,,,,,,,,,,,,,,,,,,,,,,,,,,,,,,,,,,,,,,,,,,,,,,,,,,,,,,,,,,,,,,,,,,,,,,,,,,,,,,,,,,,,,,,,
ACSSF,2019e1,nc,000,0024,0000094,,,,,,,,,,,,,,,,,,,,,,,,,,,,,,,,,,,,,,,,,,,,,,,,,,,,,,,,,,,,,,,,,,,,,,,,,,,,,,,,,,,,,,,,,,,,,,,,,,,,,,,,,,,,,,,,,,,,,,,,,,,,,,,,,,,,,,,,,,,,,,,,,,,,,,,,,,,,,,,,,,,,,,,,,,,,,,,,,,,,,,,,,,,,,,,,,,,,,,,,,,,,,,,,,,
ACSSF,2019e1,nc,000,0024,0000095,,,,,,,,,,,,,,,,,,,,,,,,,,,,,,,,,,,,,,,,,,,,,,,,,,,,,,,,,,,,,,,,,,,,,,,,,,,,,,,,,,,,,,,,,,,,,,,,,,,,,,,,,,,,,,,,,,,,,,,,,,,,,,,,,,,,,,,,,,,,,,,,,,,,,,,,,,,,,,,,,,,,,,,,,,,,,,,,,,,,,,,,,,,,,,,,,,,,,,,,,,,,,,,,,,
ACSSF,2019e1,nc,000,0024,0000096,,,,,,,,,,,,,,,,,,,,,,,,,,,,,,,,,,,,,,,,,,,,,,,,,,,,,,,,,,,,,,,,,,,,,,,,,,,,,,,,,,,,,,,,,,,,,,,,,,,,,,,,,,,,,,,,,,,,,,,,,,,,,,,,,,,,,,,,,,,,,,,,,,,,,,,,,,,,,,,,,,,,,,,,,,,,,,,,,,,,,,,,,,,,,,,,,,,,,,,,,,,,,,,,,,
ACSSF,2019e1,nc,000,0024,0000097,,,,,,,,,,,,,,,,,,,,,,,,,,,,,,,,,,,,,,,,,,,,,,,,,,,,,,,,,,,,,,,,,,,,,,,,,,,,,,,,,,,,,,,,,,,,,,,,,,,,,,,,,,,,,,,,,,,,,,,,,,,,,,,,,,,,,,,,,,,,,,,,,,,,,,,,,,,,,,,,,,,,,,,,,,,,,,,,,,,,,,,,,,,,,,,,,,,,,,,,,,,,,,,,,,
ACSSF,2019e1,nc,000,0024,0000098,,,,,,,,,,,,,,,,,,,,,,,,,,,,,,,,,,,,,,,,,,,,,,,,,,,,,,,,,,,,,,,,,,,,,,,,,,,,,,,,,,,,,,,,,,,,,,,,,,,,,,,,,,,,,,,,,,,,,,,,,,,,,,,,,,,,,,,,,,,,,,,,,,,,,,,,,,,,,,,,,,,,,,,,,,,,,,,,,,,,,,,,,,,,,,,,,,,,,,,,,,,,,,,,,,
ACSSF,2019e1,nc,000,0024,0000099,,,,,,,,,,,,,,,,,,,,,,,,,,,,,,,,,,,,,,,,,,,,,,,,,,,,,,,,,,,,,,,,,,,,,,,,,,,,,,,,,,,,,,,,,,,,,,,,,,,,,,,,,,,,,,,,,,,,,,,,,,,,,,,,,,,,,,,,,,,,,,,,,,,,,,,,,,,,,,,,,,,,,,,,,,,,,,,,,,,,,,,,,,,,,,,,,,,,,,,,,,,,,,,,,,
ACSSF,2019e1,nc,000,0024,0000100,,,,,,,,,,,,,,,,,,,,,,,,,,,,,,,,,,,,,,,,,,,,,,,,,,,,,,,,,,,,,,,,,,,,,,,,,,,,,,,,,,,,,,,,,,,,,,,,,,,,,,,,,,,,,,,,,,,,,,,,,,,,,,,,,,,,,,,,,,,,,,,,,,,,,,,,,,,,,,,,,,,,,,,,,,,,,,,,,,,,,,,,,,,,,,,,,,,,,,,,,,,,,,,,,,
ACSSF,2019e1,nc,000,0024,0000101,,,,,,,,,,,,,,,,,,,,,,,,,,,,,,,,,,,,,,,,,,,,,,,,,,,,,,,,,,,,,,,,,,,,,,,,,,,,,,,,,,,,,,,,,,,,,,,,,,,,,,,,,,,,,,,,,,,,,,,,,,,,,,,,,,,,,,,,,,,,,,,,,,,,,,,,,,,,,,,,,,,,,,,,,,,,,,,,,,,,,,,,,,,,,,,,,,,,,,,,,,,,,,,,,,
ACSSF,2019e1,nc,000,0024,0000102,,,,,,,,,,,,,,,,,,,,,,,,,,,,,,,,,,,,,,,,,,,,,,,,,,,,,,,,,,,,,,,,,,,,,,,,,,,,,,,,,,,,,,,,,,,,,,,,,,,,,,,,,,,,,,,,,,,,,,,,,,,,,,,,,,,,,,,,,,,,,,,,,,,,,,,,,,,,,,,,,,,,,,,,,,,,,,,,,,,,,,,,,,,,,,,,,,,,,,,,,,,,,,,,,,
ACSSF,2019e1,nc,000,0024,0000103,,,,,,,,,,,,,,,,,,,,,,,,,,,,,,,,,,,,,,,,,,,,,,,,,,,,,,,,,,,,,,,,,,,,,,,,,,,,,,,,,,,,,,,,,,,,,,,,,,,,,,,,,,,,,,,,,,,,,,,,,,,,,,,,,,,,,,,,,,,,,,,,,,,,,,,,,,,,,,,,,,,,,,,,,,,,,,,,,,,,,,,,,,,,,,,,,,,,,,,,,,,,,,,,,,
ACSSF,2019e1,nc,000,0024,0000104,,,,,,,,,,,,,,,,,,,,,,,,,,,,,,,,,,,,,,,,,,,,,,,,,,,,,,,,,,,,,,,,,,,,,,,,,,,,,,,,,,,,,,,,,,,,,,,,,,,,,,,,,,,,,,,,,,,,,,,,,,,,,,,,,,,,,,,,,,,,,,,,,,,,,,,,,,,,,,,,,,,,,,,,,,,,,,,,,,,,,,,,,,,,,,,,,,,,,,,,,,,,,,,,,,
ACSSF,2019e1,nc,000,0024,0000105,,,,,,,,,,,,,,,,,,,,,,,,,,,,,,,,,,,,,,,,,,,,,,,,,,,,,,,,,,,,,,,,,,,,,,,,,,,,,,,,,,,,,,,,,,,,,,,,,,,,,,,,,,,,,,,,,,,,,,,,,,,,,,,,,,,,,,,,,,,,,,,,,,,,,,,,,,,,,,,,,,,,,,,,,,,,,,,,,,,,,,,,,,,,,,,,,,,,,,,,,,,,,,,,,,
ACSSF,2019e1,nc,000,0024,0000106,,,,,,,,,,,,,,,,,,,,,,,,,,,,,,,,,,,,,,,,,,,,,,,,,,,,,,,,,,,,,,,,,,,,,,,,,,,,,,,,,,,,,,,,,,,,,,,,,,,,,,,,,,,,,,,,,,,,,,,,,,,,,,,,,,,,,,,,,,,,,,,,,,,,,,,,,,,,,,,,,,,,,,,,,,,,,,,,,,,,,,,,,,,,,,,,,,,,,,,,,,,,,,,,,,
ACSSF,2019e1,nc,000,0024,0000107,,,,,,,,,,,,,,,,,,,,,,,,,,,,,,,,,,,,,,,,,,,,,,,,,,,,,,,,,,,,,,,,,,,,,,,,,,,,,,,,,,,,,,,,,,,,,,,,,,,,,,,,,,,,,,,,,,,,,,,,,,,,,,,,,,,,,,,,,,,,,,,,,,,,,,,,,,,,,,,,,,,,,,,,,,,,,,,,,,,,,,,,,,,,,,,,,,,,,,,,,,,,,,,,,,
ACSSF,2019e1,nc,000,0024,0000108,,,,,,,,,,,,,,,,,,,,,,,,,,,,,,,,,,,,,,,,,,,,,,,,,,,,,,,,,,,,,,,,,,,,,,,,,,,,,,,,,,,,,,,,,,,,,,,,,,,,,,,,,,,,,,,,,,,,,,,,,,,,,,,,,,,,,,,,,,,,,,,,,,,,,,,,,,,,,,,,,,,,,,,,,,,,,,,,,,,,,,,,,,,,,,,,,,,,,,,,,,,,,,,,,,
ACSSF,2019e1,nc,000,0024,0000109,,,,,,,,,,,,,,,,,,,,,,,,,,,,,,,,,,,,,,,,,,,,,,,,,,,,,,,,,,,,,,,,,,,,,,,,,,,,,,,,,,,,,,,,,,,,,,,,,,,,,,,,,,,,,,,,,,,,,,,,,,,,,,,,,,,,,,,,,,,,,,,,,,,,,,,,,,,,,,,,,,,,,,,,,,,,,,,,,,,,,,,,,,,,,,,,,,,,,,,,,,,,,,,,,,
ACSSF,2019e1,nc,000,0024,0000110,,,,,,,,,,,,,,,,,,,,,,,,,,,,,,,,,,,,,,,,,,,,,,,,,,,,,,,,,,,,,,,,,,,,,,,,,,,,,,,,,,,,,,,,,,,,,,,,,,,,,,,,,,,,,,,,,,,,,,,,,,,,,,,,,,,,,,,,,,,,,,,,,,,,,,,,,,,,,,,,,,,,,,,,,,,,,,,,,,,,,,,,,,,,,,,,,,,,,,,,,,,,,,,,,,
ACSSF,2019e1,nc,000,0024,0000111,,,,,,,,,,,,,,,,,,,,,,,,,,,,,,,,,,,,,,,,,,,,,,,,,,,,,,,,,,,,,,,,,,,,,,,,,,,,,,,,,,,,,,,,,,,,,,,,,,,,,,,,,,,,,,,,,,,,,,,,,,,,,,,,,,,,,,,,,,,,,,,,,,,,,,,,,,,,,,,,,,,,,,,,,,,,,,,,,,,,,,,,,,,,,,,,,,,,,,,,,,,,,,,,,,
ACSSF,2019e1,nc,000,0024,0000112,,,,,,,,,,,,,,,,,,,,,,,,,,,,,,,,,,,,,,,,,,,,,,,,,,,,,,,,,,,,,,,,,,,,,,,,,,,,,,,,,,,,,,,,,,,,,,,,,,,,,,,,,,,,,,,,,,,,,,,,,,,,,,,,,,,,,,,,,,,,,,,,,,,,,,,,,,,,,,,,,,,,,,,,,,,,,,,,,,,,,,,,,,,,,,,,,,,,,,,,,,,,,,,,,,
ACSSF,2019e1,nc,000,0024,0000113,,,,,,,,,,,,,,,,,,,,,,,,,,,,,,,,,,,,,,,,,,,,,,,,,,,,,,,,,,,,,,,,,,,,,,,,,,,,,,,,,,,,,,,,,,,,,,,,,,,,,,,,,,,,,,,,,,,,,,,,,,,,,,,,,,,,,,,,,,,,,,,,,,,,,,,,,,,,,,,,,,,,,,,,,,,,,,,,,,,,,,,,,,,,,,,,,,,,,,,,,,,,,,,,,,
ACSSF,2019e1,nc,000,0024,0000114,,,,,,,,,,,,,,,,,,,,,,,,,,,,,,,,,,,,,,,,,,,,,,,,,,,,,,,,,,,,,,,,,,,,,,,,,,,,,,,,,,,,,,,,,,,,,,,,,,,,,,,,,,,,,,,,,,,,,,,,,,,,,,,,,,,,,,,,,,,,,,,,,,,,,,,,,,,,,,,,,,,,,,,,,,,,,,,,,,,,,,,,,,,,,,,,,,,,,,,,,,,,,,,,,,
ACSSF,2019e1,nc,000,0024,0000115,,,,,,,,,,,,,,,,,,,,,,,,,,,,,,,,,,,,,,,,,,,,,,,,,,,,,,,,,,,,,,,,,,,,,,,,,,,,,,,,,,,,,,,,,,,,,,,,,,,,,,,,,,,,,,,,,,,,,,,,,,,,,,,,,,,,,,,,,,,,,,,,,,,,,,,,,,,,,,,,,,,,,,,,,,,,,,,,,,,,,,,,,,,,,,,,,,,,,,,,,,,,,,,,,,
ACSSF,2019e1,nc,000,0024,0000116,,,,,,,,,,,,,,,,,,,,,,,,,,,,,,,,,,,,,,,,,,,,,,,,,,,,,,,,,,,,,,,,,,,,,,,,,,,,,,,,,,,,,,,,,,,,,,,,,,,,,,,,,,,,,,,,,,,,,,,,,,,,,,,,,,,,,,,,,,,,,,,,,,,,,,,,,,,,,,,,,,,,,,,,,,,,,,,,,,,,,,,,,,,,,,,,,,,,,,,,,,,,,,,,,,
ACSSF,2019e1,nc,000,0024,0000117,,,,,,,,,,,,,,,,,,,,,,,,,,,,,,,,,,,,,,,,,,,,,,,,,,,,,,,,,,,,,,,,,,,,,,,,,,,,,,,,,,,,,,,,,,,,,,,,,,,,,,,,,,,,,,,,,,,,,,,,,,,,,,,,,,,,,,,,,,,,,,,,,,,,,,,,,,,,,,,,,,,,,,,,,,,,,,,,,,,,,,,,,,,,,,,,,,,,,,,,,,,,,,,,,,
ACSSF,2019e1,nc,000,0024,0000118,,,,,,,,,,,,,,,,,,,,,,,,,,,,,,,,,,,,,,,,,,,,,,,,,,,,,,,,,,,,,,,,,,,,,,,,,,,,,,,,,,,,,,,,,,,,,,,,,,,,,,,,,,,,,,,,,,,,,,,,,,,,,,,,,,,,,,,,,,,,,,,,,,,,,,,,,,,,,,,,,,,,,,,,,,,,,,,,,,,,,,,,,,,,,,,,,,,,,,,,,,,,,,,,,,
ACSSF,2019e1,nc,000,0024,0000119,,,,,,,,,,,,,,,,,,,,,,,,,,,,,,,,,,,,,,,,,,,,,,,,,,,,,,,,,,,,,,,,,,,,,,,,,,,,,,,,,,,,,,,,,,,,,,,,,,,,,,,,,,,,,,,,,,,,,,,,,,,,,,,,,,,,,,,,,,,,,,,,,,,,,,,,,,,,,,,,,,,,,,,,,,,,,,,,,,,,,,,,,,,,,,,,,,,,,,,,,,,,,,,,,,
ACSSF,2019e1,nc,000,0024,0000120,,,,,,,,,,,,,,,,,,,,,,,,,,,,,,,,,,,,,,,,,,,,,,,,,,,,,,,,,,,,,,,,,,,,,,,,,,,,,,,,,,,,,,,,,,,,,,,,,,,,,,,,,,,,,,,,,,,,,,,,,,,,,,,,,,,,,,,,,,,,,,,,,,,,,,,,,,,,,,,,,,,,,,,,,,,,,,,,,,,,,,,,,,,,,,,,,,,,,,,,,,,,,,,,,,
ACSSF,2019e1,nc,000,0024,0000121,,,,,,,,,,,,,,,,,,,,,,,,,,,,,,,,,,,,,,,,,,,,,,,,,,,,,,,,,,,,,,,,,,,,,,,,,,,,,,,,,,,,,,,,,,,,,,,,,,,,,,,,,,,,,,,,,,,,,,,,,,,,,,,,,,,,,,,,,,,,,,,,,,,,,,,,,,,,,,,,,,,,,,,,,,,,,,,,,,,,,,,,,,,,,,,,,,,,,,,,,,,,,,,,,,
ACSSF,2019e1,nc,000,0024,0000122,,,,,,,,,,,,,,,,,,,,,,,,,,,,,,,,,,,,,,,,,,,,,,,,,,,,,,,,,,,,,,,,,,,,,,,,,,,,,,,,,,,,,,,,,,,,,,,,,,,,,,,,,,,,,,,,,,,,,,,,,,,,,,,,,,,,,,,,,,,,,,,,,,,,,,,,,,,,,,,,,,,,,,,,,,,,,,,,,,,,,,,,,,,,,,,,,,,,,,,,,,,,,,,,,,
ACSSF,2019e1,nc,000,0024,0000123,,,,,,,,,,,,,,,,,,,,,,,,,,,,,,,,,,,,,,,,,,,,,,,,,,,,,,,,,,,,,,,,,,,,,,,,,,,,,,,,,,,,,,,,,,,,,,,,,,,,,,,,,,,,,,,,,,,,,,,,,,,,,,,,,,,,,,,,,,,,,,,,,,,,,,,,,,,,,,,,,,,,,,,,,,,,,,,,,,,,,,,,,,,,,,,,,,,,,,,,,,,,,,,,,,
ACSSF,2019e1,nc,000,0024,0000124,,,,,,,,,,,,,,,,,,,,,,,,,,,,,,,,,,,,,,,,,,,,,,,,,,,,,,,,,,,,,,,,,,,,,,,,,,,,,,,,,,,,,,,,,,,,,,,,,,,,,,,,,,,,,,,,,,,,,,,,,,,,,,,,,,,,,,,,,,,,,,,,,,,,,,,,,,,,,,,,,,,,,,,,,,,,,,,,,,,,,,,,,,,,,,,,,,,,,,,,,,,,,,,,,,
ACSSF,2019e1,nc,000,0024,0000125,,,,,,,,,,,,,,,,,,,,,,,,,,,,,,,,,,,,,,,,,,,,,,,,,,,,,,,,,,,,,,,,,,,,,,,,,,,,,,,,,,,,,,,,,,,,,,,,,,,,,,,,,,,,,,,,,,,,,,,,,,,,,,,,,,,,,,,,,,,,,,,,,,,,,,,,,,,,,,,,,,,,,,,,,,,,,,,,,,,,,,,,,,,,,,,,,,,,,,,,,,,,,,,,,,
ACSSF,2019e1,nc,000,0024,0000126,,,,,,,,,,,,,,,,,,,,,,,,,,,,,,,,,,,,,,,,,,,,,,,,,,,,,,,,,,,,,,,,,,,,,,,,,,,,,,,,,,,,,,,,,,,,,,,,,,,,,,,,,,,,,,,,,,,,,,,,,,,,,,,,,,,,,,,,,,,,,,,,,,,,,,,,,,,,,,,,,,,,,,,,,,,,,,,,,,,,,,,,,,,,,,,,,,,,,,,,,,,,,,,,,,
ACSSF,2019e1,nc,000,0024,0000127,,,,,,,,,,,,,,,,,,,,,,,,,,,,,,,,,,,,,,,,,,,,,,,,,,,,,,,,,,,,,,,,,,,,,,,,,,,,,,,,,,,,,,,,,,,,,,,,,,,,,,,,,,,,,,,,,,,,,,,,,,,,,,,,,,,,,,,,,,,,,,,,,,,,,,,,,,,,,,,,,,,,,,,,,,,,,,,,,,,,,,,,,,,,,,,,,,,,,,,,,,,,,,,,,,
ACSSF,2019e1,nc,000,0024,0000128,,,,,,,,,,,,,,,,,,,,,,,,,,,,,,,,,,,,,,,,,,,,,,,,,,,,,,,,,,,,,,,,,,,,,,,,,,,,,,,,,,,,,,,,,,,,,,,,,,,,,,,,,,,,,,,,,,,,,,,,,,,,,,,,,,,,,,,,,,,,,,,,,,,,,,,,,,,,,,,,,,,,,,,,,,,,,,,,,,,,,,,,,,,,,,,,,,,,,,,,,,,,,,,,,,
ACSSF,2019e1,nc,000,0024,0000129,,,,,,,,,,,,,,,,,,,,,,,,,,,,,,,,,,,,,,,,,,,,,,,,,,,,,,,,,,,,,,,,,,,,,,,,,,,,,,,,,,,,,,,,,,,,,,,,,,,,,,,,,,,,,,,,,,,,,,,,,,,,,,,,,,,,,,,,,,,,,,,,,,,,,,,,,,,,,,,,,,,,,,,,,,,,,,,,,,,,,,,,,,,,,,,,,,,,,,,,,,,,,,,,,,
ACSSF,2019e1,nc,000,0024,0000130,,,,,,,,,,,,,,,,,,,,,,,,,,,,,,,,,,,,,,,,,,,,,,,,,,,,,,,,,,,,,,,,,,,,,,,,,,,,,,,,,,,,,,,,,,,,,,,,,,,,,,,,,,,,,,,,,,,,,,,,,,,,,,,,,,,,,,,,,,,,,,,,,,,,,,,,,,,,,,,,,,,,,,,,,,,,,,,,,,,,,,,,,,,,,,,,,,,,,,,,,,,,,,,,,,
ACSSF,2019e1,nc,000,0024,0000131,,,,,,,,,,,,,,,,,,,,,,,,,,,,,,,,,,,,,,,,,,,,,,,,,,,,,,,,,,,,,,,,,,,,,,,,,,,,,,,,,,,,,,,,,,,,,,,,,,,,,,,,,,,,,,,,,,,,,,,,,,,,,,,,,,,,,,,,,,,,,,,,,,,,,,,,,,,,,,,,,,,,,,,,,,,,,,,,,,,,,,,,,,,,,,,,,,,,,,,,,,,,,,,,,,
ACSSF,2019e1,nc,000,0024,0000132,,,,,,,,,,,,,,,,,,,,,,,,,,,,,,,,,,,,,,,,,,,,,,,,,,,,,,,,,,,,,,,,,,,,,,,,,,,,,,,,,,,,,,,,,,,,,,,,,,,,,,,,,,,,,,,,,,,,,,,,,,,,,,,,,,,,,,,,,,,,,,,,,,,,,,,,,,,,,,,,,,,,,,,,,,,,,,,,,,,,,,,,,,,,,,,,,,,,,,,,,,,,,,,,,,
ACSSF,2019e1,nc,000,0024,0000133,,,,,,,,,,,,,,,,,,,,,,,,,,,,,,,,,,,,,,,,,,,,,,,,,,,,,,,,,,,,,,,,,,,,,,,,,,,,,,,,,,,,,,,,,,,,,,,,,,,,,,,,,,,,,,,,,,,,,,,,,,,,,,,,,,,,,,,,,,,,,,,,,,,,,,,,,,,,,,,,,,,,,,,,,,,,,,,,,,,,,,,,,,,,,,,,,,,,,,,,,,,,,,,,,,
ACSSF,2019e1,nc,000,0024,0000134,,,,,,,,,,,,,,,,,,,,,,,,,,,,,,,,,,,,,,,,,,,,,,,,,,,,,,,,,,,,,,,,,,,,,,,,,,,,,,,,,,,,,,,,,,,,,,,,,,,,,,,,,,,,,,,,,,,,,,,,,,,,,,,,,,,,,,,,,,,,,,,,,,,,,,,,,,,,,,,,,,,,,,,,,,,,,,,,,,,,,,,,,,,,,,,,,,,,,,,,,,,,,,,,,,
ACSSF,2019e1,nc,000,0024,0000135,,,,,,,,,,,,,,,,,,,,,,,,,,,,,,,,,,,,,,,,,,,,,,,,,,,,,,,,,,,,,,,,,,,,,,,,,,,,,,,,,,,,,,,,,,,,,,,,,,,,,,,,,,,,,,,,,,,,,,,,,,,,,,,,,,,,,,,,,,,,,,,,,,,,,,,,,,,,,,,,,,,,,,,,,,,,,,,,,,,,,,,,,,,,,,,,,,,,,,,,,,,,,,,,,,
ACSSF,2019e1,nc,000,0024,0000136,,,,,,,,,,,,,,,,,,,,,,,,,,,,,,,,,,,,,,,,,,,,,,,,,,,,,,,,,,,,,,,,,,,,,,,,,,,,,,,,,,,,,,,,,,,,,,,,,,,,,,,,,,,,,,,,,,,,,,,,,,,,,,,,,,,,,,,,,,,,,,,,,,,,,,,,,,,,,,,,,,,,,,,,,,,,,,,,,,,,,,,,,,,,,,,,,,,,,,,,,,,,,,,,,,
ACSSF,2019e1,nc,000,0024,0000137,,,,,,,,,,,,,,,,,,,,,,,,,,,,,,,,,,,,,,,,,,,,,,,,,,,,,,,,,,,,,,,,,,,,,,,,,,,,,,,,,,,,,,,,,,,,,,,,,,,,,,,,,,,,,,,,,,,,,,,,,,,,,,,,,,,,,,,,,,,,,,,,,,,,,,,,,,,,,,,,,,,,,,,,,,,,,,,,,,,,,,,,,,,,,,,,,,,,,,,,,,,,,,,,,,
ACSSF,2019e1,nc,000,0024,0000138,,,,,,,,,,,,,,,,,,,,,,,,,,,,,,,,,,,,,,,,,,,,,,,,,,,,,,,,,,,,,,,,,,,,,,,,,,,,,,,,,,,,,,,,,,,,,,,,,,,,,,,,,,,,,,,,,,,,,,,,,,,,,,,,,,,,,,,,,,,,,,,,,,,,,,,,,,,,,,,,,,,,,,,,,,,,,,,,,,,,,,,,,,,,,,,,,,,,,,,,,,,,,,,,,,
ACSSF,2019e1,nc,000,0024,0000139,,,,,,,,,,,,,,,,,,,,,,,,,,,,,,,,,,,,,,,,,,,,,,,,,,,,,,,,,,,,,,,,,,,,,,,,,,,,,,,,,,,,,,,,,,,,,,,,,,,,,,,,,,,,,,,,,,,,,,,,,,,,,,,,,,,,,,,,,,,,,,,,,,,,,,,,,,,,,,,,,,,,,,,,,,,,,,,,,,,,,,,,,,,,,,,,,,,,,,,,,,,,,,,,,,
ACSSF,2019e1,nc,000,0024,0000140,,,,,,,,,,,,,,,,,,,,,,,,,,,,,,,,,,,,,,,,,,,,,,,,,,,,,,,,,,,,,,,,,,,,,,,,,,,,,,,,,,,,,,,,,,,,,,,,,,,,,,,,,,,,,,,,,,,,,,,,,,,,,,,,,,,,,,,,,,,,,,,,,,,,,,,,,,,,,,,,,,,,,,,,,,,,,,,,,,,,,,,,,,,,,,,,,,,,,,,,,,,,,,,,,,
ACSSF,2019e1,nc,000,0024,0000141,,,,,,,,,,,,,,,,,,,,,,,,,,,,,,,,,,,,,,,,,,,,,,,,,,,,,,,,,,,,,,,,,,,,,,,,,,,,,,,,,,,,,,,,,,,,,,,,,,,,,,,,,,,,,,,,,,,,,,,,,,,,,,,,,,,,,,,,,,,,,,,,,,,,,,,,,,,,,,,,,,,,,,,,,,,,,,,,,,,,,,,,,,,,,,,,,,,,,,,,,,,,,,,,,,
ACSSF,2019e1,nc,000,0024,0000142,,,,,,,,,,,,,,,,,,,,,,,,,,,,,,,,,,,,,,,,,,,,,,,,,,,,,,,,,,,,,,,,,,,,,,,,,,,,,,,,,,,,,,,,,,,,,,,,,,,,,,,,,,,,,,,,,,,,,,,,,,,,,,,,,,,,,,,,,,,,,,,,,,,,,,,,,,,,,,,,,,,,,,,,,,,,,,,,,,,,,,,,,,,,,,,,,,,,,,,,,,,,,,,,,,
ACSSF,2019e1,nc,000,0024,0000143,,,,,,,,,,,,,,,,,,,,,,,,,,,,,,,,,,,,,,,,,,,,,,,,,,,,,,,,,,,,,,,,,,,,,,,,,,,,,,,,,,,,,,,,,,,,,,,,,,,,,,,,,,,,,,,,,,,,,,,,,,,,,,,,,,,,,,,,,,,,,,,,,,,,,,,,,,,,,,,,,,,,,,,,,,,,,,,,,,,,,,,,,,,,,,,,,,,,,,,,,,,,,,,,,,
ACSSF,2019e1,nc,000,0024,0000144,,,,,,,,,,,,,,,,,,,,,,,,,,,,,,,,,,,,,,,,,,,,,,,,,,,,,,,,,,,,,,,,,,,,,,,,,,,,,,,,,,,,,,,,,,,,,,,,,,,,,,,,,,,,,,,,,,,,,,,,,,,,,,,,,,,,,,,,,,,,,,,,,,,,,,,,,,,,,,,,,,,,,,,,,,,,,,,,,,,,,,,,,,,,,,,,,,,,,,,,,,,,,,,,,,
ACSSF,2019e1,nc,000,0024,0000145,,,,,,,,,,,,,,,,,,,,,,,,,,,,,,,,,,,,,,,,,,,,,,,,,,,,,,,,,,,,,,,,,,,,,,,,,,,,,,,,,,,,,,,,,,,,,,,,,,,,,,,,,,,,,,,,,,,,,,,,,,,,,,,,,,,,,,,,,,,,,,,,,,,,,,,,,,,,,,,,,,,,,,,,,,,,,,,,,,,,,,,,,,,,,,,,,,,,,,,,,,,,,,,,,,
ACSSF,2019e1,nc,000,0024,0000146,,,,,,,,,,,,,,,,,,,,,,,,,,,,,,,,,,,,,,,,,,,,,,,,,,,,,,,,,,,,,,,,,,,,,,,,,,,,,,,,,,,,,,,,,,,,,,,,,,,,,,,,,,,,,,,,,,,,,,,,,,,,,,,,,,,,,,,,,,,,,,,,,,,,,,,,,,,,,,,,,,,,,,,,,,,,,,,,,,,,,,,,,,,,,,,,,,,,,,,,,,,,,,,,,,
ACSSF,2019e1,nc,000,0024,0000147,,,,,,,,,,,,,,,,,,,,,,,,,,,,,,,,,,,,,,,,,,,,,,,,,,,,,,,,,,,,,,,,,,,,,,,,,,,,,,,,,,,,,,,,,,,,,,,,,,,,,,,,,,,,,,,,,,,,,,,,,,,,,,,,,,,,,,,,,,,,,,,,,,,,,,,,,,,,,,,,,,,,,,,,,,,,,,,,,,,,,,,,,,,,,,,,,,,,,,,,,,,,,,,,,,
ACSSF,2019e1,nc,000,0024,0000148,,,,,,,,,,,,,,,,,,,,,,,,,,,,,,,,,,,,,,,,,,,,,,,,,,,,,,,,,,,,,,,,,,,,,,,,,,,,,,,,,,,,,,,,,,,,,,,,,,,,,,,,,,,,,,,,,,,,,,,,,,,,,,,,,,,,,,,,,,,,,,,,,,,,,,,,,,,,,,,,,,,,,,,,,,,,,,,,,,,,,,,,,,,,,,,,,,,,,,,,,,,,,,,,,,
ACSSF,2019e1,nc,000,0024,0000149,,,,,,,,,,,,,,,,,,,,,,,,,,,,,,,,,,,,,,,,,,,,,,,,,,,,,,,,,,,,,,,,,,,,,,,,,,,,,,,,,,,,,,,,,,,,,,,,,,,,,,,,,,,,,,,,,,,,,,,,,,,,,,,,,,,,,,,,,,,,,,,,,,,,,,,,,,,,,,,,,,,,,,,,,,,,,,,,,,,,,,,,,,,,,,,,,,,,,,,,,,,,,,,,,,
ACSSF,2019e1,nc,000,0024,0000150,,,,,,,,,,,,,,,,,,,,,,,,,,,,,,,,,,,,,,,,,,,,,,,,,,,,,,,,,,,,,,,,,,,,,,,,,,,,,,,,,,,,,,,,,,,,,,,,,,,,,,,,,,,,,,,,,,,,,,,,,,,,,,,,,,,,,,,,,,,,,,,,,,,,,,,,,,,,,,,,,,,,,,,,,,,,,,,,,,,,,,,,,,,,,,,,,,,,,,,,,,,,,,,,,,
ACSSF,2019e1,nc,000,0024,0000151,,,,,,,,,,,,,,,,,,,,,,,,,,,,,,,,,,,,,,,,,,,,,,,,,,,,,,,,,,,,,,,,,,,,,,,,,,,,,,,,,,,,,,,,,,,,,,,,,,,,,,,,,,,,,,,,,,,,,,,,,,,,,,,,,,,,,,,,,,,,,,,,,,,,,,,,,,,,,,,,,,,,,,,,,,,,,,,,,,,,,,,,,,,,,,,,,,,,,,,,,,,,,,,,,,
ACSSF,2019e1,nc,000,0024,0000152,,,,,,,,,,,,,,,,,,,,,,,,,,,,,,,,,,,,,,,,,,,,,,,,,,,,,,,,,,,,,,,,,,,,,,,,,,,,,,,,,,,,,,,,,,,,,,,,,,,,,,,,,,,,,,,,,,,,,,,,,,,,,,,,,,,,,,,,,,,,,,,,,,,,,,,,,,,,,,,,,,,,,,,,,,,,,,,,,,,,,,,,,,,,,,,,,,,,,,,,,,,,,,,,,,
ACSSF,2019e1,nc,000,0024,0000153,,,,,,,,,,,,,,,,,,,,,,,,,,,,,,,,,,,,,,,,,,,,,,,,,,,,,,,,,,,,,,,,,,,,,,,,,,,,,,,,,,,,,,,,,,,,,,,,,,,,,,,,,,,,,,,,,,,,,,,,,,,,,,,,,,,,,,,,,,,,,,,,,,,,,,,,,,,,,,,,,,,,,,,,,,,,,,,,,,,,,,,,,,,,,,,,,,,,,,,,,,,,,,,,,,
ACSSF,2019e1,nc,000,0024,0000154,,,,,,,,,,,,,,,,,,,,,,,,,,,,,,,,,,,,,,,,,,,,,,,,,,,,,,,,,,,,,,,,,,,,,,,,,,,,,,,,,,,,,,,,,,,,,,,,,,,,,,,,,,,,,,,,,,,,,,,,,,,,,,,,,,,,,,,,,,,,,,,,,,,,,,,,,,,,,,,,,,,,,,,,,,,,,,,,,,,,,,,,,,,,,,,,,,,,,,,,,,,,,,,,,,
ACSSF,2019e1,nc,000,0024,0000155,,,,,,,,,,,,,,,,,,,,,,,,,,,,,,,,,,,,,,,,,,,,,,,,,,,,,,,,,,,,,,,,,,,,,,,,,,,,,,,,,,,,,,,,,,,,,,,,,,,,,,,,,,,,,,,,,,,,,,,,,,,,,,,,,,,,,,,,,,,,,,,,,,,,,,,,,,,,,,,,,,,,,,,,,,,,,,,,,,,,,,,,,,,,,,,,,,,,,,,,,,,,,,,,,,
ACSSF,2019e1,nc,000,0024,0000156,,,,,,,,,,,,,,,,,,,,,,,,,,,,,,,,,,,,,,,,,,,,,,,,,,,,,,,,,,,,,,,,,,,,,,,,,,,,,,,,,,,,,,,,,,,,,,,,,,,,,,,,,,,,,,,,,,,,,,,,,,,,,,,,,,,,,,,,,,,,,,,,,,,,,,,,,,,,,,,,,,,,,,,,,,,,,,,,,,,,,,,,,,,,,,,,,,,,,,,,,,,,,,,,,,
ACSSF,2019e1,nc,000,0024,0000157,,,,,,,,,,,,,,,,,,,,,,,,,,,,,,,,,,,,,,,,,,,,,,,,,,,,,,,,,,,,,,,,,,,,,,,,,,,,,,,,,,,,,,,,,,,,,,,,,,,,,,,,,,,,,,,,,,,,,,,,,,,,,,,,,,,,,,,,,,,,,,,,,,,,,,,,,,,,,,,,,,,,,,,,,,,,,,,,,,,,,,,,,,,,,,,,,,,,,,,,,,,,,,,,,,
ACSSF,2019e1,nc,000,0024,0000158,,,,,,,,,,,,,,,,,,,,,,,,,,,,,,,,,,,,,,,,,,,,,,,,,,,,,,,,,,,,,,,,,,,,,,,,,,,,,,,,,,,,,,,,,,,,,,,,,,,,,,,,,,,,,,,,,,,,,,,,,,,,,,,,,,,,,,,,,,,,,,,,,,,,,,,,,,,,,,,,,,,,,,,,,,,,,,,,,,,,,,,,,,,,,,,,,,,,,,,,,,,,,,,,,,
ACSSF,2019e1,nc,000,0024,0000159,,,,,,,,,,,,,,,,,,,,,,,,,,,,,,,,,,,,,,,,,,,,,,,,,,,,,,,,,,,,,,,,,,,,,,,,,,,,,,,,,,,,,,,,,,,,,,,,,,,,,,,,,,,,,,,,,,,,,,,,,,,,,,,,,,,,,,,,,,,,,,,,,,,,,,,,,,,,,,,,,,,,,,,,,,,,,,,,,,,,,,,,,,,,,,,,,,,,,,,,,,,,,,,,,,
ACSSF,2019e1,nc,000,0024,0000160,,,,,,,,,,,,,,,,,,,,,,,,,,,,,,,,,,,,,,,,,,,,,,,,,,,,,,,,,,,,,,,,,,,,,,,,,,,,,,,,,,,,,,,,,,,,,,,,,,,,,,,,,,,,,,,,,,,,,,,,,,,,,,,,,,,,,,,,,,,,,,,,,,,,,,,,,,,,,,,,,,,,,,,,,,,,,,,,,,,,,,,,,,,,,,,,,,,,,,,,,,,,,,,,,,
ACSSF,2019e1,nc,000,0024,0000161,,,,,,,,,,,,,,,,,,,,,,,,,,,,,,,,,,,,,,,,,,,,,,,,,,,,,,,,,,,,,,,,,,,,,,,,,,,,,,,,,,,,,,,,,,,,,,,,,,,,,,,,,,,,,,,,,,,,,,,,,,,,,,,,,,,,,,,,,,,,,,,,,,,,,,,,,,,,,,,,,,,,,,,,,,,,,,,,,,,,,,,,,,,,,,,,,,,,,,,,,,,,,,,,,,
ACSSF,2019e1,nc,000,0024,0000162,,,,,,,,,,,,,,,,,,,,,,,,,,,,,,,,,,,,,,,,,,,,,,,,,,,,,,,,,,,,,,,,,,,,,,,,,,,,,,,,,,,,,,,,,,,,,,,,,,,,,,,,,,,,,,,,,,,,,,,,,,,,,,,,,,,,,,,,,,,,,,,,,,,,,,,,,,,,,,,,,,,,,,,,,,,,,,,,,,,,,,,,,,,,,,,,,,,,,,,,,,,,,,,,,,
ACSSF,2019e1,nc,000,0024,0000163,,,,,,,,,,,,,,,,,,,,,,,,,,,,,,,,,,,,,,,,,,,,,,,,,,,,,,,,,,,,,,,,,,,,,,,,,,,,,,,,,,,,,,,,,,,,,,,,,,,,,,,,,,,,,,,,,,,,,,,,,,,,,,,,,,,,,,,,,,,,,,,,,,,,,,,,,,,,,,,,,,,,,,,,,,,,,,,,,,,,,,,,,,,,,,,,,,,,,,,,,,,,,,,,,,
ACSSF,2019e1,nc,000,0024,0000164,,,,,,,,,,,,,,,,,,,,,,,,,,,,,,,,,,,,,,,,,,,,,,,,,,,,,,,,,,,,,,,,,,,,,,,,,,,,,,,,,,,,,,,,,,,,,,,,,,,,,,,,,,,,,,,,,,,,,,,,,,,,,,,,,,,,,,,,,,,,,,,,,,,,,,,,,,,,,,,,,,,,,,,,,,,,,,,,,,,,,,,,,,,,,,,,,,,,,,,,,,,,,,,,,,
ACSSF,2019e1,nc,000,0024,0000165,,,,,,,,,,,,,,,,,,,,,,,,,,,,,,,,,,,,,,,,,,,,,,,,,,,,,,,,,,,,,,,,,,,,,,,,,,,,,,,,,,,,,,,,,,,,,,,,,,,,,,,,,,,,,,,,,,,,,,,,,,,,,,,,,,,,,,,,,,,,,,,,,,,,,,,,,,,,,,,,,,,,,,,,,,,,,,,,,,,,,,,,,,,,,,,,,,,,,,,,,,,,,,,,,,
ACSSF,2019e1,nc,000,0024,0000166,,,,,,,,,,,,,,,,,,,,,,,,,,,,,,,,,,,,,,,,,,,,,,,,,,,,,,,,,,,,,,,,,,,,,,,,,,,,,,,,,,,,,,,,,,,,,,,,,,,,,,,,,,,,,,,,,,,,,,,,,,,,,,,,,,,,,,,,,,,,,,,,,,,,,,,,,,,,,,,,,,,,,,,,,,,,,,,,,,,,,,,,,,,,,,,,,,,,,,,,,,,,,,,,,,
ACSSF,2019e1,nc,000,0024,0000167,,,,,,,,,,,,,,,,,,,,,,,,,,,,,,,,,,,,,,,,,,,,,,,,,,,,,,,,,,,,,,,,,,,,,,,,,,,,,,,,,,,,,,,,,,,,,,,,,,,,,,,,,,,,,,,,,,,,,,,,,,,,,,,,,,,,,,,,,,,,,,,,,,,,,,,,,,,,,,,,,,,,,,,,,,,,,,,,,,,,,,,,,,,,,,,,,,,,,,,,,,,,,,,,,,
ACSSF,2019e1,nc,000,0024,0000168,,,,,,,,,,,,,,,,,,,,,,,,,,,,,,,,,,,,,,,,,,,,,,,,,,,,,,,,,,,,,,,,,,,,,,,,,,,,,,,,,,,,,,,,,,,,,,,,,,,,,,,,,,,,,,,,,,,,,,,,,,,,,,,,,,,,,,,,,,,,,,,,,,,,,,,,,,,,,,,,,,,,,,,,,,,,,,,,,,,,,,,,,,,,,,,,,,,,,,,,,,,,,,,,,,
ACSSF,2019e1,nc,000,0024,0000169,,,,,,,,,,,,,,,,,,,,,,,,,,,,,,,,,,,,,,,,,,,,,,,,,,,,,,,,,,,,,,,,,,,,,,,,,,,,,,,,,,,,,,,,,,,,,,,,,,,,,,,,,,,,,,,,,,,,,,,,,,,,,,,,,,,,,,,,,,,,,,,,,,,,,,,,,,,,,,,,,,,,,,,,,,,,,,,,,,,,,,,,,,,,,,,,,,,,,,,,,,,,,,,,,,
ACSSF,2019e1,nc,000,0024,0000170,,,,,,,,,,,,,,,,,,,,,,,,,,,,,,,,,,,,,,,,,,,,,,,,,,,,,,,,,,,,,,,,,,,,,,,,,,,,,,,,,,,,,,,,,,,,,,,,,,,,,,,,,,,,,,,,,,,,,,,,,,,,,,,,,,,,,,,,,,,,,,,,,,,,,,,,,,,,,,,,,,,,,,,,,,,,,,,,,,,,,,,,,,,,,,,,,,,,,,,,,,,,,,,,,,
ACSSF,2019e1,nc,000,0024,0000171,,,,,,,,,,,,,,,,,,,,,,,,,,,,,,,,,,,,,,,,,,,,,,,,,,,,,,,,,,,,,,,,,,,,,,,,,,,,,,,,,,,,,,,,,,,,,,,,,,,,,,,,,,,,,,,,,,,,,,,,,,,,,,,,,,,,,,,,,,,,,,,,,,,,,,,,,,,,,,,,,,,,,,,,,,,,,,,,,,,,,,,,,,,,,,,,,,,,,,,,,,,,,,,,,,
ACSSF,2019e1,nc,000,0024,0000172,,,,,,,,,,,,,,,,,,,,,,,,,,,,,,,,,,,,,,,,,,,,,,,,,,,,,,,,,,,,,,,,,,,,,,,,,,,,,,,,,,,,,,,,,,,,,,,,,,,,,,,,,,,,,,,,,,,,,,,,,,,,,,,,,,,,,,,,,,,,,,,,,,,,,,,,,,,,,,,,,,,,,,,,,,,,,,,,,,,,,,,,,,,,,,,,,,,,,,,,,,,,,,,,,,
ACSSF,2019e1,nc,000,0024,0000173,,,,,,,,,,,,,,,,,,,,,,,,,,,,,,,,,,,,,,,,,,,,,,,,,,,,,,,,,,,,,,,,,,,,,,,,,,,,,,,,,,,,,,,,,,,,,,,,,,,,,,,,,,,,,,,,,,,,,,,,,,,,,,,,,,,,,,,,,,,,,,,,,,,,,,,,,,,,,,,,,,,,,,,,,,,,,,,,,,,,,,,,,,,,,,,,,,,,,,,,,,,,,,,,,,
ACSSF,2019e1,nc,000,0024,0000174,,,,,,,,,,,,,,,,,,,,,,,,,,,,,,,,,,,,,,,,,,,,,,,,,,,,,,,,,,,,,,,,,,,,,,,,,,,,,,,,,,,,,,,,,,,,,,,,,,,,,,,,,,,,,,,,,,,,,,,,,,,,,,,,,,,,,,,,,,,,,,,,,,,,,,,,,,,,,,,,,,,,,,,,,,,,,,,,,,,,,,,,,,,,,,,,,,,,,,,,,,,,,,,,,,
ACSSF,2019e1,nc,000,0024,0000175,,,,,,,,,,,,,,,,,,,,,,,,,,,,,,,,,,,,,,,,,,,,,,,,,,,,,,,,,,,,,,,,,,,,,,,,,,,,,,,,,,,,,,,,,,,,,,,,,,,,,,,,,,,,,,,,,,,,,,,,,,,,,,,,,,,,,,,,,,,,,,,,,,,,,,,,,,,,,,,,,,,,,,,,,,,,,,,,,,,,,,,,,,,,,,,,,,,,,,,,,,,,,,,,,,
ACSSF,2019e1,nc,000,0024,0000176,,,,,,,,,,,,,,,,,,,,,,,,,,,,,,,,,,,,,,,,,,,,,,,,,,,,,,,,,,,,,,,,,,,,,,,,,,,,,,,,,,,,,,,,,,,,,,,,,,,,,,,,,,,,,,,,,,,,,,,,,,,,,,,,,,,,,,,,,,,,,,,,,,,,,,,,,,,,,,,,,,,,,,,,,,,,,,,,,,,,,,,,,,,,,,,,,,,,,,,,,,,,,,,,,,
ACSSF,2019e1,nc,000,0024,0000177,,,,,,,,,,,,,,,,,,,,,,,,,,,,,,,,,,,,,,,,,,,,,,,,,,,,,,,,,,,,,,,,,,,,,,,,,,,,,,,,,,,,,,,,,,,,,,,,,,,,,,,,,,,,,,,,,,,,,,,,,,,,,,,,,,,,,,,,,,,,,,,,,,,,,,,,,,,,,,,,,,,,,,,,,,,,,,,,,,,,,,,,,,,,,,,,,,,,,,,,,,,,,,,,,,
ACSSF,2019e1,nc,000,0024,0000178,,,,,,,,,,,,,,,,,,,,,,,,,,,,,,,,,,,,,,,,,,,,,,,,,,,,,,,,,,,,,,,,,,,,,,,,,,,,,,,,,,,,,,,,,,,,,,,,,,,,,,,,,,,,,,,,,,,,,,,,,,,,,,,,,,,,,,,,,,,,,,,,,,,,,,,,,,,,,,,,,,,,,,,,,,,,,,,,,,,,,,,,,,,,,,,,,,,,,,,,,,,,,,,,,,
ACSSF,2019e1,nc,000,0024,0000179,,,,,,,,,,,,,,,,,,,,,,,,,,,,,,,,,,,,,,,,,,,,,,,,,,,,,,,,,,,,,,,,,,,,,,,,,,,,,,,,,,,,,,,,,,,,,,,,,,,,,,,,,,,,,,,,,,,,,,,,,,,,,,,,,,,,,,,,,,,,,,,,,,,,,,,,,,,,,,,,,,,,,,,,,,,,,,,,,,,,,,,,,,,,,,,,,,,,,,,,,,,,,,,,,,
ACSSF,2019e1,nc,000,0024,0000180,,,,,,,,,,,,,,,,,,,,,,,,,,,,,,,,,,,,,,,,,,,,,,,,,,,,,,,,,,,,,,,,,,,,,,,,,,,,,,,,,,,,,,,,,,,,,,,,,,,,,,,,,,,,,,,,,,,,,,,,,,,,,,,,,,,,,,,,,,,,,,,,,,,,,,,,,,,,,,,,,,,,,,,,,,,,,,,,,,,,,,,,,,,,,,,,,,,,,,,,,,,,,,,,,,
ACSSF,2019e1,nc,000,0024,0000181,,,,,,,,,,,,,,,,,,,,,,,,,,,,,,,,,,,,,,,,,,,,,,,,,,,,,,,,,,,,,,,,,,,,,,,,,,,,,,,,,,,,,,,,,,,,,,,,,,,,,,,,,,,,,,,,,,,,,,,,,,,,,,,,,,,,,,,,,,,,,,,,,,,,,,,,,,,,,,,,,,,,,,,,,,,,,,,,,,,,,,,,,,,,,,,,,,,,,,,,,,,,,,,,,,
ACSSF,2019e1,nc,000,0024,0000182,,,,,,,,,,,,,,,,,,,,,,,,,,,,,,,,,,,,,,,,,,,,,,,,,,,,,,,,,,,,,,,,,,,,,,,,,,,,,,,,,,,,,,,,,,,,,,,,,,,,,,,,,,,,,,,,,,,,,,,,,,,,,,,,,,,,,,,,,,,,,,,,,,,,,,,,,,,,,,,,,,,,,,,,,,,,,,,,,,,,,,,,,,,,,,,,,,,,,,,,,,,,,,,,,,
ACSSF,2019e1,nc,000,0024,0000183,,,,,,,,,,,,,,,,,,,,,,,,,,,,,,,,,,,,,,,,,,,,,,,,,,,,,,,,,,,,,,,,,,,,,,,,,,,,,,,,,,,,,,,,,,,,,,,,,,,,,,,,,,,,,,,,,,,,,,,,,,,,,,,,,,,,,,,,,,,,,,,,,,,,,,,,,,,,,,,,,,,,,,,,,,,,,,,,,,,,,,,,,,,,,,,,,,,,,,,,,,,,,,,,,,
ACSSF,2019e1,nc,000,0024,0000184,,,,,,,,,,,,,,,,,,,,,,,,,,,,,,,,,,,,,,,,,,,,,,,,,,,,,,,,,,,,,,,,,,,,,,,,,,,,,,,,,,,,,,,,,,,,,,,,,,,,,,,,,,,,,,,,,,,,,,,,,,,,,,,,,,,,,,,,,,,,,,,,,,,,,,,,,,,,,,,,,,,,,,,,,,,,,,,,,,,,,,,,,,,,,,,,,,,,,,,,,,,,,,,,,,
ACSSF,2019e1,nc,000,0024,0000185,,,,,,,,,,,,,,,,,,,,,,,,,,,,,,,,,,,,,,,,,,,,,,,,,,,,,,,,,,,,,,,,,,,,,,,,,,,,,,,,,,,,,,,,,,,,,,,,,,,,,,,,,,,,,,,,,,,,,,,,,,,,,,,,,,,,,,,,,,,,,,,,,,,,,,,,,,,,,,,,,,,,,,,,,,,,,,,,,,,,,,,,,,,,,,,,,,,,,,,,,,,,,,,,,,
ACSSF,2019e1,nc,000,0024,0000186,,,,,,,,,,,,,,,,,,,,,,,,,,,,,,,,,,,,,,,,,,,,,,,,,,,,,,,,,,,,,,,,,,,,,,,,,,,,,,,,,,,,,,,,,,,,,,,,,,,,,,,,,,,,,,,,,,,,,,,,,,,,,,,,,,,,,,,,,,,,,,,,,,,,,,,,,,,,,,,,,,,,,,,,,,,,,,,,,,,,,,,,,,,,,,,,,,,,,,,,,,,,,,,,,,
ACSSF,2019e1,nc,000,0024,0000187,,,,,,,,,,,,,,,,,,,,,,,,,,,,,,,,,,,,,,,,,,,,,,,,,,,,,,,,,,,,,,,,,,,,,,,,,,,,,,,,,,,,,,,,,,,,,,,,,,,,,,,,,,,,,,,,,,,,,,,,,,,,,,,,,,,,,,,,,,,,,,,,,,,,,,,,,,,,,,,,,,,,,,,,,,,,,,,,,,,,,,,,,,,,,,,,,,,,,,,,,,,,,,,,,,
ACSSF,2019e1,nc,000,0024,0000188,,,,,,,,,,,,,,,,,,,,,,,,,,,,,,,,,,,,,,,,,,,,,,,,,,,,,,,,,,,,,,,,,,,,,,,,,,,,,,,,,,,,,,,,,,,,,,,,,,,,,,,,,,,,,,,,,,,,,,,,,,,,,,,,,,,,,,,,,,,,,,,,,,,,,,,,,,,,,,,,,,,,,,,,,,,,,,,,,,,,,,,,,,,,,,,,,,,,,,,,,,,,,,,,,,
ACSSF,2019e1,nc,000,0024,0000189,,,,,,,,,,,,,,,,,,,,,,,,,,,,,,,,,,,,,,,,,,,,,,,,,,,,,,,,,,,,,,,,,,,,,,,,,,,,,,,,,,,,,,,,,,,,,,,,,,,,,,,,,,,,,,,,,,,,,,,,,,,,,,,,,,,,,,,,,,,,,,,,,,,,,,,,,,,,,,,,,,,,,,,,,,,,,,,,,,,,,,,,,,,,,,,,,,,,,,,,,,,,,,,,,,
ACSSF,2019e1,nc,000,0024,0000190,,,,,,,,,,,,,,,,,,,,,,,,,,,,,,,,,,,,,,,,,,,,,,,,,,,,,,,,,,,,,,,,,,,,,,,,,,,,,,,,,,,,,,,,,,,,,,,,,,,,,,,,,,,,,,,,,,,,,,,,,,,,,,,,,,,,,,,,,,,,,,,,,,,,,,,,,,,,,,,,,,,,,,,,,,,,,,,,,,,,,,,,,,,,,,,,,,,,,,,,,,,,,,,,,,
ACSSF,2019e1,nc,000,0024,0000191,,,,,,,,,,,,,,,,,,,,,,,,,,,,,,,,,,,,,,,,,,,,,,,,,,,,,,,,,,,,,,,,,,,,,,,,,,,,,,,,,,,,,,,,,,,,,,,,,,,,,,,,,,,,,,,,,,,,,,,,,,,,,,,,,,,,,,,,,,,,,,,,,,,,,,,,,,,,,,,,,,,,,,,,,,,,,,,,,,,,,,,,,,,,,,,,,,,,,,,,,,,,,,,,,,
ACSSF,2019e1,nc,000,0024,0000192,,,,,,,,,,,,,,,,,,,,,,,,,,,,,,,,,,,,,,,,,,,,,,,,,,,,,,,,,,,,,,,,,,,,,,,,,,,,,,,,,,,,,,,,,,,,,,,,,,,,,,,,,,,,,,,,,,,,,,,,,,,,,,,,,,,,,,,,,,,,,,,,,,,,,,,,,,,,,,,,,,,,,,,,,,,,,,,,,,,,,,,,,,,,,,,,,,,,,,,,,,,,,,,,,,
ACSSF,2019e1,nc,000,0024,0000193,,,,,,,,,,,,,,,,,,,,,,,,,,,,,,,,,,,,,,,,,,,,,,,,,,,,,,,,,,,,,,,,,,,,,,,,,,,,,,,,,,,,,,,,,,,,,,,,,,,,,,,,,,,,,,,,,,,,,,,,,,,,,,,,,,,,,,,,,,,,,,,,,,,,,,,,,,,,,,,,,,,,,,,,,,,,,,,,,,,,,,,,,,,,,,,,,,,,,,,,,,,,,,,,,,
ACSSF,2019e1,nc,000,0024,0000194,,,,,,,,,,,,,,,,,,,,,,,,,,,,,,,,,,,,,,,,,,,,,,,,,,,,,,,,,,,,,,,,,,,,,,,,,,,,,,,,,,,,,,,,,,,,,,,,,,,,,,,,,,,,,,,,,,,,,,,,,,,,,,,,,,,,,,,,,,,,,,,,,,,,,,,,,,,,,,,,,,,,,,,,,,,,,,,,,,,,,,,,,,,,,,,,,,,,,,,,,,,,,,,,,,
ACSSF,2019e1,nc,000,0024,0000195,,,,,,,,,,,,,,,,,,,,,,,,,,,,,,,,,,,,,,,,,,,,,,,,,,,,,,,,,,,,,,,,,,,,,,,,,,,,,,,,,,,,,,,,,,,,,,,,,,,,,,,,,,,,,,,,,,,,,,,,,,,,,,,,,,,,,,,,,,,,,,,,,,,,,,,,,,,,,,,,,,,,,,,,,,,,,,,,,,,,,,,,,,,,,,,,,,,,,,,,,,,,,,,,,,
ACSSF,2019e1,nc,000,0024,0000196,,,,,,,,,,,,,,,,,,,,,,,,,,,,,,,,,,,,,,,,,,,,,,,,,,,,,,,,,,,,,,,,,,,,,,,,,,,,,,,,,,,,,,,,,,,,,,,,,,,,,,,,,,,,,,,,,,,,,,,,,,,,,,,,,,,,,,,,,,,,,,,,,,,,,,,,,,,,,,,,,,,,,,,,,,,,,,,,,,,,,,,,,,,,,,,,,,,,,,,,,,,,,,,,,,
ACSSF,2019e1,nc,000,0024,0000197,,,,,,,,,,,,,,,,,,,,,,,,,,,,,,,,,,,,,,,,,,,,,,,,,,,,,,,,,,,,,,,,,,,,,,,,,,,,,,,,,,,,,,,,,,,,,,,,,,,,,,,,,,,,,,,,,,,,,,,,,,,,,,,,,,,,,,,,,,,,,,,,,,,,,,,,,,,,,,,,,,,,,,,,,,,,,,,,,,,,,,,,,,,,,,,,,,,,,,,,,,,,,,,,,,
ACSSF,2019e1,nc,000,0024,0000198,,,,,,,,,,,,,,,,,,,,,,,,,,,,,,,,,,,,,,,,,,,,,,,,,,,,,,,,,,,,,,,,,,,,,,,,,,,,,,,,,,,,,,,,,,,,,,,,,,,,,,,,,,,,,,,,,,,,,,,,,,,,,,,,,,,,,,,,,,,,,,,,,,,,,,,,,,,,,,,,,,,,,,,,,,,,,,,,,,,,,,,,,,,,,,,,,,,,,,,,,,,,,,,,,,
ACSSF,2019e1,nc,000,0024,0000199,,,,,,,,,,,,,,,,,,,,,,,,,,,,,,,,,,,,,,,,,,,,,,,,,,,,,,,,,,,,,,,,,,,,,,,,,,,,,,,,,,,,,,,,,,,,,,,,,,,,,,,,,,,,,,,,,,,,,,,,,,,,,,,,,,,,,,,,,,,,,,,,,,,,,,,,,,,,,,,,,,,,,,,,,,,,,,,,,,,,,,,,,,,,,,,,,,,,,,,,,,,,,,,,,,
ACSSF,2019e1,nc,000,0024,0000200,,,,,,,,,,,,,,,,,,,,,,,,,,,,,,,,,,,,,,,,,,,,,,,,,,,,,,,,,,,,,,,,,,,,,,,,,,,,,,,,,,,,,,,,,,,,,,,,,,,,,,,,,,,,,,,,,,,,,,,,,,,,,,,,,,,,,,,,,,,,,,,,,,,,,,,,,,,,,,,,,,,,,,,,,,,,,,,,,,,,,,,,,,,,,,,,,,,,,,,,,,,,,,,,,,
ACSSF,2019e1,nc,000,0024,0000201,,,,,,,,,,,,,,,,,,,,,,,,,,,,,,,,,,,,,,,,,,,,,,,,,,,,,,,,,,,,,,,,,,,,,,,,,,,,,,,,,,,,,,,,,,,,,,,,,,,,,,,,,,,,,,,,,,,,,,,,,,,,,,,,,,,,,,,,,,,,,,,,,,,,,,,,,,,,,,,,,,,,,,,,,,,,,,,,,,,,,,,,,,,,,,,,,,,,,,,,,,,,,,,,,,
ACSSF,2019e1,nc,000,0024,0000202,,,,,,,,,,,,,,,,,,,,,,,,,,,,,,,,,,,,,,,,,,,,,,,,,,,,,,,,,,,,,,,,,,,,,,,,,,,,,,,,,,,,,,,,,,,,,,,,,,,,,,,,,,,,,,,,,,,,,,,,,,,,,,,,,,,,,,,,,,,,,,,,,,,,,,,,,,,,,,,,,,,,,,,,,,,,,,,,,,,,,,,,,,,,,,,,,,,,,,,,,,,,,,,,,,
ACSSF,2019e1,nc,000,0024,0000203,,,,,,,,,,,,,,,,,,,,,,,,,,,,,,,,,,,,,,,,,,,,,,,,,,,,,,,,,,,,,,,,,,,,,,,,,,,,,,,,,,,,,,,,,,,,,,,,,,,,,,,,,,,,,,,,,,,,,,,,,,,,,,,,,,,,,,,,,,,,,,,,,,,,,,,,,,,,,,,,,,,,,,,,,,,,,,,,,,,,,,,,,,,,,,,,,,,,,,,,,,,,,,,,,,
ACSSF,2019e1,nc,000,0024,0000204,,,,,,,,,,,,,,,,,,,,,,,,,,,,,,,,,,,,,,,,,,,,,,,,,,,,,,,,,,,,,,,,,,,,,,,,,,,,,,,,,,,,,,,,,,,,,,,,,,,,,,,,,,,,,,,,,,,,,,,,,,,,,,,,,,,,,,,,,,,,,,,,,,,,,,,,,,,,,,,,,,,,,,,,,,,,,,,,,,,,,,,,,,,,,,,,,,,,,,,,,,,,,,,,,,
ACSSF,2019e1,nc,000,0024,0000205,,,,,,,,,,,,,,,,,,,,,,,,,,,,,,,,,,,,,,,,,,,,,,,,,,,,,,,,,,,,,,,,,,,,,,,,,,,,,,,,,,,,,,,,,,,,,,,,,,,,,,,,,,,,,,,,,,,,,,,,,,,,,,,,,,,,,,,,,,,,,,,,,,,,,,,,,,,,,,,,,,,,,,,,,,,,,,,,,,,,,,,,,,,,,,,,,,,,,,,,,,,,,,,,,,
ACSSF,2019e1,nc,000,0024,0000206,,,,,,,,,,,,,,,,,,,,,,,,,,,,,,,,,,,,,,,,,,,,,,,,,,,,,,,,,,,,,,,,,,,,,,,,,,,,,,,,,,,,,,,,,,,,,,,,,,,,,,,,,,,,,,,,,,,,,,,,,,,,,,,,,,,,,,,,,,,,,,,,,,,,,,,,,,,,,,,,,,,,,,,,,,,,,,,,,,,,,,,,,,,,,,,,,,,,,,,,,,,,,,,,,,
ACSSF,2019e1,nc,000,0024,0000207,,,,,,,,,,,,,,,,,,,,,,,,,,,,,,,,,,,,,,,,,,,,,,,,,,,,,,,,,,,,,,,,,,,,,,,,,,,,,,,,,,,,,,,,,,,,,,,,,,,,,,,,,,,,,,,,,,,,,,,,,,,,,,,,,,,,,,,,,,,,,,,,,,,,,,,,,,,,,,,,,,,,,,,,,,,,,,,,,,,,,,,,,,,,,,,,,,,,,,,,,,,,,,,,,,
ACSSF,2019e1,nc,000,0024,0000208,,,,,,,,,,,,,,,,,,,,,,,,,,,,,,,,,,,,,,,,,,,,,,,,,,,,,,,,,,,,,,,,,,,,,,,,,,,,,,,,,,,,,,,,,,,,,,,,,,,,,,,,,,,,,,,,,,,,,,,,,,,,,,,,,,,,,,,,,,,,,,,,,,,,,,,,,,,,,,,,,,,,,,,,,,,,,,,,,,,,,,,,,,,,,,,,,,,,,,,,,,,,,,,,,,
ACSSF,2019e1,nc,000,0024,0000209,,,,,,,,,,,,,,,,,,,,,,,,,,,,,,,,,,,,,,,,,,,,,,,,,,,,,,,,,,,,,,,,,,,,,,,,,,,,,,,,,,,,,,,,,,,,,,,,,,,,,,,,,,,,,,,,,,,,,,,,,,,,,,,,,,,,,,,,,,,,,,,,,,,,,,,,,,,,,,,,,,,,,,,,,,,,,,,,,,,,,,,,,,,,,,,,,,,,,,,,,,,,,,,,,,
ACSSF,2019e1,nc,000,0024,0000210,,,,,,,,,,,,,,,,,,,,,,,,,,,,,,,,,,,,,,,,,,,,,,,,,,,,,,,,,,,,,,,,,,,,,,,,,,,,,,,,,,,,,,,,,,,,,,,,,,,,,,,,,,,,,,,,,,,,,,,,,,,,,,,,,,,,,,,,,,,,,,,,,,,,,,,,,,,,,,,,,,,,,,,,,,,,,,,,,,,,,,,,,,,,,,,,,,,,,,,,,,,,,,,,,,
ACSSF,2019e1,nc,000,0024,0000211,,,,,,,,,,,,,,,,,,,,,,,,,,,,,,,,,,,,,,,,,,,,,,,,,,,,,,,,,,,,,,,,,,,,,,,,,,,,,,,,,,,,,,,,,,,,,,,,,,,,,,,,,,,,,,,,,,,,,,,,,,,,,,,,,,,,,,,,,,,,,,,,,,,,,,,,,,,,,,,,,,,,,,,,,,,,,,,,,,,,,,,,,,,,,,,,,,,,,,,,,,,,,,,,,,
ACSSF,2019e1,nc,000,0024,0000212,,,,,,,,,,,,,,,,,,,,,,,,,,,,,,,,,,,,,,,,,,,,,,,,,,,,,,,,,,,,,,,,,,,,,,,,,,,,,,,,,,,,,,,,,,,,,,,,,,,,,,,,,,,,,,,,,,,,,,,,,,,,,,,,,,,,,,,,,,,,,,,,,,,,,,,,,,,,,,,,,,,,,,,,,,,,,,,,,,,,,,,,,,,,,,,,,,,,,,,,,,,,,,,,,,
