ACSSF,2019e1,nc,000,0180,0000001,10488084,7752,10480332,10488084,155869,10332215,10488084,120561,10367523,10488084,187165,10300919,10488084,9603453,654007,8949446,884631,83475,801156,1008684,124053,21341,102712,884631,153889,730742,,,,,,,,370205,81657,288548,10488084,1031528,9456556,10371906,857481,9514425,10371906,1537525,255624,19500,236124,1281901,8834381,4937952,535566,4402386,4937952,697281,34743,662538,4240671,4937952,4390285,545547,3844738,547667,4937952,4606696,944368,3662328,331256,4937952,4606696,709665,3897031,331256,4870421,66936,4803485
ACSSF,2019e1,nc,000,0180,0000002,7041411,4432,7036979,7041411,103512,6937899,7041411,81136,6960275,7041411,117262,6924149,7041411,6312731,436242,5876489,728680,64740,663940,826156,97476,17595,79881,728680,121870,606810,,,,,,,,306717,66557,240160,7041411,687154,6354257,6958781,565836,6392945,6958781,1187881,192200,14291,177909,995681,5770900,3400683,372689,3027994,3400683,476878,20102,456776,2923805,3400683,2972419,373648,2598771,428264,3400683,3151428,650344,2501084,249255,3400683,3151428,489728,2661700,249255,3339990,46315,3293675
ACSSF,2019e1,nc,000,0180,0000003,3446673,3320,3443353,3446673,52357,3394316,3446673,39425,3407248,3446673,69903,3376770,3446673,3290722,217765,3072957,155951,18735,137216,182528,26577,3746,22831,155951,32019,123932,,,,,,,,63488,15100,48388,3446673,344374,3102299,3413125,291645,3121480,3413125,349644,63424,5209,58215,286220,3063481,1537269,162877,1374392,1537269,220403,14641,205762,1316866,1537269,1417866,171899,1245967,119403,1537269,1455268,294024,1161244,82001,1537269,1455268,219937,1235331,82001,1530431,20621,1509810
ACSSF,2019e1,nc,000,0180,0000004,9894278,7077,9887201,9894278,146505,9747773,9894278,114546,9779732,9894278,172427,9721851,9894278,9045087,617984,8427103,849191,77851,771340,970260,121069,20917,100152,849191,144504,704687,,,,,,,,358614,77203,281411,9894278,973581,8920697,9784069,803221,8980848,9784069,1476056,243635,18422,225213,1232421,8308013,4702152,505614,4196538,4702152,656006,32245,623761,4046146,4702152,4171493,514306,3657187,530659,4702152,4380520,891416,3489104,321632,4702152,4380520,669172,3711348,321632,4635861,64162,4571699
ACSSF,2019e1,nc,000,0180,0000005,8499861,5676,8494185,8499861,123815,8376046,8499861,100175,8399686,8499861,139121,8360740,8499861,7706949,536264,7170685,792912,72999,719913,902811,109899,19697,90202,792912,134057,658855,,,,,,,,336264,72237,264027,8499861,827568,7672293,8404494,691820,7712674,8404494,1301586,210868,16134,194734,1090718,7102908,4116311,441791,3674520,4116311,568345,25475,542870,3547966,4116311,3634769,445357,3189412,481542,4116311,3819963,776913,3043050,296348,4116311,3819963,578735,3241228,296348,4053760,55512,3998248
ACSSF,2019e1,nc,000,0180,0000006,3540069,1725,3538344,3540069,61924,3478145,3540069,42765,3497304,3540069,49544,3490525,3540069,3069440,225912,2843528,470629,40265,430364,524453,53824,9140,44684,470629,77328,393301,,,,,,,,198759,43286,155473,3540069,340879,3199190,3494356,293269,3201087,3494356,675211,108535,9387,99148,566676,2819145,1793508,203242,1590266,1793508,258454,7521,250933,1535054,1793508,1527207,198534,1328673,266301,1793508,1654024,344028,1309996,139484,1793508,1654024,268457,1385567,139484,1742330,27889,1714441
ACSSF,2019e1,nc,000,0180,0000007,4959792,3951,4955841,4959792,61891,4897901,4959792,57410,4902382,4959792,89577,4870215,4959792,4637509,310352,4327157,322283,32734,289549,378358,56075,10557,45518,322283,56729,265554,,,,,,,,137505,28951,108554,4959792,486689,4473103,4910138,398551,4511587,4910138,626375,102333,6747,95586,524042,4283763,2322803,238549,2084254,2322803,309891,17954,291937,2012912,2322803,2107562,246823,1860739,215241,2322803,2165939,432885,1733054,156864,2322803,2165939,310278,1855661,156864,2311430,27623,2283807
ACSSF,2019e1,nc,000,0180,0000008,1394417,1401,1393016,1394417,22690,1371727,1394417,14371,1380046,1394417,33306,1361111,1394417,1338138,81720,1256418,56279,4852,51427,67449,11170,1220,9950,56279,10447,45832,,,,,,,,22350,4966,17384,1394417,146013,1248404,1379575,111401,1268174,1379575,174470,32767,2288,30479,141703,1205105,585841,63823,522018,585841,87661,6770,80891,498180,585841,536724,68949,467775,49117,585841,560557,114503,446054,25284,585841,560557,90437,470120,25284,582101,8650,573451
ACSSF,2019e1,nc,000,0180,0000009,356563,533,356030,356563,4677,351886,356563,3641,352922,356563,8860,347703,356563,336377,21414,314963,20186,2052,18134,23618,3432,298,3134,20186,3633,16553,,,,,,,,9272,1975,7297,356563,40732,315831,352347,31540,320807,352347,67964,12875,1215,11660,55089,284383,139816,19107,120709,139816,24385,1604,22781,115431,139816,124595,19621,104974,15221,139816,133503,30542,102961,6313,139816,133503,24753,108750,6313,137518,1514,136004
ACSSF,2019e1,nc,000,0180,0000010,1037854,868,1036986,1037854,18013,1019841,1037854,10730,1027124,1037854,24446,1013408,1037854,1001761,60306,941455,36093,2800,33293,43831,7738,922,6816,36093,6814,29279,,,,,,,,13078,2991,10087,1037854,105281,932573,1027228,79861,947367,1027228,106506,19892,1073,18819,86614,920722,446025,44716,401309,446025,63276,5166,58110,382749,446025,412129,49328,362801,33896,446025,427054,83961,343093,18971,446025,427054,65684,361370,18971,444583,7136,437447
ACSSF,2019e1,nc,000,0180,0000011,593806,675,593131,593806,9364,584442,593806,6015,587791,593806,14738,579068,593806,558366,36023,522343,35440,5624,29816,38424,2984,424,2560,35440,9385,26055,,,,,,,,11591,4454,7137,593806,57947,535859,587837,54260,533577,587837,61469,11989,1078,10911,49480,526368,235800,29952,205848,235800,41275,2498,38777,194525,235800,218792,31241,187551,17008,235800,226176,52952,173224,9624,235800,226176,40493,185683,9624,234560,2774,231786
ACSSF,2019e1,nc,000,0180,0000012,1988223,2076,1986147,1988223,32054,1956169,1988223,20386,1967837,1988223,48044,1940179,1988223,1896504,117743,1778761,91719,10476,81243,105873,14154,1644,12510,91719,19832,71887,,,,,,,,33941,9420,24521,1988223,203960,1784263,1967412,165661,1801751,1967412,235939,44756,3366,41390,191183,1731473,821641,93775,727866,821641,128936,9268,119668,692705,821641,755516,100190,655326,66125,821641,786733,167455,619278,34908,821641,786733,130930,655803,34908,816661,11424,805237
ACSSF,2019e1,nc,000,0180,0000013,169509,0,169509,169509,2067,167442,169509,1105,168404,169509,2942,166567,169509,154868,13000,141868,14641,2472,12169,15417,776,62,714,14641,3065,11576,,,,,,,,5682,2108,3574,169509,18690,150819,166988,18137,148851,166988,23475,5784,59,5725,17691,143513,82487,10187,72300,82487,12258,1040,11218,70229,82487,78137,12193,65944,4350,82487,79739,16469,63270,2748,82487,79739,12209,67530,2748,82277,767,81510
ACSSF,2019e1,nc,000,0180,0000014,142820,290,142530,142820,1423,141397,142820,1431,141389,142820,3455,139365,142820,137681,9702,127979,5139,160,4979,5821,682,46,636,5139,417,4722,,,,,,,,3163,388,2775,142820,14765,128055,141363,12752,128611,141363,19865,2859,0,2859,17006,121498,58383,9107,49276,58383,9968,194,9774,48415,58383,53411,9186,44225,4972,58383,54415,14008,40407,3968,58383,54415,10596,43819,3968,58359,207,58152
ACSSF,2019e1,nc,000,0180,0000015,261191,277,260914,261191,3233,257958,261191,2012,259179,261191,4338,256853,261191,240646,12578,228068,20545,353,20192,22767,2222,277,1945,20545,3386,17159,,,,,,,,7718,1338,6380,261191,22058,239133,259484,16320,243164,259484,29925,4123,252,3871,25802,229559,127820,12237,115583,127820,16291,830,15461,111529,127820,107630,11616,96014,20190,127820,113462,22157,91305,14358,127820,113462,15836,97626,14358,126553,1162,125391
ACSSF,2019e1,nc,000,0180,0000016,90485,0,90485,90485,1587,88898,90485,1552,88933,90485,1943,88542,90485,83873,2597,81276,6612,441,6171,7434,822,97,725,6612,874,5738,,,,,,,,2703,595,2108,90485,6198,84287,89708,3808,85900,89708,11477,1295,20,1275,10182,78231,39356,3197,36159,39356,3640,12,3628,35716,39356,36993,3657,33336,2363,39356,37528,6235,31293,1828,39356,37528,3652,33876,1828,39339,449,38890
ACSSF,2019e1,nc,000,0180,0000017,216453,520,215933,216453,4295,212158,216453,4194,212259,216453,6324,210129,216453,195160,21489,173671,21293,3105,18188,23312,2019,219,1800,21293,5608,15685,,,,,,,,11691,3400,8291,216453,29907,186546,213409,26962,186447,213409,25594,5560,127,5433,20034,187815,109059,17238,91821,109059,24069,1760,22309,84990,109059,96594,17955,78639,12465,109059,102203,31557,70646,6856,109059,102203,24604,77599,6856,108994,1442,107552
ACSSF,2019e1,nc,000,0180,0000018,82178,0,82178,82178,2420,79758,82178,497,81681,82178,1266,80912,82178,79689,2290,77399,2489,11,2478,2848,359,48,311,2489,481,2008,,,,,,,,822,107,715,82178,4859,77319,81953,3209,78744,81953,9560,598,0,598,8962,72393,37838,2499,35339,37838,3037,77,2960,34801,37838,35638,2678,32960,2200,37838,36922,5121,31801,916,37838,36922,2879,34043,916,37836,125,37711
ACSSF,2019e1,nc,000,0180,0000019,69473,280,69193,69473,443,69030,69473,1034,68439,69473,1464,68009,69473,67254,5130,62124,2219,445,1774,3057,838,110,728,2219,761,1458,,,,,,,,1247,339,908,69473,7053,62420,68943,6382,62561,68943,11356,1514,74,1440,9842,57587,32247,3922,28325,32247,4981,187,4794,27266,32247,30056,3904,26152,2191,32247,30840,6486,24354,1407,32247,30840,4822,26018,1407,32062,125,31937
ACSSF,2019e1,nc,000,0180,0000020,159551,80,159471,159551,4069,155482,159551,1145,158406,159551,2330,157221,159551,148545,9378,139167,11006,1169,9837,12420,1414,71,1343,11006,1830,9176,,,,,,,,4917,1324,3593,159551,14406,145145,157702,12527,145175,157702,18376,2752,496,2256,15624,139326,77211,6285,70926,77211,8652,376,8276,68559,77211,70770,6402,64368,6441,77211,74402,10028,64374,2809,77211,74402,8587,65815,2809,77005,228,76777
ACSSF,2019e1,nc,000,0180,0000021,74470,550,73920,74470,725,73745,74470,1153,73317,74470,1051,73419,74470,65326,2991,62335,9144,1822,7322,9767,623,0,623,9144,2532,6612,,,,,,,,2563,430,2133,74470,6106,68364,73865,6061,67804,73865,5902,657,0,657,5245,67963,33890,2537,31353,33890,3181,182,2999,30709,33890,30613,2863,27750,3277,33890,31461,5196,26265,2429,33890,31461,3164,28297,2429,33887,378,33509
ACSSF,2019e1,nc,000,0180,0000022,97947,0,97947,97947,1073,96874,97947,545,97402,97947,2590,95357,97947,95007,4175,90832,2940,6,2934,3006,66,0,66,2940,570,2370,,,,,,,,1728,323,1405,97947,8078,89869,96967,6379,90588,96967,10155,3485,155,3330,6670,86812,39748,3584,36164,39748,5373,672,4701,34375,39748,36733,3152,33581,3015,39748,39257,12344,26913,491,39748,39257,9724,29533,491,39731,656,39075
ACSSF,2019e1,nc,000,0180,0000023,102139,0,102139,102139,1294,100845,102139,997,101142,102139,1860,100279,102139,96267,2906,93361,5872,673,5199,7652,1780,184,1596,5872,1376,4496,,,,,,,,2765,709,2056,102139,6649,95490,100927,4655,96272,100927,14878,1838,332,1506,13040,86049,47524,3775,43749,47524,4922,269,4653,42602,47524,43591,4010,39581,3933,47524,45122,6259,38863,2402,47524,45122,4615,40507,2402,43691,483,43208
ACSSF,2019e1,nc,000,0180,0000024,335509,392,335117,335509,5278,330231,335509,7015,328494,335509,5054,330455,335509,312243,16145,296098,23266,1155,22111,36279,13013,1493,11520,23266,2885,20381,,,,,,,,12924,1611,11313,335509,38056,297453,330354,21957,308397,330354,72178,7077,944,6133,65101,258176,158712,15237,143475,158712,19719,541,19178,138993,158712,140559,15885,124674,18153,158712,153821,25913,127908,4891,158712,153821,21307,132514,4891,145388,784,144604
ACSSF,2019e1,nc,000,0180,0000025,167609,20,167589,167609,1701,165908,167609,1150,166459,167609,3696,163913,167609,158100,6126,151974,9509,227,9282,10474,965,358,607,9509,624,8885,,,,,,,,3464,293,3171,167609,11222,156387,165308,8484,156824,165308,13491,1882,0,1882,11609,151817,73916,5780,68136,73916,8611,821,7790,65305,73916,70722,6436,64286,3194,73916,72124,14032,58092,1792,73916,72124,9412,62712,1792,73791,189,73602
ACSSF,2019e1,nc,000,0180,0000026,321488,320,321168,321488,2156,319332,321488,4294,317194,321488,5621,315867,321488,270097,10855,259242,51391,3181,48210,55314,3923,1710,2213,51391,7665,43726,,,,,,,,20999,4755,16244,321488,21182,300306,318387,18899,299488,318387,58556,8022,1301,6721,50534,259831,163535,14599,148936,163535,19170,875,18295,144365,163535,140543,14259,126284,22992,163535,151948,29097,122851,11587,163535,151948,20803,131145,11587,162231,1826,160405
ACSSF,2019e1,nc,000,0180,0000027,382295,190,382105,382295,3380,378915,382295,4870,377425,382295,6934,375361,382295,351299,24749,326550,30996,3898,27098,34181,3185,635,2550,30996,7610,23386,,,,,,,,12572,3866,8706,382295,36123,346172,378246,33769,344477,378246,53066,9544,1538,8006,43522,325180,175290,21318,153972,175290,29400,1411,27989,145890,175290,157681,22796,134885,17609,175290,166218,35991,130227,9072,175290,166218,26921,139297,9072,173605,2930,170675
ACSSF,2019e1,nc,000,0180,0000028,69685,90,69595,69685,3127,66558,69685,1404,68281,69685,1444,68241,69685,64984,7772,57212,4701,890,3811,5955,1254,0,1254,4701,1819,2882,,,,,,,,1774,1106,668,69685,10524,59161,69651,9766,59885,69651,9983,1829,104,1725,8154,59668,31986,5315,26671,31986,5873,76,5797,26113,31986,30182,4804,25378,1804,31986,30835,7142,23693,1151,31986,30835,5741,25094,1151,31911,699,31212
ACSSF,2019e1,nc,000,0180,0000029,224529,142,224387,224529,2484,222045,224529,1947,222582,224529,3001,221528,224529,212629,9068,203561,11900,1549,10351,13777,1877,151,1726,11900,3148,8752,,,,,,,,5135,1980,3155,224529,14713,209816,222286,12445,209841,222286,30556,2830,406,2424,27726,191730,103725,7920,95805,103725,12616,1012,11604,91109,103725,97124,8407,88717,6601,103725,99987,16743,83244,3738,103725,99987,12243,87744,3738,103472,1067,102405
ACSSF,2019e1,nc,000,0180,0000030,537174,449,536725,537174,22476,514698,537174,5831,531343,537174,9695,527479,537174,474704,34339,440365,62470,6518,55952,69428,6958,1316,5642,62470,12489,49981,,,,,,,,32091,7557,24534,537174,54197,482977,531126,45430,485696,531126,85974,16119,1521,14598,69855,445152,250830,32688,218142,250830,44514,1731,42783,206316,250830,219707,31587,188120,31123,250830,236601,54606,181995,14229,250830,236601,44454,192147,14229,244594,4584,240010
ACSSF,2019e1,nc,000,0180,0000031,135976,129,135847,135976,818,135158,135976,1019,134957,135976,1817,134159,135976,128478,5637,122841,7498,588,6910,10476,2978,0,2978,7498,995,6503,,,,,,,,2715,450,2265,135976,10555,125421,133947,7613,126334,133947,18398,2613,76,2537,15785,115549,56252,5251,51001,56252,6630,551,6079,49622,56252,52623,5050,47573,3629,56252,54592,9117,45475,1660,56252,54592,6502,48090,1660,55524,515,55009
ACSSF,2019e1,nc,000,0180,0000032,117417,0,117417,117417,1811,115606,117417,1980,115437,117417,1488,115929,117417,110227,6434,103793,7190,201,6989,8288,1098,167,931,7190,487,6703,,,,,,,,3319,341,2978,117417,10207,107210,116366,7593,108773,116366,13832,2431,304,2127,11401,102534,55144,4590,50554,55144,6260,322,5938,48884,55144,50433,5129,45304,4711,55144,51665,9567,42098,3479,55144,51665,6536,45129,3479,55104,668,54436
ACSSF,2019e1,nc,000,0180,0000033,181806,46,181760,181806,1974,179832,181806,1761,180045,181806,3613,178193,181806,170014,8444,161570,11792,1710,10082,13229,1437,564,873,11792,1960,9832,,,,,,,,4666,1155,3511,181806,16439,165367,179851,12375,167476,179851,23236,3181,428,2753,20055,156615,90096,6799,83297,90096,10802,1696,9106,79294,90096,82640,8350,74290,7456,90096,84430,15325,69105,5666,90096,84430,11239,73191,5666,90084,823,89261
ACSSF,2019e1,nc,000,0180,0000034,209339,0,209339,209339,894,208445,209339,2733,206606,209339,2351,206988,209339,190713,8399,182314,18626,514,18112,21075,2449,476,1973,18626,2147,16479,,,,,,,,4725,898,3827,209339,13243,196096,206712,11136,195576,206712,22015,2121,87,2034,19894,184697,100528,6907,93621,100528,10164,1248,8916,90364,100528,91613,7684,83929,8915,100528,92774,14162,78612,7754,100528,92774,9115,83659,7754,100385,936,99449
ACSSF,2019e1,nc,000,0180,0000035,86111,0,86111,86111,657,85454,86111,546,85565,86111,1695,84416,86111,82406,3590,78816,3705,284,3421,3950,245,0,245,3705,284,3421,,,,,,,,2584,43,2541,86111,6803,79308,84846,5025,79821,84846,7527,978,15,963,6549,77319,41828,3217,38611,41828,4930,413,4517,36898,41828,38730,3258,35472,3098,41828,39280,7298,31982,2548,41828,39280,4577,34703,2548,41819,767,41052
ACSSF,2019e1,nc,000,0180,0000036,1110356,225,1110131,1110356,22071,1088285,1110356,10619,1099737,1110356,12484,1097872,1110356,934740,67531,867209,175616,13858,161758,189690,14074,2179,11895,175616,27434,148182,,,,,,,,66484,15063,51421,1110356,95248,1015108,1094865,88984,1005881,1094865,175507,26478,2512,23966,149029,919358,595622,56609,539013,595622,72697,2483,70214,522925,595622,495534,54238,441296,100088,595622,533479,111227,422252,62143,595622,533479,85180,448299,62143,590416,6253,584163
ACSSF,2019e1,nc,000,0180,0000037,100880,0,100880,100880,990,99890,100880,210,100670,100880,1170,99710,100880,95742,5402,90340,5138,214,4924,6342,1204,102,1102,5138,166,4972,,,,,,,,2073,117,1956,100880,12152,88728,99412,7329,92083,99412,15606,1832,68,1764,13774,83806,45073,5036,40037,45073,6055,525,5530,39018,45073,37501,5209,32292,7572,45073,40569,9088,31481,4504,45073,40569,7195,33374,4504,44912,450,44462
ACSSF,2019e1,nc,000,0180,0000038,94298,0,94298,94298,335,93963,94298,163,94135,94298,1855,92443,94298,90452,12814,77638,3846,499,3347,4378,532,66,466,3846,1095,2751,,,,,,,,2126,353,1773,94298,14921,79377,93256,15039,78217,93256,13751,3659,0,3659,10092,79505,40283,7186,33097,40283,7183,61,7122,33100,40283,37190,6637,30553,3093,40283,38081,9678,28403,2202,40283,38081,7364,30717,2202,39990,0,39990
ACSSF,2019e1,nc,000,0180,0000039,234473,229,234244,234473,2072,232401,234473,2306,232167,234473,3760,230713,234473,221961,15179,206782,12512,1312,11200,14508,1996,372,1624,12512,2000,10512,,,,,,,,5919,1226,4693,234473,21713,212760,231815,19792,212023,231815,42690,7807,0,7807,34883,189125,117434,14239,103195,117434,16790,450,16340,100644,117434,100338,14506,85832,17096,117434,104668,19995,84673,12766,117434,104668,16003,88665,12766,115399,1580,113819
ACSSF,2019e1,nc,000,0180,0000040,197938,209,197729,197938,1019,196919,197938,2266,195672,197938,3517,194421,197938,189796,12770,177026,8142,254,7888,11401,3259,115,3144,8142,1290,6852,,,,,,,,5066,1207,3859,197938,16562,181376,194994,14389,180605,194994,49364,3842,0,3842,45522,145630,100290,9179,91111,100290,14782,26,14756,85508,100290,85708,9058,76650,14582,100290,95330,14646,80684,4960,100290,95330,10779,84551,4960,81993,1755,80238
ACSSF,2019e1,nc,000,0180,0000041,148476,66,148410,148476,1763,146713,148476,5666,142810,148476,2037,146439,148476,130297,6201,124096,18179,1194,16985,22148,3969,967,3002,18179,1891,16288,,,,,,,,8860,1051,7809,148476,11614,136862,147362,8561,138801,147362,37031,4257,238,4019,32774,110331,72803,7378,65425,72803,8661,260,8401,64142,72803,54094,5654,48440,18709,72803,64794,11012,53782,8009,72803,64794,7633,57161,8009,70015,387,69628
ACSSF,2019e1,nc,000,0180,0000042,180742,0,180742,180742,1990,178752,180742,3478,177264,180742,4980,175762,180742,170864,31895,138969,9878,3760,6118,12085,2207,897,1310,9878,3768,6110,,,,,,,,4450,1641,2809,180742,40174,140568,179298,34185,145113,179298,40901,16676,1473,15203,24225,138397,85660,23295,62365,85660,24311,426,23885,61349,85660,76389,22123,54266,9271,85660,80588,33127,47461,5072,85660,80588,27705,52883,5072,85643,5247,80396
ACSSF,2019e1,nc,000,0180,0000043,143667,0,143667,143667,1967,141700,143667,2628,141039,143667,2395,141272,143667,136150,6749,129401,7517,927,6590,8830,1313,247,1066,7517,1596,5921,,,,,,,,1969,277,1692,143667,14025,129642,142636,10295,132341,142636,22105,2712,366,2346,19393,120531,61750,5364,56386,61750,6695,643,6052,55055,61750,57790,5246,52544,3960,61750,58885,10176,48709,2865,61750,58885,8006,50879,2865,61678,854,60824
ACSSF,2019e1,nc,000,0180,0000044,130625,0,130625,130625,1501,129124,130625,694,129931,130625,3926,126699,130625,124610,5463,119147,6015,561,5454,6843,828,256,572,6015,892,5123,,,,,,,,1535,202,1333,130625,21685,108940,129312,7334,121978,129312,9332,1172,39,1133,8160,119980,46910,3191,43719,46910,4189,255,3934,42721,46910,45201,3856,41345,1709,46910,45986,5259,40727,924,46910,45986,4724,41262,924,46867,869,45998
ACSSF,2019e1,nc,000,0180,0000045,91010,413,90597,91010,2371,88639,91010,1852,89158,91010,3640,87370,91010,88908,6681,82227,2102,204,1898,2620,518,263,255,2102,158,1944,,,,,,,,551,80,471,91010,10579,80431,90387,6802,83585,90387,13947,312,0,312,13635,76440,39508,4683,34825,39508,5736,29,5707,33772,39508,37304,4964,32340,2204,39508,38715,7781,30934,793,39508,38715,5518,33197,793,39352,560,38792
ACSSF,2019e1,nc,000,0180,0000046,142088,0,142088,142088,1030,141058,142088,860,141228,142088,1821,140267,142088,134218,4943,129275,7870,839,7031,9815,1945,368,1577,7870,1417,6453,,,,,,,,1935,265,1670,142088,11082,131006,139927,7869,132058,139927,17888,2323,716,1607,15565,122039,63202,3870,59332,63202,5541,370,5171,57661,63202,59239,4244,54995,3963,63202,60686,8384,52302,2516,63202,60686,5797,54889,2516,62289,483,61806
ACSSF,2019e1,nc,000,0180,0000047,67029,0,67029,67029,3240,63789,67029,1095,65934,67029,1674,65355,67029,64680,2724,61956,2349,56,2293,3048,699,0,699,2349,239,2110,,,,,,,,1316,103,1213,67029,4092,62937,65981,4651,61330,65981,9179,887,223,664,8292,56802,25620,3065,22555,25620,5639,795,4844,19981,25620,23597,3217,20380,2023,25620,24814,6705,18109,806,25620,24814,5087,19727,806,25583,253,25330
ACSSF,2019e1,nc,000,0180,0000048,71783,151,71632,71783,1464,70319,71783,687,71096,71783,1876,69907,71783,67911,3170,64741,3872,279,3593,4264,392,12,380,3872,1489,2383,,,,,,,,709,140,569,71783,6450,65333,71162,4373,66789,71162,6072,1289,23,1266,4783,65090,32165,2748,29417,32165,4985,976,4009,27180,32165,30509,3243,27266,1656,32165,31130,5311,25819,1035,32165,31130,4125,27005,1035,32135,742,31393
ACSSF,2019e1,nc,000,0180,0000049,239859,334,239525,239859,2100,237759,239859,2658,237201,239859,4227,235632,239859,215742,25480,190262,24117,3482,20635,28294,4177,1633,2544,24117,4746,19371,,,,,,,,12718,2460,10258,239859,33317,206542,238214,30474,207740,238214,36033,11427,10,11417,24606,202181,118707,17796,100911,118707,22873,962,21911,95834,118707,106135,18801,87334,12572,118707,108636,35221,73415,10071,118707,108636,23708,84928,10071,118535,1122,117413
ACSSF,2019e1,nc,000,0180,0000050,1111761,318,1111443,1111761,9691,1102070,1111761,11437,1100324,1111761,10826,1100935,1111761,957076,79629,877447,154685,11960,142725,174023,19338,3865,15473,154685,21268,133417,,,,,,,,66653,10954,55699,1111761,113116,998645,1099934,97633,1002301,1099934,198743,32688,232,32456,166055,901191,581238,62254,518984,581238,74329,1889,72440,506909,581238,497463,60311,437152,83775,581238,517056,102831,414225,64182,581238,517056,74465,442591,64182,579771,12430,567341
ACSSF,2019e1,nc,000,0180,0000051,123131,94,123037,123131,1359,121772,123131,991,122140,123131,2133,120998,123131,114813,5572,109241,8318,318,8000,10561,2243,135,2108,8318,1160,7158,,,,,,,,2233,696,1537,123131,9867,113264,121507,7106,114401,121507,18448,2126,233,1893,16322,103059,53030,3879,49151,53030,5448,0,5448,47582,53030,50918,4462,46456,2112,53030,51920,8333,43587,1110,53030,51920,5357,46563,1110,52082,232,51850
ACSSF,2019e1,nc,000,0180,0000052,68412,346,68066,68412,2563,65849,68412,1156,67256,68412,2348,66064,68412,65881,3755,62126,2531,0,2531,3045,514,0,514,2531,319,2212,,,,,,,,1631,243,1388,68412,6463,61949,67583,6004,61579,67583,3737,1029,115,914,2708,63846,29407,2859,26548,29407,3370,151,3219,26037,29407,27271,3066,24205,2136,29407,28299,3725,24574,1108,29407,28299,3232,25067,1108,29386,0,29386
ACSSF,2019e1,nc,000,0180,0000053,81801,0,81801,81801,2707,79094,81801,32,81769,81801,1588,80213,81801,76875,9492,67383,4926,1339,3587,5304,378,130,248,4926,1357,3569,,,,,,,,1360,889,471,81801,12244,69557,80690,11335,69355,80690,8601,3409,18,3391,5192,72089,35336,6055,29281,35336,6860,414,6446,28476,35336,31416,6081,25335,3920,35336,33717,8710,25007,1619,35336,33717,6932,26785,1619,35309,1072,34237
ACSSF,2019e1,nc,000,0180,0000054,92859,0,92859,92859,488,92371,92859,326,92533,92859,1107,91752,92859,84318,5586,78732,8541,35,8506,10120,1579,124,1455,8541,1011,7530,,,,,,,,2817,452,2365,92859,10172,82687,92103,5896,86207,92103,17380,2485,252,2233,14895,74723,47687,6075,41612,47687,6926,54,6872,40761,47687,37915,5914,32001,9772,47687,41376,8496,32880,6311,47687,41376,6959,34417,6311,47049,560,46489
ACSSF,2019e1,nc,000,0180,0000055,171143,0,171143,171143,1158,169985,171143,1737,169406,171143,929,170214,171143,130429,9340,121089,40714,3349,37365,43989,3275,637,2638,40714,5518,35196,,,,,,,,21049,3149,17900,171143,16530,154613,169198,12651,156547,169198,30465,5506,0,5506,24959,138733,89073,10019,79054,89073,12433,104,12329,76640,89073,76496,10071,66425,12577,89073,79334,15812,63522,9739,89073,79334,11671,67663,9739,89073,2107,86966
ACSSF,2019e1,nc,000,0180,0000056,885707,225,885482,885707,18642,867065,885707,8144,877563,885707,9981,875726,885707,734969,57622,677347,150738,12768,137970,162449,11711,2000,9711,150738,23206,127532,,,,,,,,55941,13542,42399,885707,79504,806203,872125,76026,796099,872125,145259,22718,2235,20483,122541,726866,479292,47620,431672,479292,59385,807,58578,419907,479292,397932,45676,352256,81360,479292,431512,88682,342830,47780,479292,431512,70969,360543,47780,474845,5101,469744
ACSSF,2019e1,nc,000,0180,0000057,96342,117,96225,96342,2278,94064,96342,1002,95340,96342,1418,94924,96342,83987,9260,74727,12355,1628,10727,13822,1467,162,1305,12355,3817,8538,,,,,,,,6316,2202,4114,96342,11906,84436,94766,10137,84629,94766,14257,2750,22,2728,11507,80509,50101,6650,43451,50101,10945,643,10302,39156,50101,43183,7074,36109,6918,50101,47335,12784,34551,2766,50101,47335,10522,36813,2766,50036,0,50036
ACSSF,2019e1,nc,000,0180,0000058,279447,320,279127,279447,1983,277464,279447,3927,275520,279447,4802,274645,279447,233683,9539,224144,45764,2644,43120,49249,3485,1272,2213,45764,6834,38930,,,,,,,,18757,4206,14551,279447,18078,261369,276346,16223,260123,276346,51856,7164,1301,5863,44692,224490,147551,13811,133740,147551,17843,875,16968,129708,147551,125580,13300,112280,21971,147551,136900,26554,110346,10651,147551,136900,19339,117561,10651,146247,1387,144860
ACSSF,2019e1,nc,000,0180,0000059,211674,255,211419,211674,3604,208070,211674,3134,208540,211674,2852,208822,211674,194435,9116,185319,17239,919,16320,25155,7916,731,7185,17239,2476,14763,,,,,,,,8895,1413,7482,211674,19086,192588,208194,13196,194998,208194,52152,4827,748,4079,47325,156042,103306,9406,93900,103306,12126,297,11829,91180,103306,88852,9858,78994,14454,103306,100681,15675,85006,2625,103306,100681,13459,87222,2625,90911,423,90488
ACSSF,2019e1,nc,000,0180,0000060,77277,0,77277,77277,1051,76226,77277,173,77104,77277,712,76565,77277,70600,3294,67306,6677,562,6115,7872,1195,39,1156,6677,1877,4800,,,,,,,,3483,1310,2173,77277,4915,72362,76764,3592,73172,76764,11797,939,187,752,10858,64967,35978,3404,32574,35978,4714,362,4352,31264,35978,32847,3406,29441,3131,35978,34562,6424,28138,1416,35978,34562,4770,29792,1416,35806,691,35115
ACSSF,2019e1,nc,000,0180,0000061,296725,220,296505,296725,15030,281695,296725,3345,293380,296725,5078,291647,296725,255323,19792,235531,41402,3832,37570,46592,5190,1199,3991,41402,8042,33360,,,,,,,,21302,4354,16948,296725,29927,266798,292848,24849,267999,292848,50357,9870,1235,8635,40487,242491,142279,18354,123925,142279,24816,693,24123,117463,142279,122738,17084,105654,19541,142279,134492,31020,103472,7787,142279,134492,25049,109443,7787,137070,2727,134343
ACSSF,2019e1,nc,000,0180,0000062,93391,0,93391,93391,1105,92286,93391,2005,91386,93391,2388,91003,93391,89190,17870,71320,4201,428,3773,5029,828,337,491,4201,621,3580,,,,,,,,2420,104,2316,93391,21039,72352,92514,17188,75326,92514,28887,10658,1444,9214,18229,63627,46211,13178,33033,46211,12771,230,12541,33440,46211,40400,11540,28860,5811,46211,43434,19632,23802,2777,46211,43434,15192,28242,2777,46194,3289,42905
ACSSF,2019e1,nc,000,0180,0000063,111756,73,111683,111756,1611,110145,111756,1344,110412,111756,2153,109603,111756,97474,4724,92750,14282,1602,12680,15613,1331,39,1292,14282,2245,12037,,,,,,,,6782,1394,5388,111756,8868,102888,110522,7969,102553,110522,19412,1775,74,1701,17637,91110,50367,5352,45015,50367,7815,751,7064,42552,50367,46344,5330,41014,4023,50367,48844,10047,38797,1523,50367,48844,7645,41199,1523,49400,671,48729
ACSSF,2019e1,nc,000,0180,0000064,72438,0,72438,72438,798,71640,72438,910,71528,72438,1805,70633,72438,67859,3216,64643,4579,180,4399,5678,1099,82,1017,4579,563,4016,,,,,,,,2622,480,2142,72438,4765,67673,70559,3653,66906,70559,29607,1882,0,1882,27725,40952,41938,2329,39609,41938,6730,0,6730,35208,41938,32791,2848,29943,9147,41938,40022,4977,35045,1916,41938,40022,3653,36369,1916,24966,1089,23877
ACSSF,2019e1,nc,000,0180,0000065,474708,263,474445,474708,4773,469935,474708,5131,469577,474708,3196,471512,474708,407124,33687,373437,67584,5723,61861,75524,7940,1743,6197,67584,9645,57939,,,,,,,,26701,4992,21709,474708,49972,424736,469096,42275,426821,469096,98635,16486,74,16412,82149,370461,250448,26914,223534,250448,31398,875,30523,219050,250448,212157,25462,186695,38291,250448,224135,42885,181250,26313,250448,224135,31834,192301,26313,249123,6567,242556
ACSSF,2019e1,nc,000,0180,0000066,123728,106,123622,123728,1150,122578,123728,1731,121997,123728,2506,121222,123728,117671,7058,110613,6057,420,5637,6821,764,0,764,6057,713,5344,,,,,,,,2515,412,2103,123728,9227,114501,122285,9742,112543,122285,25786,4354,0,4354,21432,96499,58339,6259,52080,58339,8109,408,7701,50230,58339,48931,6873,42058,9408,58339,52826,9723,43103,5513,58339,52826,7758,45068,5513,56394,712,55682
ACSSF,2019e1,nc,000,0180,0000067,247951,52,247899,247951,2392,245559,247951,2991,244960,247951,4934,243017,247951,224878,16560,208318,23073,3448,19625,25198,2125,298,1827,23073,6073,17000,,,,,,,,8566,2711,5855,247951,23939,224012,245100,22124,222976,245100,35145,6261,1297,4964,28884,209955,112568,14387,98181,112568,20001,922,19079,92567,112568,100599,15407,85192,11969,112568,107422,23965,83457,5146,112568,107422,18569,88853,5146,110967,1965,109002
ACSSF,2019e1,nc,000,0180,0000068,92859,0,92859,92859,488,92371,92859,326,92533,92859,1107,91752,92859,84318,5586,78732,8541,35,8506,10120,1579,124,1455,8541,1011,7530,,,,,,,,2817,452,2365,92859,10172,82687,92103,5896,86207,92103,17380,2485,252,2233,14895,74723,47687,6075,41612,47687,6926,54,6872,40761,47687,37915,5914,32001,9772,47687,41376,8496,32880,6311,47687,41376,6959,34417,6311,47049,560,46489
ACSSF,2019e1,nc,000,0180,0000069,885707,225,885482,885707,18642,867065,885707,8144,877563,885707,9981,875726,885707,734969,57622,677347,150738,12768,137970,162449,11711,2000,9711,150738,23206,127532,,,,,,,,55941,13542,42399,885707,79504,806203,872125,76026,796099,872125,145259,22718,2235,20483,122541,726866,479292,47620,431672,479292,59385,807,58578,419907,479292,397932,45676,352256,81360,479292,431512,88682,342830,47780,479292,431512,70969,360543,47780,474845,5101,469744
ACSSF,2019e1,nc,000,0180,0000070,96342,117,96225,96342,2278,94064,96342,1002,95340,96342,1418,94924,96342,83987,9260,74727,12355,1628,10727,13822,1467,162,1305,12355,3817,8538,,,,,,,,6316,2202,4114,96342,11906,84436,94766,10137,84629,94766,14257,2750,22,2728,11507,80509,50101,6650,43451,50101,10945,643,10302,39156,50101,43183,7074,36109,6918,50101,47335,12784,34551,2766,50101,47335,10522,36813,2766,50036,0,50036
ACSSF,2019e1,nc,000,0180,0000071,77277,0,77277,77277,1051,76226,77277,173,77104,77277,712,76565,77277,70600,3294,67306,6677,562,6115,7872,1195,39,1156,6677,1877,4800,,,,,,,,3483,1310,2173,77277,4915,72362,76764,3592,73172,76764,11797,939,187,752,10858,64967,35978,3404,32574,35978,4714,362,4352,31264,35978,32847,3406,29441,3131,35978,34562,6424,28138,1416,35978,34562,4770,29792,1416,35806,691,35115
ACSSF,2019e1,nc,000,0180,0000072,278953,320,278633,278953,1983,276970,278953,3927,275026,278953,4802,274151,278953,233389,9539,223850,45564,2644,42920,49049,3485,1272,2213,45564,6834,38730,,,,,,,,18757,4206,14551,278953,18078,260875,275852,16223,259629,275852,51856,7164,1301,5863,44692,223996,147273,13811,133462,147273,17843,875,16968,129430,147273,125302,13300,112002,21971,147273,136622,26554,110068,10651,147273,136622,19339,117283,10651,145969,1387,144582
ACSSF,2019e1,nc,000,0180,0000073,211674,255,211419,211674,3604,208070,211674,3134,208540,211674,2852,208822,211674,194435,9116,185319,17239,919,16320,25155,7916,731,7185,17239,2476,14763,,,,,,,,8895,1413,7482,211674,19086,192588,208194,13196,194998,208194,52152,4827,748,4079,47325,156042,103306,9406,93900,103306,12126,297,11829,91180,103306,88852,9858,78994,14454,103306,100681,15675,85006,2625,103306,100681,13459,87222,2625,90911,423,90488
ACSSF,2019e1,nc,000,0180,0000074,296725,220,296505,296725,15030,281695,296725,3345,293380,296725,5078,291647,296725,255323,19792,235531,41402,3832,37570,46592,5190,1199,3991,41402,8042,33360,,,,,,,,21302,4354,16948,296725,29927,266798,292848,24849,267999,292848,50357,9870,1235,8635,40487,242491,142279,18354,123925,142279,24816,693,24123,117463,142279,122738,17084,105654,19541,142279,134492,31020,103472,7787,142279,134492,25049,109443,7787,137070,2727,134343
ACSSF,2019e1,nc,000,0180,0000075,107183,73,107110,107183,1611,105572,107183,1344,105839,107183,2153,105030,107183,93212,4724,88488,13971,1602,12369,15223,1252,39,1213,13971,2245,11726,,,,,,,,6471,1394,5077,107183,8746,98437,106055,7775,98280,106055,18990,1731,74,1657,17259,87065,47469,5175,42294,47469,7482,751,6731,39987,47469,43559,4985,38574,3910,47469,45946,9296,36650,1523,47469,45946,7127,38819,1523,46502,671,45831
ACSSF,2019e1,nc,000,0180,0000076,93391,0,93391,93391,1105,92286,93391,2005,91386,93391,2388,91003,93391,89190,17870,71320,4201,428,3773,5029,828,337,491,4201,621,3580,,,,,,,,2420,104,2316,93391,21039,72352,92514,17188,75326,92514,28887,10658,1444,9214,18229,63627,46211,13178,33033,46211,12771,230,12541,33440,46211,40400,11540,28860,5811,46211,43434,19632,23802,2777,46211,43434,15192,28242,2777,46194,3289,42905
ACSSF,2019e1,nc,000,0180,0000077,72438,0,72438,72438,798,71640,72438,910,71528,72438,1805,70633,72438,67859,3216,64643,4579,180,4399,5678,1099,82,1017,4579,563,4016,,,,,,,,2622,480,2142,72438,4765,67673,70559,3653,66906,70559,29607,1882,0,1882,27725,40952,41938,2329,39609,41938,6730,0,6730,35208,41938,32791,2848,29943,9147,41938,40022,4977,35045,1916,41938,40022,3653,36369,1916,24966,1089,23877
ACSSF,2019e1,nc,000,0180,0000078,168038,0,168038,168038,1057,166981,168038,1737,166301,168038,929,167109,168038,127785,9340,118445,40253,3349,36904,43528,3275,637,2638,40253,5518,34735,,,,,,,,20742,3149,17593,168038,16530,151508,166093,12651,153442,166093,30337,5506,0,5506,24831,135756,87906,9775,78131,87906,12189,104,12085,75717,87906,75462,9827,65635,12444,87906,78213,15568,62645,9693,87906,78213,11427,66786,9693,87906,1932,85974
ACSSF,2019e1,nc,000,0180,0000079,472775,263,472512,472775,4773,468002,472775,5131,467644,472775,3196,469579,472775,405579,33687,371892,67196,5723,61473,75136,7940,1743,6197,67196,9645,57551,,,,,,,,26313,4992,21321,472775,49972,422803,467163,42275,424888,467163,98017,16486,74,16412,81531,369146,249498,26914,222584,249498,31398,875,30523,218100,249498,211207,25462,185745,38291,249498,223185,42885,180300,26313,249498,223185,31834,191351,26313,248173,6567,241606
ACSSF,2019e1,nc,000,0180,0000080,123728,106,123622,123728,1150,122578,123728,1731,121997,123728,2506,121222,123728,117671,7058,110613,6057,420,5637,6821,764,0,764,6057,713,5344,,,,,,,,2515,412,2103,123728,9227,114501,122285,9742,112543,122285,25786,4354,0,4354,21432,96499,58339,6259,52080,58339,8109,408,7701,50230,58339,48931,6873,42058,9408,58339,52826,9723,43103,5513,58339,52826,7758,45068,5513,56394,712,55682
ACSSF,2019e1,nc,000,0180,0000081,247951,52,247899,247951,2392,245559,247951,2991,244960,247951,4934,243017,247951,224878,16560,208318,23073,3448,19625,25198,2125,298,1827,23073,6073,17000,,,,,,,,8566,2711,5855,247951,23939,224012,245100,22124,222976,245100,35145,6261,1297,4964,28884,209955,112568,14387,98181,112568,20001,922,19079,92567,112568,100599,15407,85192,11969,112568,107422,23965,83457,5146,112568,107422,18569,88853,5146,110967,1965,109002
ACSSF,2019e1,nc,000,0180,0000082,763500,492,763008,763500,12626,750874,763500,7986,755514,763500,18347,745153,763500,699232,65508,633724,64268,8153,56115,69843,5575,2595,2980,64268,11152,53116,,,,,,,,23114,5620,17494,763500,93454,670046,755110,84510,670600,755110,119891,25996,1376,24620,93895,635219,342332,52042,290290,342332,61798,3765,58033,280534,342332,304279,51001,253278,38053,342332,324139,81746,242393,18193,342332,324139,65366,258773,18193,340555,8540,332015
ACSSF,2019e1,nc,000,0180,0000083,888547,274,888273,888547,10127,878420,888547,8063,880484,888547,12312,876235,888547,824326,60055,764271,64221,6030,58191,77913,13692,864,12828,64221,11662,52559,,,,,,,,29571,6302,23269,888547,85220,803327,879325,72670,806655,879325,117675,17806,344,17462,99869,761650,424804,43073,381731,424804,51492,2615,48877,373312,424804,376747,41541,335206,48057,424804,384446,73378,311068,40358,424804,384446,49628,334818,40358,423551,5462,418089
ACSSF,2019e1,nc,000,0180,0000084,761753,515,761238,761753,7778,753975,761753,10218,751535,761753,18979,742774,761753,727315,58836,668479,34438,5286,29152,44239,9801,1212,8589,34438,7912,26526,,,,,,,,16620,5147,11473,761753,82320,679433,752645,71937,680708,752645,124370,22263,2131,20132,102107,628275,353605,44504,309101,353605,59211,1645,57566,294394,353605,319608,46546,273062,33997,353605,336710,72120,264590,16895,353605,336710,55381,281329,16895,330863,6661,324202
ACSSF,2019e1,nc,000,0180,0000085,873270,329,872941,873270,7469,865801,873270,12426,860844,873270,7309,865961,873270,727865,60994,666871,145405,10226,135179,162223,16818,4293,12525,145405,19786,125619,,,,,,,,61309,10779,50530,873270,89812,783458,863893,76296,787597,863893,184305,30165,561,29604,154140,679588,458903,50105,408798,458903,60324,1340,58984,398579,458903,385916,47185,338731,72987,458903,412896,79033,333863,46007,458903,412896,59931,352965,46007,454775,9958,444817
ACSSF,2019e1,nc,000,0180,0000086,765013,947,764066,765013,9500,755513,765013,9992,755021,765013,15478,749535,765013,719572,40740,678832,45441,4599,40842,50875,5434,792,4642,45441,10537,34904,,,,,,,,17829,4524,13305,765013,68627,696386,757281,56492,700789,757281,95823,16324,2846,13478,79499,661458,345742,34969,310773,345742,50317,2988,47329,295425,345742,314992,38725,276267,30750,345742,327819,61098,266721,17923,345742,327819,45383,282436,17923,342827,4532,338295
ACSSF,2019e1,nc,000,0180,0000087,791470,1235,790235,791470,20998,770472,791470,9816,781654,791470,17071,774399,791470,732848,48070,684778,58622,6811,51811,66243,7621,917,6704,58622,12528,46094,,,,,,,,22256,4708,17548,791470,78315,713155,784413,64737,719676,784413,101741,16058,509,15549,85683,682672,358334,38719,319615,358334,50306,2962,47344,308028,358334,328435,42804,285631,29899,358334,342579,66389,276190,15755,358334,342579,49192,293387,15755,356943,3308,353635
ACSSF,2019e1,nc,000,0180,0000088,816402,794,815608,816402,7344,809058,816402,11705,804697,816402,15734,800668,816402,766254,50713,715541,50148,6109,44039,57236,7088,1039,6049,50148,10078,40070,,,,,,,,18249,5612,12637,816402,78526,737876,807000,70339,736661,807000,111514,18499,848,17651,93015,695486,363751,43985,319766,363751,55821,2150,53671,307930,363751,329703,45119,284584,34048,363751,339379,71668,267711,24372,363751,339379,55092,284287,24372,360286,3774,356512
ACSSF,2019e1,nc,000,0180,0000089,815055,1151,813904,815055,11849,803206,815055,10842,804213,815055,15626,799429,815055,753584,52215,701369,61471,5549,55922,78245,16774,2017,14757,61471,11350,50121,,,,,,,,30649,5783,24866,815055,92873,722182,803148,67755,735393,803148,134169,17884,1800,16084,116285,668979,384878,42774,342104,384878,58865,3512,55353,326013,384878,343334,44527,298807,41544,384878,366789,78179,288610,18089,384878,366789,60651,306138,18089,370676,3085,367591
ACSSF,2019e1,nc,000,0180,0000090,796413,623,795790,796413,8274,788139,796413,9233,787180,796413,15045,781368,796413,733715,46122,687593,62698,6074,56624,73157,10459,2650,7809,62698,10006,52692,,,,,,,,30572,5671,24901,796413,87363,709050,789461,60495,728966,789461,107842,19701,1435,18266,88141,681619,360345,34551,325794,360345,47424,2028,45396,312921,360345,323906,37613,286293,36439,360345,333053,70402,262651,27292,360345,333053,50155,282898,27292,359205,3473,355732
ACSSF,2019e1,nc,000,0180,0000091,771791,372,771419,771791,12852,758939,771791,7066,764725,771791,14381,757410,771791,731794,36085,695709,39997,3610,36387,45494,5497,432,5065,39997,6891,33106,,,,,,,,18458,4380,14078,771791,60180,711611,763772,50630,713142,763772,93579,13806,1295,12511,79773,670193,350545,30536,320009,350545,45233,3526,41707,305312,350545,318664,30080,288584,31881,350545,333594,64687,268907,16951,350545,333594,48402,285192,16951,348843,3718,345125
ACSSF,2019e1,nc,000,0180,0000092,772612,658,771954,772612,12011,760601,772612,7643,764969,772612,11880,760732,772612,731530,32949,698581,41082,1341,39741,46739,5657,431,5226,41082,6627,34455,,,,,,,,15744,2682,13062,772612,59831,712781,766615,45952,720663,766615,96241,16099,2037,14062,80142,670374,346599,30949,315650,346599,39821,2016,37805,306778,346599,312631,33122,279509,33968,346599,324072,55566,268506,22527,346599,324072,38446,285626,22527,344546,3557,340989
ACSSF,2019e1,nc,000,0180,0000093,891792,0,891792,891792,20525,871267,891792,8358,883434,891792,10032,881760,891792,743053,61014,682039,148739,12429,136310,160579,11840,2059,9781,148739,24194,124545,,,,,,,,53362,12733,40629,891792,84581,807211,878219,79103,799116,878219,143693,23552,2451,21101,120141,734526,483491,51184,432307,483491,63409,2254,61155,420082,483491,400915,47961,352954,82576,483491,435323,97281,338042,48168,483491,435323,75933,359390,48168,478760,5391,473369
ACSSF,2019e1,nc,000,0180,0000094,780466,362,780104,780466,14516,765950,780466,7213,773253,780466,14971,765495,780466,712365,40706,671659,68101,7258,60843,75898,7797,2040,5757,68101,11166,56935,,,,,,,,32472,7716,24756,780466,70426,710040,771024,56565,714459,771024,106682,17471,1867,15604,89211,664342,364623,38175,326448,364623,53260,3942,49318,311363,364623,331155,39323,291832,33468,364623,345897,72821,273076,18726,364623,345897,56105,289792,18726,358591,5477,353114
ACSSF,2019e1,nc,000,0180,0000095,134126,222,133904,134126,1191,132935,134126,2092,132034,134126,2141,131985,134126,130001,4450,125551,4125,123,4002,5189,1064,145,919,4125,510,3615,,,,,,,,1253,49,1204,134126,9342,124784,133054,6272,126782,133054,22964,2801,577,2224,20163,110090,59052,5417,53635,59052,7785,109,7676,51267,59052,51883,6312,45571,7169,59052,54288,10226,44062,4764,59052,54288,7845,46443,4764,57952,1016,56936
ACSSF,2019e1,nc,000,0180,0000096,151176,497,150679,151176,4072,147104,151176,1843,149333,151176,4261,146915,151176,143748,7152,136596,7428,283,7145,8334,906,12,894,7428,1831,5597,,,,,,,,2979,383,2596,151176,13273,137903,149528,10887,138641,149528,10477,2485,138,2347,7992,139051,65660,5945,59715,65660,8704,1127,7577,56956,65660,61524,6664,54860,4136,65660,63345,9814,53531,2315,65660,63345,7873,55472,2315,65571,825,64746
ACSSF,2019e1,nc,000,0180,0000097,136601,413,136188,136601,2615,133986,136601,2786,133815,136601,4655,131946,136601,133524,8315,125209,3077,204,2873,3692,615,263,352,3077,448,2629,,,,,,,,1030,348,682,136601,13934,122667,135458,8721,126737,135458,18201,719,49,670,17482,117257,60675,5773,54902,60675,7741,29,7712,52934,60675,57910,6600,51310,2765,60675,59632,10784,48848,1043,60675,59632,7213,52419,1043,60475,786,59689
ACSSF,2019e1,nc,000,0180,0000098,122468,0,122468,122468,3707,118761,122468,1403,121065,122468,3867,118601,122468,117521,11771,105750,4947,1361,3586,5553,606,305,301,4947,952,3995,,,,,,,,2170,556,1614,122468,17437,105031,121782,12968,108814,121782,13388,1661,44,1617,11727,108394,55604,7316,48288,55604,9767,961,8806,45837,55604,50090,7385,42705,5514,55604,53122,11386,41736,2482,55604,53122,9066,44056,2482,55481,1347,54134
ACSSF,2019e1,nc,000,0180,0000099,128059,90,127969,128059,5953,122106,128059,1615,126444,128059,3278,124781,128059,120616,17095,103521,7443,890,6553,8882,1439,24,1415,7443,1861,5582,,,,,,,,1975,1106,869,128059,21305,106754,127314,21366,105948,127314,17147,5021,119,4902,12126,110167,55783,11616,44167,55783,12477,198,12279,43306,55783,52996,11498,41498,2787,55783,53803,14835,38968,1980,55783,53803,12510,41293,1980,55589,1792,53797
ACSSF,2019e1,nc,000,0180,0000100,99062,161,98901,99062,1017,98045,99062,333,98729,99062,2343,96719,99062,95714,8254,87460,3348,627,2721,3868,520,49,471,3348,924,2424,,,,,,,,1580,387,1193,99062,12082,86980,97897,10908,86989,97897,10384,1021,84,937,9363,87513,39039,4965,34074,39039,7288,823,6465,31751,39039,36237,5179,31058,2802,39039,37564,8551,29013,1475,39039,37564,7823,29741,1475,38935,512,38423
ACSSF,2019e1,nc,000,0180,0000101,113976,9,113967,113976,1685,112291,113976,1848,112128,113976,2950,111026,113976,111137,10194,100943,2839,900,1939,3837,998,30,968,2839,1327,1512,,,,,,,,2081,1259,822,113976,14271,99705,112722,13076,99646,112722,14253,2810,349,2461,11443,98469,51862,7862,44000,51862,11793,1030,10763,40069,51862,48194,8338,39856,3668,51862,50223,13976,36247,1639,51862,50223,10214,40009,1639,51615,683,50932
ACSSF,2019e1,nc,000,0180,0000102,99771,11,99760,99771,2073,97698,99771,1511,98260,99771,4668,95103,99771,96322,9997,86325,3449,826,2623,4041,592,91,501,3449,874,2575,,,,,,,,1431,843,588,99771,12963,86808,98671,11346,87325,98671,8151,3126,18,3108,5025,90520,42415,5240,37175,42415,6382,342,6040,36033,42415,38680,5430,33250,3735,42415,39857,8401,31456,2558,42415,39857,6092,33765,2558,42388,859,41529
ACSSF,2019e1,nc,000,0180,0000103,145770,0,145770,145770,968,144802,145770,274,145496,145770,3404,142366,145770,140852,16738,124114,4918,1131,3787,5747,829,66,763,4918,1836,3082,,,,,,,,2721,723,1998,145770,20643,125127,144241,19947,124294,144241,17062,4149,0,4149,12913,127179,60813,10812,50001,60813,11309,61,11248,49504,60813,56451,10634,45817,4362,60813,58059,14450,43609,2754,60813,58059,11815,46244,2754,60426,531,59895
ACSSF,2019e1,nc,000,0180,0000104,101934,0,101934,101934,3077,98857,101934,218,101716,101934,2363,99571,101934,94542,10289,84253,7392,1539,5853,7881,489,130,359,7392,1668,5724,,,,,,,,1370,889,481,101934,13645,88289,100485,12748,87737,100485,12923,3674,64,3610,9249,87562,42832,6802,36030,42832,7637,414,7223,35195,42832,38649,6910,31739,4183,42832,40970,9987,30983,1862,42832,40970,7840,33130,1862,42712,1123,41589
ACSSF,2019e1,nc,000,0180,0000105,209339,0,209339,209339,894,208445,209339,2733,206606,209339,2351,206988,209339,190713,8399,182314,18626,514,18112,21075,2449,476,1973,18626,2147,16479,,,,,,,,4725,898,3827,209339,13243,196096,206712,11136,195576,206712,22015,2121,87,2034,19894,184697,100528,6907,93621,100528,10164,1248,8916,90364,100528,91613,7684,83929,8915,100528,92774,14162,78612,7754,100528,92774,9115,83659,7754,100385,936,99449
ACSSF,2019e1,nc,000,0180,0000106,155519,0,155519,155519,1189,154330,155519,935,154584,155519,1263,154256,155519,139773,7194,132579,15746,534,15212,17474,1728,646,1082,15746,1290,14456,,,,,,,,4488,518,3970,155519,10714,144805,153097,9171,143926,153097,45412,4379,12,4367,41033,107685,79581,5878,73703,79581,8183,167,8016,71398,79581,63598,5787,57811,15983,79581,71286,10484,60802,8295,79581,71286,8823,62463,8295,78262,527,77735
ACSSF,2019e1,nc,000,0180,0000107,137861,75,137786,137861,1438,136423,137861,1548,136313,137861,1245,136616,137861,118353,6798,111555,19508,1290,18218,21430,1922,162,1760,19508,2084,17424,,,,,,,,6738,1344,5394,137861,10072,127789,135931,8502,127429,135931,19684,3486,62,3424,16198,116247,73738,7455,66283,73738,9475,192,9283,64263,73738,64315,7370,56945,9423,73738,66585,12485,54100,7153,73738,66585,9474,57111,7153,73738,1729,72009
ACSSF,2019e1,nc,000,0180,0000108,130174,0,130174,130174,1491,128683,130174,1073,129101,130174,733,129441,130174,115016,12066,102950,15158,1442,13716,17491,2333,553,1780,15158,3895,11263,,,,,,,,9390,2797,6593,130174,16140,114034,129152,13591,115561,129152,19708,4917,154,4763,14791,109444,66043,7179,58864,66043,7939,113,7826,58104,66043,55201,6262,48939,10842,66043,56490,13070,43420,9553,66043,56490,8241,48249,9553,65998,1047,64951
ACSSF,2019e1,nc,000,0180,0000109,145198,55,145143,145198,1042,144156,145198,1540,143658,145198,3085,142113,145198,124287,17197,107090,20911,2995,17916,22659,1748,13,1735,20911,4104,16807,,,,,,,,8412,1324,7088,145198,23183,122015,143763,21917,121846,143763,25788,5896,0,5896,19892,117975,74020,11802,62218,74020,12528,411,12117,61492,74020,63513,11243,52270,10507,74020,65559,19056,46503,8461,74020,65559,12967,52592,8461,73985,3650,70335
ACSSF,2019e1,nc,000,0180,0000110,130114,0,130114,130114,1651,128463,130114,1188,128926,130114,1220,128894,130114,119880,10413,109467,10234,1070,9164,13013,2779,455,2324,10234,1389,8845,,,,,,,,3961,358,3603,130114,14526,115588,129350,11809,117541,129350,23751,3021,4,3017,20730,105599,71448,8232,63216,71448,9365,429,8936,62083,71448,64187,7883,56304,7261,71448,65610,12769,52841,5838,71448,65610,9570,56040,5838,71388,797,70591
ACSSF,2019e1,nc,000,0180,0000111,131781,188,131593,131781,1295,130486,131781,2112,129669,131781,983,130798,131781,103170,8104,95066,28611,2339,26272,31212,2601,417,2184,28611,3188,25423,,,,,,,,10580,2060,8520,131781,12805,118976,130228,10324,119904,130228,24750,3803,0,3803,20947,105478,70200,6353,63847,70200,7505,358,7147,62695,70200,60892,6638,54254,9308,70200,62309,10102,52207,7891,70200,62309,6976,55333,7891,70192,854,69338
ACSSF,2019e1,nc,000,0180,0000112,136620,0,136620,136620,751,135869,136620,1507,135113,136620,201,136419,136620,111094,7013,104081,25526,1512,24014,27656,2130,637,1493,25526,3563,21963,,,,,,,,11966,1611,10355,136620,12422,124198,135066,8680,126386,135066,20041,3217,0,3217,16824,115025,74613,7291,67322,74613,9986,106,9880,64627,74613,65081,7529,57552,9532,74613,67595,12919,54676,7018,74613,67595,9156,58439,7018,74613,1739,72874
ACSSF,2019e1,nc,000,0180,0000113,144494,0,144494,144494,834,143660,144494,1534,142960,144494,2096,142398,144494,125503,10844,114659,18991,778,18213,23088,4097,982,3115,18991,1755,17236,,,,,,,,11118,942,10176,144494,13254,131240,143347,13639,129708,143347,19609,3969,0,3969,15640,123738,71595,8064,63531,71595,9348,113,9235,62247,71595,60676,7599,53077,10919,71595,61622,11946,49676,9973,71595,61622,9258,52364,9973,71595,2087,69508
ACSSF,2019e1,nc,000,0180,0000114,177816,76,177740,177816,857,176959,177816,1817,175999,177816,1830,175986,177816,150053,5475,144578,27763,786,26977,30204,2441,837,1604,27763,3558,24205,,,,,,,,14120,2921,11199,177816,9094,168722,176001,8317,167684,176001,35303,3745,366,3379,31558,140698,97473,7846,89627,97473,10222,361,9861,87251,97473,81880,7450,74430,15593,97473,89187,13986,75201,8286,97473,89187,10093,79094,8286,96499,1120,95379
ACSSF,2019e1,nc,000,0180,0000115,143672,244,143428,143672,1299,142373,143672,2477,141195,143672,3791,139881,143672,120044,5380,114664,23628,2395,21233,25110,1482,873,609,23628,4107,19521,,,,,,,,6879,1834,5045,143672,12088,131584,142386,10582,131804,142386,23253,4277,935,3342,18976,119133,66062,6753,59309,66062,8948,514,8434,57114,66062,58663,6809,51854,7399,66062,62761,15111,47650,3301,66062,62761,10710,52051,3301,65732,706,65026
ACSSF,2019e1,nc,000,0180,0000116,148463,66,148397,148463,1763,146700,148463,5666,142797,148463,2037,146426,148463,130284,6201,124083,18179,1194,16985,22148,3969,967,3002,18179,1891,16288,,,,,,,,8860,1051,7809,148463,11614,136849,147349,8561,138788,147349,37018,4257,238,4019,32761,110331,72797,7378,65419,72797,8661,260,8401,64136,72797,54088,5654,48434,18709,72797,64788,11012,53776,8009,72797,64788,7633,57155,8009,70009,387,69622
ACSSF,2019e1,nc,000,0180,0000117,136249,618,135631,136249,1387,134862,136249,1593,134656,136249,2461,133788,136249,122382,5777,116605,13867,1893,11974,16496,2629,47,2582,13867,3534,10333,,,,,,,,4447,719,3728,136249,10266,125983,135277,9947,125330,135277,12348,1592,0,1592,10756,122929,59982,5673,54309,59982,7534,766,6768,52448,59982,55278,6510,48768,4704,59982,56831,9885,46946,3151,59982,56831,6677,50154,3151,59947,661,59286
ACSSF,2019e1,nc,000,0180,0000118,169591,0,169591,169591,2067,167524,169591,1105,168486,169591,2942,166649,169591,154950,13069,141881,14641,2472,12169,15417,776,62,714,14641,3065,11576,,,,,,,,5682,2108,3574,169591,18759,150832,167070,18206,148864,167070,23557,5853,59,5794,17704,143513,82493,10187,72306,82493,12258,1040,11218,70235,82493,78143,12193,65950,4350,82493,79745,16469,63276,2748,82493,79745,12209,67536,2748,82283,767,81516
ACSSF,2019e1,nc,000,0180,0000119,145543,135,145408,145543,6719,138824,145543,1655,143888,145543,1890,143653,145543,127890,8726,119164,17653,1244,16409,20804,3151,758,2393,17653,4018,13635,,,,,,,,9997,1104,8893,145543,13637,131906,143389,11038,132351,143389,24257,2504,169,2335,21753,119132,65778,6780,58998,65778,9440,365,9075,56338,65778,56626,6539,50087,9152,65778,60770,11388,49382,5008,65778,60770,9152,51618,5008,64102,563,63539
ACSSF,2019e1,nc,000,0180,0000120,118936,85,118851,118936,4130,114806,118936,1936,117000,118936,3363,115573,118936,99891,9966,89925,19045,2588,16457,20555,1510,441,1069,19045,3459,15586,,,,,,,,9377,2685,6692,118936,14644,104292,117352,12615,104737,117352,22128,5802,674,5128,16326,95224,57955,9217,48738,57955,12590,328,12262,45365,57955,49422,8258,41164,8533,57955,55380,13955,41425,2575,57955,55380,12251,43129,2575,54523,1976,52547
ACSSF,2019e1,nc,000,0180,0000121,131681,108,131573,131681,9768,121913,131681,636,131045,131681,1421,130260,131681,122330,9885,112445,9351,874,8477,10257,906,36,870,9351,2333,7018,,,,,,,,5222,2333,2889,131681,15133,116548,131001,12453,118548,131001,14876,4597,71,4526,10279,116125,61919,10006,51913,61919,12600,63,12537,49319,61919,54750,10094,44656,7169,61919,58319,15537,42782,3600,61919,58319,11829,46490,3600,61776,1061,60715
ACSSF,2019e1,nc,000,0180,0000122,141014,121,140893,141014,1859,139155,141014,1604,139410,141014,3021,137993,141014,124593,5762,118831,16421,1812,14609,17812,1391,81,1310,16421,2679,13742,,,,,,,,7495,1435,6060,141014,10783,130231,139384,9324,130060,139384,24713,3216,607,2609,21497,114671,65178,6685,58493,65178,9884,975,8909,55294,65178,58909,6696,52213,6269,65178,62132,13726,48406,3046,65178,62132,11222,50910,3046,64193,984,63209
ACSSF,2019e1,nc,000,0180,0000123,100524,144,100380,100524,1174,99350,100524,1589,98935,100524,1822,98702,100524,93955,4063,89892,6569,600,5969,7829,1260,126,1134,6569,1161,5408,,,,,,,,2204,359,1845,100524,7240,93284,99888,6502,93386,99888,14790,3105,1079,2026,11685,85098,44571,5185,39386,44571,8186,754,7432,36385,44571,38942,5456,33486,5629,44571,42368,8827,33541,2203,44571,42368,7446,34922,2203,43779,908,42871
ACSSF,2019e1,nc,000,0180,0000124,141059,0,141059,141059,1274,139785,141059,1320,139739,141059,3133,137926,141059,125721,12260,113461,15338,2848,12490,16152,814,172,642,15338,4827,10511,,,,,,,,6314,2317,3997,141059,15909,125150,138757,15225,123532,138757,19422,3021,218,2803,16401,119335,64685,8542,56143,64685,11475,345,11130,53210,64685,58703,9356,49347,5982,64685,62115,14374,47741,2570,64685,62115,10481,51634,2570,63884,906,62978
ACSSF,2019e1,nc,000,0180,0000125,140712,46,140666,140712,932,139780,140712,1961,138751,140712,1979,138733,140712,131623,8426,123197,9089,450,8639,10200,1111,337,774,9089,1622,7467,,,,,,,,4054,1190,2864,140712,12974,127738,139601,12042,127559,139601,18854,3418,241,3177,15436,120747,66034,7591,58443,66034,9739,312,9427,56295,66034,60036,7984,52052,5998,66034,61735,12790,48945,4299,66034,61735,8994,52741,4299,65942,1116,64826
ACSSF,2019e1,nc,000,0180,0000126,107491,89,107402,107491,995,106496,107491,360,107131,107491,1564,105927,107491,103213,3713,99500,4278,455,3823,4620,342,86,256,4278,765,3513,,,,,,,,1266,196,1070,107491,10394,97097,106642,6165,100477,106642,8270,1242,89,1153,7028,98372,49966,2861,47105,49966,4564,458,4106,45402,49966,46811,3762,43049,3155,49966,47070,7062,40008,2896,49966,47070,4226,42844,2896,49891,276,49615
ACSSF,2019e1,nc,000,0180,0000127,119675,0,119675,119675,3031,116644,119675,713,118962,119675,1993,117682,119675,116074,4245,111829,3601,11,3590,4189,588,48,540,3601,481,3120,,,,,,,,1384,107,1277,119675,7852,111823,119298,5626,113672,119298,13136,1130,455,675,12006,106162,55200,3593,51607,55200,4471,250,4221,50729,55200,51900,3856,48044,3300,55200,53265,7062,46203,1935,55200,53265,3956,49309,1935,55183,179,55004
ACSSF,2019e1,nc,000,0180,0000128,136518,0,136518,136518,2376,134142,136518,2196,134322,136518,2263,134255,136518,127738,3640,124098,8780,441,8339,9804,1024,97,927,8780,1087,7693,,,,,,,,3223,808,2415,136518,8487,128031,135368,5678,129690,135368,16584,3169,662,2507,13415,118784,56972,4416,52556,56972,5341,12,5329,51631,56972,53205,5444,47761,3767,56972,54366,8608,45758,2606,56972,54366,5278,49088,2606,56880,827,56053
ACSSF,2019e1,nc,000,0180,0000129,135068,0,135068,135068,956,134112,135068,1478,133590,135068,2790,132278,135068,124478,6696,117782,10590,35,10555,12455,1865,277,1588,10590,1212,9378,,,,,,,,3095,524,2571,135068,12895,122173,134226,8351,125875,134226,19929,2549,252,2297,17380,114297,66600,7190,59410,66600,8671,54,8617,57929,66600,54823,6803,48020,11777,66600,59272,11374,47898,7328,66600,59272,8678,50594,7328,65874,525,65349
ACSSF,2019e1,nc,000,0180,0000130,126123,277,125846,126123,2277,123846,126123,534,125589,126123,1548,124575,126123,116168,5882,110286,9955,318,9637,10312,357,0,357,9955,2174,7781,,,,,,,,4623,814,3809,126123,9163,116960,125258,7969,117289,125258,9996,1574,0,1574,8422,115262,61220,5047,56173,61220,7620,776,6844,53600,61220,52807,4813,47994,8413,61220,54190,10783,43407,7030,61220,54190,7158,47032,7030,60679,637,60042
ACSSF,2019e1,nc,000,0180,0000131,114960,98,114862,114960,1326,113634,114960,1178,113782,114960,2529,112431,114960,111731,5730,106001,3229,23,3206,3826,597,52,545,3229,244,2985,,,,,,,,939,6,933,114960,10019,104941,113614,9435,104179,113614,14109,2670,111,2559,11439,99505,49610,4276,45334,49610,5263,556,4707,44347,49610,45182,4138,41044,4428,49610,46415,6257,40158,3195,49610,46415,5006,41409,3195,49399,264,49135
ACSSF,2019e1,nc,000,0180,0000132,111463,357,111106,111463,1013,110450,111463,1128,110335,111463,1747,109716,111463,106661,6093,100568,4802,421,4381,5687,885,0,885,4802,1524,3278,,,,,,,,1918,613,1305,111463,10506,100957,110843,8606,102237,110843,18378,4044,708,3336,14334,92465,45047,5405,39642,45047,6703,335,6368,38344,45047,39801,5455,34346,5246,45047,42865,8171,34694,2182,45047,42865,6215,36650,2182,44107,316,43791
ACSSF,2019e1,nc,000,0180,0000133,151785,76,151709,151785,2211,149574,151785,2073,149712,151785,2015,149770,151785,144434,8044,136390,7351,201,7150,8872,1521,167,1354,7351,487,6864,,,,,,,,3319,341,2978,151785,12997,138788,150417,9468,140949,150417,20845,3188,304,2884,17657,129572,70925,6069,64856,70925,8215,322,7893,62710,70925,63846,6642,57204,7079,70925,66295,12013,54282,4630,70925,66295,8148,58147,4630,70286,1009,69277
ACSSF,2019e1,nc,000,0180,0000134,134260,0,134260,134260,4436,129824,134260,1331,132929,134260,3100,131160,134260,130133,6277,123856,4127,96,4031,4925,798,0,798,4127,485,3642,,,,,,,,2692,137,2555,134260,9836,124424,132610,9701,122909,132610,16933,4498,281,4217,12435,115677,52680,6352,46328,52680,10020,1345,8675,42660,52680,49275,6541,42734,3405,52680,51232,16352,34880,1448,52680,51232,12924,38308,1448,52626,722,51904
ACSSF,2019e1,nc,000,0180,0000135,137736,0,137736,137736,875,136861,137736,855,136881,137736,3060,134676,137736,132406,5429,126977,5330,284,5046,5575,245,0,245,5330,642,4688,,,,,,,,3350,366,2984,137736,10771,126965,136045,8260,127785,136045,12643,2094,112,1982,10549,123402,62573,4654,57919,62573,7248,652,6596,55325,62573,57374,4353,53021,5199,62573,59811,12199,47612,2762,62573,59811,7732,52079,2762,62564,954,61610
ACSSF,2019e1,nc,000,0180,0000136,159081,80,159001,159081,4069,155012,159081,1145,157936,159081,2330,156751,159081,148075,9378,138697,11006,1169,9837,12420,1414,71,1343,11006,1830,9176,,,,,,,,4917,1324,3593,159081,14406,144675,157232,12507,144725,157232,18376,2752,496,2256,15624,138856,76945,6285,70660,76945,8652,376,8276,68293,76945,70504,6402,64102,6441,76945,74136,10028,64108,2809,76945,74136,8587,65549,2809,76739,228,76511
ACSSF,2019e1,nc,000,0180,0000137,154899,46,154853,154899,1655,153244,154899,1717,153182,154899,3320,151579,154899,143712,7346,136366,11187,1652,9535,12479,1292,478,814,11187,1902,9285,,,,,,,,4367,1155,3212,154899,13488,141411,153297,10381,142916,153297,21068,3075,428,2647,17993,132229,76060,6322,69738,76060,9724,1431,8293,66336,76060,69238,7818,61420,6822,76060,70925,13255,57670,5135,76060,70925,10526,60399,5135,76048,672,75376
ACSSF,2019e1,nc,000,0180,0000138,107221,142,107079,107221,738,106483,107221,1195,106026,107221,1666,105555,107221,104051,4065,99986,3170,495,2675,3636,466,76,390,3170,721,2449,,,,,,,,990,313,677,107221,7004,100217,106026,6293,99733,106026,12694,1450,219,1231,11244,93332,47804,3081,44723,47804,5181,386,4795,42623,47804,45713,3474,42239,2091,47804,46458,6977,39481,1346,47804,46458,4759,41699,1346,47804,183,47621
ACSSF,2019e1,nc,000,0180,0000139,117333,0,117333,117333,1746,115587,117333,752,116581,117333,1335,115998,117333,108603,5003,103600,8730,1054,7676,10141,1411,75,1336,8730,2427,6303,,,,,,,,4145,1667,2478,117333,7709,109624,116285,6152,110133,116285,17862,1380,187,1193,16482,98423,55921,4839,51082,55921,7435,626,6809,48486,55921,51411,4933,46478,4510,55921,53529,9766,43763,2392,55921,53529,7484,46045,2392,55668,884,54784
ACSSF,2019e1,nc,000,0180,0000140,124967,0,124967,124967,4170,120797,124967,1665,123302,124967,1947,123020,124967,104571,9836,94735,20396,989,19407,22709,2313,502,1811,20396,2850,17546,,,,,,,,6249,1393,4856,124967,11713,113254,121778,10330,111448,121778,29239,5093,383,4710,24146,92539,74663,7537,67126,74663,8669,282,8387,65994,74663,58417,6357,52060,16246,74663,68400,12366,56034,6263,74663,68400,9636,58764,6263,73312,655,72657
ACSSF,2019e1,nc,000,0180,0000141,127525,0,127525,127525,5158,122367,127525,854,126671,127525,2284,125241,127525,109550,13932,95618,17975,3314,14661,18502,527,226,301,17975,3963,14012,,,,,,,,6325,2728,3597,127525,18873,108652,126129,18691,107438,126129,16594,4433,508,3925,12161,109535,64141,11715,52426,64141,12609,112,12497,51532,64141,52029,10845,41184,12112,64141,56574,19756,36818,7567,64141,56574,16596,39978,7567,63530,262,63268
ACSSF,2019e1,nc,000,0180,0000142,130452,0,130452,130452,2583,127869,130452,1413,129039,130452,1070,129382,130452,100257,4838,95419,30195,1934,28261,31987,1792,499,1293,30195,4980,25215,,,,,,,,8926,3314,5612,130452,7054,123398,128542,7544,120998,128542,19079,2022,307,1715,17057,109463,68176,4629,63547,68176,6819,163,6656,61357,68176,57763,4937,52826,10413,68176,62141,10050,52091,6035,68176,62141,7341,54800,6035,66351,567,65784
ACSSF,2019e1,nc,000,0180,0000143,159889,225,159664,159889,1491,158398,159889,1398,158491,159889,1371,158518,159889,137360,5426,131934,22529,1574,20955,24140,1611,16,1595,22529,2104,20425,,,,,,,,10186,1470,8716,159889,9369,150520,158454,8590,149864,158454,28805,2401,61,2340,26404,129649,81137,4593,76544,81137,6746,41,6705,74391,81137,69389,5453,63936,11748,81137,71776,10769,61007,9361,81137,71776,7915,63861,9361,81081,824,80257
ACSSF,2019e1,nc,000,0180,0000144,125412,0,125412,125412,2659,122753,125412,896,124516,125412,1600,123812,125412,102327,8811,93516,23085,2864,20221,24654,1569,0,1569,23085,5416,17669,,,,,,,,4760,1889,2871,125412,12768,112644,122711,12193,110518,122711,28413,5591,742,4849,22822,94298,72766,7036,65730,72766,8912,60,8852,63854,72766,62498,6155,56343,10268,72766,68599,14339,54260,4167,72766,68599,12395,56204,4167,72188,541,71647
ACSSF,2019e1,nc,000,0180,0000145,159279,0,159279,159279,3758,155521,159279,1933,157346,159279,1666,157613,159279,140802,9447,131355,18477,1043,17434,20984,2507,522,1985,18477,2626,15851,,,,,,,,8373,1012,7361,159279,13872,145407,157584,12940,144644,157584,18948,2821,441,2380,16127,138636,85101,7953,77148,85101,11031,1158,9873,74070,85101,70399,8175,62224,14702,85101,73540,17673,55867,11561,85101,73540,12155,61385,11561,84323,876,83447
ACSSF,2019e1,nc,000,0180,0000146,139965,0,139965,139965,1000,138965,139965,877,139088,139965,1081,138884,139965,121488,5318,116170,18477,502,17975,20286,1809,146,1663,18477,2465,16012,,,,,,,,9065,1410,7655,139965,7921,132044,138690,7067,131623,138690,14524,1508,23,1485,13016,124166,75236,5243,69993,75236,7860,150,7710,67376,75236,63698,5143,58555,11538,75236,66778,10735,56043,8458,75236,66778,7850,58928,8458,75229,518,74711
ACSSF,2019e1,nc,000,0180,0000147,142867,0,142867,142867,1252,141615,142867,1583,141284,142867,1465,141402,142867,118385,9923,108462,24482,1638,22844,26428,1946,268,1678,24482,3030,21452,,,,,,,,12600,1847,10753,142867,13678,129189,140977,11629,129348,140977,19905,2609,47,2562,17296,121072,74402,7903,66499,74402,10051,517,9534,64351,74402,61341,7173,54168,13061,74402,65671,15539,50132,8731,74402,65671,11292,54379,8731,74402,2010,72392
ACSSF,2019e1,nc,000,0180,0000148,164662,260,164402,164662,4035,160627,164662,2241,162421,164662,4616,160046,164662,147779,17338,130441,16883,2023,14860,18658,1775,164,1611,16883,4485,12398,,,,,,,,8777,2625,6152,164662,22877,141785,162435,20940,141495,162435,19575,3458,127,3331,16117,142860,83530,12505,71025,83530,16984,1063,15921,66546,83530,73523,12673,60850,10007,83530,77914,23153,54761,5616,83530,77914,17978,59936,5616,83465,824,82641
ACSSF,2019e1,nc,000,0180,0000149,114597,285,114312,114597,446,114151,114597,2790,111807,114597,2715,111882,114597,107657,7143,100514,6940,1082,5858,7461,521,55,466,6940,1595,5345,,,,,,,,4973,922,4051,114597,11494,103103,113123,9714,103409,113123,14689,2999,43,2956,11690,98434,53865,6413,47452,53865,10911,1044,9867,42954,53865,50074,7305,42769,3791,53865,51913,12493,39420,1952,53865,51913,9746,42167,1952,53649,783,52866
ACSSF,2019e1,nc,000,0180,0000150,142017,0,142017,142017,1030,140987,142017,860,141157,142017,1821,140196,142017,134147,4943,129204,7870,839,7031,9815,1945,368,1577,7870,1417,6453,,,,,,,,1935,265,1670,142017,11082,130935,139856,7869,131987,139856,17888,2323,716,1607,15565,121968,63202,3870,59332,63202,5541,370,5171,57661,63202,59239,4244,54995,3963,63202,60686,8384,52302,2516,63202,60686,5797,54889,2516,62289,483,61806
ACSSF,2019e1,nc,000,0180,0000151,167609,20,167589,167609,1701,165908,167609,1150,166459,167609,3696,163913,167609,158100,6126,151974,9509,227,9282,10474,965,358,607,9509,624,8885,,,,,,,,3464,293,3171,167609,11222,156387,165308,8484,156824,165308,13491,1882,0,1882,11609,151817,73916,5780,68136,73916,8611,821,7790,65305,73916,70722,6436,64286,3194,73916,72124,14032,58092,1792,73916,72124,9412,62712,1792,73791,189,73602
ACSSF,2019e1,nc,000,0180,0000152,143667,0,143667,143667,1967,141700,143667,2628,141039,143667,2395,141272,143667,136150,6749,129401,7517,927,6590,8830,1313,247,1066,7517,1596,5921,,,,,,,,1969,277,1692,143667,14025,129642,142636,10295,132341,142636,22105,2712,366,2346,19393,120531,61750,5364,56386,61750,6695,643,6052,55055,61750,57790,5246,52544,3960,61750,58885,10176,48709,2865,61750,58885,8006,50879,2865,61678,854,60824
ACSSF,2019e1,nc,000,0180,0000153,128053,278,127775,128053,1656,126397,128053,501,127552,128053,2015,126038,128053,120116,7550,112566,7937,295,7642,9499,1562,333,1229,7937,622,7315,,,,,,,,2881,198,2683,128053,15412,112641,126177,10117,116060,126177,17004,2097,68,2029,14907,109173,56542,6687,49855,56542,8380,705,7675,48162,56542,48013,6551,41462,8529,56542,51710,12185,39525,4832,56542,51710,9304,42406,4832,56327,450,55877
ACSSF,2019e1,nc,000,0180,0000154,135976,129,135847,135976,818,135158,135976,1019,134957,135976,1817,134159,135976,128478,5637,122841,7498,588,6910,10476,2978,0,2978,7498,995,6503,,,,,,,,2715,450,2265,135976,10555,125421,133947,7613,126334,133947,18398,2613,76,2537,15785,115549,56252,5251,51001,56252,6630,551,6079,49622,56252,52623,5050,47573,3629,56252,54592,9117,45475,1660,56252,54592,6502,48090,1660,55524,515,55009
ACSSF,2019e1,nc,000,0180,0000155,122272,29,122243,122272,540,121732,122272,2118,120154,122272,3252,119020,122272,106459,5568,100891,15813,3588,12225,16125,312,0,312,15813,5414,10399,,,,,,,,5105,2889,2216,122272,12362,109910,120698,10862,109836,120698,10190,1538,126,1412,8652,110508,52795,6259,46536,52795,9685,592,9093,43110,52795,49670,6321,43349,3125,52795,50753,10755,39998,2042,52795,50753,8562,42191,2042,52479,739,51740
ACSSF,2019e1,nc,000,0180,0000156,123051,94,122957,123051,1359,121692,123051,991,122060,123051,2133,120918,123051,114733,5572,109161,8318,318,8000,10561,2243,135,2108,8318,1160,7158,,,,,,,,2233,696,1537,123051,9867,113184,121427,7106,114321,121427,18448,2126,233,1893,16322,102979,53030,3879,49151,53030,5448,0,5448,47582,53030,50918,4462,46456,2112,53030,51920,8333,43587,1110,53030,51920,5357,46563,1110,52082,232,51850
ACSSF,2019e1,nc,000,0180,0000157,108408,0,108408,108408,401,108007,108408,1382,107026,108408,3495,104913,108408,105239,7044,98195,3169,111,3058,4225,1056,166,890,3169,536,2633,,,,,,,,1706,402,1304,108408,9882,98526,107089,9305,97784,107089,15675,1865,0,1865,13810,91414,47001,5786,41215,47001,6737,0,6737,40264,47001,43632,6069,37563,3369,47001,45667,8504,37163,1334,47001,45667,5922,39745,1334,46956,370,46586
ACSSF,2019e1,nc,000,0180,0000158,180742,0,180742,180742,1990,178752,180742,3478,177264,180742,4980,175762,180742,170864,31895,138969,9878,3760,6118,12085,2207,897,1310,9878,3768,6110,,,,,,,,4450,1641,2809,180742,40174,140568,179298,34185,145113,179298,40901,16676,1473,15203,24225,138397,85660,23295,62365,85660,24311,426,23885,61349,85660,76389,22123,54266,9271,85660,80588,33127,47461,5072,85660,80588,27705,52883,5072,85643,5247,80396
ACSSF,2019e1,nc,000,0180,0000159,102139,0,102139,102139,1294,100845,102139,997,101142,102139,1860,100279,102139,96267,2906,93361,5872,673,5199,7652,1780,184,1596,5872,1376,4496,,,,,,,,2765,709,2056,102139,6649,95490,100927,4655,96272,100927,14878,1838,332,1506,13040,86049,47524,3775,43749,47524,4922,269,4653,42602,47524,43591,4010,39581,3933,47524,45122,6259,38863,2402,47524,45122,4615,40507,2402,43691,483,43208
ACSSF,2019e1,nc,000,0180,0000160,131797,297,131500,131797,955,130842,131797,1642,130155,131797,2377,129420,131797,127586,7055,120531,4211,582,3629,5213,1002,119,883,4211,849,3362,,,,,,,,1794,359,1435,131797,10851,120946,130628,9243,121385,130628,14469,2067,78,1989,12402,116159,57404,5588,51816,57404,7471,226,7245,49933,57404,52836,5731,47105,4568,57404,54146,10373,43773,3258,57404,54146,7756,46390,3258,57204,479,56725
ACSSF,2019e1,nc,000,0180,0000161,155914,209,155705,155914,934,154980,155914,1784,154130,155914,2491,153423,155914,148363,9989,138374,7551,254,7297,10163,2612,102,2510,7551,999,6552,,,,,,,,4475,916,3559,155914,13296,142618,152998,11574,141424,152998,44296,3630,0,3630,40666,108702,79678,6775,72903,79678,12002,26,11976,67676,79678,66880,6992,59888,12798,79678,75525,11557,63968,4153,79678,75525,8511,67014,4153,61381,1755,59626
ACSSF,2019e1,nc,000,0180,0000162,123431,152,123279,123431,848,122583,123431,1775,121656,123431,1467,121964,123431,117140,11548,105592,6291,1079,5212,7881,1590,641,949,6291,1006,5285,,,,,,,,2516,425,2091,123431,14637,108794,121797,13687,108110,121797,15796,3075,370,2705,12721,106001,60353,7968,52385,60353,8750,13,8737,51603,60353,53868,7679,46189,6485,60353,54908,11112,43796,5445,60353,54908,8656,46252,5445,60305,404,59901
ACSSF,2019e1,nc,000,0180,0000163,174102,229,173873,174102,1623,172479,174102,2036,172066,174102,2821,171281,174102,165644,12111,153533,8458,908,7550,9686,1228,0,1228,8458,1588,6870,,,,,,,,3855,1122,2733,174102,17347,156755,172118,15937,156181,172118,33924,6935,0,6935,26989,138194,84975,11627,73348,84975,13487,450,13037,71488,84975,71644,11599,60045,13331,84975,75822,15545,60277,9153,84975,75822,12994,62828,9153,82959,1278,81681
ACSSF,2019e1,nc,000,0180,0000164,142820,290,142530,142820,1423,141397,142820,1431,141389,142820,3455,139365,142820,137681,9702,127979,5139,160,4979,5821,682,46,636,5139,417,4722,,,,,,,,3163,388,2775,142820,14765,128055,141363,12752,128611,141363,19865,2859,0,2859,17006,121498,58383,9107,49276,58383,9968,194,9774,48415,58383,53411,9186,44225,4972,58383,54415,14008,40407,3968,58383,54415,10596,43819,3968,58359,207,58152
ACSSF,2019e1,nc,000,0180,0000165,104284,0,104284,104284,3046,101238,104284,1453,102831,104284,2701,101583,104284,102800,3892,98908,1484,279,1205,1921,437,58,379,1484,345,1139,,,,,,,,403,155,248,104284,8953,95331,103165,8234,94931,103165,10735,2048,38,2010,8687,92430,37832,3779,34053,37832,7143,761,6382,30689,37832,35830,4461,31369,2002,37832,36566,10459,26107,1266,37832,36566,8241,28325,1266,37714,829,36885
ACSSF,2019e1,nc,000,0180,0000166,109522,138,109384,109522,1053,108469,109522,1764,107758,109522,1616,107906,109522,100506,4613,95893,9016,511,8505,12556,3540,285,3255,9016,1104,7912,,,,,,,,4429,558,3871,109522,10277,99245,108106,7102,101004,108106,24214,2923,629,2294,21291,83892,49487,4046,45441,49487,5059,137,4922,44428,49487,44676,4637,40039,4811,49487,48044,6889,41155,1443,49487,48044,5915,42129,1443,48692,206,48486
ACSSF,2019e1,nc,000,0180,0000167,115425,254,115171,115425,791,114634,115425,2726,112699,115425,2065,113360,115425,109580,5254,104326,5845,310,5535,11058,5213,591,4622,5845,486,5359,,,,,,,,4060,281,3779,115425,12195,103230,113578,7125,106453,113578,24298,1883,69,1814,22415,89280,60887,5700,55187,60887,7689,244,7445,53198,60887,51004,5471,45533,9883,60887,58670,9087,49583,2217,60887,58670,7030,51640,2217,48419,302,48117
ACSSF,2019e1,nc,000,0180,0000168,110562,0,110562,110562,3434,107128,110562,2525,108037,110562,1373,109189,110562,102157,6278,95879,8405,334,8071,12665,4260,617,3643,8405,1295,7110,,,,,,,,4435,772,3663,110562,15584,94978,108670,7730,100940,108670,23666,2271,246,2025,21395,85004,48338,5491,42847,48338,6971,160,6811,41367,48338,44879,5777,39102,3459,48338,47107,9937,37170,1231,48338,47107,8362,38745,1231,48277,276,48001
ACSSF,2019e1,nc,000,0180,0000169,114571,0,114571,114571,1262,113309,114571,612,113959,114571,3191,111380,114571,108979,4465,104514,5592,479,5113,6362,770,198,572,5592,813,4779,,,,,,,,1472,195,1277,114571,19188,95383,113519,5764,107755,113519,7655,735,39,696,6920,105864,40696,2780,37916,40696,3457,187,3270,37239,40696,39200,3234,35966,1496,40696,39926,4443,35483,770,40696,39926,3796,36130,770,40653,573,40080
ACSSF,2019e1,nc,000,0180,0000170,134886,0,134886,134886,806,134080,134886,1272,133614,134886,3324,131562,134886,130164,7752,122412,4722,639,4083,6443,1721,345,1376,4722,1243,3479,,,,,,,,1954,679,1275,134886,14856,120030,133356,9687,123669,133356,23309,3872,619,3253,19437,110047,52796,5939,46857,52796,7685,259,7426,45111,52796,49939,6379,43560,2857,52796,51464,10080,41384,1332,52796,51464,7878,43586,1332,52453,287,52166
ACSSF,2019e1,nc,000,0180,0000171,113935,334,113601,113935,1246,112689,113935,1065,112870,113935,2655,111280,113935,105741,9059,96682,8194,938,7256,8624,430,0,430,8194,1195,6999,,,,,,,,2148,301,1847,113935,13606,100329,113024,11072,101952,113024,16756,3524,608,2916,13232,96268,52781,6539,46242,52781,9412,817,8595,43369,52781,49835,7732,42103,2946,52781,50787,14838,35949,1994,52781,50787,9661,41126,1994,52596,583,52013
ACSSF,2019e1,nc,000,0180,0000172,150370,0,150370,150370,1264,149106,150370,1595,148775,150370,2293,148077,150370,133424,17473,115951,16946,2544,14402,20693,3747,1633,2114,16946,3646,13300,,,,,,,,11197,2254,8943,150370,22202,128168,149384,21033,128351,149384,22743,8719,10,8709,14024,126641,75702,11612,64090,75702,14614,409,14205,61088,75702,65545,11563,53982,10157,75702,67310,21925,45385,8392,75702,67310,14938,52372,8392,75702,664,75038
ACSSF,2019e1,nc,000,0180,0000173,311217,392,310825,311217,5278,305939,311217,7015,304202,311217,5054,306163,311217,289316,15360,273956,21901,1130,20771,33510,11609,1463,10146,21901,2860,19041,,,,,,,,12094,1611,10483,311217,37056,274161,306566,21307,285259,306566,61340,6580,944,5636,54760,245226,140978,14402,126576,140978,17897,541,17356,123081,140978,129615,15198,114417,11363,140978,136239,24902,111337,4739,140978,136239,20364,115875,4739,140094,731,139363
ACSSF,2019e1,nc,000,0180,0000174,180742,0,180742,180742,1990,178752,180742,3478,177264,180742,4980,175762,180742,170864,31895,138969,9878,3760,6118,12085,2207,897,1310,9878,3768,6110,,,,,,,,4450,1641,2809,180742,40174,140568,179298,34185,145113,179298,40901,16676,1473,15203,24225,138397,85660,23295,62365,85660,24311,426,23885,61349,85660,76389,22123,54266,9271,85660,80588,33127,47461,5072,85660,80588,27705,52883,5072,85643,5247,80396
ACSSF,2019e1,nc,000,0180,0000175,169509,0,169509,169509,2067,167442,169509,1105,168404,169509,2942,166567,169509,154868,13000,141868,14641,2472,12169,15417,776,62,714,14641,3065,11576,,,,,,,,5682,2108,3574,169509,18690,150819,166988,18137,148851,166988,23475,5784,59,5725,17691,143513,82487,10187,72300,82487,12258,1040,11218,70229,82487,78137,12193,65944,4350,82487,79739,16469,63270,2748,82487,79739,12209,67530,2748,82277,767,81510
ACSSF,2019e1,nc,000,0180,0000176,142820,290,142530,142820,1423,141397,142820,1431,141389,142820,3455,139365,142820,137681,9702,127979,5139,160,4979,5821,682,46,636,5139,417,4722,,,,,,,,3163,388,2775,142820,14765,128055,141363,12752,128611,141363,19865,2859,0,2859,17006,121498,58383,9107,49276,58383,9968,194,9774,48415,58383,53411,9186,44225,4972,58383,54415,14008,40407,3968,58383,54415,10596,43819,3968,58359,207,58152
ACSSF,2019e1,nc,000,0180,0000177,215817,277,215540,215817,2804,213013,215817,1803,214014,215817,3860,211957,215817,197074,9256,187818,18743,353,18390,20006,1263,210,1053,18743,3277,15466,,,,,,,,7066,1272,5794,215817,16787,199030,214559,13522,201037,214559,22526,2691,0,2691,19835,192033,102920,9213,93707,102920,12630,830,11800,90290,102920,87843,8141,79702,15077,102920,91847,18103,73744,11073,102920,91847,12553,79294,11073,102004,637,101367
ACSSF,2019e1,nc,000,0180,0000178,90485,0,90485,90485,1587,88898,90485,1552,88933,90485,1943,88542,90485,83873,2597,81276,6612,441,6171,7434,822,97,725,6612,874,5738,,,,,,,,2703,595,2108,90485,6198,84287,89708,3808,85900,89708,11477,1295,20,1275,10182,78231,39356,3197,36159,39356,3640,12,3628,35716,39356,36993,3657,33336,2363,39356,37528,6235,31293,1828,39356,37528,3652,33876,1828,39339,449,38890
ACSSF,2019e1,nc,000,0180,0000179,190824,520,190304,190824,3808,187016,190824,3247,187577,190824,4579,186245,190824,171567,18120,153447,19257,2555,16702,20997,1740,162,1578,19257,5012,14245,,,,,,,,10450,3085,7365,190824,25179,165645,188227,21867,166360,188227,23649,4799,127,4672,18850,164578,97057,14403,82654,97057,21355,1742,19613,75702,97057,85360,15344,70016,11697,97057,90875,27597,63278,6182,97057,90875,21641,69234,6182,96992,1354,95638
ACSSF,2019e1,nc,000,0180,0000180,82178,0,82178,82178,2420,79758,82178,497,81681,82178,1266,80912,82178,79689,2290,77399,2489,11,2478,2848,359,48,311,2489,481,2008,,,,,,,,822,107,715,82178,4859,77319,81953,3209,78744,81953,9560,598,0,598,8962,72393,37838,2499,35339,37838,3037,77,2960,34801,37838,35638,2678,32960,2200,37838,36922,5121,31801,916,37838,36922,2879,34043,916,37836,125,37711
ACSSF,2019e1,nc,000,0180,0000181,69473,280,69193,69473,443,69030,69473,1034,68439,69473,1464,68009,69473,67254,5130,62124,2219,445,1774,3057,838,110,728,2219,761,1458,,,,,,,,1247,339,908,69473,7053,62420,68943,6382,62561,68943,11356,1514,74,1440,9842,57587,32247,3922,28325,32247,4981,187,4794,27266,32247,30056,3904,26152,2191,32247,30840,6486,24354,1407,32247,30840,4822,26018,1407,32062,125,31937
ACSSF,2019e1,nc,000,0180,0000182,110077,80,109997,110077,2612,107465,110077,800,109277,110077,1656,108421,110077,101785,6206,95579,8292,707,7585,9351,1059,0,1059,8292,1210,7082,,,,,,,,3599,825,2774,110077,9072,101005,108325,8583,99742,108325,11118,2047,290,1757,9071,97207,53193,4767,48426,53193,6596,243,6353,46597,53193,48948,4655,44293,4245,53193,51170,7031,44139,2023,53193,51170,6127,45043,2023,53176,206,52970
ACSSF,2019e1,nc,000,0180,0000183,91164,0,91164,91164,942,90222,91164,4356,86808,91164,1195,89969,91164,77649,3920,73729,13515,626,12889,16266,2751,620,2131,13515,1685,11830,,,,,,,,6880,993,5887,91164,7771,83393,90448,5800,84648,90448,28100,2877,0,2877,25223,62348,45287,5830,39457,45287,6350,192,6158,38937,45287,30459,3817,26642,14828,45287,39974,7476,32498,5313,45287,39974,5461,34513,5313,42502,217,42285
ACSSF,2019e1,nc,000,0180,0000184,74470,550,73920,74470,725,73745,74470,1153,73317,74470,1051,73419,74470,65326,2991,62335,9144,1822,7322,9767,623,0,623,9144,2532,6612,,,,,,,,2563,430,2133,74470,6106,68364,73865,6061,67804,73865,5902,657,0,657,5245,67963,33890,2537,31353,33890,3181,182,2999,30709,33890,30613,2863,27750,3277,33890,31461,5196,26265,2429,33890,31461,3164,28297,2429,33887,378,33509
ACSSF,2019e1,nc,000,0180,0000185,97947,0,97947,97947,1073,96874,97947,545,97402,97947,2590,95357,97947,95007,4175,90832,2940,6,2934,3006,66,0,66,2940,570,2370,,,,,,,,1728,323,1405,97947,8078,89869,96967,6379,90588,96967,10155,3485,155,3330,6670,86812,39748,3584,36164,39748,5373,672,4701,34375,39748,36733,3152,33581,3015,39748,39257,12344,26913,491,39748,39257,9724,29533,491,39731,656,39075
ACSSF,2019e1,nc,000,0180,0000186,133067,20,133047,133067,1405,131662,133067,1127,131940,133067,2601,130466,133067,128048,4190,123858,5019,75,4944,5685,666,220,446,5019,329,4690,,,,,,,,1866,206,1660,133067,7896,125171,131677,6187,125490,131677,10300,835,0,835,9465,121377,60167,4005,56162,60167,6768,640,6128,53399,60167,57842,4972,52870,2325,60167,58770,10906,47864,1397,60167,58770,7676,51094,1397,60097,0,60097
ACSSF,2019e1,nc,000,0180,0000187,321488,320,321168,321488,2156,319332,321488,4294,317194,321488,5621,315867,321488,270097,10855,259242,51391,3181,48210,55314,3923,1710,2213,51391,7665,43726,,,,,,,,20999,4755,16244,321488,21182,300306,318387,18899,299488,318387,58556,8022,1301,6721,50534,259831,163535,14599,148936,163535,19170,875,18295,144365,163535,140543,14259,126284,22992,163535,151948,29097,122851,11587,163535,151948,20803,131145,11587,162231,1826,160405
ACSSF,2019e1,nc,000,0180,0000188,382295,190,382105,382295,3380,378915,382295,4870,377425,382295,6934,375361,382295,351299,24749,326550,30996,3898,27098,34181,3185,635,2550,30996,7610,23386,,,,,,,,12572,3866,8706,382295,36123,346172,378246,33769,344477,378246,53066,9544,1538,8006,43522,325180,175290,21318,153972,175290,29400,1411,27989,145890,175290,157681,22796,134885,17609,175290,166218,35991,130227,9072,175290,166218,26921,139297,9072,173605,2930,170675
ACSSF,2019e1,nc,000,0180,0000189,69685,90,69595,69685,3127,66558,69685,1404,68281,69685,1444,68241,69685,64984,7772,57212,4701,890,3811,5955,1254,0,1254,4701,1819,2882,,,,,,,,1774,1106,668,69685,10524,59161,69651,9766,59885,69651,9983,1829,104,1725,8154,59668,31986,5315,26671,31986,5873,76,5797,26113,31986,30182,4804,25378,1804,31986,30835,7142,23693,1151,31986,30835,5741,25094,1151,31911,699,31212
ACSSF,2019e1,nc,000,0180,0000190,224529,142,224387,224529,2484,222045,224529,1947,222582,224529,3001,221528,224529,212629,9068,203561,11900,1549,10351,13777,1877,151,1726,11900,3148,8752,,,,,,,,5135,1980,3155,224529,14713,209816,222286,12445,209841,222286,30556,2830,406,2424,27726,191730,103725,7920,95805,103725,12616,1012,11604,91109,103725,97124,8407,88717,6601,103725,99987,16743,83244,3738,103725,99987,12243,87744,3738,103472,1067,102405
ACSSF,2019e1,nc,000,0180,0000191,537174,449,536725,537174,22476,514698,537174,5831,531343,537174,9695,527479,537174,474704,34339,440365,62470,6518,55952,69428,6958,1316,5642,62470,12489,49981,,,,,,,,32091,7557,24534,537174,54197,482977,531126,45430,485696,531126,85974,16119,1521,14598,69855,445152,250830,32688,218142,250830,44514,1731,42783,206316,250830,219707,31587,188120,31123,250830,236601,54606,181995,14229,250830,236601,44454,192147,14229,244594,4584,240010
ACSSF,2019e1,nc,000,0180,0000192,135976,129,135847,135976,818,135158,135976,1019,134957,135976,1817,134159,135976,128478,5637,122841,7498,588,6910,10476,2978,0,2978,7498,995,6503,,,,,,,,2715,450,2265,135976,10555,125421,133947,7613,126334,133947,18398,2613,76,2537,15785,115549,56252,5251,51001,56252,6630,551,6079,49622,56252,52623,5050,47573,3629,56252,54592,9117,45475,1660,56252,54592,6502,48090,1660,55524,515,55009
ACSSF,2019e1,nc,000,0180,0000193,117417,0,117417,117417,1811,115606,117417,1980,115437,117417,1488,115929,117417,110227,6434,103793,7190,201,6989,8288,1098,167,931,7190,487,6703,,,,,,,,3319,341,2978,117417,10207,107210,116366,7593,108773,116366,13832,2431,304,2127,11401,102534,55144,4590,50554,55144,6260,322,5938,48884,55144,50433,5129,45304,4711,55144,51665,9567,42098,3479,55144,51665,6536,45129,3479,55104,668,54436
ACSSF,2019e1,nc,000,0180,0000194,152537,46,152491,152537,1754,150783,152537,1492,151045,152537,3130,149407,152537,142894,6271,136623,9643,1593,8050,10887,1244,564,680,9643,1452,8191,,,,,,,,3768,906,2862,152537,13610,138927,150957,9715,141242,150957,19565,2761,428,2333,16804,131392,75046,5574,69472,75046,8543,1471,7072,66503,75046,68667,6649,62018,6379,75046,70211,12460,57751,4835,75046,70211,9035,61176,4835,75034,634,74400
ACSSF,2019e1,nc,000,0180,0000195,209339,0,209339,209339,894,208445,209339,2733,206606,209339,2351,206988,209339,190713,8399,182314,18626,514,18112,21075,2449,476,1973,18626,2147,16479,,,,,,,,4725,898,3827,209339,13243,196096,206712,11136,195576,206712,22015,2121,87,2034,19894,184697,100528,6907,93621,100528,10164,1248,8916,90364,100528,91613,7684,83929,8915,100528,92774,14162,78612,7754,100528,92774,9115,83659,7754,100385,936,99449
ACSSF,2019e1,nc,000,0180,0000196,86111,0,86111,86111,657,85454,86111,546,85565,86111,1695,84416,86111,82406,3590,78816,3705,284,3421,3950,245,0,245,3705,284,3421,,,,,,,,2584,43,2541,86111,6803,79308,84846,5025,79821,84846,7527,978,15,963,6549,77319,41828,3217,38611,41828,4930,413,4517,36898,41828,38730,3258,35472,3098,41828,39280,7298,31982,2548,41828,39280,4577,34703,2548,41819,767,41052
ACSSF,2019e1,nc,000,0180,0000197,1110356,225,1110131,1110356,22071,1088285,1110356,10619,1099737,1110356,12484,1097872,1110356,934740,67531,867209,175616,13858,161758,189690,14074,2179,11895,175616,27434,148182,,,,,,,,66484,15063,51421,1110356,95248,1015108,1094865,88984,1005881,1094865,175507,26478,2512,23966,149029,919358,595622,56609,539013,595622,72697,2483,70214,522925,595622,495534,54238,441296,100088,595622,533479,111227,422252,62143,595622,533479,85180,448299,62143,590416,6253,584163
ACSSF,2019e1,nc,000,0180,0000198,100880,0,100880,100880,990,99890,100880,210,100670,100880,1170,99710,100880,95742,5402,90340,5138,214,4924,6342,1204,102,1102,5138,166,4972,,,,,,,,2073,117,1956,100880,12152,88728,99412,7329,92083,99412,15606,1832,68,1764,13774,83806,45073,5036,40037,45073,6055,525,5530,39018,45073,37501,5209,32292,7572,45073,40569,9088,31481,4504,45073,40569,7195,33374,4504,44912,450,44462
ACSSF,2019e1,nc,000,0180,0000199,100955,0,100955,100955,412,100543,100955,163,100792,100955,2429,98526,100955,97048,13207,83841,3907,499,3408,4439,532,66,466,3907,1095,2812,,,,,,,,2187,353,1834,100955,15485,85470,99913,15701,84212,99913,14309,3729,0,3729,10580,85604,43335,8505,34830,43335,8572,61,8511,34763,43335,40172,8040,32132,3163,43335,41133,11067,30066,2202,43335,41133,8753,32380,2202,42972,241,42731
ACSSF,2019e1,nc,000,0180,0000200,102139,0,102139,102139,1294,100845,102139,997,101142,102139,1860,100279,102139,96267,2906,93361,5872,673,5199,7652,1780,184,1596,5872,1376,4496,,,,,,,,2765,709,2056,102139,6649,95490,100927,4655,96272,100927,14878,1838,332,1506,13040,86049,47524,3775,43749,47524,4922,269,4653,42602,47524,43591,4010,39581,3933,47524,45122,6259,38863,2402,47524,45122,4615,40507,2402,43691,483,43208
ACSSF,2019e1,nc,000,0180,0000201,234473,229,234244,234473,2072,232401,234473,2306,232167,234473,3760,230713,234473,221961,15179,206782,12512,1312,11200,14508,1996,372,1624,12512,2000,10512,,,,,,,,5919,1226,4693,234473,21713,212760,231815,19792,212023,231815,42690,7807,0,7807,34883,189125,117434,14239,103195,117434,16790,450,16340,100644,117434,100338,14506,85832,17096,117434,104668,19995,84673,12766,117434,104668,16003,88665,12766,115399,1580,113819
ACSSF,2019e1,nc,000,0180,0000202,166069,209,165860,166069,1019,165050,166069,2266,163803,166069,3454,162615,166069,158717,11176,147541,7352,254,7098,9757,2405,83,2322,7352,1290,6062,,,,,,,,4559,1207,3352,166069,14968,151101,163644,13372,150272,163644,32510,3065,0,3065,29445,131134,76579,8684,67895,76579,10580,26,10554,65999,76579,70701,8505,62196,5878,76579,73308,13854,59454,3271,76579,73308,10112,63196,3271,76538,1755,74783
ACSSF,2019e1,nc,000,0180,0000203,112984,0,112984,112984,1913,111071,112984,2617,110367,112984,2041,110943,112984,108367,5778,102589,4617,927,3690,5352,735,44,691,4617,1489,3128,,,,,,,,1434,277,1157,112984,11877,101107,112385,9042,103343,112385,15790,2690,344,2346,13100,96595,50271,4851,45420,50271,5925,437,5488,44346,50271,46590,4733,41857,3681,50271,47459,9008,38451,2812,50271,47459,6687,40772,2812,50222,754,49468
ACSSF,2019e1,nc,000,0180,0000204,130625,0,130625,130625,1501,129124,130625,694,129931,130625,3926,126699,130625,124610,5463,119147,6015,561,5454,6843,828,256,572,6015,892,5123,,,,,,,,1535,202,1333,130625,21685,108940,129312,7334,121978,129312,9332,1172,39,1133,8160,119980,46910,3191,43719,46910,4189,255,3934,42721,46910,45201,3856,41345,1709,46910,45986,5259,40727,924,46910,45986,4724,41262,924,46867,869,45998
ACSSF,2019e1,nc,000,0180,0000205,91010,413,90597,91010,2371,88639,91010,1852,89158,91010,3640,87370,91010,88908,6681,82227,2102,204,1898,2620,518,263,255,2102,158,1944,,,,,,,,551,80,471,91010,10579,80431,90387,6802,83585,90387,13947,312,0,312,13635,76440,39508,4683,34825,39508,5736,29,5707,33772,39508,37304,4964,32340,2204,39508,38715,7781,30934,793,39508,38715,5518,33197,793,39352,560,38792
ACSSF,2019e1,nc,000,0180,0000206,132719,0,132719,132719,950,131769,132719,860,131859,132719,1821,130898,132719,126435,4296,122139,6284,768,5516,8229,1945,368,1577,6284,1346,4938,,,,,,,,1935,265,1670,132719,10293,122426,131218,7151,124067,131218,16738,2323,716,1607,14415,114480,58539,3676,54863,58539,5347,370,4977,53192,58539,54726,4050,50676,3813,58539,56099,8103,47996,2440,58539,56099,5603,50496,2440,57626,483,57143
ACSSF,2019e1,nc,000,0180,0000207,67029,0,67029,67029,3240,63789,67029,1095,65934,67029,1674,65355,67029,64680,2724,61956,2349,56,2293,3048,699,0,699,2349,239,2110,,,,,,,,1316,103,1213,67029,4092,62937,65981,4651,61330,65981,9179,887,223,664,8292,56802,25620,3065,22555,25620,5639,795,4844,19981,25620,23597,3217,20380,2023,25620,24814,6705,18109,806,25620,24814,5087,19727,806,25583,253,25330
ACSSF,2019e1,nc,000,0180,0000208,239859,334,239525,239859,2100,237759,239859,2658,237201,239859,4227,235632,239859,215742,25480,190262,24117,3482,20635,28294,4177,1633,2544,24117,4746,19371,,,,,,,,12718,2460,10258,239859,33317,206542,238214,30474,207740,238214,36033,11427,10,11417,24606,202181,118707,17796,100911,118707,22873,962,21911,95834,118707,106135,18801,87334,12572,118707,108636,35221,73415,10071,118707,108636,23708,84928,10071,118535,1122,117413
ACSSF,2019e1,nc,000,0180,0000209,1111761,318,1111443,1111761,9691,1102070,1111761,11437,1100324,1111761,10826,1100935,1111761,957076,79629,877447,154685,11960,142725,174023,19338,3865,15473,154685,21268,133417,,,,,,,,66653,10954,55699,1111761,113116,998645,1099934,97633,1002301,1099934,198743,32688,232,32456,166055,901191,581238,62254,518984,581238,74329,1889,72440,506909,581238,497463,60311,437152,83775,581238,517056,102831,414225,64182,581238,517056,74465,442591,64182,579771,12430,567341
ACSSF,2019e1,nc,000,0180,0000210,123131,94,123037,123131,1359,121772,123131,991,122140,123131,2133,120998,123131,114813,5572,109241,8318,318,8000,10561,2243,135,2108,8318,1160,7158,,,,,,,,2233,696,1537,123131,9867,113264,121507,7106,114401,121507,18448,2126,233,1893,16322,103059,53030,3879,49151,53030,5448,0,5448,47582,53030,50918,4462,46456,2112,53030,51920,8333,43587,1110,53030,51920,5357,46563,1110,52082,232,51850
ACSSF,2019e1,nc,000,0180,0000211,68412,346,68066,68412,2563,65849,68412,1156,67256,68412,2348,66064,68412,65881,3755,62126,2531,0,2531,3045,514,0,514,2531,319,2212,,,,,,,,1631,243,1388,68412,6463,61949,67583,6004,61579,67583,3737,1029,115,914,2708,63846,29407,2859,26548,29407,3370,151,3219,26037,29407,27271,3066,24205,2136,29407,28299,3725,24574,1108,29407,28299,3232,25067,1108,29386,0,29386
ACSSF,2019e1,nc,000,0180,0000212,81801,0,81801,81801,2707,79094,81801,32,81769,81801,1588,80213,81801,76875,9492,67383,4926,1339,3587,5304,378,130,248,4926,1357,3569,,,,,,,,1360,889,471,81801,12244,69557,80690,11335,69355,80690,8601,3409,18,3391,5192,72089,35336,6055,29281,35336,6860,414,6446,28476,35336,31416,6081,25335,3920,35336,33717,8710,25007,1619,35336,33717,6932,26785,1619,35309,1072,34237
