ACSSF,2019e1,nc,000,0026,0000001,8492272,2766190,4087570,928549,208334,501629,7330907,2200206,3701932,805831,162078,460860,603422,287591,199950,66103,26733,23045,347618,189426,97067,35995,14212,10918,210325,88967,88621,20620,5311,6806,,,,,,,,,,,,,,,,,,,,,,,,,,,,,,,7118512,811638,1829267,2197432,1442990,837185,6277317,716544,1628452,1934883,1264650,732788,454399,55529,108562,139111,98905,52292,230860,28233,60669,74774,44056,23128,155936,11332,31584,48664,35379,28977,,,,,,,,,,,,,,,,,,,,,,,,,,,,,,,8492272,1063822,7428450,1233327,719934,1207873,983127,1158932,754049,291918,1079290,7330907,898664,6432243,1031320,620985,1042917,843682,1007723,665080,255631,964905,603422,77284,526138,93612,53295,93786,78809,82797,47625,18019,58195,347618,61511,286107,72248,29308,43380,38191,42507,23215,11611,25647,210325,26363,183962,36147,16346,27790,22445,25905,18129,6657,30543,,,,,,,,,,,,,,,,,,,,,,,,,,,,,,,,,,,,,,,,,,,,,,,,,,,,,,,,30372,30768,27091,24441,29933,,,,,
ACSSF,2019e1,nc,000,0026,0000002,,,,,,,,,,,,,,,,,,,,,,,,,,,,,,,,,,,,,,,,,,,,,,,,,,,,,,,,,,,,,,,,,,,,,,,,,,,,,,,,,,,,,,,,,,,,,,,,,,,,,,,,,,,,,,,,,,,,,,,,,,,,,,,,,,,,,,,,,,,,,,,,,,,,,,,,,,,,,,,,,,,,,,,,,,,,,,,,,,,,,,,,,,,,,,,,,,,,,,,,,,,,,,,,,,,,,,,,,,,,,,,,,,,,,,,,,,,,,,,,
ACSSF,2019e1,nc,000,0026,0000003,,,,,,,,,,,,,,,,,,,,,,,,,,,,,,,,,,,,,,,,,,,,,,,,,,,,,,,,,,,,,,,,,,,,,,,,,,,,,,,,,,,,,,,,,,,,,,,,,,,,,,,,,,,,,,,,,,,,,,,,,,,,,,,,,,,,,,,,,,,,,,,,,,,,,,,,,,,,,,,,,,,,,,,,,,,,,,,,,,,,,,,,,,,,,,,,,,,,,,,,,,,,,,,,,,,,,,,,,,,,,,,,,,,,,,,,,,,,,,,,
ACSSF,2019e1,nc,000,0026,0000004,,,,,,,,,,,,,,,,,,,,,,,,,,,,,,,,,,,,,,,,,,,,,,,,,,,,,,,,,,,,,,,,,,,,,,,,,,,,,,,,,,,,,,,,,,,,,,,,,,,,,,,,,,,,,,,,,,,,,,,,,,,,,,,,,,,,,,,,,,,,,,,,,,,,,,,,,,,,,,,,,,,,,,,,,,,,,,,,,,,,,,,,,,,,,,,,,,,,,,,,,,,,,,,,,,,,,,,,,,,,,,,,,,,,,,,,,,,,,,,,
ACSSF,2019e1,nc,000,0026,0000005,,,,,,,,,,,,,,,,,,,,,,,,,,,,,,,,,,,,,,,,,,,,,,,,,,,,,,,,,,,,,,,,,,,,,,,,,,,,,,,,,,,,,,,,,,,,,,,,,,,,,,,,,,,,,,,,,,,,,,,,,,,,,,,,,,,,,,,,,,,,,,,,,,,,,,,,,,,,,,,,,,,,,,,,,,,,,,,,,,,,,,,,,,,,,,,,,,,,,,,,,,,,,,,,,,,,,,,,,,,,,,,,,,,,,,,,,,,,,,,,
ACSSF,2019e1,nc,000,0026,0000006,,,,,,,,,,,,,,,,,,,,,,,,,,,,,,,,,,,,,,,,,,,,,,,,,,,,,,,,,,,,,,,,,,,,,,,,,,,,,,,,,,,,,,,,,,,,,,,,,,,,,,,,,,,,,,,,,,,,,,,,,,,,,,,,,,,,,,,,,,,,,,,,,,,,,,,,,,,,,,,,,,,,,,,,,,,,,,,,,,,,,,,,,,,,,,,,,,,,,,,,,,,,,,,,,,,,,,,,,,,,,,,,,,,,,,,,,,,,,,,,
ACSSF,2019e1,nc,000,0026,0000007,,,,,,,,,,,,,,,,,,,,,,,,,,,,,,,,,,,,,,,,,,,,,,,,,,,,,,,,,,,,,,,,,,,,,,,,,,,,,,,,,,,,,,,,,,,,,,,,,,,,,,,,,,,,,,,,,,,,,,,,,,,,,,,,,,,,,,,,,,,,,,,,,,,,,,,,,,,,,,,,,,,,,,,,,,,,,,,,,,,,,,,,,,,,,,,,,,,,,,,,,,,,,,,,,,,,,,,,,,,,,,,,,,,,,,,,,,,,,,,,
ACSSF,2019e1,nc,000,0026,0000008,,,,,,,,,,,,,,,,,,,,,,,,,,,,,,,,,,,,,,,,,,,,,,,,,,,,,,,,,,,,,,,,,,,,,,,,,,,,,,,,,,,,,,,,,,,,,,,,,,,,,,,,,,,,,,,,,,,,,,,,,,,,,,,,,,,,,,,,,,,,,,,,,,,,,,,,,,,,,,,,,,,,,,,,,,,,,,,,,,,,,,,,,,,,,,,,,,,,,,,,,,,,,,,,,,,,,,,,,,,,,,,,,,,,,,,,,,,,,,,,
ACSSF,2019e1,nc,000,0026,0000009,,,,,,,,,,,,,,,,,,,,,,,,,,,,,,,,,,,,,,,,,,,,,,,,,,,,,,,,,,,,,,,,,,,,,,,,,,,,,,,,,,,,,,,,,,,,,,,,,,,,,,,,,,,,,,,,,,,,,,,,,,,,,,,,,,,,,,,,,,,,,,,,,,,,,,,,,,,,,,,,,,,,,,,,,,,,,,,,,,,,,,,,,,,,,,,,,,,,,,,,,,,,,,,,,,,,,,,,,,,,,,,,,,,,,,,,,,,,,,,,
ACSSF,2019e1,nc,000,0026,0000010,,,,,,,,,,,,,,,,,,,,,,,,,,,,,,,,,,,,,,,,,,,,,,,,,,,,,,,,,,,,,,,,,,,,,,,,,,,,,,,,,,,,,,,,,,,,,,,,,,,,,,,,,,,,,,,,,,,,,,,,,,,,,,,,,,,,,,,,,,,,,,,,,,,,,,,,,,,,,,,,,,,,,,,,,,,,,,,,,,,,,,,,,,,,,,,,,,,,,,,,,,,,,,,,,,,,,,,,,,,,,,,,,,,,,,,,,,,,,,,,
ACSSF,2019e1,nc,000,0026,0000011,,,,,,,,,,,,,,,,,,,,,,,,,,,,,,,,,,,,,,,,,,,,,,,,,,,,,,,,,,,,,,,,,,,,,,,,,,,,,,,,,,,,,,,,,,,,,,,,,,,,,,,,,,,,,,,,,,,,,,,,,,,,,,,,,,,,,,,,,,,,,,,,,,,,,,,,,,,,,,,,,,,,,,,,,,,,,,,,,,,,,,,,,,,,,,,,,,,,,,,,,,,,,,,,,,,,,,,,,,,,,,,,,,,,,,,,,,,,,,,,
ACSSF,2019e1,nc,000,0026,0000012,,,,,,,,,,,,,,,,,,,,,,,,,,,,,,,,,,,,,,,,,,,,,,,,,,,,,,,,,,,,,,,,,,,,,,,,,,,,,,,,,,,,,,,,,,,,,,,,,,,,,,,,,,,,,,,,,,,,,,,,,,,,,,,,,,,,,,,,,,,,,,,,,,,,,,,,,,,,,,,,,,,,,,,,,,,,,,,,,,,,,,,,,,,,,,,,,,,,,,,,,,,,,,,,,,,,,,,,,,,,,,,,,,,,,,,,,,,,,,,,
ACSSF,2019e1,nc,000,0026,0000013,136619,44994,64925,14695,2110,9895,120382,36905,60079,12602,1902,8894,7782,3913,2229,1001,128,511,6636,3628,1512,1006,0,490,1819,548,1105,86,80,0,,,,,,,,,,,,,,,,,,,,,,,,,,,,,,,111562,13730,33466,36984,19695,7687,100912,12267,30423,32676,18865,6681,5374,883,2447,1150,246,648,3950,580,445,2292,275,358,1326,0,151,866,309,0,,,,,,,,,,,,,,,,,,,,,,,,,,,,,,,136619,18774,117845,17153,12765,19955,16983,18079,14974,4944,12992,120382,15699,104683,14042,10962,18162,15667,15606,13150,4886,12208,7782,720,7062,1977,824,1086,942,1238,615,0,380,6636,1916,4720,947,876,659,304,856,886,0,192,1819,439,1380,187,103,48,70,379,323,58,212,,,,,,,,,,,,,,,,,,,,,,,,,,,,,,,,,,,,,,,,,,,,,,,,,,,,,,,,30404,30737,21695,20257,37311,,,,,
ACSSF,2019e1,nc,000,0026,0000014,121009,27729,69936,12778,3244,7322,109578,22766,65532,11659,2486,7135,5085,1968,1630,761,652,74,2823,1340,1193,222,35,33,3523,1655,1581,136,71,80,,,,,,,,,,,,,,,,,,,,,,,,,,,,,,,108794,7098,29992,37785,21887,12032,99581,6631,26760,33580,20749,11861,4779,205,1766,2404,333,71,1908,150,672,675,411,0,2526,112,794,1126,394,100,,,,,,,,,,,,,,,,,,,,,,,,,,,,,,,121009,11566,109443,15991,12660,17774,13660,15519,12687,5883,15269,109578,9966,99612,14259,11679,15392,12844,14378,11373,5551,14136,5085,332,4753,606,384,1443,253,769,665,95,538,2823,427,2396,866,297,213,126,190,97,190,417,3523,841,2682,260,300,726,437,182,552,47,178,,,,,,,,,,,,,,,,,,,,,,,,,,,,,,,,,,,,,,,,,,,,,,,,,,,,,,,,31148,31608,24706,20411,25466,,,,,
ACSSF,2019e1,nc,000,0026,0000015,224221,69707,108054,28212,3432,14816,195314,57998,97839,23573,2587,13317,12470,5304,3597,2419,523,627,9933,4146,3921,1294,52,520,6504,2259,2697,926,270,352,,,,,,,,,,,,,,,,,,,,,,,,,,,,,,,194617,15655,46963,54511,48482,29006,172102,13246,43121,48533,41108,26094,10584,1048,907,2816,3895,1918,6958,977,1721,1986,2016,258,4973,384,1214,1176,1463,736,,,,,,,,,,,,,,,,,,,,,,,,,,,,,,,224221,21620,202601,29810,23504,38060,26101,34286,17821,5992,27027,195314,18375,176939,24214,20750,34385,21549,30143,16824,5158,23916,12470,1533,10937,1501,1159,1537,1820,2489,498,219,1714,9933,1270,8663,2894,720,1335,1705,738,321,268,682,6504,442,6062,1201,875,803,1027,916,178,347,715,,,,,,,,,,,,,,,,,,,,,,,,,,,,,,,,,,,,,,,,,,,,,,,,,,,,,,,,28903,29610,29305,21028,25713,,,,,
ACSSF,2019e1,nc,000,0026,0000016,76667,22260,38859,7249,2564,5735,67426,17498,35910,6348,2416,5254,4667,2244,1685,454,31,253,3201,1656,983,242,92,228,1373,862,281,205,25,0,,,,,,,,,,,,,,,,,,,,,,,,,,,,,,,66517,11118,21882,21129,7350,5038,59017,9450,20120,18117,6637,4693,4108,1140,1099,1517,54,298,2398,329,619,1275,175,0,994,199,44,220,484,47,,,,,,,,,,,,,,,,,,,,,,,,,,,,,,,76667,10231,66436,10676,7328,13271,10799,12065,6448,1510,4339,67426,8423,59003,9011,6497,11816,9458,10627,6096,1504,3994,4667,1352,3315,331,483,1036,686,421,235,0,123,3201,304,2897,857,251,399,510,582,117,6,175,1373,152,1221,477,97,20,145,435,0,0,47,,,,,,,,,,,,,,,,,,,,,,,,,,,,,,,,,,,,,,,,,,,,,,,,,,,,,,,,26551,26813,21680,21659,25825,,,,,
ACSSF,2019e1,nc,000,0026,0000017,173493,56695,86433,19838,1950,8577,150542,45144,78945,17197,1745,7511,9036,3870,3585,1143,123,315,9929,5734,2618,1022,82,473,3986,1947,1285,476,0,278,,,,,,,,,,,,,,,,,,,,,,,,,,,,,,,144174,13495,37763,44491,31367,17058,126609,11833,33870,38303,28225,14378,7341,574,1921,2111,1542,1193,6950,515,1495,3346,1092,502,3274,573,477,731,508,985,,,,,,,,,,,,,,,,,,,,,,,,,,,,,,,173493,21005,152488,25289,13397,23820,15629,24683,17237,6249,26184,150542,17731,132811,21239,12076,20618,13761,21172,15250,5135,23560,9036,1153,7883,1484,702,1383,809,1195,1336,349,625,9929,1155,8774,1991,538,1271,993,1788,391,715,1087,3986,966,3020,575,81,548,66,528,260,50,912,,,,,,,,,,,,,,,,,,,,,,,,,,,,,,,,,,,,,,,,,,,,,,,,,,,,,,,,32350,32650,29951,30747,36760,,,,,
ACSSF,2019e1,nc,000,0026,0000018,67786,18730,31855,10404,1182,5615,62190,16485,29856,9592,1016,5241,3149,1351,1070,491,96,141,2328,894,929,202,70,233,119,0,0,119,0,0,,,,,,,,,,,,,,,,,,,,,,,,,,,,,,,58443,12611,17427,18504,7414,2487,53755,11761,15361,17168,7150,2315,2732,381,1293,916,118,24,1837,469,689,385,146,148,119,0,84,35,0,0,,,,,,,,,,,,,,,,,,,,,,,,,,,,,,,,,,,,,,,,,,,,,,,,,,,,,,,,,,,,,,,,,,,,,,,,,,,,,,,,,,,,,,,,,,,,,,,,,,,,,,,,,,,,,,,,,,,,,,,,,,,,,,,,,,,,,,,,,,,,,25622,26026,27243,14599,.,,,,,
ACSSF,2019e1,nc,000,0026,0000019,58229,13952,30309,7381,1832,4755,50090,11804,26460,6238,1312,4276,4578,1035,2311,708,254,270,2749,628,1377,346,189,209,812,485,161,89,77,0,,,,,,,,,,,,,,,,,,,,,,,,,,,,,,,50987,4550,13989,16625,9626,6197,44253,4085,12259,14299,8314,5296,3874,275,1015,1502,586,496,2190,190,598,742,388,272,670,0,117,82,338,133,,,,,,,,,,,,,,,,,,,,,,,,,,,,,,,58229,4680,53549,9522,4141,9345,8430,7813,5119,2126,7053,50090,3887,46203,7873,3644,8220,7189,6566,4818,1738,6155,4578,408,4170,744,228,634,707,754,236,286,581,2749,385,2364,710,269,465,199,382,65,82,192,812,0,812,195,0,26,335,111,0,20,125,,,,,,,,,,,,,,,,,,,,,,,,,,,,,,,,,,,,,,,,,,,,,,,,,,,,,,,,29604,29645,31725,17452,30801,,,,,
ACSSF,2019e1,nc,000,0026,0000020,132536,40275,65660,16152,1857,8592,116971,34013,58865,14995,1286,7812,6632,2178,3409,478,215,352,6543,3363,1956,679,132,413,2390,721,1430,0,224,15,,,,,,,,,,,,,,,,,,,,,,,,,,,,,,,110211,14839,32464,39105,16886,6917,98314,12942,29000,34340,15364,6668,5755,1040,1750,1813,1059,93,4150,418,867,2451,376,38,1992,439,847,501,87,118,,,,,,,,,,,,,,,,,,,,,,,,,,,,,,,132536,17908,114628,18545,12256,20665,18907,18814,10221,3048,12172,116971,16546,100425,15184,10609,18617,15835,16384,9421,2860,11515,6632,116,6516,857,760,829,2160,1239,478,85,108,6543,982,5561,1821,782,857,365,1084,257,103,292,2390,264,2126,683,105,362,547,107,65,0,257,,,,,,,,,,,,,,,,,,,,,,,,,,,,,,,,,,,,,,,,,,,,,,,,,,,,,,,,27635,28018,30005,15982,21213,,,,,
ACSSF,2019e1,nc,000,0026,0000021,63304,16794,35812,5506,1092,4100,57880,14420,33774,4632,1047,4007,1521,213,875,399,0,34,1763,1070,154,435,45,59,2140,1091,1009,40,0,0,,,,,,,,,,,,,,,,,,,,,,,,,,,,,,,55634,7095,11798,12704,12013,12024,51090,7005,11213,11235,11086,10551,1306,34,174,450,250,398,1372,56,411,176,196,533,1866,0,0,843,481,542,,,,,,,,,,,,,,,,,,,,,,,,,,,,,,,,,,,,,,,,,,,,,,,,,,,,,,,,,,,,,,,,,,,,,,,,,,,,,,,,,,,,,,,,,,,,,,,,,,,,,,,,,,,,,,,,,,,,,,,,,,,,,,,,,,,,,,,,,,,,,32852,31767,55959,37846,40925,,,,,
ACSSF,2019e1,nc,000,0026,0000022,80082,26179,33824,12188,2014,5877,72626,22543,32035,11389,1427,5232,3524,1284,1011,330,404,495,3274,2069,688,334,183,0,658,283,90,135,0,150,,,,,,,,,,,,,,,,,,,,,,,,,,,,,,,,,,,,,,,,,,,,,,,,,,,,,,,,,,,,,,,,,,,,,,,,,,,,,,,,,,,,,,,,,,,,,,,,,,,,,,,,,,,,,,,,,,,,,,,,,,,,,,,,,,,,,,,,,,,,,,,,,,,,,,,,,,,,,,,,,,,,,,,,,,,,,,,,,,,,,,,,,,,,,,,,,,,,,,,,,22580,22727,23858,9938,20812,,,,,
ACSSF,2019e1,nc,000,0026,0000023,86560,21795,49744,8740,2055,4226,72374,15963,44220,6987,1316,3888,5003,1895,2064,421,455,168,3421,1435,1468,509,0,9,5762,2502,1992,823,284,161,,,,,,,,,,,,,,,,,,,,,,,,,,,,,,,70684,6839,19788,28525,10163,5369,60590,6104,16287,25559,8068,4572,3605,209,1558,1065,378,395,2843,260,736,851,738,258,3646,266,1207,1050,979,144,,,,,,,,,,,,,,,,,,,,,,,,,,,,,,,86560,9032,77528,12329,7815,13689,12350,10332,7449,3058,10506,72374,7406,64968,9831,6264,11378,9610,9085,6428,2759,9613,5003,146,4857,822,883,1036,923,471,379,90,253,3421,724,2697,666,130,328,640,213,423,103,194,5762,756,5006,1010,538,947,1177,563,219,106,446,,,,,,,,,,,,,,,,,,,,,,,,,,,,,,,,,,,,,,,,,,,,,,,,,,,,,,,,29457,30168,21594,30761,25105,,,,,
ACSSF,2019e1,nc,000,0026,0000024,265594,97373,115589,30239,7191,15202,209595,72203,93217,24813,5261,14101,28148,14281,9158,2940,996,773,12832,6293,4816,837,602,284,15019,4596,8398,1649,332,44,,,,,,,,,,,,,,,,,,,,,,,,,,,,,,,211439,19037,58266,82177,33399,18560,173383,15244,48398,66372,27135,16234,18217,2004,4599,8374,2290,950,9101,1436,2540,3354,1451,320,10738,353,2729,4077,2523,1056,,,,,,,,,,,,,,,,,,,,,,,,,,,,,,,265594,35411,230183,40955,22491,38529,38312,38224,20067,7560,24045,209595,28598,180997,31014,17623,30267,29865,29228,16540,6215,20245,28148,2856,25292,4842,2757,5302,4983,4230,989,541,1648,12832,1848,10984,2533,1156,1556,1648,1968,942,482,699,15019,2109,12910,2566,955,1404,1816,2798,1596,322,1453,,,,,,,,,,,,,,,,,,,,,,,,,,,,,,,,,,,,,,,,,,,,,,,,,,,,,,,,27667,28289,24271,26085,32265,,,,,
ACSSF,2019e1,nc,000,0026,0000025,140169,33791,78645,13952,3192,10589,127240,29425,72994,12608,2696,9517,5725,1947,2414,510,195,659,5499,2046,2396,612,130,315,1705,373,841,222,171,98,,,,,,,,,,,,,,,,,,,,,,,,,,,,,,,120719,17427,42429,37806,15978,7079,110669,16117,39031,34394,14608,6519,4981,868,1561,1932,526,94,3687,187,1363,1008,663,466,1382,255,474,472,181,0,,,,,,,,,,,,,,,,,,,,,,,,,,,,,,,140169,20240,119929,19220,11727,19655,20689,20365,11946,4354,11973,127240,18523,108717,16225,10546,18028,18749,19048,10940,4144,11037,5725,329,5396,1509,385,764,1112,551,416,50,609,5499,1388,4111,872,514,531,620,662,560,160,192,1705,0,1705,614,282,332,208,104,30,0,135,,,,,,,,,,,,,,,,,,,,,,,,,,,,,,,,,,,,,,,,,,,,,,,,,,,,,,,,30063,30483,25172,26437,14614,,,,,
ACSSF,2019e1,nc,000,0026,0000026,260464,105509,109733,28399,5522,11301,214611,78284,98442,23797,3962,10126,25247,15353,5369,2720,1067,738,11324,7139,3121,967,53,44,9282,4733,2801,915,440,393,,,,,,,,,,,,,,,,,,,,,,,,,,,,,,,219905,24574,39282,46943,51599,57507,185246,20069,33726,39086,44086,48279,19402,2828,3443,5057,3833,4241,7709,1165,1147,1567,2190,1640,7548,512,966,1233,1490,3347,,,,,,,,,,,,,,,,,,,,,,,,,,,,,,,260464,36058,224406,29300,18523,28469,28100,37949,24246,12357,45462,214611,31208,183403,24333,14301,22488,21765,31559,19935,9989,39033,25247,1868,23379,2286,2408,4010,4548,3602,2455,955,3115,11324,1587,9737,1533,1361,1487,945,1764,890,711,1046,9282,1395,7887,1148,453,484,842,1024,966,702,2268,,,,,,,,,,,,,,,,,,,,,,,,,,,,,,,,,,,,,,,,,,,,,,,,,,,,,,,,36764,37465,31490,31343,47469,,,,,
ACSSF,2019e1,nc,000,0026,0000027,305694,112607,132861,35309,7349,17568,266522,92101,121285,31180,5359,16597,22942,10495,7723,2617,1424,683,11584,7450,2082,1258,543,251,4646,2561,1771,254,23,37,,,,,,,,,,,,,,,,,,,,,,,,,,,,,,,253834,28670,65943,74502,52046,32673,225904,25069,60613,65945,45685,28592,17010,2618,3287,5329,3834,1942,7491,700,1719,2310,1909,853,3429,283,324,918,618,1286,,,,,,,,,,,,,,,,,,,,,,,,,,,,,,,305694,41550,264144,48057,25777,41980,33718,41621,27916,10009,35066,266522,35321,231201,41299,22778,36683,27786,36200,25653,9113,31689,22942,4544,18398,3302,1833,3241,3699,2736,1252,647,1688,11584,1345,10239,2728,983,1775,1267,2145,364,197,780,4646,340,4306,728,183,281,966,540,647,52,909,,,,,,,,,,,,,,,,,,,,,,,,,,,,,,,,,,,,,,,,,,,,,,,,,,,,,,,,29677,30032,28137,23087,34888,,,,,
ACSSF,2019e1,nc,000,0026,0000028,,,,,,,,,,,,,,,,,,,,,,,,,,,,,,,,,,,,,,,,,,,,,,,,,,,,,,,,,,,,,46620,5230,15072,16514,7159,2645,42351,4785,13390,15528,6465,2183,1821,272,627,469,453,0,2314,173,1055,437,187,462,134,0,0,80,54,0,,,,,,,,,,,,,,,,,,,,,,,,,,,,,,,,,,,,,,,,,,,,,,,,,,,,,,,,,,,,,,,,,,,,,,,,,,,,,,,,,,,,,,,,,,,,,,,,,,,,,,,,,,,,,,,,,,,,,,,,,,,,,,,,,,,,,,,,,,,,,29502,29161,41675,27479,28250,,,,,
ACSSF,2019e1,nc,000,0026,0000029,180959,54649,85125,22712,6153,12320,159189,43988,78620,20466,4524,11591,12236,5045,4503,1044,976,668,6589,4406,830,695,597,61,2945,1210,1172,507,56,0,,,,,,,,,,,,,,,,,,,,,,,,,,,,,,,155493,23335,44774,49564,27057,10763,139360,20898,40898,44801,22744,10019,9920,1714,2706,2944,2097,459,4089,715,895,1038,1282,159,2124,8,275,781,934,126,,,,,,,,,,,,,,,,,,,,,,,,,,,,,,,180959,20120,160839,25736,16474,28177,22721,25996,16733,6092,18910,159189,17573,141616,21599,14358,25203,19727,22798,15163,5206,17562,12236,1141,11095,1574,1231,2209,2247,1849,978,663,344,6589,991,5598,2007,762,465,290,1050,430,223,371,2945,415,2530,556,123,300,457,299,162,0,633,,,,,,,,,,,,,,,,,,,,,,,,,,,,,,,,,,,,,,,,,,,,,,,,,,,,,,,,29492,30079,26645,18449,26954,,,,,
ACSSF,2019e1,nc,000,0026,0000030,433566,162417,185164,48584,12321,25080,366477,127160,167265,39850,9954,22248,39570,20610,10413,5253,1459,1835,20211,11131,4910,2518,908,744,7308,3516,2576,963,0,253,,,,,,,,,,,,,,,,,,,,,,,,,,,,,,,359541,41947,82199,104715,83880,46800,310814,37051,69729,89605,73667,40762,30063,2674,7728,9386,6585,3690,13885,1806,4270,4059,2346,1404,4779,416,472,1665,1282,944,,,,,,,,,,,,,,,,,,,,,,,,,,,,,,,433566,56598,376968,68370,40753,59308,49054,57122,36001,14926,51434,366477,46918,319559,57012,33825,48147,41816,48473,31325,13011,45950,39570,5394,34176,5828,3516,7591,4813,5971,2687,692,3078,20211,3280,16931,4391,2649,2873,1482,1592,1657,946,1341,7308,1006,6302,1139,763,697,943,1086,332,277,1065,,,,,,,,,,,,,,,,,,,,,,,,,,,,,,,,,,,,,,,,,,,,,,,,,,,,,,,,28593,29578,25259,18470,29599,,,,,
ACSSF,2019e1,nc,000,0026,0000031,104433,35768,48977,11164,2048,6476,93559,30754,44649,10138,1736,6282,4236,1987,1759,369,71,50,4594,2193,1810,368,168,55,2044,834,759,289,73,89,,,,,,,,,,,,,,,,,,,,,,,,,,,,,,,85071,9204,25964,28818,14408,6677,77759,8835,24187,25826,13086,5825,2722,87,877,773,578,407,3178,122,796,1494,543,223,1412,160,104,725,201,222,,,,,,,,,,,,,,,,,,,,,,,,,,,,,,,104433,19854,84579,12677,9712,14881,12967,12274,8871,3529,9668,93559,17581,75978,11310,9012,13706,11003,10767,8267,3107,8806,4236,1127,3109,674,166,394,670,550,283,155,217,4594,858,3736,547,423,235,856,867,248,267,293,2044,288,1756,146,111,546,438,90,73,0,352,,,,,,,,,,,,,,,,,,,,,,,,,,,,,,,,,,,,,,,,,,,,,,,,,,,,,,,,28020,27573,30877,31538,30159,,,,,
ACSSF,2019e1,nc,000,0026,0000032,96231,20891,55131,11973,2175,6061,88222,17844,52538,10721,1573,5546,3615,1339,919,422,602,333,2816,1198,1061,486,0,71,1578,510,613,344,0,111,,,,,,,,,,,,,,,,,,,,,,,,,,,,,,,85349,8275,21070,31134,15236,9634,79543,7967,19734,29299,14055,8488,2312,104,642,862,475,229,1972,92,364,629,485,402,1522,112,330,344,221,515,,,,,,,,,,,,,,,,,,,,,,,,,,,,,,,96231,7457,88774,13233,8249,16586,12109,14621,8991,4238,10747,88222,6610,81612,11612,7863,15192,11252,13985,8101,3638,9969,3615,252,3363,601,289,830,274,258,387,392,332,2816,410,2406,780,10,238,510,299,276,82,211,1578,185,1393,240,87,326,73,79,227,126,235,,,,,,,,,,,,,,,,,,,,,,,,,,,,,,,,,,,,,,,,,,,,,,,,,,,,,,,,30028,30182,24807,30187,28990,,,,,
ACSSF,2019e1,nc,000,0026,0000033,146792,44195,79418,12955,1955,8269,129534,35303,73800,11335,1487,7609,7834,3294,2938,1139,167,296,5463,3401,1561,354,85,62,3961,2197,1119,127,216,302,,,,,,,,,,,,,,,,,,,,,,,,,,,,,,,123476,11854,35920,40001,24143,11558,111359,10808,31990,35279,22609,10673,5551,781,1836,1935,804,195,3402,150,1357,1233,397,265,3164,115,737,1554,333,425,,,,,,,,,,,,,,,,,,,,,,,,,,,,,,,146792,17892,128900,19288,13246,19656,17673,19171,13907,5964,19995,129534,15340,114194,16238,11428,17440,15367,17042,12345,5336,18998,7834,1463,6371,1153,783,1424,1118,486,295,628,484,5463,958,4505,942,640,625,452,579,816,0,451,3961,131,3830,955,395,167,736,1064,451,0,62,,,,,,,,,,,,,,,,,,,,,,,,,,,,,,,,,,,,,,,,,,,,,,,,,,,,,,,,31556,32186,22384,25725,30068,,,,,
ACSSF,2019e1,nc,000,0026,0000034,165557,50571,81926,20519,4260,8281,150079,43093,76612,19689,3239,7446,4859,773,2754,414,617,301,8170,5707,1331,411,376,345,2449,998,1229,5,28,189,,,,,,,,,,,,,,,,,,,,,,,,,,,,,,,136599,16775,35818,53120,23776,7110,126113,16058,32499,48657,22318,6581,4502,370,1085,2456,408,183,3985,316,1320,1455,615,279,1999,31,914,552,435,67,,,,,,,,,,,,,,,,,,,,,,,,,,,,,,,165557,22563,142994,23926,11955,20450,19587,27499,13495,6507,19575,150079,19952,130127,21400,11122,17728,18198,25102,12725,6103,17749,4859,681,4178,501,443,862,120,818,227,199,1008,8170,1523,6647,1744,159,1272,948,1377,372,205,570,2449,407,2042,281,231,588,321,202,171,0,248,,,,,,,,,,,,,,,,,,,,,,,,,,,,,,,,,,,,,,,,,,,,,,,,,,,,,,,,31477,31862,36940,26058,24106,,,,,
ACSSF,2019e1,nc,000,0026,0000035,71603,18159,38154,8641,2404,4245,64631,15519,36354,7497,1509,3752,2726,995,752,633,293,53,2886,995,983,511,387,10,1360,650,65,0,215,430,,,,,,,,,,,,,,,,,,,,,,,,,,,,,,,61726,4304,20146,21256,10684,5336,56919,4040,18805,19037,10108,4929,1880,130,566,820,91,273,2109,134,750,754,337,134,818,0,25,645,148,0,,,,,,,,,,,,,,,,,,,,,,,,,,,,,,,,,,,,,,,,,,,,,,,,,,,,,,,,,,,,,,,,,,,,,,,,,,,,,,,,,,,,,,,,,,,,,,,,,,,,,,,,,,,,,,,,,,,,,,,,,,,,,,,,,,,,,,,,,,,,,35836,36708,20854,32252,15872,,,,,
ACSSF,2019e1,nc,000,0026,0000036,899289,357589,400343,90390,18884,32083,747553,279282,347916,76584,14712,29059,80118,44726,24570,6997,2415,1410,32846,16135,10955,3690,1287,779,38772,17446,16902,3119,470,835,,,,,,,,,,,,,,,,,,,,,,,,,,,,,,,755455,69977,124712,217312,223881,119573,636185,60579,102601,186393,185306,101306,65772,6531,11948,15054,23885,8354,22322,1458,6283,6361,6127,2093,31176,1409,3880,9504,8563,7820,,,,,,,,,,,,,,,,,,,,,,,,,,,,,,,899289,112277,787012,112609,56793,103066,98617,125886,86408,36500,167133,747553,92638,654915,92714,48429,83503,80671,105861,70949,29308,143480,80118,9577,70541,8770,4224,10370,9918,12422,8784,3669,12384,32846,5553,27293,5017,1566,4266,5072,3099,2898,2281,3094,38772,4509,34263,6108,2574,4927,2956,4504,3777,1242,8175,,,,,,,,,,,,,,,,,,,,,,,,,,,,,,,,,,,,,,,,,,,,,,,,,,,,,,,,36803,37020,37167,30714,36309,,,,,
ACSSF,2019e1,nc,000,0026,0000037,80603,18960,43035,11737,1508,5363,70553,15734,39203,9118,1340,5158,5855,1912,2020,1710,61,152,2807,914,1187,706,0,0,1388,400,625,203,107,53,,,,,,,,,,,,,,,,,,,,,,,,,,,,,,,70453,6309,15160,22098,17785,9101,63056,6088,13512,18997,15972,8487,4326,150,1009,1528,1418,221,1929,71,384,1231,57,186,1142,0,255,342,338,207,,,,,,,,,,,,,,,,,,,,,,,,,,,,,,,80603,8253,72350,13493,6041,10928,8540,10218,8825,2070,12235,70553,6616,63937,11318,5309,9195,7891,9400,7982,2070,10772,5855,589,5266,1701,563,1098,258,253,558,0,835,2807,950,1857,474,169,273,185,363,164,0,229,1388,98,1290,0,0,362,206,202,121,0,399,,,,,,,,,,,,,,,,,,,,,,,,,,,,,,,,,,,,,,,,,,,,,,,,,,,,,,,,31659,32444,20734,30169,39250,,,,,
ACSSF,2019e1,nc,000,0026,0000038,75015,22930,37649,7381,2621,4434,66912,19134,34890,6716,1966,4206,4524,1883,1521,608,368,144,3152,1799,925,57,287,84,427,114,313,0,0,0,,,,,,,,,,,,,,,,,,,,,,,,,,,,,,,63565,8913,23389,19544,9239,2480,57707,8347,21279,17849,8239,1993,3649,253,1183,1164,596,453,1865,257,813,399,362,34,344,56,114,132,42,0,,,,,,,,,,,,,,,,,,,,,,,,,,,,,,,,,,,,,,,,,,,,,,,,,,,,,,,,,,,,,,,,,,,,,,,,,,,,,,,,,,,,,,,,,,,,,,,,,,,,,,,,,,,,,,,,,,,,,,,,,,,,,,,,,,,,,,,,,,,,,26422,27307,25738,14592,72545,,,,,
ACSSF,2019e1,nc,000,0026,0000039,192612,65041,92887,20498,3077,11109,161709,48832,83130,17933,2272,9542,18736,10134,5421,1241,570,1370,7946,4158,3004,616,116,52,4221,1917,1332,708,119,145,,,,,,,,,,,,,,,,,,,,,,,,,,,,,,,160165,11392,30324,48933,45376,24140,137802,9206,26587,42643,38709,20657,13527,1489,2409,3871,3785,1973,5557,253,902,1160,2246,996,3279,444,426,1259,636,514,,,,,,,,,,,,,,,,,,,,,,,,,,,,,,,192612,19987,172625,26589,15323,29012,20383,29179,16584,5598,29957,161709,16776,144933,21731,12599,23655,16210,24078,14348,4901,27411,18736,1913,16823,3110,1353,4120,2500,2666,1444,401,1229,7946,939,7007,1227,593,763,1154,1682,537,65,986,4221,359,3862,521,778,474,519,753,255,231,331,,,,,,,,,,,,,,,,,,,,,,,,,,,,,,,,,,,,,,,,,,,,,,,,,,,,,,,,31763,32617,24684,31349,26442,,,,,
ACSSF,2019e1,nc,000,0026,0000040,155447,51556,79081,14198,6088,4524,116919,34984,60085,12969,4681,4200,18349,7437,9531,313,884,184,6491,3864,2112,273,184,58,13688,5271,7353,643,339,82,,,,,,,,,,,,,,,,,,,,,,,,,,,,,,,110741,8730,33023,40854,20364,7770,88824,7452,26235,32392,16528,6217,10994,821,3499,4203,1699,772,4139,416,1624,1326,689,84,6784,41,1665,2933,1448,697,,,,,,,,,,,,,,,,,,,,,,,,,,,,,,,155447,18411,137036,26409,12031,32815,17976,20323,11844,4166,11472,116919,13205,103714,19590,8678,24442,13828,14929,8582,3649,10016,18349,3061,15288,2816,1396,4324,2203,2648,1285,291,325,6491,701,5790,1549,663,1065,499,853,756,34,371,13688,1444,12244,2454,1294,2984,1446,1893,1221,192,760,,,,,,,,,,,,,,,,,,,,,,,,,,,,,,,,,,,,,,,,,,,,,,,,,,,,,,,,24323,24703,23816,23078,22384,,,,,
ACSSF,2019e1,nc,000,0026,0000041,115359,41944,57022,10009,2308,4076,93405,27663,51696,8461,1658,3927,10407,7126,2322,722,88,149,8614,5352,2122,759,381,0,2933,1803,882,67,181,0,,,,,,,,,,,,,,,,,,,,,,,,,,,,,,,90810,5020,13190,16652,24544,31404,77678,4228,10773,14687,20813,27177,5454,499,538,728,2419,1270,5799,293,1794,935,1065,1712,1879,0,85,302,247,1245,,,,,,,,,,,,,,,,,,,,,,,,,,,,,,,115359,14774,100585,18729,7357,11849,10800,12139,11909,4104,23698,93405,11862,81543,12916,5847,9516,8284,9898,10121,3477,21484,10407,1466,8941,3587,939,802,956,1291,546,64,756,8614,1104,7510,1581,390,1404,1343,489,1032,563,708,2933,342,2591,645,181,127,217,461,210,0,750,,,,,,,,,,,,,,,,,,,,,,,,,,,,,,,,,,,,,,,,,,,,,,,,,,,,,,,,36353,39596,12352,25956,38525,,,,,
ACSSF,2019e1,nc,000,0026,0000042,137948,54871,59791,12415,3722,7149,112588,40935,52040,10344,2960,6309,14060,7700,4718,972,250,420,7387,3966,1943,614,505,359,3913,2270,1090,485,7,61,,,,,,,,,,,,,,,,,,,,,,,,,,,,,,,109378,12806,27221,34422,21039,13890,93302,10149,23912,28808,18214,12219,9560,2220,1830,3155,1495,860,4119,326,1062,1881,703,147,2397,111,417,578,627,664,,,,,,,,,,,,,,,,,,,,,,,,,,,,,,,137948,18630,119318,20765,12322,20606,13537,17223,16648,4674,13543,112588,14082,98506,15426,9734,17653,11075,14149,14877,3669,11923,14060,2070,11990,2657,1943,1651,1115,2435,840,600,749,7387,1651,5736,1776,512,965,1060,338,566,244,275,3913,827,3086,906,133,337,287,301,365,161,596,,,,,,,,,,,,,,,,,,,,,,,,,,,,,,,,,,,,,,,,,,,,,,,,,,,,,,,,29439,30594,24374,20093,31564,,,,,
ACSSF,2019e1,nc,000,0026,0000043,116482,31038,59667,15016,3665,7096,100626,23460,54549,13665,2671,6281,11073,5059,3990,837,428,759,4281,2366,845,448,566,56,502,153,283,66,0,0,,,,,,,,,,,,,,,,,,,,,,,,,,,,,,,99622,18468,33288,32583,10245,5038,88373,16444,30162,27684,9357,4726,7788,1415,2601,3103,662,7,2959,485,379,1658,160,277,502,124,146,138,66,28,,,,,,,,,,,,,,,,,,,,,,,,,,,,,,,116482,15880,100602,15199,12184,21165,14512,15448,12199,3569,6326,100626,13265,87361,12308,9723,18977,11280,14190,11429,3497,5957,11073,1895,9178,2125,1751,1773,1936,830,422,0,341,4281,589,3692,613,710,415,1296,238,348,72,0,502,131,371,153,0,0,0,190,0,0,28,,,,,,,,,,,,,,,,,,,,,,,,,,,,,,,,,,,,,,,,,,,,,,,,,,,,,,,,26029,27135,17374,25438,35979,,,,,
ACSSF,2019e1,nc,000,0026,0000044,104520,43391,38729,9904,4336,8160,96459,38993,36841,8975,3915,7735,4361,2210,1017,598,296,240,2686,1410,676,331,125,144,1014,778,195,0,0,41,,,,,,,,,,,,,,,,,,,,,,,,,,,,,,,86321,19294,29678,24428,8596,4325,80084,17422,27690,23185,8047,3740,3512,858,1251,824,219,360,1796,1014,266,161,313,42,929,0,471,258,17,183,,,,,,,,,,,,,,,,,,,,,,,,,,,,,,,104520,20757,83763,19873,11055,16216,12284,11772,6879,1797,3887,96459,19429,77030,18379,10240,14846,11090,10842,6422,1797,3414,4361,688,3673,635,336,813,776,451,419,0,243,2686,608,2078,507,348,516,418,201,0,0,88,1014,32,982,352,131,41,0,278,38,0,142,,,,,,,,,,,,,,,,,,,,,,,,,,,,,,,,,,,,,,,,,,,,,,,,,,,,,,,,21428,21432,25417,16840,17988,,,,,
ACSSF,2019e1,nc,000,0026,0000045,74578,18554,36590,10987,2281,6166,65656,15624,33824,9244,1455,5509,6093,2361,1437,1268,549,478,1529,329,471,348,277,104,1300,240,858,127,0,75,,,,,,,,,,,,,,,,,,,,,,,,,,,,,,,64943,11018,26667,17583,6193,3482,57537,9295,23549,15913,5746,3034,4913,1146,2107,1363,297,0,1320,428,163,232,150,347,1173,149,848,75,0,101,,,,,,,,,,,,,,,,,,,,,,,,,,,,,,,,,,,,,,,,,,,,,,,,,,,,,,,,,,,,,,,,,,,,,,,,,,,,,,,,,,,,,,,,,,,,,,,,,,,,,,,,,,,,,,,,,,,,,,,,,,,,,,,,,,,,,,,,,,,,,23899,24409,21852,19297,26242,,,,,
ACSSF,2019e1,nc,000,0026,0000046,113965,33745,55662,13453,2661,8444,102125,27977,51267,12603,2257,8021,5870,2702,2298,506,280,84,4716,2931,1215,244,124,202,1254,135,882,100,0,137,,,,,,,,,,,,,,,,,,,,,,,,,,,,,,,96011,13138,29405,35367,11090,7011,87838,11700,27117,33026,9805,6190,4438,1127,1306,1208,732,65,2568,311,518,751,528,460,1167,0,464,382,25,296,,,,,,,,,,,,,,,,,,,,,,,,,,,,,,,113965,15047,98918,16915,10236,19291,13236,15968,10078,3279,9915,102125,13425,88700,14636,9065,16815,11828,14439,9682,3111,9124,5870,585,5285,1434,390,1026,1140,821,156,59,259,4716,1037,3679,661,634,1146,153,708,110,42,225,1254,0,1254,184,147,304,115,0,130,67,307,,,,,,,,,,,,,,,,,,,,,,,,,,,,,,,,,,,,,,,,,,,,,,,,,,,,,,,,26675,27733,22684,20794,24310,,,,,
ACSSF,2019e1,nc,000,0026,0000047,53940,12813,25809,7970,2658,4690,48291,10519,24488,6948,2173,4163,4117,1623,890,820,335,449,284,123,117,44,0,0,1248,548,314,158,150,78,,,,,,,,,,,,,,,,,,,,,,,,,,,,,,,46738,5930,14550,17190,6667,2401,42833,5838,13407,15474,5798,2316,2729,92,804,1352,442,39,161,0,0,7,108,46,1015,0,339,357,319,0,,,,,,,,,,,,,,,,,,,,,,,,,,,,,,,,,,,,,,,,,,,,,,,,,,,,,,,,,,,,,,,,,,,,,,,,,,,,,,,,,,,,,,,,,,,,,,,,,,,,,,,,,,,,,,,,,,,,,,,,,,,,,,,,,,,,,,,,,,,,,24961,24905,22458,52159,28676,,,,,
ACSSF,2019e1,nc,000,0026,0000048,,,,,,,,,,,,,,,,,,,,,,,,,,,,,,,,,,,,,,,,,,,,,,,,,,,,,,,,,,,,,50665,8989,13693,18862,6523,2598,47540,8530,12842,17974,5759,2435,2238,404,682,396,653,103,471,0,169,285,17,0,416,55,0,207,94,60,,,,,,,,,,,,,,,,,,,,,,,,,,,,,,,,,,,,,,,,,,,,,,,,,,,,,,,,,,,,,,,,,,,,,,,,,,,,,,,,,,,,,,,,,,,,,,,,,,,,,,,,,,,,,,,,,,,,,,,,,,,,,,,,,,,,,,,,,,,,,24855,24836,34915,19508,17545,,,,,
ACSSF,2019e1,nc,000,0026,0000049,185988,55588,104899,12786,4601,8114,161456,43230,95825,11144,3659,7598,11547,5253,4834,564,600,296,8630,5231,2105,866,255,173,4355,1874,2135,212,87,47,,,,,,,,,,,,,,,,,,,,,,,,,,,,,,,147609,13169,34367,44596,37132,18345,132326,11841,30625,39717,33575,16568,8112,706,2474,2471,1660,801,4675,436,1074,1656,949,560,2496,186,194,752,948,416,,,,,,,,,,,,,,,,,,,,,,,,,,,,,,,185988,25733,160255,28748,11376,20972,17506,24282,17027,6372,33972,161456,21503,139953,23673,9460,18939,14901,20879,15298,5600,31203,11547,2112,9435,1581,1093,1402,1318,1490,1251,511,789,8630,1226,7404,2205,624,467,1075,1631,312,217,873,4355,892,3463,1289,199,164,212,282,166,44,1107,,,,,,,,,,,,,,,,,,,,,,,,,,,,,,,,,,,,,,,,,,,,,,,,,,,,,,,,35671,36508,27272,26726,25938,,,,,
ACSSF,2019e1,nc,000,0026,0000050,866794,284578,445302,82522,20380,34012,728533,215360,401592,65661,15483,30437,91762,44835,29445,12082,3229,2171,28185,16281,6824,2818,1220,1042,18314,8102,7441,1961,448,362,,,,,,,,,,,,,,,,,,,,,,,,,,,,,,,729452,49869,110572,176058,237988,154965,629646,42119,96007,149531,208894,133095,69319,5054,9909,19267,20228,14861,17487,1382,2551,4675,5463,3416,13000,1314,2105,2585,3403,3593,,,,,,,,,,,,,,,,,,,,,,,,,,,,,,,866794,102887,763907,106456,49470,99937,80956,101538,83123,40014,202413,728533,84987,643546,84722,40227,83589,67399,84469,70686,32964,179490,91762,10367,81395,11460,6441,11001,9777,12623,9072,4669,16352,28185,4325,23860,7082,2247,2882,2214,3155,1773,1436,3071,18314,3208,15106,3192,555,2465,1566,1291,1592,945,3500,,,,,,,,,,,,,,,,,,,,,,,,,,,,,,,,,,,,,,,,,,,,,,,,,,,,,,,,40877,41892,36846,23652,31849,,,,,
ACSSF,2019e1,nc,000,0026,0000051,99786,35068,44849,9818,3219,6832,84673,28557,38946,8342,2243,6585,7571,2860,3408,846,386,71,4633,2819,615,502,590,107,2909,832,1880,128,0,69,,,,,,,,,,,,,,,,,,,,,,,,,,,,,,,80655,10985,25648,28784,9994,5244,69475,9464,23093,24143,8206,4569,6095,1478,1869,2096,592,60,2609,43,459,1313,359,435,2476,0,227,1232,837,180,,,,,,,,,,,,,,,,,,,,,,,,,,,,,,,99786,14321,85465,16939,9895,14073,12167,14838,6984,2851,7718,84673,11701,72972,14120,8338,12037,10388,12865,5992,2164,7068,7571,1820,5751,1374,870,1127,748,1247,351,0,34,4633,439,4194,885,618,690,513,291,567,345,285,2909,361,2548,560,69,219,518,435,74,342,331,,,,,,,,,,,,,,,,,,,,,,,,,,,,,,,,,,,,,,,,,,,,,,,,,,,,,,,,26731,27045,21090,23914,31594,,,,,
ACSSF,2019e1,nc,000,0026,0000052,,,,,,,,,,,,,,,,,,,,,,,,,,,,,,,,,,,,,,,,,,,,,,,,,,,,,,,,,,,,,,,,,,,,,,,,,,,,,,,,,,,,,,,,,,,,,,,,,,,,,,,,,,,,,,,,,,,,,,,,,,,,,,,,,,,,,,,,,,,,,,,,,,,,,,,,,,,,,,,,,,,,,,,,,,,,,,,,,,,,,,,,,,,,,,,,,,,,,,,,,,,,,,,,,,,,,,,,,,,,,,,,,,,,,,,25353,25458,16461,42911,21081,,,,,
ACSSF,2019e1,nc,000,0026,0000053,65432,21968,28720,7252,2788,4704,58711,18234,26885,6867,2179,4546,3664,1930,889,307,445,93,2485,1676,720,78,0,11,572,128,226,0,164,54,,,,,,,,,,,,,,,,,,,,,,,,,,,,,,,55814,10238,18677,16460,6709,3730,50350,8878,16914,14770,6285,3503,3061,1219,484,1121,174,63,1831,130,985,382,170,164,572,11,294,187,80,0,,,,,,,,,,,,,,,,,,,,,,,,,,,,,,,,,,,,,,,,,,,,,,,,,,,,,,,,,,,,,,,,,,,,,,,,,,,,,,,,,,,,,,,,,,,,,,,,,,,,,,,,,,,,,,,,,,,,,,,,,,,,,,,,,,,,,,,,,,,,,24555,25639,15188,22740,26479,,,,,
ACSSF,2019e1,nc,000,0026,0000054,76687,29027,29930,11387,1268,5075,61822,23347,24509,8593,876,4497,6846,3091,1649,1657,223,226,4135,1523,2023,468,0,121,3884,1066,1749,669,169,231,,,,,,,,,,,,,,,,,,,,,,,,,,,,,,,66539,5321,11712,16975,21610,10921,54456,4231,9969,14397,16339,9520,6015,338,303,1550,2990,834,2971,586,657,428,1224,76,3097,166,783,600,1057,491,,,,,,,,,,,,,,,,,,,,,,,,,,,,,,,76687,5215,71472,11745,7354,14126,10652,10475,4463,2241,10416,61822,4199,57623,8521,6035,12408,7904,8373,4009,1760,8613,6846,472,6374,888,648,705,1344,1397,236,109,1047,4135,411,3724,1675,219,490,729,37,91,201,282,3884,133,3751,661,452,523,675,668,127,171,474,,,,,,,,,,,,,,,,,,,,,,,,,,,,,,,,,,,,,,,,,,,,,,,,,,,,,,,,27657,28236,29155,14375,26460,,,,,
ACSSF,2019e1,nc,000,0026,0000055,134272,36397,79478,11016,1655,5726,113515,26377,71719,9308,1180,4931,12708,5365,5277,1246,391,429,5219,3295,1235,403,0,286,2830,1360,1247,59,84,80,,,,,,,,,,,,,,,,,,,,,,,,,,,,,,,112685,3330,11266,21540,39253,37296,98433,2981,9996,17624,34533,33299,10189,302,798,2968,3548,2573,2336,47,387,658,371,873,1727,0,85,290,801,551,,,,,,,,,,,,,,,,,,,,,,,,,,,,,,,134272,18776,115496,15340,5681,12138,9698,14053,11422,6097,41067,113515,15148,98367,12090,4738,10099,8178,11436,10113,4167,37546,12708,1869,10839,953,662,1201,811,1967,950,1367,2928,5219,1251,3968,1459,281,667,355,596,317,244,49,2830,508,2322,838,0,171,354,54,42,319,544,,,,,,,,,,,,,,,,,,,,,,,,,,,,,,,,,,,,,,,,,,,,,,,,,,,,,,,,50550,51940,47751,19625,30037,,,,,
ACSSF,2019e1,nc,000,0026,0000056,715710,298869,298431,75497,16738,26175,587923,232491,255442,63197,13300,23493,68858,38854,20492,6260,1973,1279,27532,12912,9529,3253,1203,635,31397,14612,12968,2787,262,768,,,,,,,,,,,,,,,,,,,,,,,,,,,,,,,602955,60752,99265,174034,174778,94126,501154,51840,80228,148319,142394,78373,56957,6264,10393,12178,20117,8005,19357,1438,5521,5521,5002,1875,25487,1210,3123,8016,7265,5873,,,,,,,,,,,,,,,,,,,,,,,,,,,,,,,715710,88130,627580,89849,45705,84267,84045,101570,68665,29725,123754,587923,72427,515496,73443,38073,66848,68753,84276,55593,23470,105040,68858,7980,60878,7337,4113,9697,8283,10689,7598,3264,9897,27532,4110,23422,4505,1346,3478,4547,2468,2617,2035,2426,31397,3613,27784,4564,2173,4244,2462,4137,2857,956,6391,,,,,,,,,,,,,,,,,,,,,,,,,,,,,,,,,,,,,,,,,,,,,,,,,,,,,,,,35978,36209,36222,30642,36037,,,,,
ACSSF,2019e1,nc,000,0026,0000057,77482,27217,36273,9488,683,3821,65183,20960,32619,7905,502,3197,5844,2972,1838,596,123,315,4473,2161,1337,836,58,81,1982,1124,479,151,0,228,,,,,,,,,,,,,,,,,,,,,,,,,,,,,,,61619,6460,14191,16181,14878,9909,52358,5668,12164,13301,12792,8433,4835,574,1058,1187,1379,637,3028,170,681,1317,673,187,1398,48,288,376,34,652,,,,,,,,,,,,,,,,,,,,,,,,,,,,,,,77482,10182,67300,12981,5486,9211,6789,9094,7092,2817,13830,65183,9123,56060,10322,4645,7374,5912,7460,5988,2428,11931,5844,648,5196,1073,543,1010,471,814,650,123,512,4473,285,4188,1032,217,557,406,551,269,266,890,1982,126,1856,554,81,270,0,269,185,0,497,,,,,,,,,,,,,,,,,,,,,,,,,,,,,,,,,,,,,,,,,,,,,,,,,,,,,,,,32448,34185,24369,31522,35500,,,,,
ACSSF,2019e1,nc,000,0026,0000058,226728,97639,92511,23086,4526,8966,185241,72639,82196,19256,2966,8184,22891,14116,4973,1997,1067,738,10022,6302,2705,918,53,44,8574,4582,2637,915,440,0,,,,,,,,,,,,,,,,,,,,,,,,,,,,,,,188377,21361,31100,39302,44848,51766,157324,17091,26458,32318,37898,43559,17433,2828,3173,4335,3730,3367,6758,1165,816,1450,1730,1597,6862,277,653,1199,1490,3243,,,,,,,,,,,,,,,,,,,,,,,,,,,,,,,226728,32120,194608,25799,15934,24253,24372,32868,20753,11323,39306,185241,27549,157692,21510,12078,18930,18338,26749,17519,8955,33613,22891,1796,21095,2047,2251,3683,4421,3463,1769,955,2506,10022,1452,8570,1357,1361,1156,797,1632,550,711,1006,8574,1323,7251,885,244,484,816,1024,915,702,2181,,,,,,,,,,,,,,,,,,,,,,,,,,,,,,,,,,,,,,,,,,,,,,,,,,,,,,,,36722,37464,31032,31875,50610,,,,,
ACSSF,2019e1,nc,000,0026,0000059,167023,65080,68176,19538,5025,9204,125378,46414,50932,15843,3871,8318,20934,10618,7009,1901,700,706,9514,4588,3932,544,270,180,11197,3460,6303,1250,184,0,,,,,,,,,,,,,,,,,,,,,,,,,,,,,,,131653,11542,34011,51698,22670,11732,103632,8617,26883,39869,18070,10193,13218,1383,3937,5724,1770,404,6792,1189,1614,2777,922,290,8011,353,1577,3328,1908,845,,,,,,,,,,,,,,,,,,,,,,,,,,,,,,,167023,20406,146617,26141,14448,24175,25622,26226,11276,4713,14016,125378,16057,109321,18716,10777,18255,18428,18944,9110,3907,11184,20934,1715,19219,3809,2139,3822,4262,3336,607,292,952,9514,1015,8499,1696,718,1195,1573,1746,543,329,699,11197,1619,9578,1920,814,903,1359,2200,1016,185,1181,,,,,,,,,,,,,,,,,,,,,,,,,,,,,,,,,,,,,,,,,,,,,,,,,,,,,,,,27681,28176,24435,30295,32402,,,,,
ACSSF,2019e1,nc,000,0026,0000060,60969,20538,27786,6382,1774,4489,53171,17068,25385,5266,1065,4387,4751,1909,1640,659,441,102,2058,1355,370,65,268,0,989,206,391,392,0,0,,,,,,,,,,,,,,,,,,,,,,,,,,,,,,,50422,7377,14815,14492,9404,4334,44401,6372,13559,12297,8093,4080,4304,935,1149,1246,840,134,1017,62,52,467,316,120,700,8,55,482,155,0,,,,,,,,,,,,,,,,,,,,,,,,,,,,,,,,,,,,,,,,,,,,,,,,,,,,,,,,,,,,,,,,,,,,,,,,,,,,,,,,,,,,,,,,,,,,,,,,,,,,,,,,,,,,,,,,,,,,,,,,,,,,,,,,,,,,,,,,,,,,,27366,28732,23397,11957,25301,,,,,
ACSSF,2019e1,nc,000,0026,0000061,236117,98876,88716,26654,6989,14882,197812,77234,80040,21697,5894,12947,23120,12942,5285,2845,589,1459,10580,6233,1969,1555,506,317,4605,2467,1422,557,0,159,,,,,,,,,,,,,,,,,,,,,,,,,,,,,,,192753,21915,43932,52360,47934,26612,165492,19986,36583,44485,41640,22798,17031,1050,4245,5268,3885,2583,7609,737,2804,1461,1983,624,2621,142,300,1146,426,607,,,,,,,,,,,,,,,,,,,,,,,,,,,,,,,236117,28974,207143,40765,22851,30359,27368,32388,19596,8429,25387,197812,24263,173549,33666,18049,24927,23336,27481,16458,7225,22407,23120,3255,19865,3452,2511,3903,3064,2970,2044,427,1494,10580,695,9885,2824,1841,1242,451,1209,885,629,804,4605,761,3844,823,450,287,517,728,209,148,682,,,,,,,,,,,,,,,,,,,,,,,,,,,,,,,,,,,,,,,,,,,,,,,,,,,,,,,,27701,28595,25158,16204,32982,,,,,
ACSSF,2019e1,nc,000,0026,0000062,71111,34203,25434,6709,1415,3350,53009,23665,19987,5524,1078,2755,9344,5506,3160,339,0,339,5098,2859,1197,517,330,195,3660,2173,1090,329,7,61,,,,,,,,,,,,,,,,,,,,,,,,,,,,,,,52292,5539,13045,15905,10059,7744,41287,3579,10741,12503,8192,6272,5857,1631,1074,1503,871,778,2860,218,902,1321,389,30,2288,111,328,578,607,664,,,,,,,,,,,,,,,,,,,,,,,,,,,,,,,71111,9870,61241,11760,5357,11150,7181,9636,7713,1137,7307,53009,7295,45714,7587,3697,8949,5372,7300,6189,634,5986,9344,1184,8160,1712,1155,1130,826,1743,840,98,656,5098,653,4445,1555,389,861,716,292,319,244,69,3660,738,2922,906,116,210,267,301,365,161,596,,,,,,,,,,,,,,,,,,,,,,,,,,,,,,,,,,,,,,,,,,,,,,,,,,,,,,,,27341,28857,25555,18205,32144,,,,,
ACSSF,2019e1,nc,000,0026,0000063,88653,34819,34908,10925,2816,5185,74413,27094,31559,9202,2042,4516,9711,5297,1985,1301,750,378,3367,1937,972,143,24,291,1162,491,392,279,0,0,,,,,,,,,,,,,,,,,,,,,,,,,,,,,,,72867,11244,13937,23791,16048,7847,62217,9577,11483,20058,13934,7165,7914,1270,1787,3049,1555,253,1764,236,605,473,141,309,972,161,62,211,418,120,,,,,,,,,,,,,,,,,,,,,,,,,,,,,,,88653,11360,77293,13207,8515,15536,11568,11749,6129,2376,8213,74413,9675,64738,11327,7178,11931,9703,9993,5561,1807,7238,9711,1194,8517,1132,699,2676,1236,1495,429,265,585,3367,491,2876,656,402,784,336,191,73,184,250,1162,0,1162,92,236,145,293,70,66,120,140,,,,,,,,,,,,,,,,,,,,,,,,,,,,,,,,,,,,,,,,,,,,,,,,,,,,,,,,25997,26635,24479,18501,26677,,,,,
ACSSF,2019e1,nc,000,0026,0000064,55081,23287,24671,4463,1728,932,34757,13462,15479,3801,1218,797,9316,4245,4652,90,251,78,2679,1963,394,108,164,50,8329,3617,4146,464,95,7,,,,,,,,,,,,,,,,,,,,,,,,,,,,,,,32776,2453,10266,12080,5630,2347,23459,1570,7189,8882,4318,1500,4044,509,1146,1477,644,268,1814,367,785,358,256,48,3459,7,1146,1363,412,531,,,,,,,,,,,,,,,,,,,,,,,,,,,,,,,55081,5217,49864,8280,5212,13424,6599,7856,3563,1343,3587,34757,2912,31845,4692,3134,8295,4108,5256,2266,1024,3070,9316,1216,8100,1620,831,2509,1329,937,675,127,72,2679,281,2398,588,278,457,135,506,241,0,193,8329,808,7521,1380,969,2163,1027,1157,381,192,252,,,,,,,,,,,,,,,,,,,,,,,,,,,,,,,,,,,,,,,,,,,,,,,,,,,,,,,,23989,24860,22554,23208,21282,,,,,
ACSSF,2019e1,nc,000,0026,0000065,375831,151885,155664,42673,10122,15487,303991,111816,137879,33267,7299,13730,51640,29595,12546,6633,1814,1052,11191,6585,2146,1163,862,435,9009,3889,3093,1610,147,270,,,,,,,,,,,,,,,,,,,,,,,,,,,,,,,315676,26019,52789,79164,98502,59202,262405,21190,43279,64391,84202,49343,38192,3012,6290,11789,9671,7430,8093,583,1489,1812,3232,977,6986,1234,1731,1172,1397,1452,,,,,,,,,,,,,,,,,,,,,,,,,,,,,,,375831,40880,334951,48398,22163,47300,38457,49948,39105,18276,71304,303991,31915,272076,37396,18156,37667,30527,40409,30964,15807,61150,51640,5901,45739,7611,2831,6821,6082,7019,6089,1321,7965,11191,1541,9650,2183,856,1161,1030,1840,955,628,997,9009,1523,7486,1208,320,1651,818,680,1097,520,1192,,,,,,,,,,,,,,,,,,,,,,,,,,,,,,,,,,,,,,,,,,,,,,,,,,,,,,,,37475,38964,33980,31246,30390,,,,,
ACSSF,2019e1,nc,000,0026,0000066,102911,41527,41615,12121,2366,5282,81500,29845,34883,10394,1949,4429,11912,6913,3248,611,327,813,6830,3371,2862,467,90,40,2669,1398,622,649,0,0,,,,,,,,,,,,,,,,,,,,,,,,,,,,,,,83404,7005,15639,24445,22321,13994,68479,5872,13124,20191,18045,11247,7967,794,1303,2562,1990,1318,5064,202,852,1046,2016,948,1894,137,360,646,270,481,,,,,,,,,,,,,,,,,,,,,,,,,,,,,,,102911,13258,89653,14013,7941,16331,11186,15015,9049,2457,13661,81500,11135,70365,10204,5936,12892,8505,11183,7619,2235,11791,11912,1367,10545,2488,955,2408,1290,1598,831,102,873,6830,637,6193,914,533,702,988,1600,537,0,919,2669,119,2550,407,517,329,403,634,62,120,78,,,,,,,,,,,,,,,,,,,,,,,,,,,,,,,,,,,,,,,,,,,,,,,,,,,,,,,,30352,31499,22441,32151,25284,,,,,
ACSSF,2019e1,nc,000,0026,0000067,193721,82234,71825,23786,5121,10755,166359,67350,64585,20732,3781,9911,16744,8467,4793,1970,958,556,7257,4584,1159,904,359,251,3361,1833,1288,180,23,37,,,,,,,,,,,,,,,,,,,,,,,,,,,,,,,157704,20524,40924,44975,30040,21241,137963,17359,37045,38962,26421,18176,12561,2374,2711,3721,2307,1448,4836,583,941,1633,958,721,2344,208,227,659,354,896,,,,,,,,,,,,,,,,,,,,,,,,,,,,,,,193721,27674,166047,33822,16678,27565,22165,24572,16185,6154,18906,166359,22894,143465,28280,14901,23772,17739,21752,14854,5499,16668,16744,3532,13212,2934,1081,2493,2869,1678,631,455,1071,7257,1034,6223,2080,573,1019,659,914,231,148,599,3361,214,3147,528,123,281,898,228,469,52,568,,,,,,,,,,,,,,,,,,,,,,,,,,,,,,,,,,,,,,,,,,,,,,,,,,,,,,,,26810,26997,25614,21134,31635,,,,,
ACSSF,2019e1,nc,000,0026,0000068,76687,29027,29930,11387,1268,5075,61822,23347,24509,8593,876,4497,6846,3091,1649,1657,223,226,4135,1523,2023,468,0,121,3884,1066,1749,669,169,231,,,,,,,,,,,,,,,,,,,,,,,,,,,,,,,66539,5321,11712,16975,21610,10921,54456,4231,9969,14397,16339,9520,6015,338,303,1550,2990,834,2971,586,657,428,1224,76,3097,166,783,600,1057,491,,,,,,,,,,,,,,,,,,,,,,,,,,,,,,,76687,5215,71472,11745,7354,14126,10652,10475,4463,2241,10416,61822,4199,57623,8521,6035,12408,7904,8373,4009,1760,8613,6846,472,6374,888,648,705,1344,1397,236,109,1047,4135,411,3724,1675,219,490,729,37,91,201,282,3884,133,3751,661,452,523,675,668,127,171,474,,,,,,,,,,,,,,,,,,,,,,,,,,,,,,,,,,,,,,,,,,,,,,,,,,,,,,,,27657,28236,29155,14375,26460,,,,,
ACSSF,2019e1,nc,000,0026,0000069,715710,298869,298431,75497,16738,26175,587923,232491,255442,63197,13300,23493,68858,38854,20492,6260,1973,1279,27532,12912,9529,3253,1203,635,31397,14612,12968,2787,262,768,,,,,,,,,,,,,,,,,,,,,,,,,,,,,,,602955,60752,99265,174034,174778,94126,501154,51840,80228,148319,142394,78373,56957,6264,10393,12178,20117,8005,19357,1438,5521,5521,5002,1875,25487,1210,3123,8016,7265,5873,,,,,,,,,,,,,,,,,,,,,,,,,,,,,,,715710,88130,627580,89849,45705,84267,84045,101570,68665,29725,123754,587923,72427,515496,73443,38073,66848,68753,84276,55593,23470,105040,68858,7980,60878,7337,4113,9697,8283,10689,7598,3264,9897,27532,4110,23422,4505,1346,3478,4547,2468,2617,2035,2426,31397,3613,27784,4564,2173,4244,2462,4137,2857,956,6391,,,,,,,,,,,,,,,,,,,,,,,,,,,,,,,,,,,,,,,,,,,,,,,,,,,,,,,,35978,36209,36222,30642,36037,,,,,
ACSSF,2019e1,nc,000,0026,0000070,77482,27217,36273,9488,683,3821,65183,20960,32619,7905,502,3197,5844,2972,1838,596,123,315,4473,2161,1337,836,58,81,1982,1124,479,151,0,228,,,,,,,,,,,,,,,,,,,,,,,,,,,,,,,61619,6460,14191,16181,14878,9909,52358,5668,12164,13301,12792,8433,4835,574,1058,1187,1379,637,3028,170,681,1317,673,187,1398,48,288,376,34,652,,,,,,,,,,,,,,,,,,,,,,,,,,,,,,,77482,10182,67300,12981,5486,9211,6789,9094,7092,2817,13830,65183,9123,56060,10322,4645,7374,5912,7460,5988,2428,11931,5844,648,5196,1073,543,1010,471,814,650,123,512,4473,285,4188,1032,217,557,406,551,269,266,890,1982,126,1856,554,81,270,0,269,185,0,497,,,,,,,,,,,,,,,,,,,,,,,,,,,,,,,,,,,,,,,,,,,,,,,,,,,,,,,,32448,34185,24369,31522,35500,,,,,
ACSSF,2019e1,nc,000,0026,0000071,60969,20538,27786,6382,1774,4489,53171,17068,25385,5266,1065,4387,4751,1909,1640,659,441,102,2058,1355,370,65,268,0,989,206,391,392,0,0,,,,,,,,,,,,,,,,,,,,,,,,,,,,,,,50422,7377,14815,14492,9404,4334,44401,6372,13559,12297,8093,4080,4304,935,1149,1246,840,134,1017,62,52,467,316,120,700,8,55,482,155,0,,,,,,,,,,,,,,,,,,,,,,,,,,,,,,,,,,,,,,,,,,,,,,,,,,,,,,,,,,,,,,,,,,,,,,,,,,,,,,,,,,,,,,,,,,,,,,,,,,,,,,,,,,,,,,,,,,,,,,,,,,,,,,,,,,,,,,,,,,,,,27366,28732,23397,11957,25301,,,,,
ACSSF,2019e1,nc,000,0026,0000072,226346,97639,92129,23086,4526,8966,184859,72639,81814,19256,2966,8184,22891,14116,4973,1997,1067,738,10022,6302,2705,918,53,44,8574,4582,2637,915,440,0,,,,,,,,,,,,,,,,,,,,,,,,,,,,,,,187995,21361,31010,39302,44848,51474,156942,17091,26368,32318,37898,43267,17433,2828,3173,4335,3730,3367,6758,1165,816,1450,1730,1597,6862,277,653,1199,1490,3243,,,,,,,,,,,,,,,,,,,,,,,,,,,,,,,226346,32016,194330,25799,15838,24253,24372,32868,20753,11231,39216,184859,27445,157414,21510,11982,18930,18338,26749,17519,8863,33523,22891,1796,21095,2047,2251,3683,4421,3463,1769,955,2506,10022,1452,8570,1357,1361,1156,797,1632,550,711,1006,8574,1323,7251,885,244,484,816,1024,915,702,2181,,,,,,,,,,,,,,,,,,,,,,,,,,,,,,,,,,,,,,,,,,,,,,,,,,,,,,,,36712,37450,31032,31875,50610,,,,,
ACSSF,2019e1,nc,000,0026,0000073,167023,65080,68176,19538,5025,9204,125378,46414,50932,15843,3871,8318,20934,10618,7009,1901,700,706,9514,4588,3932,544,270,180,11197,3460,6303,1250,184,0,,,,,,,,,,,,,,,,,,,,,,,,,,,,,,,131653,11542,34011,51698,22670,11732,103632,8617,26883,39869,18070,10193,13218,1383,3937,5724,1770,404,6792,1189,1614,2777,922,290,8011,353,1577,3328,1908,845,,,,,,,,,,,,,,,,,,,,,,,,,,,,,,,167023,20406,146617,26141,14448,24175,25622,26226,11276,4713,14016,125378,16057,109321,18716,10777,18255,18428,18944,9110,3907,11184,20934,1715,19219,3809,2139,3822,4262,3336,607,292,952,9514,1015,8499,1696,718,1195,1573,1746,543,329,699,11197,1619,9578,1920,814,903,1359,2200,1016,185,1181,,,,,,,,,,,,,,,,,,,,,,,,,,,,,,,,,,,,,,,,,,,,,,,,,,,,,,,,27681,28176,24435,30295,32402,,,,,
ACSSF,2019e1,nc,000,0026,0000074,236117,98876,88716,26654,6989,14882,197812,77234,80040,21697,5894,12947,23120,12942,5285,2845,589,1459,10580,6233,1969,1555,506,317,4605,2467,1422,557,0,159,,,,,,,,,,,,,,,,,,,,,,,,,,,,,,,192753,21915,43932,52360,47934,26612,165492,19986,36583,44485,41640,22798,17031,1050,4245,5268,3885,2583,7609,737,2804,1461,1983,624,2621,142,300,1146,426,607,,,,,,,,,,,,,,,,,,,,,,,,,,,,,,,236117,28974,207143,40765,22851,30359,27368,32388,19596,8429,25387,197812,24263,173549,33666,18049,24927,23336,27481,16458,7225,22407,23120,3255,19865,3452,2511,3903,3064,2970,2044,427,1494,10580,695,9885,2824,1841,1242,451,1209,885,629,804,4605,761,3844,823,450,287,517,728,209,148,682,,,,,,,,,,,,,,,,,,,,,,,,,,,,,,,,,,,,,,,,,,,,,,,,,,,,,,,,27701,28595,25158,16204,32982,,,,,
ACSSF,2019e1,nc,000,0026,0000075,84977,33423,33043,10711,2816,4984,71158,25780,29949,8988,2042,4399,9564,5297,1882,1301,750,334,3245,1855,972,143,24,251,1010,491,240,279,0,0,,,,,,,,,,,,,,,,,,,,,,,,,,,,,,,70153,11111,13218,23373,14965,7486,59842,9444,10848,19762,12984,6804,7767,1270,1743,3001,1500,253,1724,236,565,473,141,309,820,161,62,137,340,120,,,,,,,,,,,,,,,,,,,,,,,,,,,,,,,84977,11114,73863,12953,8460,15235,10885,11308,5016,2295,7711,71158,9464,61694,11164,7123,11704,9060,9607,4448,1726,6862,9564,1194,8370,1088,699,2676,1236,1440,429,265,537,3245,456,2789,609,402,784,296,191,73,184,250,1010,0,1010,92,236,71,293,70,66,120,62,,,,,,,,,,,,,,,,,,,,,,,,,,,,,,,,,,,,,,,,,,,,,,,,,,,,,,,,25242,25878,24417,18520,26646,,,,,
ACSSF,2019e1,nc,000,0026,0000076,71111,34203,25434,6709,1415,3350,53009,23665,19987,5524,1078,2755,9344,5506,3160,339,0,339,5098,2859,1197,517,330,195,3660,2173,1090,329,7,61,,,,,,,,,,,,,,,,,,,,,,,,,,,,,,,52292,5539,13045,15905,10059,7744,41287,3579,10741,12503,8192,6272,5857,1631,1074,1503,871,778,2860,218,902,1321,389,30,2288,111,328,578,607,664,,,,,,,,,,,,,,,,,,,,,,,,,,,,,,,71111,9870,61241,11760,5357,11150,7181,9636,7713,1137,7307,53009,7295,45714,7587,3697,8949,5372,7300,6189,634,5986,9344,1184,8160,1712,1155,1130,826,1743,840,98,656,5098,653,4445,1555,389,861,716,292,319,244,69,3660,738,2922,906,116,210,267,301,365,161,596,,,,,,,,,,,,,,,,,,,,,,,,,,,,,,,,,,,,,,,,,,,,,,,,,,,,,,,,27341,28857,25555,18205,32144,,,,,
ACSSF,2019e1,nc,000,0026,0000077,55081,23287,24671,4463,1728,932,34757,13462,15479,3801,1218,797,9316,4245,4652,90,251,78,2679,1963,394,108,164,50,8329,3617,4146,464,95,7,,,,,,,,,,,,,,,,,,,,,,,,,,,,,,,32776,2453,10266,12080,5630,2347,23459,1570,7189,8882,4318,1500,4044,509,1146,1477,644,268,1814,367,785,358,256,48,3459,7,1146,1363,412,531,,,,,,,,,,,,,,,,,,,,,,,,,,,,,,,55081,5217,49864,8280,5212,13424,6599,7856,3563,1343,3587,34757,2912,31845,4692,3134,8295,4108,5256,2266,1024,3070,9316,1216,8100,1620,831,2509,1329,937,675,127,72,2679,281,2398,588,278,457,135,506,241,0,193,8329,808,7521,1380,969,2163,1027,1157,381,192,252,,,,,,,,,,,,,,,,,,,,,,,,,,,,,,,,,,,,,,,,,,,,,,,,,,,,,,,,23989,24860,22554,23208,21282,,,,,
ACSSF,2019e1,nc,000,0026,0000078,131345,36206,77677,10539,1600,5323,110748,26253,69918,8876,1125,4576,12708,5365,5277,1246,391,429,5059,3228,1235,358,0,238,2830,1360,1247,59,84,80,,,,,,,,,,,,,,,,,,,,,,,,,,,,,,,109789,3330,10744,20960,38421,36334,95666,2981,9474,17044,33737,32430,10189,302,798,2968,3548,2573,2207,47,387,658,335,780,1727,0,85,290,801,551,,,,,,,,,,,,,,,,,,,,,,,,,,,,,,,131345,18615,112730,15286,5681,11606,9180,13534,11324,5993,40126,110748,15018,95730,12036,4738,9603,7660,10965,10060,4063,36605,12708,1869,10839,953,662,1201,811,1967,950,1367,2928,5059,1220,3839,1459,281,631,355,548,272,244,49,2830,508,2322,838,0,171,354,54,42,319,544,,,,,,,,,,,,,,,,,,,,,,,,,,,,,,,,,,,,,,,,,,,,,,,,,,,,,,,,50707,52102,47751,18892,30037,,,,,
ACSSF,2019e1,nc,000,0026,0000079,374014,151684,154698,42023,10122,15487,302824,111615,136913,33267,7299,13730,50990,29595,12546,5983,1814,1052,11191,6585,2146,1163,862,435,9009,3889,3093,1610,147,270,,,,,,,,,,,,,,,,,,,,,,,,,,,,,,,313859,26019,52789,78524,97733,58794,261238,21190,43279,64323,83433,49013,37542,3012,6290,11217,9671,7352,8093,583,1489,1812,3232,977,6986,1234,1731,1172,1397,1452,,,,,,,,,,,,,,,,,,,,,,,,,,,,,,,374014,40812,333202,48398,22163,47136,38457,49809,38202,18276,70761,302824,31847,270977,37396,18156,37503,30527,40348,30633,15807,60607,50990,5901,45089,7611,2831,6821,6082,6941,5517,1321,7965,11191,1541,9650,2183,856,1161,1030,1840,955,628,997,9009,1523,7486,1208,320,1651,818,680,1097,520,1192,,,,,,,,,,,,,,,,,,,,,,,,,,,,,,,,,,,,,,,,,,,,,,,,,,,,,,,,37334,38789,33282,31246,30390,,,,,
ACSSF,2019e1,nc,000,0026,0000080,102911,41527,41615,12121,2366,5282,81500,29845,34883,10394,1949,4429,11912,6913,3248,611,327,813,6830,3371,2862,467,90,40,2669,1398,622,649,0,0,,,,,,,,,,,,,,,,,,,,,,,,,,,,,,,83404,7005,15639,24445,22321,13994,68479,5872,13124,20191,18045,11247,7967,794,1303,2562,1990,1318,5064,202,852,1046,2016,948,1894,137,360,646,270,481,,,,,,,,,,,,,,,,,,,,,,,,,,,,,,,102911,13258,89653,14013,7941,16331,11186,15015,9049,2457,13661,81500,11135,70365,10204,5936,12892,8505,11183,7619,2235,11791,11912,1367,10545,2488,955,2408,1290,1598,831,102,873,6830,637,6193,914,533,702,988,1600,537,0,919,2669,119,2550,407,517,329,403,634,62,120,78,,,,,,,,,,,,,,,,,,,,,,,,,,,,,,,,,,,,,,,,,,,,,,,,,,,,,,,,30352,31499,22441,32151,25284,,,,,
ACSSF,2019e1,nc,000,0026,0000081,193721,82234,71825,23786,5121,10755,166359,67350,64585,20732,3781,9911,16744,8467,4793,1970,958,556,7257,4584,1159,904,359,251,3361,1833,1288,180,23,37,,,,,,,,,,,,,,,,,,,,,,,,,,,,,,,157704,20524,40924,44975,30040,21241,137963,17359,37045,38962,26421,18176,12561,2374,2711,3721,2307,1448,4836,583,941,1633,958,721,2344,208,227,659,354,896,,,,,,,,,,,,,,,,,,,,,,,,,,,,,,,193721,27674,166047,33822,16678,27565,22165,24572,16185,6154,18906,166359,22894,143465,28280,14901,23772,17739,21752,14854,5499,16668,16744,3532,13212,2934,1081,2493,2869,1678,631,455,1071,7257,1034,6223,2080,573,1019,659,914,231,148,599,3361,214,3147,528,123,281,898,228,469,52,568,,,,,,,,,,,,,,,,,,,,,,,,,,,,,,,,,,,,,,,,,,,,,,,,,,,,,,,,26810,26997,25614,21134,31635,,,,,
ACSSF,2019e1,nc,000,0026,0000082,,,,,,,,,,,,,,,,,,,,,,,,,,,,,,,,,,,,,,,,,,,,,,,,,,,,,,,,,,,,,,,,,,,,,,,,,,,,,,,,,,,,,,,,,,,,,,,,,,,,,,,,,,,,,,,,,,,,,,,,,,,,,,,,,,,,,,,,,,,,,,,,,,,,,,,,,,,,,,,,,,,,,,,,,,,,,,,,,,,,,,,,,,,,,,,,,,,,,,,,,,,,,,,,,,,,,,,,,,,,,,,,,,,,,,,,,,,,,,,,
ACSSF,2019e1,nc,000,0026,0000083,,,,,,,,,,,,,,,,,,,,,,,,,,,,,,,,,,,,,,,,,,,,,,,,,,,,,,,,,,,,,,,,,,,,,,,,,,,,,,,,,,,,,,,,,,,,,,,,,,,,,,,,,,,,,,,,,,,,,,,,,,,,,,,,,,,,,,,,,,,,,,,,,,,,,,,,,,,,,,,,,,,,,,,,,,,,,,,,,,,,,,,,,,,,,,,,,,,,,,,,,,,,,,,,,,,,,,,,,,,,,,,,,,,,,,,,,,,,,,,,
ACSSF,2019e1,nc,000,0026,0000084,,,,,,,,,,,,,,,,,,,,,,,,,,,,,,,,,,,,,,,,,,,,,,,,,,,,,,,,,,,,,,,,,,,,,,,,,,,,,,,,,,,,,,,,,,,,,,,,,,,,,,,,,,,,,,,,,,,,,,,,,,,,,,,,,,,,,,,,,,,,,,,,,,,,,,,,,,,,,,,,,,,,,,,,,,,,,,,,,,,,,,,,,,,,,,,,,,,,,,,,,,,,,,,,,,,,,,,,,,,,,,,,,,,,,,,,,,,,,,,,
ACSSF,2019e1,nc,000,0026,0000085,,,,,,,,,,,,,,,,,,,,,,,,,,,,,,,,,,,,,,,,,,,,,,,,,,,,,,,,,,,,,,,,,,,,,,,,,,,,,,,,,,,,,,,,,,,,,,,,,,,,,,,,,,,,,,,,,,,,,,,,,,,,,,,,,,,,,,,,,,,,,,,,,,,,,,,,,,,,,,,,,,,,,,,,,,,,,,,,,,,,,,,,,,,,,,,,,,,,,,,,,,,,,,,,,,,,,,,,,,,,,,,,,,,,,,,,,,,,,,,,
ACSSF,2019e1,nc,000,0026,0000086,,,,,,,,,,,,,,,,,,,,,,,,,,,,,,,,,,,,,,,,,,,,,,,,,,,,,,,,,,,,,,,,,,,,,,,,,,,,,,,,,,,,,,,,,,,,,,,,,,,,,,,,,,,,,,,,,,,,,,,,,,,,,,,,,,,,,,,,,,,,,,,,,,,,,,,,,,,,,,,,,,,,,,,,,,,,,,,,,,,,,,,,,,,,,,,,,,,,,,,,,,,,,,,,,,,,,,,,,,,,,,,,,,,,,,,,,,,,,,,,
ACSSF,2019e1,nc,000,0026,0000087,,,,,,,,,,,,,,,,,,,,,,,,,,,,,,,,,,,,,,,,,,,,,,,,,,,,,,,,,,,,,,,,,,,,,,,,,,,,,,,,,,,,,,,,,,,,,,,,,,,,,,,,,,,,,,,,,,,,,,,,,,,,,,,,,,,,,,,,,,,,,,,,,,,,,,,,,,,,,,,,,,,,,,,,,,,,,,,,,,,,,,,,,,,,,,,,,,,,,,,,,,,,,,,,,,,,,,,,,,,,,,,,,,,,,,,,,,,,,,,,
ACSSF,2019e1,nc,000,0026,0000088,,,,,,,,,,,,,,,,,,,,,,,,,,,,,,,,,,,,,,,,,,,,,,,,,,,,,,,,,,,,,,,,,,,,,,,,,,,,,,,,,,,,,,,,,,,,,,,,,,,,,,,,,,,,,,,,,,,,,,,,,,,,,,,,,,,,,,,,,,,,,,,,,,,,,,,,,,,,,,,,,,,,,,,,,,,,,,,,,,,,,,,,,,,,,,,,,,,,,,,,,,,,,,,,,,,,,,,,,,,,,,,,,,,,,,,,,,,,,,,,
ACSSF,2019e1,nc,000,0026,0000089,,,,,,,,,,,,,,,,,,,,,,,,,,,,,,,,,,,,,,,,,,,,,,,,,,,,,,,,,,,,,,,,,,,,,,,,,,,,,,,,,,,,,,,,,,,,,,,,,,,,,,,,,,,,,,,,,,,,,,,,,,,,,,,,,,,,,,,,,,,,,,,,,,,,,,,,,,,,,,,,,,,,,,,,,,,,,,,,,,,,,,,,,,,,,,,,,,,,,,,,,,,,,,,,,,,,,,,,,,,,,,,,,,,,,,,,,,,,,,,,
ACSSF,2019e1,nc,000,0026,0000090,,,,,,,,,,,,,,,,,,,,,,,,,,,,,,,,,,,,,,,,,,,,,,,,,,,,,,,,,,,,,,,,,,,,,,,,,,,,,,,,,,,,,,,,,,,,,,,,,,,,,,,,,,,,,,,,,,,,,,,,,,,,,,,,,,,,,,,,,,,,,,,,,,,,,,,,,,,,,,,,,,,,,,,,,,,,,,,,,,,,,,,,,,,,,,,,,,,,,,,,,,,,,,,,,,,,,,,,,,,,,,,,,,,,,,,,,,,,,,,,
ACSSF,2019e1,nc,000,0026,0000091,,,,,,,,,,,,,,,,,,,,,,,,,,,,,,,,,,,,,,,,,,,,,,,,,,,,,,,,,,,,,,,,,,,,,,,,,,,,,,,,,,,,,,,,,,,,,,,,,,,,,,,,,,,,,,,,,,,,,,,,,,,,,,,,,,,,,,,,,,,,,,,,,,,,,,,,,,,,,,,,,,,,,,,,,,,,,,,,,,,,,,,,,,,,,,,,,,,,,,,,,,,,,,,,,,,,,,,,,,,,,,,,,,,,,,,,,,,,,,,,
ACSSF,2019e1,nc,000,0026,0000092,,,,,,,,,,,,,,,,,,,,,,,,,,,,,,,,,,,,,,,,,,,,,,,,,,,,,,,,,,,,,,,,,,,,,,,,,,,,,,,,,,,,,,,,,,,,,,,,,,,,,,,,,,,,,,,,,,,,,,,,,,,,,,,,,,,,,,,,,,,,,,,,,,,,,,,,,,,,,,,,,,,,,,,,,,,,,,,,,,,,,,,,,,,,,,,,,,,,,,,,,,,,,,,,,,,,,,,,,,,,,,,,,,,,,,,,,,,,,,,,
ACSSF,2019e1,nc,000,0026,0000093,,,,,,,,,,,,,,,,,,,,,,,,,,,,,,,,,,,,,,,,,,,,,,,,,,,,,,,,,,,,,,,,,,,,,,,,,,,,,,,,,,,,,,,,,,,,,,,,,,,,,,,,,,,,,,,,,,,,,,,,,,,,,,,,,,,,,,,,,,,,,,,,,,,,,,,,,,,,,,,,,,,,,,,,,,,,,,,,,,,,,,,,,,,,,,,,,,,,,,,,,,,,,,,,,,,,,,,,,,,,,,,,,,,,,,,,,,,,,,,,
ACSSF,2019e1,nc,000,0026,0000094,,,,,,,,,,,,,,,,,,,,,,,,,,,,,,,,,,,,,,,,,,,,,,,,,,,,,,,,,,,,,,,,,,,,,,,,,,,,,,,,,,,,,,,,,,,,,,,,,,,,,,,,,,,,,,,,,,,,,,,,,,,,,,,,,,,,,,,,,,,,,,,,,,,,,,,,,,,,,,,,,,,,,,,,,,,,,,,,,,,,,,,,,,,,,,,,,,,,,,,,,,,,,,,,,,,,,,,,,,,,,,,,,,,,,,,,,,,,,,,,
ACSSF,2019e1,nc,000,0026,0000095,,,,,,,,,,,,,,,,,,,,,,,,,,,,,,,,,,,,,,,,,,,,,,,,,,,,,,,,,,,,,,,,,,,,,,,,,,,,,,,,,,,,,,,,,,,,,,,,,,,,,,,,,,,,,,,,,,,,,,,,,,,,,,,,,,,,,,,,,,,,,,,,,,,,,,,,,,,,,,,,,,,,,,,,,,,,,,,,,,,,,,,,,,,,,,,,,,,,,,,,,,,,,,,,,,,,,,,,,,,,,,,,,,,,,,,,,,,,,,,,
ACSSF,2019e1,nc,000,0026,0000096,,,,,,,,,,,,,,,,,,,,,,,,,,,,,,,,,,,,,,,,,,,,,,,,,,,,,,,,,,,,,,,,,,,,,,,,,,,,,,,,,,,,,,,,,,,,,,,,,,,,,,,,,,,,,,,,,,,,,,,,,,,,,,,,,,,,,,,,,,,,,,,,,,,,,,,,,,,,,,,,,,,,,,,,,,,,,,,,,,,,,,,,,,,,,,,,,,,,,,,,,,,,,,,,,,,,,,,,,,,,,,,,,,,,,,,,,,,,,,,,
ACSSF,2019e1,nc,000,0026,0000097,,,,,,,,,,,,,,,,,,,,,,,,,,,,,,,,,,,,,,,,,,,,,,,,,,,,,,,,,,,,,,,,,,,,,,,,,,,,,,,,,,,,,,,,,,,,,,,,,,,,,,,,,,,,,,,,,,,,,,,,,,,,,,,,,,,,,,,,,,,,,,,,,,,,,,,,,,,,,,,,,,,,,,,,,,,,,,,,,,,,,,,,,,,,,,,,,,,,,,,,,,,,,,,,,,,,,,,,,,,,,,,,,,,,,,,,,,,,,,,,
ACSSF,2019e1,nc,000,0026,0000098,,,,,,,,,,,,,,,,,,,,,,,,,,,,,,,,,,,,,,,,,,,,,,,,,,,,,,,,,,,,,,,,,,,,,,,,,,,,,,,,,,,,,,,,,,,,,,,,,,,,,,,,,,,,,,,,,,,,,,,,,,,,,,,,,,,,,,,,,,,,,,,,,,,,,,,,,,,,,,,,,,,,,,,,,,,,,,,,,,,,,,,,,,,,,,,,,,,,,,,,,,,,,,,,,,,,,,,,,,,,,,,,,,,,,,,,,,,,,,,,
ACSSF,2019e1,nc,000,0026,0000099,,,,,,,,,,,,,,,,,,,,,,,,,,,,,,,,,,,,,,,,,,,,,,,,,,,,,,,,,,,,,,,,,,,,,,,,,,,,,,,,,,,,,,,,,,,,,,,,,,,,,,,,,,,,,,,,,,,,,,,,,,,,,,,,,,,,,,,,,,,,,,,,,,,,,,,,,,,,,,,,,,,,,,,,,,,,,,,,,,,,,,,,,,,,,,,,,,,,,,,,,,,,,,,,,,,,,,,,,,,,,,,,,,,,,,,,,,,,,,,,
ACSSF,2019e1,nc,000,0026,0000100,,,,,,,,,,,,,,,,,,,,,,,,,,,,,,,,,,,,,,,,,,,,,,,,,,,,,,,,,,,,,,,,,,,,,,,,,,,,,,,,,,,,,,,,,,,,,,,,,,,,,,,,,,,,,,,,,,,,,,,,,,,,,,,,,,,,,,,,,,,,,,,,,,,,,,,,,,,,,,,,,,,,,,,,,,,,,,,,,,,,,,,,,,,,,,,,,,,,,,,,,,,,,,,,,,,,,,,,,,,,,,,,,,,,,,,,,,,,,,,,
ACSSF,2019e1,nc,000,0026,0000101,,,,,,,,,,,,,,,,,,,,,,,,,,,,,,,,,,,,,,,,,,,,,,,,,,,,,,,,,,,,,,,,,,,,,,,,,,,,,,,,,,,,,,,,,,,,,,,,,,,,,,,,,,,,,,,,,,,,,,,,,,,,,,,,,,,,,,,,,,,,,,,,,,,,,,,,,,,,,,,,,,,,,,,,,,,,,,,,,,,,,,,,,,,,,,,,,,,,,,,,,,,,,,,,,,,,,,,,,,,,,,,,,,,,,,,,,,,,,,,,
ACSSF,2019e1,nc,000,0026,0000102,,,,,,,,,,,,,,,,,,,,,,,,,,,,,,,,,,,,,,,,,,,,,,,,,,,,,,,,,,,,,,,,,,,,,,,,,,,,,,,,,,,,,,,,,,,,,,,,,,,,,,,,,,,,,,,,,,,,,,,,,,,,,,,,,,,,,,,,,,,,,,,,,,,,,,,,,,,,,,,,,,,,,,,,,,,,,,,,,,,,,,,,,,,,,,,,,,,,,,,,,,,,,,,,,,,,,,,,,,,,,,,,,,,,,,,,,,,,,,,,
ACSSF,2019e1,nc,000,0026,0000103,,,,,,,,,,,,,,,,,,,,,,,,,,,,,,,,,,,,,,,,,,,,,,,,,,,,,,,,,,,,,,,,,,,,,,,,,,,,,,,,,,,,,,,,,,,,,,,,,,,,,,,,,,,,,,,,,,,,,,,,,,,,,,,,,,,,,,,,,,,,,,,,,,,,,,,,,,,,,,,,,,,,,,,,,,,,,,,,,,,,,,,,,,,,,,,,,,,,,,,,,,,,,,,,,,,,,,,,,,,,,,,,,,,,,,,,,,,,,,,,
ACSSF,2019e1,nc,000,0026,0000104,,,,,,,,,,,,,,,,,,,,,,,,,,,,,,,,,,,,,,,,,,,,,,,,,,,,,,,,,,,,,,,,,,,,,,,,,,,,,,,,,,,,,,,,,,,,,,,,,,,,,,,,,,,,,,,,,,,,,,,,,,,,,,,,,,,,,,,,,,,,,,,,,,,,,,,,,,,,,,,,,,,,,,,,,,,,,,,,,,,,,,,,,,,,,,,,,,,,,,,,,,,,,,,,,,,,,,,,,,,,,,,,,,,,,,,,,,,,,,,,
ACSSF,2019e1,nc,000,0026,0000105,,,,,,,,,,,,,,,,,,,,,,,,,,,,,,,,,,,,,,,,,,,,,,,,,,,,,,,,,,,,,,,,,,,,,,,,,,,,,,,,,,,,,,,,,,,,,,,,,,,,,,,,,,,,,,,,,,,,,,,,,,,,,,,,,,,,,,,,,,,,,,,,,,,,,,,,,,,,,,,,,,,,,,,,,,,,,,,,,,,,,,,,,,,,,,,,,,,,,,,,,,,,,,,,,,,,,,,,,,,,,,,,,,,,,,,,,,,,,,,,
ACSSF,2019e1,nc,000,0026,0000106,,,,,,,,,,,,,,,,,,,,,,,,,,,,,,,,,,,,,,,,,,,,,,,,,,,,,,,,,,,,,,,,,,,,,,,,,,,,,,,,,,,,,,,,,,,,,,,,,,,,,,,,,,,,,,,,,,,,,,,,,,,,,,,,,,,,,,,,,,,,,,,,,,,,,,,,,,,,,,,,,,,,,,,,,,,,,,,,,,,,,,,,,,,,,,,,,,,,,,,,,,,,,,,,,,,,,,,,,,,,,,,,,,,,,,,,,,,,,,,,
ACSSF,2019e1,nc,000,0026,0000107,,,,,,,,,,,,,,,,,,,,,,,,,,,,,,,,,,,,,,,,,,,,,,,,,,,,,,,,,,,,,,,,,,,,,,,,,,,,,,,,,,,,,,,,,,,,,,,,,,,,,,,,,,,,,,,,,,,,,,,,,,,,,,,,,,,,,,,,,,,,,,,,,,,,,,,,,,,,,,,,,,,,,,,,,,,,,,,,,,,,,,,,,,,,,,,,,,,,,,,,,,,,,,,,,,,,,,,,,,,,,,,,,,,,,,,,,,,,,,,,
ACSSF,2019e1,nc,000,0026,0000108,,,,,,,,,,,,,,,,,,,,,,,,,,,,,,,,,,,,,,,,,,,,,,,,,,,,,,,,,,,,,,,,,,,,,,,,,,,,,,,,,,,,,,,,,,,,,,,,,,,,,,,,,,,,,,,,,,,,,,,,,,,,,,,,,,,,,,,,,,,,,,,,,,,,,,,,,,,,,,,,,,,,,,,,,,,,,,,,,,,,,,,,,,,,,,,,,,,,,,,,,,,,,,,,,,,,,,,,,,,,,,,,,,,,,,,,,,,,,,,,
ACSSF,2019e1,nc,000,0026,0000109,,,,,,,,,,,,,,,,,,,,,,,,,,,,,,,,,,,,,,,,,,,,,,,,,,,,,,,,,,,,,,,,,,,,,,,,,,,,,,,,,,,,,,,,,,,,,,,,,,,,,,,,,,,,,,,,,,,,,,,,,,,,,,,,,,,,,,,,,,,,,,,,,,,,,,,,,,,,,,,,,,,,,,,,,,,,,,,,,,,,,,,,,,,,,,,,,,,,,,,,,,,,,,,,,,,,,,,,,,,,,,,,,,,,,,,,,,,,,,,,
ACSSF,2019e1,nc,000,0026,0000110,,,,,,,,,,,,,,,,,,,,,,,,,,,,,,,,,,,,,,,,,,,,,,,,,,,,,,,,,,,,,,,,,,,,,,,,,,,,,,,,,,,,,,,,,,,,,,,,,,,,,,,,,,,,,,,,,,,,,,,,,,,,,,,,,,,,,,,,,,,,,,,,,,,,,,,,,,,,,,,,,,,,,,,,,,,,,,,,,,,,,,,,,,,,,,,,,,,,,,,,,,,,,,,,,,,,,,,,,,,,,,,,,,,,,,,,,,,,,,,,
ACSSF,2019e1,nc,000,0026,0000111,,,,,,,,,,,,,,,,,,,,,,,,,,,,,,,,,,,,,,,,,,,,,,,,,,,,,,,,,,,,,,,,,,,,,,,,,,,,,,,,,,,,,,,,,,,,,,,,,,,,,,,,,,,,,,,,,,,,,,,,,,,,,,,,,,,,,,,,,,,,,,,,,,,,,,,,,,,,,,,,,,,,,,,,,,,,,,,,,,,,,,,,,,,,,,,,,,,,,,,,,,,,,,,,,,,,,,,,,,,,,,,,,,,,,,,,,,,,,,,,
ACSSF,2019e1,nc,000,0026,0000112,,,,,,,,,,,,,,,,,,,,,,,,,,,,,,,,,,,,,,,,,,,,,,,,,,,,,,,,,,,,,,,,,,,,,,,,,,,,,,,,,,,,,,,,,,,,,,,,,,,,,,,,,,,,,,,,,,,,,,,,,,,,,,,,,,,,,,,,,,,,,,,,,,,,,,,,,,,,,,,,,,,,,,,,,,,,,,,,,,,,,,,,,,,,,,,,,,,,,,,,,,,,,,,,,,,,,,,,,,,,,,,,,,,,,,,,,,,,,,,,
ACSSF,2019e1,nc,000,0026,0000113,,,,,,,,,,,,,,,,,,,,,,,,,,,,,,,,,,,,,,,,,,,,,,,,,,,,,,,,,,,,,,,,,,,,,,,,,,,,,,,,,,,,,,,,,,,,,,,,,,,,,,,,,,,,,,,,,,,,,,,,,,,,,,,,,,,,,,,,,,,,,,,,,,,,,,,,,,,,,,,,,,,,,,,,,,,,,,,,,,,,,,,,,,,,,,,,,,,,,,,,,,,,,,,,,,,,,,,,,,,,,,,,,,,,,,,,,,,,,,,,
ACSSF,2019e1,nc,000,0026,0000114,,,,,,,,,,,,,,,,,,,,,,,,,,,,,,,,,,,,,,,,,,,,,,,,,,,,,,,,,,,,,,,,,,,,,,,,,,,,,,,,,,,,,,,,,,,,,,,,,,,,,,,,,,,,,,,,,,,,,,,,,,,,,,,,,,,,,,,,,,,,,,,,,,,,,,,,,,,,,,,,,,,,,,,,,,,,,,,,,,,,,,,,,,,,,,,,,,,,,,,,,,,,,,,,,,,,,,,,,,,,,,,,,,,,,,,,,,,,,,,,
ACSSF,2019e1,nc,000,0026,0000115,,,,,,,,,,,,,,,,,,,,,,,,,,,,,,,,,,,,,,,,,,,,,,,,,,,,,,,,,,,,,,,,,,,,,,,,,,,,,,,,,,,,,,,,,,,,,,,,,,,,,,,,,,,,,,,,,,,,,,,,,,,,,,,,,,,,,,,,,,,,,,,,,,,,,,,,,,,,,,,,,,,,,,,,,,,,,,,,,,,,,,,,,,,,,,,,,,,,,,,,,,,,,,,,,,,,,,,,,,,,,,,,,,,,,,,,,,,,,,,,
ACSSF,2019e1,nc,000,0026,0000116,,,,,,,,,,,,,,,,,,,,,,,,,,,,,,,,,,,,,,,,,,,,,,,,,,,,,,,,,,,,,,,,,,,,,,,,,,,,,,,,,,,,,,,,,,,,,,,,,,,,,,,,,,,,,,,,,,,,,,,,,,,,,,,,,,,,,,,,,,,,,,,,,,,,,,,,,,,,,,,,,,,,,,,,,,,,,,,,,,,,,,,,,,,,,,,,,,,,,,,,,,,,,,,,,,,,,,,,,,,,,,,,,,,,,,,,,,,,,,,,
ACSSF,2019e1,nc,000,0026,0000117,,,,,,,,,,,,,,,,,,,,,,,,,,,,,,,,,,,,,,,,,,,,,,,,,,,,,,,,,,,,,,,,,,,,,,,,,,,,,,,,,,,,,,,,,,,,,,,,,,,,,,,,,,,,,,,,,,,,,,,,,,,,,,,,,,,,,,,,,,,,,,,,,,,,,,,,,,,,,,,,,,,,,,,,,,,,,,,,,,,,,,,,,,,,,,,,,,,,,,,,,,,,,,,,,,,,,,,,,,,,,,,,,,,,,,,,,,,,,,,,
ACSSF,2019e1,nc,000,0026,0000118,,,,,,,,,,,,,,,,,,,,,,,,,,,,,,,,,,,,,,,,,,,,,,,,,,,,,,,,,,,,,,,,,,,,,,,,,,,,,,,,,,,,,,,,,,,,,,,,,,,,,,,,,,,,,,,,,,,,,,,,,,,,,,,,,,,,,,,,,,,,,,,,,,,,,,,,,,,,,,,,,,,,,,,,,,,,,,,,,,,,,,,,,,,,,,,,,,,,,,,,,,,,,,,,,,,,,,,,,,,,,,,,,,,,,,,,,,,,,,,,
ACSSF,2019e1,nc,000,0026,0000119,,,,,,,,,,,,,,,,,,,,,,,,,,,,,,,,,,,,,,,,,,,,,,,,,,,,,,,,,,,,,,,,,,,,,,,,,,,,,,,,,,,,,,,,,,,,,,,,,,,,,,,,,,,,,,,,,,,,,,,,,,,,,,,,,,,,,,,,,,,,,,,,,,,,,,,,,,,,,,,,,,,,,,,,,,,,,,,,,,,,,,,,,,,,,,,,,,,,,,,,,,,,,,,,,,,,,,,,,,,,,,,,,,,,,,,,,,,,,,,,
ACSSF,2019e1,nc,000,0026,0000120,,,,,,,,,,,,,,,,,,,,,,,,,,,,,,,,,,,,,,,,,,,,,,,,,,,,,,,,,,,,,,,,,,,,,,,,,,,,,,,,,,,,,,,,,,,,,,,,,,,,,,,,,,,,,,,,,,,,,,,,,,,,,,,,,,,,,,,,,,,,,,,,,,,,,,,,,,,,,,,,,,,,,,,,,,,,,,,,,,,,,,,,,,,,,,,,,,,,,,,,,,,,,,,,,,,,,,,,,,,,,,,,,,,,,,,,,,,,,,,,
ACSSF,2019e1,nc,000,0026,0000121,,,,,,,,,,,,,,,,,,,,,,,,,,,,,,,,,,,,,,,,,,,,,,,,,,,,,,,,,,,,,,,,,,,,,,,,,,,,,,,,,,,,,,,,,,,,,,,,,,,,,,,,,,,,,,,,,,,,,,,,,,,,,,,,,,,,,,,,,,,,,,,,,,,,,,,,,,,,,,,,,,,,,,,,,,,,,,,,,,,,,,,,,,,,,,,,,,,,,,,,,,,,,,,,,,,,,,,,,,,,,,,,,,,,,,,,,,,,,,,,
ACSSF,2019e1,nc,000,0026,0000122,,,,,,,,,,,,,,,,,,,,,,,,,,,,,,,,,,,,,,,,,,,,,,,,,,,,,,,,,,,,,,,,,,,,,,,,,,,,,,,,,,,,,,,,,,,,,,,,,,,,,,,,,,,,,,,,,,,,,,,,,,,,,,,,,,,,,,,,,,,,,,,,,,,,,,,,,,,,,,,,,,,,,,,,,,,,,,,,,,,,,,,,,,,,,,,,,,,,,,,,,,,,,,,,,,,,,,,,,,,,,,,,,,,,,,,,,,,,,,,,
ACSSF,2019e1,nc,000,0026,0000123,,,,,,,,,,,,,,,,,,,,,,,,,,,,,,,,,,,,,,,,,,,,,,,,,,,,,,,,,,,,,,,,,,,,,,,,,,,,,,,,,,,,,,,,,,,,,,,,,,,,,,,,,,,,,,,,,,,,,,,,,,,,,,,,,,,,,,,,,,,,,,,,,,,,,,,,,,,,,,,,,,,,,,,,,,,,,,,,,,,,,,,,,,,,,,,,,,,,,,,,,,,,,,,,,,,,,,,,,,,,,,,,,,,,,,,,,,,,,,,,
ACSSF,2019e1,nc,000,0026,0000124,,,,,,,,,,,,,,,,,,,,,,,,,,,,,,,,,,,,,,,,,,,,,,,,,,,,,,,,,,,,,,,,,,,,,,,,,,,,,,,,,,,,,,,,,,,,,,,,,,,,,,,,,,,,,,,,,,,,,,,,,,,,,,,,,,,,,,,,,,,,,,,,,,,,,,,,,,,,,,,,,,,,,,,,,,,,,,,,,,,,,,,,,,,,,,,,,,,,,,,,,,,,,,,,,,,,,,,,,,,,,,,,,,,,,,,,,,,,,,,,
ACSSF,2019e1,nc,000,0026,0000125,,,,,,,,,,,,,,,,,,,,,,,,,,,,,,,,,,,,,,,,,,,,,,,,,,,,,,,,,,,,,,,,,,,,,,,,,,,,,,,,,,,,,,,,,,,,,,,,,,,,,,,,,,,,,,,,,,,,,,,,,,,,,,,,,,,,,,,,,,,,,,,,,,,,,,,,,,,,,,,,,,,,,,,,,,,,,,,,,,,,,,,,,,,,,,,,,,,,,,,,,,,,,,,,,,,,,,,,,,,,,,,,,,,,,,,,,,,,,,,,
ACSSF,2019e1,nc,000,0026,0000126,,,,,,,,,,,,,,,,,,,,,,,,,,,,,,,,,,,,,,,,,,,,,,,,,,,,,,,,,,,,,,,,,,,,,,,,,,,,,,,,,,,,,,,,,,,,,,,,,,,,,,,,,,,,,,,,,,,,,,,,,,,,,,,,,,,,,,,,,,,,,,,,,,,,,,,,,,,,,,,,,,,,,,,,,,,,,,,,,,,,,,,,,,,,,,,,,,,,,,,,,,,,,,,,,,,,,,,,,,,,,,,,,,,,,,,,,,,,,,,,
ACSSF,2019e1,nc,000,0026,0000127,,,,,,,,,,,,,,,,,,,,,,,,,,,,,,,,,,,,,,,,,,,,,,,,,,,,,,,,,,,,,,,,,,,,,,,,,,,,,,,,,,,,,,,,,,,,,,,,,,,,,,,,,,,,,,,,,,,,,,,,,,,,,,,,,,,,,,,,,,,,,,,,,,,,,,,,,,,,,,,,,,,,,,,,,,,,,,,,,,,,,,,,,,,,,,,,,,,,,,,,,,,,,,,,,,,,,,,,,,,,,,,,,,,,,,,,,,,,,,,,
ACSSF,2019e1,nc,000,0026,0000128,,,,,,,,,,,,,,,,,,,,,,,,,,,,,,,,,,,,,,,,,,,,,,,,,,,,,,,,,,,,,,,,,,,,,,,,,,,,,,,,,,,,,,,,,,,,,,,,,,,,,,,,,,,,,,,,,,,,,,,,,,,,,,,,,,,,,,,,,,,,,,,,,,,,,,,,,,,,,,,,,,,,,,,,,,,,,,,,,,,,,,,,,,,,,,,,,,,,,,,,,,,,,,,,,,,,,,,,,,,,,,,,,,,,,,,,,,,,,,,,
ACSSF,2019e1,nc,000,0026,0000129,,,,,,,,,,,,,,,,,,,,,,,,,,,,,,,,,,,,,,,,,,,,,,,,,,,,,,,,,,,,,,,,,,,,,,,,,,,,,,,,,,,,,,,,,,,,,,,,,,,,,,,,,,,,,,,,,,,,,,,,,,,,,,,,,,,,,,,,,,,,,,,,,,,,,,,,,,,,,,,,,,,,,,,,,,,,,,,,,,,,,,,,,,,,,,,,,,,,,,,,,,,,,,,,,,,,,,,,,,,,,,,,,,,,,,,,,,,,,,,,
ACSSF,2019e1,nc,000,0026,0000130,,,,,,,,,,,,,,,,,,,,,,,,,,,,,,,,,,,,,,,,,,,,,,,,,,,,,,,,,,,,,,,,,,,,,,,,,,,,,,,,,,,,,,,,,,,,,,,,,,,,,,,,,,,,,,,,,,,,,,,,,,,,,,,,,,,,,,,,,,,,,,,,,,,,,,,,,,,,,,,,,,,,,,,,,,,,,,,,,,,,,,,,,,,,,,,,,,,,,,,,,,,,,,,,,,,,,,,,,,,,,,,,,,,,,,,,,,,,,,,,
ACSSF,2019e1,nc,000,0026,0000131,,,,,,,,,,,,,,,,,,,,,,,,,,,,,,,,,,,,,,,,,,,,,,,,,,,,,,,,,,,,,,,,,,,,,,,,,,,,,,,,,,,,,,,,,,,,,,,,,,,,,,,,,,,,,,,,,,,,,,,,,,,,,,,,,,,,,,,,,,,,,,,,,,,,,,,,,,,,,,,,,,,,,,,,,,,,,,,,,,,,,,,,,,,,,,,,,,,,,,,,,,,,,,,,,,,,,,,,,,,,,,,,,,,,,,,,,,,,,,,,
ACSSF,2019e1,nc,000,0026,0000132,,,,,,,,,,,,,,,,,,,,,,,,,,,,,,,,,,,,,,,,,,,,,,,,,,,,,,,,,,,,,,,,,,,,,,,,,,,,,,,,,,,,,,,,,,,,,,,,,,,,,,,,,,,,,,,,,,,,,,,,,,,,,,,,,,,,,,,,,,,,,,,,,,,,,,,,,,,,,,,,,,,,,,,,,,,,,,,,,,,,,,,,,,,,,,,,,,,,,,,,,,,,,,,,,,,,,,,,,,,,,,,,,,,,,,,,,,,,,,,,
ACSSF,2019e1,nc,000,0026,0000133,,,,,,,,,,,,,,,,,,,,,,,,,,,,,,,,,,,,,,,,,,,,,,,,,,,,,,,,,,,,,,,,,,,,,,,,,,,,,,,,,,,,,,,,,,,,,,,,,,,,,,,,,,,,,,,,,,,,,,,,,,,,,,,,,,,,,,,,,,,,,,,,,,,,,,,,,,,,,,,,,,,,,,,,,,,,,,,,,,,,,,,,,,,,,,,,,,,,,,,,,,,,,,,,,,,,,,,,,,,,,,,,,,,,,,,,,,,,,,,,
ACSSF,2019e1,nc,000,0026,0000134,,,,,,,,,,,,,,,,,,,,,,,,,,,,,,,,,,,,,,,,,,,,,,,,,,,,,,,,,,,,,,,,,,,,,,,,,,,,,,,,,,,,,,,,,,,,,,,,,,,,,,,,,,,,,,,,,,,,,,,,,,,,,,,,,,,,,,,,,,,,,,,,,,,,,,,,,,,,,,,,,,,,,,,,,,,,,,,,,,,,,,,,,,,,,,,,,,,,,,,,,,,,,,,,,,,,,,,,,,,,,,,,,,,,,,,,,,,,,,,,
ACSSF,2019e1,nc,000,0026,0000135,,,,,,,,,,,,,,,,,,,,,,,,,,,,,,,,,,,,,,,,,,,,,,,,,,,,,,,,,,,,,,,,,,,,,,,,,,,,,,,,,,,,,,,,,,,,,,,,,,,,,,,,,,,,,,,,,,,,,,,,,,,,,,,,,,,,,,,,,,,,,,,,,,,,,,,,,,,,,,,,,,,,,,,,,,,,,,,,,,,,,,,,,,,,,,,,,,,,,,,,,,,,,,,,,,,,,,,,,,,,,,,,,,,,,,,,,,,,,,,,
ACSSF,2019e1,nc,000,0026,0000136,,,,,,,,,,,,,,,,,,,,,,,,,,,,,,,,,,,,,,,,,,,,,,,,,,,,,,,,,,,,,,,,,,,,,,,,,,,,,,,,,,,,,,,,,,,,,,,,,,,,,,,,,,,,,,,,,,,,,,,,,,,,,,,,,,,,,,,,,,,,,,,,,,,,,,,,,,,,,,,,,,,,,,,,,,,,,,,,,,,,,,,,,,,,,,,,,,,,,,,,,,,,,,,,,,,,,,,,,,,,,,,,,,,,,,,,,,,,,,,,
ACSSF,2019e1,nc,000,0026,0000137,,,,,,,,,,,,,,,,,,,,,,,,,,,,,,,,,,,,,,,,,,,,,,,,,,,,,,,,,,,,,,,,,,,,,,,,,,,,,,,,,,,,,,,,,,,,,,,,,,,,,,,,,,,,,,,,,,,,,,,,,,,,,,,,,,,,,,,,,,,,,,,,,,,,,,,,,,,,,,,,,,,,,,,,,,,,,,,,,,,,,,,,,,,,,,,,,,,,,,,,,,,,,,,,,,,,,,,,,,,,,,,,,,,,,,,,,,,,,,,,
ACSSF,2019e1,nc,000,0026,0000138,,,,,,,,,,,,,,,,,,,,,,,,,,,,,,,,,,,,,,,,,,,,,,,,,,,,,,,,,,,,,,,,,,,,,,,,,,,,,,,,,,,,,,,,,,,,,,,,,,,,,,,,,,,,,,,,,,,,,,,,,,,,,,,,,,,,,,,,,,,,,,,,,,,,,,,,,,,,,,,,,,,,,,,,,,,,,,,,,,,,,,,,,,,,,,,,,,,,,,,,,,,,,,,,,,,,,,,,,,,,,,,,,,,,,,,,,,,,,,,,
ACSSF,2019e1,nc,000,0026,0000139,,,,,,,,,,,,,,,,,,,,,,,,,,,,,,,,,,,,,,,,,,,,,,,,,,,,,,,,,,,,,,,,,,,,,,,,,,,,,,,,,,,,,,,,,,,,,,,,,,,,,,,,,,,,,,,,,,,,,,,,,,,,,,,,,,,,,,,,,,,,,,,,,,,,,,,,,,,,,,,,,,,,,,,,,,,,,,,,,,,,,,,,,,,,,,,,,,,,,,,,,,,,,,,,,,,,,,,,,,,,,,,,,,,,,,,,,,,,,,,,
ACSSF,2019e1,nc,000,0026,0000140,,,,,,,,,,,,,,,,,,,,,,,,,,,,,,,,,,,,,,,,,,,,,,,,,,,,,,,,,,,,,,,,,,,,,,,,,,,,,,,,,,,,,,,,,,,,,,,,,,,,,,,,,,,,,,,,,,,,,,,,,,,,,,,,,,,,,,,,,,,,,,,,,,,,,,,,,,,,,,,,,,,,,,,,,,,,,,,,,,,,,,,,,,,,,,,,,,,,,,,,,,,,,,,,,,,,,,,,,,,,,,,,,,,,,,,,,,,,,,,,
ACSSF,2019e1,nc,000,0026,0000141,,,,,,,,,,,,,,,,,,,,,,,,,,,,,,,,,,,,,,,,,,,,,,,,,,,,,,,,,,,,,,,,,,,,,,,,,,,,,,,,,,,,,,,,,,,,,,,,,,,,,,,,,,,,,,,,,,,,,,,,,,,,,,,,,,,,,,,,,,,,,,,,,,,,,,,,,,,,,,,,,,,,,,,,,,,,,,,,,,,,,,,,,,,,,,,,,,,,,,,,,,,,,,,,,,,,,,,,,,,,,,,,,,,,,,,,,,,,,,,,
ACSSF,2019e1,nc,000,0026,0000142,,,,,,,,,,,,,,,,,,,,,,,,,,,,,,,,,,,,,,,,,,,,,,,,,,,,,,,,,,,,,,,,,,,,,,,,,,,,,,,,,,,,,,,,,,,,,,,,,,,,,,,,,,,,,,,,,,,,,,,,,,,,,,,,,,,,,,,,,,,,,,,,,,,,,,,,,,,,,,,,,,,,,,,,,,,,,,,,,,,,,,,,,,,,,,,,,,,,,,,,,,,,,,,,,,,,,,,,,,,,,,,,,,,,,,,,,,,,,,,,
ACSSF,2019e1,nc,000,0026,0000143,,,,,,,,,,,,,,,,,,,,,,,,,,,,,,,,,,,,,,,,,,,,,,,,,,,,,,,,,,,,,,,,,,,,,,,,,,,,,,,,,,,,,,,,,,,,,,,,,,,,,,,,,,,,,,,,,,,,,,,,,,,,,,,,,,,,,,,,,,,,,,,,,,,,,,,,,,,,,,,,,,,,,,,,,,,,,,,,,,,,,,,,,,,,,,,,,,,,,,,,,,,,,,,,,,,,,,,,,,,,,,,,,,,,,,,,,,,,,,,,
ACSSF,2019e1,nc,000,0026,0000144,,,,,,,,,,,,,,,,,,,,,,,,,,,,,,,,,,,,,,,,,,,,,,,,,,,,,,,,,,,,,,,,,,,,,,,,,,,,,,,,,,,,,,,,,,,,,,,,,,,,,,,,,,,,,,,,,,,,,,,,,,,,,,,,,,,,,,,,,,,,,,,,,,,,,,,,,,,,,,,,,,,,,,,,,,,,,,,,,,,,,,,,,,,,,,,,,,,,,,,,,,,,,,,,,,,,,,,,,,,,,,,,,,,,,,,,,,,,,,,,
ACSSF,2019e1,nc,000,0026,0000145,,,,,,,,,,,,,,,,,,,,,,,,,,,,,,,,,,,,,,,,,,,,,,,,,,,,,,,,,,,,,,,,,,,,,,,,,,,,,,,,,,,,,,,,,,,,,,,,,,,,,,,,,,,,,,,,,,,,,,,,,,,,,,,,,,,,,,,,,,,,,,,,,,,,,,,,,,,,,,,,,,,,,,,,,,,,,,,,,,,,,,,,,,,,,,,,,,,,,,,,,,,,,,,,,,,,,,,,,,,,,,,,,,,,,,,,,,,,,,,,
ACSSF,2019e1,nc,000,0026,0000146,,,,,,,,,,,,,,,,,,,,,,,,,,,,,,,,,,,,,,,,,,,,,,,,,,,,,,,,,,,,,,,,,,,,,,,,,,,,,,,,,,,,,,,,,,,,,,,,,,,,,,,,,,,,,,,,,,,,,,,,,,,,,,,,,,,,,,,,,,,,,,,,,,,,,,,,,,,,,,,,,,,,,,,,,,,,,,,,,,,,,,,,,,,,,,,,,,,,,,,,,,,,,,,,,,,,,,,,,,,,,,,,,,,,,,,,,,,,,,,,
ACSSF,2019e1,nc,000,0026,0000147,,,,,,,,,,,,,,,,,,,,,,,,,,,,,,,,,,,,,,,,,,,,,,,,,,,,,,,,,,,,,,,,,,,,,,,,,,,,,,,,,,,,,,,,,,,,,,,,,,,,,,,,,,,,,,,,,,,,,,,,,,,,,,,,,,,,,,,,,,,,,,,,,,,,,,,,,,,,,,,,,,,,,,,,,,,,,,,,,,,,,,,,,,,,,,,,,,,,,,,,,,,,,,,,,,,,,,,,,,,,,,,,,,,,,,,,,,,,,,,,
ACSSF,2019e1,nc,000,0026,0000148,,,,,,,,,,,,,,,,,,,,,,,,,,,,,,,,,,,,,,,,,,,,,,,,,,,,,,,,,,,,,,,,,,,,,,,,,,,,,,,,,,,,,,,,,,,,,,,,,,,,,,,,,,,,,,,,,,,,,,,,,,,,,,,,,,,,,,,,,,,,,,,,,,,,,,,,,,,,,,,,,,,,,,,,,,,,,,,,,,,,,,,,,,,,,,,,,,,,,,,,,,,,,,,,,,,,,,,,,,,,,,,,,,,,,,,,,,,,,,,,
ACSSF,2019e1,nc,000,0026,0000149,,,,,,,,,,,,,,,,,,,,,,,,,,,,,,,,,,,,,,,,,,,,,,,,,,,,,,,,,,,,,,,,,,,,,,,,,,,,,,,,,,,,,,,,,,,,,,,,,,,,,,,,,,,,,,,,,,,,,,,,,,,,,,,,,,,,,,,,,,,,,,,,,,,,,,,,,,,,,,,,,,,,,,,,,,,,,,,,,,,,,,,,,,,,,,,,,,,,,,,,,,,,,,,,,,,,,,,,,,,,,,,,,,,,,,,,,,,,,,,,
ACSSF,2019e1,nc,000,0026,0000150,,,,,,,,,,,,,,,,,,,,,,,,,,,,,,,,,,,,,,,,,,,,,,,,,,,,,,,,,,,,,,,,,,,,,,,,,,,,,,,,,,,,,,,,,,,,,,,,,,,,,,,,,,,,,,,,,,,,,,,,,,,,,,,,,,,,,,,,,,,,,,,,,,,,,,,,,,,,,,,,,,,,,,,,,,,,,,,,,,,,,,,,,,,,,,,,,,,,,,,,,,,,,,,,,,,,,,,,,,,,,,,,,,,,,,,,,,,,,,,,
ACSSF,2019e1,nc,000,0026,0000151,,,,,,,,,,,,,,,,,,,,,,,,,,,,,,,,,,,,,,,,,,,,,,,,,,,,,,,,,,,,,,,,,,,,,,,,,,,,,,,,,,,,,,,,,,,,,,,,,,,,,,,,,,,,,,,,,,,,,,,,,,,,,,,,,,,,,,,,,,,,,,,,,,,,,,,,,,,,,,,,,,,,,,,,,,,,,,,,,,,,,,,,,,,,,,,,,,,,,,,,,,,,,,,,,,,,,,,,,,,,,,,,,,,,,,,,,,,,,,,,
ACSSF,2019e1,nc,000,0026,0000152,,,,,,,,,,,,,,,,,,,,,,,,,,,,,,,,,,,,,,,,,,,,,,,,,,,,,,,,,,,,,,,,,,,,,,,,,,,,,,,,,,,,,,,,,,,,,,,,,,,,,,,,,,,,,,,,,,,,,,,,,,,,,,,,,,,,,,,,,,,,,,,,,,,,,,,,,,,,,,,,,,,,,,,,,,,,,,,,,,,,,,,,,,,,,,,,,,,,,,,,,,,,,,,,,,,,,,,,,,,,,,,,,,,,,,,,,,,,,,,,
ACSSF,2019e1,nc,000,0026,0000153,,,,,,,,,,,,,,,,,,,,,,,,,,,,,,,,,,,,,,,,,,,,,,,,,,,,,,,,,,,,,,,,,,,,,,,,,,,,,,,,,,,,,,,,,,,,,,,,,,,,,,,,,,,,,,,,,,,,,,,,,,,,,,,,,,,,,,,,,,,,,,,,,,,,,,,,,,,,,,,,,,,,,,,,,,,,,,,,,,,,,,,,,,,,,,,,,,,,,,,,,,,,,,,,,,,,,,,,,,,,,,,,,,,,,,,,,,,,,,,,
ACSSF,2019e1,nc,000,0026,0000154,,,,,,,,,,,,,,,,,,,,,,,,,,,,,,,,,,,,,,,,,,,,,,,,,,,,,,,,,,,,,,,,,,,,,,,,,,,,,,,,,,,,,,,,,,,,,,,,,,,,,,,,,,,,,,,,,,,,,,,,,,,,,,,,,,,,,,,,,,,,,,,,,,,,,,,,,,,,,,,,,,,,,,,,,,,,,,,,,,,,,,,,,,,,,,,,,,,,,,,,,,,,,,,,,,,,,,,,,,,,,,,,,,,,,,,,,,,,,,,,
ACSSF,2019e1,nc,000,0026,0000155,,,,,,,,,,,,,,,,,,,,,,,,,,,,,,,,,,,,,,,,,,,,,,,,,,,,,,,,,,,,,,,,,,,,,,,,,,,,,,,,,,,,,,,,,,,,,,,,,,,,,,,,,,,,,,,,,,,,,,,,,,,,,,,,,,,,,,,,,,,,,,,,,,,,,,,,,,,,,,,,,,,,,,,,,,,,,,,,,,,,,,,,,,,,,,,,,,,,,,,,,,,,,,,,,,,,,,,,,,,,,,,,,,,,,,,,,,,,,,,,
ACSSF,2019e1,nc,000,0026,0000156,,,,,,,,,,,,,,,,,,,,,,,,,,,,,,,,,,,,,,,,,,,,,,,,,,,,,,,,,,,,,,,,,,,,,,,,,,,,,,,,,,,,,,,,,,,,,,,,,,,,,,,,,,,,,,,,,,,,,,,,,,,,,,,,,,,,,,,,,,,,,,,,,,,,,,,,,,,,,,,,,,,,,,,,,,,,,,,,,,,,,,,,,,,,,,,,,,,,,,,,,,,,,,,,,,,,,,,,,,,,,,,,,,,,,,,,,,,,,,,,
ACSSF,2019e1,nc,000,0026,0000157,,,,,,,,,,,,,,,,,,,,,,,,,,,,,,,,,,,,,,,,,,,,,,,,,,,,,,,,,,,,,,,,,,,,,,,,,,,,,,,,,,,,,,,,,,,,,,,,,,,,,,,,,,,,,,,,,,,,,,,,,,,,,,,,,,,,,,,,,,,,,,,,,,,,,,,,,,,,,,,,,,,,,,,,,,,,,,,,,,,,,,,,,,,,,,,,,,,,,,,,,,,,,,,,,,,,,,,,,,,,,,,,,,,,,,,,,,,,,,,,
ACSSF,2019e1,nc,000,0026,0000158,,,,,,,,,,,,,,,,,,,,,,,,,,,,,,,,,,,,,,,,,,,,,,,,,,,,,,,,,,,,,,,,,,,,,,,,,,,,,,,,,,,,,,,,,,,,,,,,,,,,,,,,,,,,,,,,,,,,,,,,,,,,,,,,,,,,,,,,,,,,,,,,,,,,,,,,,,,,,,,,,,,,,,,,,,,,,,,,,,,,,,,,,,,,,,,,,,,,,,,,,,,,,,,,,,,,,,,,,,,,,,,,,,,,,,,,,,,,,,,,
ACSSF,2019e1,nc,000,0026,0000159,,,,,,,,,,,,,,,,,,,,,,,,,,,,,,,,,,,,,,,,,,,,,,,,,,,,,,,,,,,,,,,,,,,,,,,,,,,,,,,,,,,,,,,,,,,,,,,,,,,,,,,,,,,,,,,,,,,,,,,,,,,,,,,,,,,,,,,,,,,,,,,,,,,,,,,,,,,,,,,,,,,,,,,,,,,,,,,,,,,,,,,,,,,,,,,,,,,,,,,,,,,,,,,,,,,,,,,,,,,,,,,,,,,,,,,,,,,,,,,,
ACSSF,2019e1,nc,000,0026,0000160,,,,,,,,,,,,,,,,,,,,,,,,,,,,,,,,,,,,,,,,,,,,,,,,,,,,,,,,,,,,,,,,,,,,,,,,,,,,,,,,,,,,,,,,,,,,,,,,,,,,,,,,,,,,,,,,,,,,,,,,,,,,,,,,,,,,,,,,,,,,,,,,,,,,,,,,,,,,,,,,,,,,,,,,,,,,,,,,,,,,,,,,,,,,,,,,,,,,,,,,,,,,,,,,,,,,,,,,,,,,,,,,,,,,,,,,,,,,,,,,
ACSSF,2019e1,nc,000,0026,0000161,,,,,,,,,,,,,,,,,,,,,,,,,,,,,,,,,,,,,,,,,,,,,,,,,,,,,,,,,,,,,,,,,,,,,,,,,,,,,,,,,,,,,,,,,,,,,,,,,,,,,,,,,,,,,,,,,,,,,,,,,,,,,,,,,,,,,,,,,,,,,,,,,,,,,,,,,,,,,,,,,,,,,,,,,,,,,,,,,,,,,,,,,,,,,,,,,,,,,,,,,,,,,,,,,,,,,,,,,,,,,,,,,,,,,,,,,,,,,,,,
ACSSF,2019e1,nc,000,0026,0000162,,,,,,,,,,,,,,,,,,,,,,,,,,,,,,,,,,,,,,,,,,,,,,,,,,,,,,,,,,,,,,,,,,,,,,,,,,,,,,,,,,,,,,,,,,,,,,,,,,,,,,,,,,,,,,,,,,,,,,,,,,,,,,,,,,,,,,,,,,,,,,,,,,,,,,,,,,,,,,,,,,,,,,,,,,,,,,,,,,,,,,,,,,,,,,,,,,,,,,,,,,,,,,,,,,,,,,,,,,,,,,,,,,,,,,,,,,,,,,,,
ACSSF,2019e1,nc,000,0026,0000163,,,,,,,,,,,,,,,,,,,,,,,,,,,,,,,,,,,,,,,,,,,,,,,,,,,,,,,,,,,,,,,,,,,,,,,,,,,,,,,,,,,,,,,,,,,,,,,,,,,,,,,,,,,,,,,,,,,,,,,,,,,,,,,,,,,,,,,,,,,,,,,,,,,,,,,,,,,,,,,,,,,,,,,,,,,,,,,,,,,,,,,,,,,,,,,,,,,,,,,,,,,,,,,,,,,,,,,,,,,,,,,,,,,,,,,,,,,,,,,,
ACSSF,2019e1,nc,000,0026,0000164,,,,,,,,,,,,,,,,,,,,,,,,,,,,,,,,,,,,,,,,,,,,,,,,,,,,,,,,,,,,,,,,,,,,,,,,,,,,,,,,,,,,,,,,,,,,,,,,,,,,,,,,,,,,,,,,,,,,,,,,,,,,,,,,,,,,,,,,,,,,,,,,,,,,,,,,,,,,,,,,,,,,,,,,,,,,,,,,,,,,,,,,,,,,,,,,,,,,,,,,,,,,,,,,,,,,,,,,,,,,,,,,,,,,,,,,,,,,,,,,
ACSSF,2019e1,nc,000,0026,0000165,,,,,,,,,,,,,,,,,,,,,,,,,,,,,,,,,,,,,,,,,,,,,,,,,,,,,,,,,,,,,,,,,,,,,,,,,,,,,,,,,,,,,,,,,,,,,,,,,,,,,,,,,,,,,,,,,,,,,,,,,,,,,,,,,,,,,,,,,,,,,,,,,,,,,,,,,,,,,,,,,,,,,,,,,,,,,,,,,,,,,,,,,,,,,,,,,,,,,,,,,,,,,,,,,,,,,,,,,,,,,,,,,,,,,,,,,,,,,,,,
ACSSF,2019e1,nc,000,0026,0000166,,,,,,,,,,,,,,,,,,,,,,,,,,,,,,,,,,,,,,,,,,,,,,,,,,,,,,,,,,,,,,,,,,,,,,,,,,,,,,,,,,,,,,,,,,,,,,,,,,,,,,,,,,,,,,,,,,,,,,,,,,,,,,,,,,,,,,,,,,,,,,,,,,,,,,,,,,,,,,,,,,,,,,,,,,,,,,,,,,,,,,,,,,,,,,,,,,,,,,,,,,,,,,,,,,,,,,,,,,,,,,,,,,,,,,,,,,,,,,,,
ACSSF,2019e1,nc,000,0026,0000167,,,,,,,,,,,,,,,,,,,,,,,,,,,,,,,,,,,,,,,,,,,,,,,,,,,,,,,,,,,,,,,,,,,,,,,,,,,,,,,,,,,,,,,,,,,,,,,,,,,,,,,,,,,,,,,,,,,,,,,,,,,,,,,,,,,,,,,,,,,,,,,,,,,,,,,,,,,,,,,,,,,,,,,,,,,,,,,,,,,,,,,,,,,,,,,,,,,,,,,,,,,,,,,,,,,,,,,,,,,,,,,,,,,,,,,,,,,,,,,,
ACSSF,2019e1,nc,000,0026,0000168,,,,,,,,,,,,,,,,,,,,,,,,,,,,,,,,,,,,,,,,,,,,,,,,,,,,,,,,,,,,,,,,,,,,,,,,,,,,,,,,,,,,,,,,,,,,,,,,,,,,,,,,,,,,,,,,,,,,,,,,,,,,,,,,,,,,,,,,,,,,,,,,,,,,,,,,,,,,,,,,,,,,,,,,,,,,,,,,,,,,,,,,,,,,,,,,,,,,,,,,,,,,,,,,,,,,,,,,,,,,,,,,,,,,,,,,,,,,,,,,
ACSSF,2019e1,nc,000,0026,0000169,,,,,,,,,,,,,,,,,,,,,,,,,,,,,,,,,,,,,,,,,,,,,,,,,,,,,,,,,,,,,,,,,,,,,,,,,,,,,,,,,,,,,,,,,,,,,,,,,,,,,,,,,,,,,,,,,,,,,,,,,,,,,,,,,,,,,,,,,,,,,,,,,,,,,,,,,,,,,,,,,,,,,,,,,,,,,,,,,,,,,,,,,,,,,,,,,,,,,,,,,,,,,,,,,,,,,,,,,,,,,,,,,,,,,,,,,,,,,,,,
ACSSF,2019e1,nc,000,0026,0000170,,,,,,,,,,,,,,,,,,,,,,,,,,,,,,,,,,,,,,,,,,,,,,,,,,,,,,,,,,,,,,,,,,,,,,,,,,,,,,,,,,,,,,,,,,,,,,,,,,,,,,,,,,,,,,,,,,,,,,,,,,,,,,,,,,,,,,,,,,,,,,,,,,,,,,,,,,,,,,,,,,,,,,,,,,,,,,,,,,,,,,,,,,,,,,,,,,,,,,,,,,,,,,,,,,,,,,,,,,,,,,,,,,,,,,,,,,,,,,,,
ACSSF,2019e1,nc,000,0026,0000171,,,,,,,,,,,,,,,,,,,,,,,,,,,,,,,,,,,,,,,,,,,,,,,,,,,,,,,,,,,,,,,,,,,,,,,,,,,,,,,,,,,,,,,,,,,,,,,,,,,,,,,,,,,,,,,,,,,,,,,,,,,,,,,,,,,,,,,,,,,,,,,,,,,,,,,,,,,,,,,,,,,,,,,,,,,,,,,,,,,,,,,,,,,,,,,,,,,,,,,,,,,,,,,,,,,,,,,,,,,,,,,,,,,,,,,,,,,,,,,,
ACSSF,2019e1,nc,000,0026,0000172,,,,,,,,,,,,,,,,,,,,,,,,,,,,,,,,,,,,,,,,,,,,,,,,,,,,,,,,,,,,,,,,,,,,,,,,,,,,,,,,,,,,,,,,,,,,,,,,,,,,,,,,,,,,,,,,,,,,,,,,,,,,,,,,,,,,,,,,,,,,,,,,,,,,,,,,,,,,,,,,,,,,,,,,,,,,,,,,,,,,,,,,,,,,,,,,,,,,,,,,,,,,,,,,,,,,,,,,,,,,,,,,,,,,,,,,,,,,,,,,
ACSSF,2019e1,nc,000,0026,0000173,,,,,,,,,,,,,,,,,,,,,,,,,,,,,,,,,,,,,,,,,,,,,,,,,,,,,,,,,,,,,,,,,,,,,,,,,,,,,,,,,,,,,,,,,,,,,,,,,,,,,,,,,,,,,,,,,,,,,,,,,,,,,,,,,,,,,,,,,,,,,,,,,,,,,,,,,,,,,,,,,,,,,,,,,,,,,,,,,,,,,,,,,,,,,,,,,,,,,,,,,,,,,,,,,,,,,,,,,,,,,,,,,,,,,,,,,,,,,,,,
ACSSF,2019e1,nc,000,0026,0000174,,,,,,,,,,,,,,,,,,,,,,,,,,,,,,,,,,,,,,,,,,,,,,,,,,,,,,,,,,,,,,,,,,,,,,,,,,,,,,,,,,,,,,,,,,,,,,,,,,,,,,,,,,,,,,,,,,,,,,,,,,,,,,,,,,,,,,,,,,,,,,,,,,,,,,,,,,,,,,,,,,,,,,,,,,,,,,,,,,,,,,,,,,,,,,,,,,,,,,,,,,,,,,,,,,,,,,,,,,,,,,,,,,,,,,,,,,,,,,,,
ACSSF,2019e1,nc,000,0026,0000175,,,,,,,,,,,,,,,,,,,,,,,,,,,,,,,,,,,,,,,,,,,,,,,,,,,,,,,,,,,,,,,,,,,,,,,,,,,,,,,,,,,,,,,,,,,,,,,,,,,,,,,,,,,,,,,,,,,,,,,,,,,,,,,,,,,,,,,,,,,,,,,,,,,,,,,,,,,,,,,,,,,,,,,,,,,,,,,,,,,,,,,,,,,,,,,,,,,,,,,,,,,,,,,,,,,,,,,,,,,,,,,,,,,,,,,,,,,,,,,,
ACSSF,2019e1,nc,000,0026,0000176,,,,,,,,,,,,,,,,,,,,,,,,,,,,,,,,,,,,,,,,,,,,,,,,,,,,,,,,,,,,,,,,,,,,,,,,,,,,,,,,,,,,,,,,,,,,,,,,,,,,,,,,,,,,,,,,,,,,,,,,,,,,,,,,,,,,,,,,,,,,,,,,,,,,,,,,,,,,,,,,,,,,,,,,,,,,,,,,,,,,,,,,,,,,,,,,,,,,,,,,,,,,,,,,,,,,,,,,,,,,,,,,,,,,,,,,,,,,,,,,
ACSSF,2019e1,nc,000,0026,0000177,,,,,,,,,,,,,,,,,,,,,,,,,,,,,,,,,,,,,,,,,,,,,,,,,,,,,,,,,,,,,,,,,,,,,,,,,,,,,,,,,,,,,,,,,,,,,,,,,,,,,,,,,,,,,,,,,,,,,,,,,,,,,,,,,,,,,,,,,,,,,,,,,,,,,,,,,,,,,,,,,,,,,,,,,,,,,,,,,,,,,,,,,,,,,,,,,,,,,,,,,,,,,,,,,,,,,,,,,,,,,,,,,,,,,,,,,,,,,,,,
ACSSF,2019e1,nc,000,0026,0000178,,,,,,,,,,,,,,,,,,,,,,,,,,,,,,,,,,,,,,,,,,,,,,,,,,,,,,,,,,,,,,,,,,,,,,,,,,,,,,,,,,,,,,,,,,,,,,,,,,,,,,,,,,,,,,,,,,,,,,,,,,,,,,,,,,,,,,,,,,,,,,,,,,,,,,,,,,,,,,,,,,,,,,,,,,,,,,,,,,,,,,,,,,,,,,,,,,,,,,,,,,,,,,,,,,,,,,,,,,,,,,,,,,,,,,,,,,,,,,,,
ACSSF,2019e1,nc,000,0026,0000179,,,,,,,,,,,,,,,,,,,,,,,,,,,,,,,,,,,,,,,,,,,,,,,,,,,,,,,,,,,,,,,,,,,,,,,,,,,,,,,,,,,,,,,,,,,,,,,,,,,,,,,,,,,,,,,,,,,,,,,,,,,,,,,,,,,,,,,,,,,,,,,,,,,,,,,,,,,,,,,,,,,,,,,,,,,,,,,,,,,,,,,,,,,,,,,,,,,,,,,,,,,,,,,,,,,,,,,,,,,,,,,,,,,,,,,,,,,,,,,,
ACSSF,2019e1,nc,000,0026,0000180,,,,,,,,,,,,,,,,,,,,,,,,,,,,,,,,,,,,,,,,,,,,,,,,,,,,,,,,,,,,,,,,,,,,,,,,,,,,,,,,,,,,,,,,,,,,,,,,,,,,,,,,,,,,,,,,,,,,,,,,,,,,,,,,,,,,,,,,,,,,,,,,,,,,,,,,,,,,,,,,,,,,,,,,,,,,,,,,,,,,,,,,,,,,,,,,,,,,,,,,,,,,,,,,,,,,,,,,,,,,,,,,,,,,,,,,,,,,,,,,
ACSSF,2019e1,nc,000,0026,0000181,,,,,,,,,,,,,,,,,,,,,,,,,,,,,,,,,,,,,,,,,,,,,,,,,,,,,,,,,,,,,,,,,,,,,,,,,,,,,,,,,,,,,,,,,,,,,,,,,,,,,,,,,,,,,,,,,,,,,,,,,,,,,,,,,,,,,,,,,,,,,,,,,,,,,,,,,,,,,,,,,,,,,,,,,,,,,,,,,,,,,,,,,,,,,,,,,,,,,,,,,,,,,,,,,,,,,,,,,,,,,,,,,,,,,,,,,,,,,,,,
ACSSF,2019e1,nc,000,0026,0000182,,,,,,,,,,,,,,,,,,,,,,,,,,,,,,,,,,,,,,,,,,,,,,,,,,,,,,,,,,,,,,,,,,,,,,,,,,,,,,,,,,,,,,,,,,,,,,,,,,,,,,,,,,,,,,,,,,,,,,,,,,,,,,,,,,,,,,,,,,,,,,,,,,,,,,,,,,,,,,,,,,,,,,,,,,,,,,,,,,,,,,,,,,,,,,,,,,,,,,,,,,,,,,,,,,,,,,,,,,,,,,,,,,,,,,,,,,,,,,,,
ACSSF,2019e1,nc,000,0026,0000183,,,,,,,,,,,,,,,,,,,,,,,,,,,,,,,,,,,,,,,,,,,,,,,,,,,,,,,,,,,,,,,,,,,,,,,,,,,,,,,,,,,,,,,,,,,,,,,,,,,,,,,,,,,,,,,,,,,,,,,,,,,,,,,,,,,,,,,,,,,,,,,,,,,,,,,,,,,,,,,,,,,,,,,,,,,,,,,,,,,,,,,,,,,,,,,,,,,,,,,,,,,,,,,,,,,,,,,,,,,,,,,,,,,,,,,,,,,,,,,,
ACSSF,2019e1,nc,000,0026,0000184,,,,,,,,,,,,,,,,,,,,,,,,,,,,,,,,,,,,,,,,,,,,,,,,,,,,,,,,,,,,,,,,,,,,,,,,,,,,,,,,,,,,,,,,,,,,,,,,,,,,,,,,,,,,,,,,,,,,,,,,,,,,,,,,,,,,,,,,,,,,,,,,,,,,,,,,,,,,,,,,,,,,,,,,,,,,,,,,,,,,,,,,,,,,,,,,,,,,,,,,,,,,,,,,,,,,,,,,,,,,,,,,,,,,,,,,,,,,,,,,
ACSSF,2019e1,nc,000,0026,0000185,,,,,,,,,,,,,,,,,,,,,,,,,,,,,,,,,,,,,,,,,,,,,,,,,,,,,,,,,,,,,,,,,,,,,,,,,,,,,,,,,,,,,,,,,,,,,,,,,,,,,,,,,,,,,,,,,,,,,,,,,,,,,,,,,,,,,,,,,,,,,,,,,,,,,,,,,,,,,,,,,,,,,,,,,,,,,,,,,,,,,,,,,,,,,,,,,,,,,,,,,,,,,,,,,,,,,,,,,,,,,,,,,,,,,,,,,,,,,,,,
ACSSF,2019e1,nc,000,0026,0000186,,,,,,,,,,,,,,,,,,,,,,,,,,,,,,,,,,,,,,,,,,,,,,,,,,,,,,,,,,,,,,,,,,,,,,,,,,,,,,,,,,,,,,,,,,,,,,,,,,,,,,,,,,,,,,,,,,,,,,,,,,,,,,,,,,,,,,,,,,,,,,,,,,,,,,,,,,,,,,,,,,,,,,,,,,,,,,,,,,,,,,,,,,,,,,,,,,,,,,,,,,,,,,,,,,,,,,,,,,,,,,,,,,,,,,,,,,,,,,,,
ACSSF,2019e1,nc,000,0026,0000187,,,,,,,,,,,,,,,,,,,,,,,,,,,,,,,,,,,,,,,,,,,,,,,,,,,,,,,,,,,,,,,,,,,,,,,,,,,,,,,,,,,,,,,,,,,,,,,,,,,,,,,,,,,,,,,,,,,,,,,,,,,,,,,,,,,,,,,,,,,,,,,,,,,,,,,,,,,,,,,,,,,,,,,,,,,,,,,,,,,,,,,,,,,,,,,,,,,,,,,,,,,,,,,,,,,,,,,,,,,,,,,,,,,,,,,,,,,,,,,,
ACSSF,2019e1,nc,000,0026,0000188,,,,,,,,,,,,,,,,,,,,,,,,,,,,,,,,,,,,,,,,,,,,,,,,,,,,,,,,,,,,,,,,,,,,,,,,,,,,,,,,,,,,,,,,,,,,,,,,,,,,,,,,,,,,,,,,,,,,,,,,,,,,,,,,,,,,,,,,,,,,,,,,,,,,,,,,,,,,,,,,,,,,,,,,,,,,,,,,,,,,,,,,,,,,,,,,,,,,,,,,,,,,,,,,,,,,,,,,,,,,,,,,,,,,,,,,,,,,,,,,
ACSSF,2019e1,nc,000,0026,0000189,,,,,,,,,,,,,,,,,,,,,,,,,,,,,,,,,,,,,,,,,,,,,,,,,,,,,,,,,,,,,,,,,,,,,,,,,,,,,,,,,,,,,,,,,,,,,,,,,,,,,,,,,,,,,,,,,,,,,,,,,,,,,,,,,,,,,,,,,,,,,,,,,,,,,,,,,,,,,,,,,,,,,,,,,,,,,,,,,,,,,,,,,,,,,,,,,,,,,,,,,,,,,,,,,,,,,,,,,,,,,,,,,,,,,,,,,,,,,,,,
ACSSF,2019e1,nc,000,0026,0000190,,,,,,,,,,,,,,,,,,,,,,,,,,,,,,,,,,,,,,,,,,,,,,,,,,,,,,,,,,,,,,,,,,,,,,,,,,,,,,,,,,,,,,,,,,,,,,,,,,,,,,,,,,,,,,,,,,,,,,,,,,,,,,,,,,,,,,,,,,,,,,,,,,,,,,,,,,,,,,,,,,,,,,,,,,,,,,,,,,,,,,,,,,,,,,,,,,,,,,,,,,,,,,,,,,,,,,,,,,,,,,,,,,,,,,,,,,,,,,,,
ACSSF,2019e1,nc,000,0026,0000191,,,,,,,,,,,,,,,,,,,,,,,,,,,,,,,,,,,,,,,,,,,,,,,,,,,,,,,,,,,,,,,,,,,,,,,,,,,,,,,,,,,,,,,,,,,,,,,,,,,,,,,,,,,,,,,,,,,,,,,,,,,,,,,,,,,,,,,,,,,,,,,,,,,,,,,,,,,,,,,,,,,,,,,,,,,,,,,,,,,,,,,,,,,,,,,,,,,,,,,,,,,,,,,,,,,,,,,,,,,,,,,,,,,,,,,,,,,,,,,,
ACSSF,2019e1,nc,000,0026,0000192,,,,,,,,,,,,,,,,,,,,,,,,,,,,,,,,,,,,,,,,,,,,,,,,,,,,,,,,,,,,,,,,,,,,,,,,,,,,,,,,,,,,,,,,,,,,,,,,,,,,,,,,,,,,,,,,,,,,,,,,,,,,,,,,,,,,,,,,,,,,,,,,,,,,,,,,,,,,,,,,,,,,,,,,,,,,,,,,,,,,,,,,,,,,,,,,,,,,,,,,,,,,,,,,,,,,,,,,,,,,,,,,,,,,,,,,,,,,,,,,
ACSSF,2019e1,nc,000,0026,0000193,,,,,,,,,,,,,,,,,,,,,,,,,,,,,,,,,,,,,,,,,,,,,,,,,,,,,,,,,,,,,,,,,,,,,,,,,,,,,,,,,,,,,,,,,,,,,,,,,,,,,,,,,,,,,,,,,,,,,,,,,,,,,,,,,,,,,,,,,,,,,,,,,,,,,,,,,,,,,,,,,,,,,,,,,,,,,,,,,,,,,,,,,,,,,,,,,,,,,,,,,,,,,,,,,,,,,,,,,,,,,,,,,,,,,,,,,,,,,,,,
ACSSF,2019e1,nc,000,0026,0000194,,,,,,,,,,,,,,,,,,,,,,,,,,,,,,,,,,,,,,,,,,,,,,,,,,,,,,,,,,,,,,,,,,,,,,,,,,,,,,,,,,,,,,,,,,,,,,,,,,,,,,,,,,,,,,,,,,,,,,,,,,,,,,,,,,,,,,,,,,,,,,,,,,,,,,,,,,,,,,,,,,,,,,,,,,,,,,,,,,,,,,,,,,,,,,,,,,,,,,,,,,,,,,,,,,,,,,,,,,,,,,,,,,,,,,,,,,,,,,,,
ACSSF,2019e1,nc,000,0026,0000195,,,,,,,,,,,,,,,,,,,,,,,,,,,,,,,,,,,,,,,,,,,,,,,,,,,,,,,,,,,,,,,,,,,,,,,,,,,,,,,,,,,,,,,,,,,,,,,,,,,,,,,,,,,,,,,,,,,,,,,,,,,,,,,,,,,,,,,,,,,,,,,,,,,,,,,,,,,,,,,,,,,,,,,,,,,,,,,,,,,,,,,,,,,,,,,,,,,,,,,,,,,,,,,,,,,,,,,,,,,,,,,,,,,,,,,,,,,,,,,,
ACSSF,2019e1,nc,000,0026,0000196,,,,,,,,,,,,,,,,,,,,,,,,,,,,,,,,,,,,,,,,,,,,,,,,,,,,,,,,,,,,,,,,,,,,,,,,,,,,,,,,,,,,,,,,,,,,,,,,,,,,,,,,,,,,,,,,,,,,,,,,,,,,,,,,,,,,,,,,,,,,,,,,,,,,,,,,,,,,,,,,,,,,,,,,,,,,,,,,,,,,,,,,,,,,,,,,,,,,,,,,,,,,,,,,,,,,,,,,,,,,,,,,,,,,,,,,,,,,,,,,
ACSSF,2019e1,nc,000,0026,0000197,,,,,,,,,,,,,,,,,,,,,,,,,,,,,,,,,,,,,,,,,,,,,,,,,,,,,,,,,,,,,,,,,,,,,,,,,,,,,,,,,,,,,,,,,,,,,,,,,,,,,,,,,,,,,,,,,,,,,,,,,,,,,,,,,,,,,,,,,,,,,,,,,,,,,,,,,,,,,,,,,,,,,,,,,,,,,,,,,,,,,,,,,,,,,,,,,,,,,,,,,,,,,,,,,,,,,,,,,,,,,,,,,,,,,,,,,,,,,,,,
ACSSF,2019e1,nc,000,0026,0000198,,,,,,,,,,,,,,,,,,,,,,,,,,,,,,,,,,,,,,,,,,,,,,,,,,,,,,,,,,,,,,,,,,,,,,,,,,,,,,,,,,,,,,,,,,,,,,,,,,,,,,,,,,,,,,,,,,,,,,,,,,,,,,,,,,,,,,,,,,,,,,,,,,,,,,,,,,,,,,,,,,,,,,,,,,,,,,,,,,,,,,,,,,,,,,,,,,,,,,,,,,,,,,,,,,,,,,,,,,,,,,,,,,,,,,,,,,,,,,,,
ACSSF,2019e1,nc,000,0026,0000199,,,,,,,,,,,,,,,,,,,,,,,,,,,,,,,,,,,,,,,,,,,,,,,,,,,,,,,,,,,,,,,,,,,,,,,,,,,,,,,,,,,,,,,,,,,,,,,,,,,,,,,,,,,,,,,,,,,,,,,,,,,,,,,,,,,,,,,,,,,,,,,,,,,,,,,,,,,,,,,,,,,,,,,,,,,,,,,,,,,,,,,,,,,,,,,,,,,,,,,,,,,,,,,,,,,,,,,,,,,,,,,,,,,,,,,,,,,,,,,,
ACSSF,2019e1,nc,000,0026,0000200,,,,,,,,,,,,,,,,,,,,,,,,,,,,,,,,,,,,,,,,,,,,,,,,,,,,,,,,,,,,,,,,,,,,,,,,,,,,,,,,,,,,,,,,,,,,,,,,,,,,,,,,,,,,,,,,,,,,,,,,,,,,,,,,,,,,,,,,,,,,,,,,,,,,,,,,,,,,,,,,,,,,,,,,,,,,,,,,,,,,,,,,,,,,,,,,,,,,,,,,,,,,,,,,,,,,,,,,,,,,,,,,,,,,,,,,,,,,,,,,
ACSSF,2019e1,nc,000,0026,0000201,,,,,,,,,,,,,,,,,,,,,,,,,,,,,,,,,,,,,,,,,,,,,,,,,,,,,,,,,,,,,,,,,,,,,,,,,,,,,,,,,,,,,,,,,,,,,,,,,,,,,,,,,,,,,,,,,,,,,,,,,,,,,,,,,,,,,,,,,,,,,,,,,,,,,,,,,,,,,,,,,,,,,,,,,,,,,,,,,,,,,,,,,,,,,,,,,,,,,,,,,,,,,,,,,,,,,,,,,,,,,,,,,,,,,,,,,,,,,,,,
ACSSF,2019e1,nc,000,0026,0000202,,,,,,,,,,,,,,,,,,,,,,,,,,,,,,,,,,,,,,,,,,,,,,,,,,,,,,,,,,,,,,,,,,,,,,,,,,,,,,,,,,,,,,,,,,,,,,,,,,,,,,,,,,,,,,,,,,,,,,,,,,,,,,,,,,,,,,,,,,,,,,,,,,,,,,,,,,,,,,,,,,,,,,,,,,,,,,,,,,,,,,,,,,,,,,,,,,,,,,,,,,,,,,,,,,,,,,,,,,,,,,,,,,,,,,,,,,,,,,,,
ACSSF,2019e1,nc,000,0026,0000203,,,,,,,,,,,,,,,,,,,,,,,,,,,,,,,,,,,,,,,,,,,,,,,,,,,,,,,,,,,,,,,,,,,,,,,,,,,,,,,,,,,,,,,,,,,,,,,,,,,,,,,,,,,,,,,,,,,,,,,,,,,,,,,,,,,,,,,,,,,,,,,,,,,,,,,,,,,,,,,,,,,,,,,,,,,,,,,,,,,,,,,,,,,,,,,,,,,,,,,,,,,,,,,,,,,,,,,,,,,,,,,,,,,,,,,,,,,,,,,,
ACSSF,2019e1,nc,000,0026,0000204,,,,,,,,,,,,,,,,,,,,,,,,,,,,,,,,,,,,,,,,,,,,,,,,,,,,,,,,,,,,,,,,,,,,,,,,,,,,,,,,,,,,,,,,,,,,,,,,,,,,,,,,,,,,,,,,,,,,,,,,,,,,,,,,,,,,,,,,,,,,,,,,,,,,,,,,,,,,,,,,,,,,,,,,,,,,,,,,,,,,,,,,,,,,,,,,,,,,,,,,,,,,,,,,,,,,,,,,,,,,,,,,,,,,,,,,,,,,,,,,
ACSSF,2019e1,nc,000,0026,0000205,,,,,,,,,,,,,,,,,,,,,,,,,,,,,,,,,,,,,,,,,,,,,,,,,,,,,,,,,,,,,,,,,,,,,,,,,,,,,,,,,,,,,,,,,,,,,,,,,,,,,,,,,,,,,,,,,,,,,,,,,,,,,,,,,,,,,,,,,,,,,,,,,,,,,,,,,,,,,,,,,,,,,,,,,,,,,,,,,,,,,,,,,,,,,,,,,,,,,,,,,,,,,,,,,,,,,,,,,,,,,,,,,,,,,,,,,,,,,,,,
ACSSF,2019e1,nc,000,0026,0000206,,,,,,,,,,,,,,,,,,,,,,,,,,,,,,,,,,,,,,,,,,,,,,,,,,,,,,,,,,,,,,,,,,,,,,,,,,,,,,,,,,,,,,,,,,,,,,,,,,,,,,,,,,,,,,,,,,,,,,,,,,,,,,,,,,,,,,,,,,,,,,,,,,,,,,,,,,,,,,,,,,,,,,,,,,,,,,,,,,,,,,,,,,,,,,,,,,,,,,,,,,,,,,,,,,,,,,,,,,,,,,,,,,,,,,,,,,,,,,,,
ACSSF,2019e1,nc,000,0026,0000207,,,,,,,,,,,,,,,,,,,,,,,,,,,,,,,,,,,,,,,,,,,,,,,,,,,,,,,,,,,,,,,,,,,,,,,,,,,,,,,,,,,,,,,,,,,,,,,,,,,,,,,,,,,,,,,,,,,,,,,,,,,,,,,,,,,,,,,,,,,,,,,,,,,,,,,,,,,,,,,,,,,,,,,,,,,,,,,,,,,,,,,,,,,,,,,,,,,,,,,,,,,,,,,,,,,,,,,,,,,,,,,,,,,,,,,,,,,,,,,,
ACSSF,2019e1,nc,000,0026,0000208,,,,,,,,,,,,,,,,,,,,,,,,,,,,,,,,,,,,,,,,,,,,,,,,,,,,,,,,,,,,,,,,,,,,,,,,,,,,,,,,,,,,,,,,,,,,,,,,,,,,,,,,,,,,,,,,,,,,,,,,,,,,,,,,,,,,,,,,,,,,,,,,,,,,,,,,,,,,,,,,,,,,,,,,,,,,,,,,,,,,,,,,,,,,,,,,,,,,,,,,,,,,,,,,,,,,,,,,,,,,,,,,,,,,,,,,,,,,,,,,
ACSSF,2019e1,nc,000,0026,0000209,,,,,,,,,,,,,,,,,,,,,,,,,,,,,,,,,,,,,,,,,,,,,,,,,,,,,,,,,,,,,,,,,,,,,,,,,,,,,,,,,,,,,,,,,,,,,,,,,,,,,,,,,,,,,,,,,,,,,,,,,,,,,,,,,,,,,,,,,,,,,,,,,,,,,,,,,,,,,,,,,,,,,,,,,,,,,,,,,,,,,,,,,,,,,,,,,,,,,,,,,,,,,,,,,,,,,,,,,,,,,,,,,,,,,,,,,,,,,,,,
ACSSF,2019e1,nc,000,0026,0000210,,,,,,,,,,,,,,,,,,,,,,,,,,,,,,,,,,,,,,,,,,,,,,,,,,,,,,,,,,,,,,,,,,,,,,,,,,,,,,,,,,,,,,,,,,,,,,,,,,,,,,,,,,,,,,,,,,,,,,,,,,,,,,,,,,,,,,,,,,,,,,,,,,,,,,,,,,,,,,,,,,,,,,,,,,,,,,,,,,,,,,,,,,,,,,,,,,,,,,,,,,,,,,,,,,,,,,,,,,,,,,,,,,,,,,,,,,,,,,,,
ACSSF,2019e1,nc,000,0026,0000211,,,,,,,,,,,,,,,,,,,,,,,,,,,,,,,,,,,,,,,,,,,,,,,,,,,,,,,,,,,,,,,,,,,,,,,,,,,,,,,,,,,,,,,,,,,,,,,,,,,,,,,,,,,,,,,,,,,,,,,,,,,,,,,,,,,,,,,,,,,,,,,,,,,,,,,,,,,,,,,,,,,,,,,,,,,,,,,,,,,,,,,,,,,,,,,,,,,,,,,,,,,,,,,,,,,,,,,,,,,,,,,,,,,,,,,,,,,,,,,,
ACSSF,2019e1,nc,000,0026,0000212,,,,,,,,,,,,,,,,,,,,,,,,,,,,,,,,,,,,,,,,,,,,,,,,,,,,,,,,,,,,,,,,,,,,,,,,,,,,,,,,,,,,,,,,,,,,,,,,,,,,,,,,,,,,,,,,,,,,,,,,,,,,,,,,,,,,,,,,,,,,,,,,,,,,,,,,,,,,,,,,,,,,,,,,,,,,,,,,,,,,,,,,,,,,,,,,,,,,,,,,,,,,,,,,,,,,,,,,,,,,,,,,,,,,,,,,,,,,,,,,
