ACSSF,2019e1,nc,000,0043,0000001,4944291,4399729,3970962,428767,313846,61516,28635,15462,9308,56578,46147,2119,759,6481,1072,6984,6061,7796,87160,48727,331256,4613035,142209,94134,165552,279240,442761,572467,715903,603794,373732,375827,160454,66858,306751,313353,4613035,127856,416277,651554,764646,695132,324401,617561,160348,172874,357166,221792,103428,4944291,4876778,114322,935843,1992380,1834233,3951651,44203,716919,1646099,1544430,415293,20448,105350,148237,141258,53534,14873,16112,14152,8397,131826,28131,35352,35341,33002,324474,6667,62110,148551,107146,4944291,4399729,3970962,428767,313846,61516,53405,56578,87160,69568,331256
ACSSF,2019e1,nc,000,0043,0000002,,,,,,,,,,,,,,,,,,,,,,,,,,,,,,,,,,,,,,,,,,,,,,,,,,,,,,,,,,,,,,,,,,,,,,,,,,,,,,,,,,,,,,,,,,,
ACSSF,2019e1,nc,000,0043,0000003,,,,,,,,,,,,,,,,,,,,,,,,,,,,,,,,,,,,,,,,,,,,,,,,,,,,,,,,,,,,,,,,,,,,,,,,,,,,,,,,,,,,,,,,,,,
ACSSF,2019e1,nc,000,0043,0000004,,,,,,,,,,,,,,,,,,,,,,,,,,,,,,,,,,,,,,,,,,,,,,,,,,,,,,,,,,,,,,,,,,,,,,,,,,,,,,,,,,,,,,,,,,,
ACSSF,2019e1,nc,000,0043,0000005,,,,,,,,,,,,,,,,,,,,,,,,,,,,,,,,,,,,,,,,,,,,,,,,,,,,,,,,,,,,,,,,,,,,,,,,,,,,,,,,,,,,,,,,,,,
ACSSF,2019e1,nc,000,0043,0000006,,,,,,,,,,,,,,,,,,,,,,,,,,,,,,,,,,,,,,,,,,,,,,,,,,,,,,,,,,,,,,,,,,,,,,,,,,,,,,,,,,,,,,,,,,,
ACSSF,2019e1,nc,000,0043,0000007,,,,,,,,,,,,,,,,,,,,,,,,,,,,,,,,,,,,,,,,,,,,,,,,,,,,,,,,,,,,,,,,,,,,,,,,,,,,,,,,,,,,,,,,,,,
ACSSF,2019e1,nc,000,0043,0000008,,,,,,,,,,,,,,,,,,,,,,,,,,,,,,,,,,,,,,,,,,,,,,,,,,,,,,,,,,,,,,,,,,,,,,,,,,,,,,,,,,,,,,,,,,,
ACSSF,2019e1,nc,000,0043,0000009,,,,,,,,,,,,,,,,,,,,,,,,,,,,,,,,,,,,,,,,,,,,,,,,,,,,,,,,,,,,,,,,,,,,,,,,,,,,,,,,,,,,,,,,,,,
ACSSF,2019e1,nc,000,0043,0000010,,,,,,,,,,,,,,,,,,,,,,,,,,,,,,,,,,,,,,,,,,,,,,,,,,,,,,,,,,,,,,,,,,,,,,,,,,,,,,,,,,,,,,,,,,,
ACSSF,2019e1,nc,000,0043,0000011,,,,,,,,,,,,,,,,,,,,,,,,,,,,,,,,,,,,,,,,,,,,,,,,,,,,,,,,,,,,,,,,,,,,,,,,,,,,,,,,,,,,,,,,,,,
ACSSF,2019e1,nc,000,0043,0000012,,,,,,,,,,,,,,,,,,,,,,,,,,,,,,,,,,,,,,,,,,,,,,,,,,,,,,,,,,,,,,,,,,,,,,,,,,,,,,,,,,,,,,,,,,,
ACSSF,2019e1,nc,000,0043,0000013,,,,,,,,,,,,,,,,,,,,,,67651,1881,1397,2794,3911,6509,7983,11740,7358,3588,5976,2912,1500,3672,6430,67651,2935,7756,9308,14015,10974,5786,5777,2279,1463,3263,2698,1397,70399,70189,1877,13259,21180,33873,58550,105,11100,18202,29143,7016,919,1056,1855,3186,15,0,15,0,0,1910,853,661,144,252,2698,0,427,979,1292,70399,65696,58550,7146,5068,648,1430,45,840,1070,2748
ACSSF,2019e1,nc,000,0043,0000014,,,,,,,,,,,,,,,,,,,,,,39132,1745,1133,1968,2431,3252,5880,6607,4569,2613,2888,1697,346,1926,2077,39132,1447,3402,7278,6237,5652,2990,3674,1385,2278,2883,1509,397,43100,42975,1189,7509,17910,16367,32122,207,5477,13079,13359,6025,906,1457,2158,1504,258,0,0,0,258,624,0,167,335,122,3946,76,408,2338,1124,43100,38250,32225,6025,3679,861,1485,258,328,296,3968
ACSSF,2019e1,nc,000,0043,0000015,152113,131635,121028,10607,8111,1034,962,346,154,878,649,0,0,0,229,176,246,282,3109,1429,14358,137755,3017,2616,3311,5909,10382,14230,21713,21073,12002,14694,5212,3137,9842,10617,137755,1873,10182,16991,23553,33889,9283,17923,4845,2714,7950,5747,2805,152113,150892,3442,26404,63002,58044,120914,2084,19219,50094,49517,10494,311,1875,5494,2814,839,161,0,355,323,4706,769,1552,1329,1056,13939,117,3758,5730,4334,152113,131635,121028,10607,8111,1034,1462,878,3109,2133,14358
ACSSF,2019e1,nc,000,0043,0000016,,,,,,,,,,,,,,,,,,,,,,32838,1026,997,2105,2562,4245,6078,5203,2221,1458,1994,713,296,1727,2213,32838,1219,3989,5823,5901,4898,2704,4793,503,134,1766,715,393,34666,,,,,,,,,,,,,,,,,,,,,,,,,,,,,,,34666,32244,28556,3688,2033,1456,199,136,216,242,1828
ACSSF,2019e1,nc,000,0043,0000017,,,,,,,,,,,,,,,,,,,,,,82250,4214,1576,1964,4236,9296,7277,10588,11835,6051,7717,3487,1181,4800,8028,82250,2396,7170,9434,15818,12260,7135,10721,2699,2530,5439,4358,2290,89106,88750,1556,14393,36577,36224,70103,596,11998,29278,28231,8201,0,1304,3296,3601,362,0,93,117,152,3228,304,496,900,1528,6856,656,502,2986,2712,89106,78660,70314,8346,6000,1194,1152,362,884,2344,6856
ACSSF,2019e1,nc,000,0043,0000018,,,,,,,,,,,,,,,,,,,,,,26828,1926,1042,1260,2051,2894,2867,3992,2542,1236,1172,872,242,2229,2503,26828,874,3676,5013,5425,3401,1811,2619,579,769,1132,773,756,27744,,,,,,,,,,,,,,,,,,,,,,,,,,,,,,,27744,26168,22473,3695,2836,416,443,0,374,286,916
ACSSF,2019e1,nc,000,0043,0000019,,,,,,,,,,,,,,,,,,,,,,31254,282,428,732,1511,3101,3880,4837,3243,2700,3635,1957,1367,1698,1883,31254,1470,3830,5283,5220,4996,2567,4143,498,708,1610,487,442,32661,,,,,,,,,,,,,,,,,,,,,,,,,,,,,,,32661,30069,27503,2566,1878,444,244,140,229,816,1407
ACSSF,2019e1,nc,000,0043,0000020,,,,,,,,,,,,,,,,,,,,,,88571,4228,2443,5484,6334,9046,10098,13095,9744,4347,4762,1620,1821,6141,9408,88571,1807,7227,14952,16525,13749,7830,11484,3462,2901,4105,3123,1406,91380,91083,1381,13948,34832,40922,77685,217,10054,31291,36123,7798,301,3044,1631,2822,659,0,72,587,0,2132,863,333,373,563,2809,0,445,950,1414,91380,85635,77774,7861,6417,262,1182,676,1035,1225,2809
ACSSF,2019e1,nc,000,0043,0000021,,,,,,,,,,,,,,,,,,,,,,17272,885,330,652,809,2034,2663,3141,1467,1263,1584,83,0,1731,630,17272,1246,1514,1846,1623,2633,1766,3053,757,669,1261,493,411,19701,,,,,,,,,,,,,,,,,,,,,,,,,,,,,,,,,,,,,,,,,
ACSSF,2019e1,nc,000,0043,0000022,,,,,,,,,,,,,,,,,,,,,,35439,1501,711,1979,1420,3459,4327,6516,2771,2017,1601,1752,425,3494,3466,35439,1322,4963,3486,5286,7362,1409,4312,1338,963,2702,1112,1184,35930,,,,,,,,,,,,,,,,,,,,,,,,,,,,,,,35930,33327,30983,2344,2124,90,130,0,1656,456,491
ACSSF,2019e1,nc,000,0043,0000023,,,,,,,,,,,,,,,,,,,,,,49260,1544,2162,3055,4353,6391,7084,6982,5547,2429,2965,1948,397,2291,2112,49260,1210,5984,8668,8161,7325,2061,7935,741,1065,3685,2024,401,51662,48751,1666,8013,20298,18774,40495,452,6781,17497,15765,4578,213,655,1847,1863,179,0,0,142,37,1182,729,32,23,398,2317,272,545,789,711,51662,47813,41670,6143,3682,976,1485,199,718,530,2402
ACSSF,2019e1,nc,000,0043,0000024,182760,164980,149957,15023,12158,2002,507,226,130,916,881,0,35,0,0,670,231,304,8721,2047,4891,177869,4418,6821,11438,19091,17841,21672,22161,19242,10673,11209,4407,2603,14904,11389,177869,9144,18086,21727,33820,27237,10427,27007,5308,4524,11582,5305,3702,182760,169597,4141,40112,73314,52030,146105,1374,33945,64892,45894,12879,775,3372,5115,3617,873,281,153,319,120,4849,1336,1592,1221,700,4891,375,1050,1767,1699,182760,164980,149957,15023,12158,2002,863,916,8721,3252,4891
ACSSF,2019e1,nc,000,0043,0000025,,,,,,,,,,,,,,,,,,,,,,42061,1224,464,3218,2606,5752,7668,6280,4940,1444,2197,1211,409,1777,2871,42061,1512,6239,6583,7255,7304,1898,4697,1559,695,2520,959,840,43853,43680,926,6631,15421,20702,35311,251,4588,13342,17130,5466,39,1535,1582,2310,0,0,0,0,0,1161,529,68,154,410,1742,107,440,343,852,43853,40839,35359,5480,3802,881,797,61,346,815,1792
ACSSF,2019e1,nc,000,0043,0000026,210578,187178,173289,13889,10623,2321,333,477,135,5866,5686,65,115,0,0,155,316,817,3507,1152,11587,198991,3809,1965,3721,10457,16640,22887,31056,31108,25170,21165,8180,2921,11185,8727,198991,2594,10230,24509,29413,33762,15212,27836,9710,12357,19285,9772,4311,210578,209445,4726,48033,98282,58404,173050,1284,37540,83057,51169,13799,956,2721,6429,3693,5718,2170,2290,891,367,5473,316,1966,1798,1393,11405,0,3516,6107,1782,210578,187178,173289,13889,10623,2321,945,5866,3507,2440,11587
ACSSF,2019e1,nc,000,0043,0000027,197849,179546,164442,15104,12104,1603,1124,86,187,2482,2448,0,34,0,0,56,240,28,4296,2129,9072,188777,4895,2790,4669,11239,17889,20591,33070,26137,16922,14039,7227,2569,14988,11752,188777,3946,16208,25096,32138,37344,14141,24007,6528,5491,11606,7954,4318,197849,196112,5633,44575,70810,75094,164071,2447,37826,58731,65067,15096,515,3943,5421,5217,2173,854,520,732,67,5953,1756,1172,1723,1302,8819,61,1114,4203,3441,197849,179546,164442,15104,12104,1603,1397,2482,4296,2453,9072
ACSSF,2019e1,nc,000,0043,0000028,,,,,,,,,,,,,,,,,,,,,,13275,1166,204,549,239,1619,1370,1937,853,1235,1440,301,282,1250,830,13275,267,927,1376,1711,2482,958,1926,1053,629,1300,367,279,14426,,,,,,,,,,,,,,,,,,,,,,,,,,,,,,,,,,,,,,,,,
ACSSF,2019e1,nc,000,0043,0000029,,,,,,,,,,,,,,,,,,,,,,79731,2686,987,3567,4429,9888,8129,14684,9325,4193,5064,2574,730,6634,6841,79731,1338,8670,13782,15430,12683,4721,8564,2107,2671,4366,3926,1473,83469,83216,1939,15722,34013,31542,68874,1540,11697,28725,26912,8659,156,2398,3200,2905,329,0,329,0,0,1645,243,566,406,430,3709,0,732,1682,1295,83469,77533,68874,8659,6421,1262,976,479,847,872,3738
ACSSF,2019e1,nc,000,0043,0000030,299341,268229,242268,25961,19007,2500,2706,1262,486,5508,5301,0,207,0,0,274,571,410,6148,3972,14229,285112,8346,3749,9312,14231,25262,32836,44790,46171,22738,21452,11694,4159,23058,17314,285112,5343,23872,41598,55826,47144,19479,36552,9906,10320,18896,9953,6223,299341,293606,8283,61548,118006,105769,240162,1979,48404,99147,90632,25123,935,6466,10340,7382,5196,1888,962,1094,1252,9445,3386,3313,1485,1261,13680,95,2403,5940,5242,299341,268229,242268,25961,19007,2500,4454,5508,6148,5227,14229
ACSSF,2019e1,nc,000,0043,0000031,,,,,,,,,,,,,,,,,,,,,,27569,1035,858,917,3004,3469,2954,3993,3490,1490,1137,577,669,1859,2117,27569,1465,2328,3887,4532,4574,1617,2449,808,1009,2273,2308,319,29229,28501,566,5769,11229,10937,23210,488,4519,9487,8716,1879,54,625,585,615,408,0,0,408,0,1344,0,460,88,796,1660,24,165,661,810,29229,25466,23424,2042,1039,448,555,428,1594,81,1660
ACSSF,2019e1,nc,000,0043,0000032,,,,,,,,,,,,,,,,,,,,,,45358,1166,325,811,3270,4520,4136,7695,6462,2962,4577,1720,912,2875,3927,45358,2359,3402,8565,7743,6670,3724,3756,1128,2394,3446,1330,841,48837,48751,1052,7584,19282,20833,39954,62,5495,16374,18023,4358,218,1405,990,1745,144,144,0,0,0,839,628,88,0,123,3456,0,596,1918,942,48837,44367,40000,4367,2851,1076,440,152,156,683,3479
ACSSF,2019e1,nc,000,0043,0000033,86524,78895,70466,8429,5848,1056,788,567,170,8,0,8,0,0,0,42,63,62,1190,598,5666,80858,2531,1658,2939,4431,9590,13789,12990,9018,6358,5055,2170,818,4009,5502,80858,2237,7090,12392,18327,9981,5572,9921,1793,2608,5629,3494,1814,86524,86512,799,11004,32273,42436,70462,377,7331,27004,35750,8429,39,2386,3096,2908,0,0,0,0,0,1955,193,509,292,961,5666,190,778,1881,2817,86524,78895,70466,8429,5848,1056,1525,8,1190,765,5666
ACSSF,2019e1,nc,000,0043,0000034,,,,,,,,,,,,,,,,,,,,,,58149,3573,2076,2582,5138,5815,6039,7562,6669,3640,4270,2376,308,4200,3901,58149,1820,5531,8773,11857,7180,3253,7439,1354,1695,3681,4333,1233,65903,,,,,,,,,,,,,,,,,,,,,,,,,,,,,,,65903,57629,53453,4176,3319,399,458,21,203,296,7754
ACSSF,2019e1,nc,000,0043,0000035,,,,,,,,,,,,,,,,,,,,,,23743,706,645,1144,1862,2678,2971,3544,1970,1769,1498,806,204,1815,2131,23743,327,1976,4626,3489,3668,1212,3643,946,753,2094,1009,0,26291,,,,,,,,,,,,,,,,,,,,,,,,,,,,,,,26291,23368,21890,1478,1027,238,213,59,94,222,2548
ACSSF,2019e1,nc,000,0043,0000036,767947,663918,603231,60687,44997,6810,4856,2044,1980,20039,11874,1575,35,6431,124,2580,719,860,11631,6057,62143,705804,23744,14076,19840,35005,57351,86587,108006,96372,69948,75161,24797,9624,43073,42220,705804,6247,37593,69181,89151,105915,58749,115716,34026,36619,80048,52187,20372,767947,763196,19857,164404,340065,238870,602395,6609,123118,276989,195679,60294,2388,14862,21406,21638,19314,4528,5938,5806,3042,19440,4566,5763,6358,2753,61753,1766,14723,29506,15758,767947,663918,603231,60687,44997,6810,8880,20039,11631,10216,62143
ACSSF,2019e1,nc,000,0043,0000037,,,,,,,,,,,,,,,,,,,,,,42612,1388,660,2451,2223,4189,5674,6646,6238,3690,2284,1613,147,2271,3138,42612,1115,5446,6607,6693,4401,2472,4932,1982,1862,4637,1667,798,47116,46955,737,9426,17898,18894,35758,452,7248,13186,14872,4239,21,914,1748,1556,0,0,0,0,0,2462,264,527,689,982,4496,0,737,2275,1484,47116,40136,35758,4378,3104,824,450,14,402,2060,4504
ACSSF,2019e1,nc,000,0043,0000038,,,,,,,,,,,,,,,,,,,,,,37198,2127,402,2978,1789,3408,3318,5800,3360,3219,1782,770,281,4156,3808,37198,721,3452,7998,5716,6602,2368,3633,1236,405,2463,1402,1202,39400,39142,708,8713,14355,15366,33464,346,7626,11830,13662,2719,241,684,1275,519,0,0,0,0,0,757,0,0,572,185,2202,121,403,678,1000,39400,36213,33494,2719,2101,425,193,105,460,420,2202
ACSSF,2019e1,nc,000,0043,0000039,145462,127654,114327,13327,8705,1973,1460,1000,189,734,442,170,122,0,0,520,65,495,2596,632,12766,132696,2637,2236,3945,7369,12405,14609,19624,19529,10214,12086,4472,3435,10890,9245,132696,2883,11628,19965,28313,21896,8618,17960,1912,2705,8918,4347,3551,145462,143886,4485,28240,66034,45127,113895,1272,22316,53055,37252,12947,1247,2961,5145,3594,734,342,100,292,0,3787,1139,1098,977,573,12523,485,1765,6565,3708,145462,127654,114327,13327,8705,1973,2649,734,2596,1712,12766
ACSSF,2019e1,nc,000,0043,0000040,,,,,,,,,,,,,,,,,,,,,,94309,3576,3204,6459,10144,11966,16981,13911,7844,5309,2525,2725,778,2920,5967,94309,6894,15338,15138,12018,9673,6513,14210,3163,1504,6286,2988,584,99269,79886,1907,18075,31814,28090,64247,1109,12030,27173,23935,9750,0,5110,2519,2121,117,0,117,0,0,2361,798,433,50,1080,3411,0,385,2072,954,99269,84965,69610,15355,12595,2122,638,117,7567,1660,4960
ACSSF,2019e1,nc,000,0043,0000041,86968,67757,63041,4716,3157,955,123,425,56,6754,6706,48,0,0,0,0,131,1170,2883,264,8009,78959,909,1285,2468,2613,6943,10121,12660,10619,10240,7855,4202,888,3747,4409,78959,1042,6771,9458,11783,14507,7931,10335,2792,4659,6009,2420,1252,86968,84323,1899,18925,36362,27137,62506,151,12006,28420,21929,4708,0,761,1923,2024,6659,1276,2435,2345,603,4079,365,1498,1070,1146,6371,107,2225,2604,1435,86968,67757,63041,4716,3157,955,604,6754,2883,1565,8009
ACSSF,2019e1,nc,000,0043,0000042,,,,,,,,,,,,,,,,,,,,,,87022,2334,2474,2790,5370,4239,12617,15014,11196,8068,5810,1760,1079,8313,5958,87022,2229,10639,19263,13760,12773,3361,10234,943,3089,5185,3029,2517,92094,92077,3428,19447,35831,33371,75708,950,16642,30795,27321,7457,424,1036,2879,3118,1732,956,276,0,500,2108,336,967,513,292,5072,762,526,1644,2140,92094,83182,75725,7457,5877,1352,228,1732,1115,993,5072
ACSSF,2019e1,nc,000,0043,0000043,,,,,,,,,,,,,,,,,,,,,,46270,1731,759,3022,4221,6539,5525,6619,5370,2532,2845,633,407,2759,3308,46270,2593,6399,6915,8034,5740,2920,6870,2011,1438,2050,889,411,49135,49086,1029,7663,19765,20629,38546,891,5534,15411,16710,6513,0,1640,2833,2040,0,0,0,0,0,1167,138,0,503,526,2860,0,489,1018,1353,49135,45063,38546,6517,4525,1353,639,13,509,685,2865
ACSSF,2019e1,nc,000,0043,0000044,43320,41347,37313,4034,1899,959,636,156,384,264,235,0,0,29,0,0,55,0,282,448,924,42396,2496,951,1657,3192,4083,7211,6323,4645,2187,2213,869,552,3463,2554,42396,2514,4135,6378,8197,6274,2873,5127,1537,785,2679,925,972,43320,43277,741,9512,16701,16323,37313,393,7686,14710,14524,4007,176,1294,1632,905,248,0,175,31,42,785,172,245,102,266,924,0,112,226,586,43320,41347,37313,4034,1899,959,1176,264,282,503,924
ACSSF,2019e1,nc,000,0043,0000045,,,,,,,,,,,,,,,,,,,,,,27898,1096,372,1977,1837,3228,3633,3173,2246,1405,2041,1119,65,2528,3178,27898,663,3496,4112,6061,4593,1620,2866,1080,715,1150,1144,398,28691,,,,,,,,,,,,,,,,,,,,,,,,,,,,,,,28691,27242,24722,2520,2336,77,107,162,281,213,793
ACSSF,2019e1,nc,000,0043,0000046,,,,,,,,,,,,,,,,,,,,,,46684,1739,1455,1329,2736,4877,5409,7548,6511,2900,2615,1965,490,3571,3539,46684,2127,5235,7517,8003,6771,2809,5443,1516,534,2312,3239,1178,49200,48426,638,7966,16918,22904,40501,191,5743,14904,19663,4588,222,1471,952,1943,68,0,68,0,0,1235,225,126,498,386,2034,0,558,564,912,49200,45331,40673,4658,3262,1001,395,118,592,643,2516
ACSSF,2019e1,nc,000,0043,0000047,,,,,,,,,,,,,,,,,,,,,,17165,570,778,550,1010,1606,1772,2788,2935,1161,758,986,0,1420,831,17165,756,2129,2210,5964,2051,983,1199,361,389,726,321,76,17971,,,,,,,,,,,,,,,,,,,,,,,,,,,,,,,17971,15995,14436,1559,950,266,343,0,794,376,806
ACSSF,2019e1,nc,000,0043,0000048,,,,,,,,,,,,,,,,,,,,,,29115,872,895,733,1693,2944,3685,6677,3915,1907,1260,496,231,1305,2502,29115,1321,3902,3579,4651,4566,1546,3602,857,1118,1223,1750,1000,30150,,,,,,,,,,,,,,,,,,,,,,,,,,,,,,,30150,28756,26312,2444,2289,55,100,0,289,70,1035
ACSSF,2019e1,nc,000,0043,0000049,,,,,,,,,,,,,,,,,,,,,,73109,3072,1731,2663,4541,6906,11475,12093,7554,4920,5594,1332,1450,5442,4336,73109,2727,5756,11808,10837,8738,4944,11104,1769,2091,8444,3726,1165,83180,83008,997,10316,33463,38232,62914,698,6703,26200,29313,7360,191,1351,2799,3019,0,0,0,0,0,2663,108,979,283,1293,10071,0,1283,4181,4607,83180,70274,62914,7360,5360,1114,886,0,761,2074,10071
ACSSF,2019e1,nc,000,0043,0000050,637887,554649,506651,47998,33973,9745,1640,1836,804,4730,4588,97,45,0,0,1332,521,1275,6955,4243,64182,573705,11779,8636,14163,31879,50637,69423,84765,84459,60251,64644,23667,9402,27543,32457,573705,9397,31866,65073,94546,83491,46416,86708,25066,31153,52710,34599,12680,637887,635358,14164,112671,283917,224606,505393,6497,82138,228744,188014,47929,2446,11934,17287,16262,4559,1652,1717,527,663,13343,2729,4092,3661,2861,64134,840,12790,33698,16806,637887,554649,506651,47998,33973,9745,4280,4730,6955,7371,64182
ACSSF,2019e1,nc,000,0043,0000051,,,,,,,,,,,,,,,,,,,,,,48360,2508,724,772,2301,8322,7874,6372,5135,2966,1796,1419,848,3888,3435,48360,2619,8171,8749,9022,6758,2947,4427,964,657,1656,1666,724,49470,,,,,,,,,,,,,,,,,,,,,,,,,,,,,,,49470,47385,42107,5278,4249,685,344,527,183,265,1110
ACSSF,2019e1,nc,000,0043,0000052,,,,,,,,,,,,,,,,,,,,,,24186,1314,722,943,1351,2830,2616,3997,1884,1357,1681,261,311,1882,3037,24186,376,3436,4390,3950,3288,1909,2141,148,1264,1122,1996,166,25294,,,,,,,,,,,,,,,,,,,,,,,,,,,,,,,,,,,,,,,,,
ACSSF,2019e1,nc,000,0043,0000053,,,,,,,,,,,,,,,,,,,,,,38914,1390,876,1865,1711,4034,4538,7485,5326,2920,1592,813,517,2280,3567,38914,853,3288,7447,6662,5408,2860,4231,1637,525,3202,1623,1178,40533,,,,,,,,,,,,,,,,,,,,,,,,,,,,,,,40533,36801,34527,2274,1607,484,183,15,983,1115,1619
ACSSF,2019e1,nc,000,0043,0000054,102342,91996,84701,7295,5586,476,852,301,80,720,545,0,0,0,175,176,221,282,2245,391,6311,96031,1732,1743,1718,3861,5943,9388,14792,14832,8010,11541,3803,2546,7768,8354,96031,1096,5923,12940,16787,25856,6221,10774,3182,1863,5726,3588,2075,102342,101863,1965,18952,43193,37753,84630,657,13884,35968,34121,7281,261,1575,3626,1819,716,161,0,301,254,3182,769,985,847,581,6054,117,2508,2451,978,102342,91996,84701,7295,5586,476,1233,720,2245,1070,6311
ACSSF,2019e1,nc,000,0043,0000055,,,,,,,,,,,,,,,,,,,,,,90071,1207,1356,1987,4530,5782,9400,13458,15470,9873,10692,3190,2469,5029,5628,90071,1658,5954,12140,13773,13921,9083,11848,3949,5397,6988,3667,1693,99810,99205,3569,16396,46593,32647,79655,1605,12570,38390,27090,7474,995,1718,2772,1989,250,146,104,0,0,2087,524,150,1011,402,9739,299,1854,4420,3166,99810,87573,80079,7494,5175,2102,217,250,1343,905,9739
ACSSF,2019e1,nc,000,0043,0000056,647768,561957,510841,51116,37802,5504,4026,1905,1879,19207,11042,1575,35,6431,124,1967,606,757,9963,5531,47780,599988,20597,12129,16384,29152,47724,73242,94956,82811,61783,65347,20672,7328,33608,34255,599988,4529,29991,56242,74070,91224,49653,98390,29932,33620,69832,45851,16654,647768,643612,17498,142501,286901,196712,510005,5644,106042,235664,162655,50742,2355,13040,18435,16912,18482,4314,5673,5453,3042,16963,3873,5050,5511,2529,47420,1312,12696,21838,11574,647768,561957,510841,51116,37802,5504,7810,19207,9963,8861,47780
ACSSF,2019e1,nc,000,0043,0000057,,,,,,,,,,,,,,,,,,,,,,54138,2357,1072,896,2438,7185,4966,6646,8187,4038,4485,2338,511,3378,5641,54138,1308,3928,6262,10703,7430,4876,7793,1675,1939,3923,3012,1289,56904,,,,,,,,,,,,,,,,,,,,,,,,,,,,,,,56904,52036,46929,5107,3448,837,822,189,335,1578,2766
ACSSF,2019e1,nc,000,0043,0000058,178089,156593,143807,12786,9305,2003,333,1010,135,5586,5521,65,0,0,0,111,254,681,3159,1054,10651,167438,3573,1652,2799,8649,13990,19300,25350,26078,21421,17404,7066,2452,10405,7299,167438,2444,9241,22314,24599,26758,11982,24502,7583,10169,16082,8196,3568,178089,176956,4201,41185,82769,48801,143568,1011,31711,68698,42148,12696,751,2228,6347,3370,5438,2170,2125,891,252,4785,269,1756,1433,1327,10469,0,3365,5400,1704,178089,156593,143807,12786,9305,2003,1478,5586,3159,2100,10651
ACSSF,2019e1,nc,000,0043,0000059,147992,133790,121814,11976,9917,1709,257,40,53,646,646,0,0,0,0,462,188,304,8128,1849,2625,145367,3020,5604,10012,16828,13775,17300,18053,15692,8863,9517,3140,1734,13302,8527,145367,7659,14883,17201,28221,22035,7911,23617,4820,3797,8923,4492,1808,147992,135756,3464,33396,58157,40739,118341,1147,29087,51845,36262,9982,775,2148,4303,2756,631,281,153,77,120,4177,1092,1223,1221,641,2625,169,785,711,960,147992,133790,121814,11976,9917,1709,350,646,8128,2803,2625
ACSSF,2019e1,nc,000,0043,0000060,,,,,,,,,,,,,,,,,,,,,,48770,1799,871,1985,2155,4854,4638,10244,5718,2372,3850,1410,597,4540,3737,48770,695,3584,8824,10190,8003,2687,5727,1120,1700,2860,2536,844,50186,50014,1486,10017,20385,18126,42625,1205,8228,17431,15761,4984,72,952,2217,1743,329,0,329,0,0,682,209,235,122,116,1394,0,273,615,506,50186,47609,42625,4984,3393,689,902,479,313,369,1416
ACSSF,2019e1,nc,000,0043,0000061,191908,171507,154202,17305,12917,1866,1749,599,174,5104,4928,0,176,0,0,274,178,410,3923,2725,7787,184121,4484,1705,4665,8230,15461,20223,28624,31076,14818,16443,8552,2748,13887,13205,184121,3621,15077,26374,36122,27904,13363,24167,6499,7022,12259,7621,4092,191908,188347,4780,42850,73433,67284,153090,740,32144,62083,58123,16944,631,5281,6110,4922,4828,1858,624,1094,1252,6206,1499,2828,782,1097,7279,52,1973,3364,1890,191908,171507,154202,17305,12917,1866,2522,5104,3923,3587,7787
ACSSF,2019e1,nc,000,0043,0000062,,,,,,,,,,,,,,,,,,,,,,61013,1557,926,1991,2903,3852,8813,10938,8010,5784,3936,1336,1079,5543,4345,61013,1119,7591,14830,10719,8848,1717,6145,741,2157,3515,2080,1551,63790,63773,3201,14513,23652,22407,52951,848,12409,20929,18765,5005,394,904,1675,2032,1732,956,276,0,500,1308,336,672,240,60,2777,667,252,808,1050,63790,57973,52968,5005,4231,774,0,1732,945,363,2777
ACSSF,2019e1,nc,000,0043,0000063,,,,,,,,,,,,,,,,,,,,,,63701,2304,891,3762,3212,7384,8039,9675,8999,5416,2865,2396,801,5042,2915,63701,836,6409,10801,11692,12079,4142,6431,2467,2205,3712,1562,1365,65224,63060,1280,11502,27574,22704,54931,573,9769,23709,20880,4997,99,773,2896,1229,261,30,231,0,0,1389,535,421,390,43,1482,43,308,579,552,65224,61399,55925,5474,3878,409,1187,297,1465,540,1523
ACSSF,2019e1,nc,000,0043,0000064,,,,,,,,,,,,,,,,,,,,,,77217,2918,2692,5447,8470,9975,15635,9224,6657,4808,1542,1929,733,1959,5228,77217,6288,12492,12622,9768,7370,5280,10954,2963,1203,5314,2411,552,79133,,,,,,,,,,,,,,,,,,,,,,,,,,,,,,,79133,68496,54979,13517,11296,1757,464,47,7107,1567,1916
ACSSF,2019e1,nc,000,0043,0000065,339593,301298,278091,23207,16566,4205,720,1047,669,3981,3937,44,0,0,0,851,425,721,3613,2391,26313,313280,6334,4056,7601,16553,29290,39414,47979,43849,35045,35816,12186,4020,14853,16284,313280,4487,15072,31192,53131,45424,23241,50130,14296,16795,28349,23188,7975,339593,337973,7260,66788,145053,118872,277394,3006,48509,123600,102279,23167,782,6445,7939,8001,3870,1423,1350,434,663,7264,1508,2804,1573,1379,26278,541,7680,11507,6550,339593,301298,278091,23207,16566,4205,2436,3981,3613,4388,26313
ACSSF,2019e1,nc,000,0043,0000066,102222,92162,83341,8821,5989,980,787,945,120,734,442,170,122,0,0,520,65,495,2210,523,5513,96709,1981,1311,2063,4434,8230,10769,14527,16509,7803,8816,2758,2951,7931,6626,96709,1940,6335,15302,24068,16337,6276,12350,1446,1964,6429,2650,1612,102222,100878,3627,20290,45737,31224,83051,1272,16362,38773,26644,8524,472,2236,3062,2754,734,342,100,292,0,3292,1139,1039,705,409,5277,402,553,2905,1417,102222,92162,83341,8821,5989,980,1852,734,2210,1603,5513
ACSSF,2019e1,nc,000,0043,0000067,,,,,,,,,,,,,,,,,,,,,,143837,3561,2381,3301,8713,12713,16431,25495,20954,12923,9613,6088,1794,11208,8662,143837,2358,12847,18106,24652,28886,11995,17920,5544,4045,7795,6486,3203,148983,147253,4858,35770,53121,53504,125422,1960,31039,45240,47183,10307,443,2709,3524,3631,2173,854,520,732,67,4458,1540,788,1151,979,4893,61,714,2474,1644,148983,136108,125793,10315,8079,1281,955,2475,3310,1944,5146
ACSSF,2019e1,nc,000,0043,0000068,102342,91996,84701,7295,5586,476,852,301,80,720,545,0,0,0,175,176,221,282,2245,391,6311,96031,1732,1743,1718,3861,5943,9388,14792,14832,8010,11541,3803,2546,7768,8354,96031,1096,5923,12940,16787,25856,6221,10774,3182,1863,5726,3588,2075,102342,101863,1965,18952,43193,37753,84630,657,13884,35968,34121,7281,261,1575,3626,1819,716,161,0,301,254,3182,769,985,847,581,6054,117,2508,2451,978,102342,91996,84701,7295,5586,476,1233,720,2245,1070,6311
ACSSF,2019e1,nc,000,0043,0000069,647768,561957,510841,51116,37802,5504,4026,1905,1879,19207,11042,1575,35,6431,124,1967,606,757,9963,5531,47780,599988,20597,12129,16384,29152,47724,73242,94956,82811,61783,65347,20672,7328,33608,34255,599988,4529,29991,56242,74070,91224,49653,98390,29932,33620,69832,45851,16654,647768,643612,17498,142501,286901,196712,510005,5644,106042,235664,162655,50742,2355,13040,18435,16912,18482,4314,5673,5453,3042,16963,3873,5050,5511,2529,47420,1312,12696,21838,11574,647768,561957,510841,51116,37802,5504,7810,19207,9963,8861,47780
ACSSF,2019e1,nc,000,0043,0000070,,,,,,,,,,,,,,,,,,,,,,54138,2357,1072,896,2438,7185,4966,6646,8187,4038,4485,2338,511,3378,5641,54138,1308,3928,6262,10703,7430,4876,7793,1675,1939,3923,3012,1289,56904,,,,,,,,,,,,,,,,,,,,,,,,,,,,,,,56904,52036,46929,5107,3448,837,822,189,335,1578,2766
ACSSF,2019e1,nc,000,0043,0000071,,,,,,,,,,,,,,,,,,,,,,48770,1799,871,1985,2155,4854,4638,10244,5718,2372,3850,1410,597,4540,3737,48770,695,3584,8824,10190,8003,2687,5727,1120,1700,2860,2536,844,50186,50014,1486,10017,20385,18126,42625,1205,8228,17431,15761,4984,72,952,2217,1743,329,0,329,0,0,682,209,235,122,116,1394,0,273,615,506,50186,47609,42625,4984,3393,689,902,479,313,369,1416
ACSSF,2019e1,nc,000,0043,0000072,176372,154984,142759,12225,9305,1975,333,477,135,5586,5521,65,0,0,0,111,254,681,3159,946,10651,165721,3573,1652,2799,8524,13976,18691,25075,26078,20860,17349,7066,2452,10405,7221,165721,2444,9241,22314,24052,26758,11982,23700,7505,10141,15837,8179,3568,176372,175239,4201,41093,82103,47842,142520,1011,31619,68593,41297,12135,751,2228,5786,3370,5438,2170,2125,891,252,4677,269,1756,1433,1219,10469,0,3365,5400,1704,176372,154984,142759,12225,9305,1975,945,5586,3159,1992,10651
ACSSF,2019e1,nc,000,0043,0000073,147992,133790,121814,11976,9917,1709,257,40,53,646,646,0,0,0,0,462,188,304,8128,1849,2625,145367,3020,5604,10012,16828,13775,17300,18053,15692,8863,9517,3140,1734,13302,8527,145367,7659,14883,17201,28221,22035,7911,23617,4820,3797,8923,4492,1808,147992,135756,3464,33396,58157,40739,118341,1147,29087,51845,36262,9982,775,2148,4303,2756,631,281,153,77,120,4177,1092,1223,1221,641,2625,169,785,711,960,147992,133790,121814,11976,9917,1709,350,646,8128,2803,2625
ACSSF,2019e1,nc,000,0043,0000074,191908,171507,154202,17305,12917,1866,1749,599,174,5104,4928,0,176,0,0,274,178,410,3923,2725,7787,184121,4484,1705,4665,8230,15461,20223,28624,31076,14818,16443,8552,2748,13887,13205,184121,3621,15077,26374,36122,27904,13363,24167,6499,7022,12259,7621,4092,191908,188347,4780,42850,73433,67284,153090,740,32144,62083,58123,16944,631,5281,6110,4922,4828,1858,624,1094,1252,6206,1499,2828,782,1097,7279,52,1973,3364,1890,191908,171507,154202,17305,12917,1866,2522,5104,3923,3587,7787
ACSSF,2019e1,nc,000,0043,0000075,,,,,,,,,,,,,,,,,,,,,,62882,2304,891,3762,3212,7017,8039,9675,8819,5309,2865,2396,801,5042,2750,62882,836,6409,10710,11544,11753,4018,6342,2426,2205,3712,1562,1365,64405,62241,1280,11370,27124,22467,54112,573,9637,23259,20643,4997,99,773,2896,1229,261,30,231,0,0,1389,535,421,390,43,1482,43,308,579,552,64405,60580,55106,5474,3878,409,1187,297,1465,540,1523
ACSSF,2019e1,nc,000,0043,0000076,,,,,,,,,,,,,,,,,,,,,,61013,1557,926,1991,2903,3852,8813,10938,8010,5784,3936,1336,1079,5543,4345,61013,1119,7591,14830,10719,8848,1717,6145,741,2157,3515,2080,1551,63790,63773,3201,14513,23652,22407,52951,848,12409,20929,18765,5005,394,904,1675,2032,1732,956,276,0,500,1308,336,672,240,60,2777,667,252,808,1050,63790,57973,52968,5005,4231,774,0,1732,945,363,2777
ACSSF,2019e1,nc,000,0043,0000077,,,,,,,,,,,,,,,,,,,,,,77217,2918,2692,5447,8470,9975,15635,9224,6657,4808,1542,1929,733,1959,5228,77217,6288,12492,12622,9768,7370,5280,10954,2963,1203,5314,2411,552,79133,,,,,,,,,,,,,,,,,,,,,,,,,,,,,,,79133,68496,54979,13517,11296,1757,464,47,7107,1567,1916
ACSSF,2019e1,nc,000,0043,0000078,,,,,,,,,,,,,,,,,,,,,,89744,1207,1356,1987,4530,5782,9400,13251,15350,9873,10692,3190,2469,5029,5628,89744,1658,5954,12140,13773,13714,9083,11728,3949,5397,6988,3667,1693,99437,98832,3569,16396,46547,32320,79328,1605,12570,38390,26763,7474,995,1718,2772,1989,250,146,104,0,0,2087,524,150,1011,402,9693,299,1854,4374,3166,99437,87246,79752,7494,5175,2102,217,250,1343,905,9693
ACSSF,2019e1,nc,000,0043,0000079,338753,300458,277384,23074,16433,4205,720,1047,669,3981,3937,44,0,0,0,851,425,721,3613,2391,26313,312440,6334,4056,7601,16495,29054,39414,47760,43799,35045,35770,11955,4020,14853,16284,312440,4487,15001,31192,52987,45374,23241,49849,14296,16737,28113,23188,7975,338753,337133,7260,66542,144700,118631,276687,3006,48263,123247,102171,23034,782,6445,7939,7868,3870,1423,1350,434,663,7264,1508,2804,1573,1379,26278,541,7680,11507,6550,338753,300458,277384,23074,16433,4205,2436,3981,3613,4388,26313
ACSSF,2019e1,nc,000,0043,0000080,102222,92162,83341,8821,5989,980,787,945,120,734,442,170,122,0,0,520,65,495,2210,523,5513,96709,1981,1311,2063,4434,8230,10769,14527,16509,7803,8816,2758,2951,7931,6626,96709,1940,6335,15302,24068,16337,6276,12350,1446,1964,6429,2650,1612,102222,100878,3627,20290,45737,31224,83051,1272,16362,38773,26644,8524,472,2236,3062,2754,734,342,100,292,0,3292,1139,1039,705,409,5277,402,553,2905,1417,102222,92162,83341,8821,5989,980,1852,734,2210,1603,5513
ACSSF,2019e1,nc,000,0043,0000081,,,,,,,,,,,,,,,,,,,,,,143837,3561,2381,3301,8713,12713,16431,25495,20954,12923,9613,6088,1794,11208,8662,143837,2358,12847,18106,24652,28886,11995,17920,5544,4045,7795,6486,3203,148983,147253,4858,35770,53121,53504,125422,1960,31039,45240,47183,10307,443,2709,3524,3631,2173,854,520,732,67,4458,1540,788,1151,979,4893,61,714,2474,1644,148983,136108,125793,10315,8079,1281,955,2475,3310,1944,5146
ACSSF,2019e1,nc,000,0043,0000082,,,,,,,,,,,,,,,,,,,,,,,,,,,,,,,,,,,,,,,,,,,,,,,,,,,,,,,,,,,,,,,,,,,,,,,,,,,,,,,,,,,,,,,,,,,
ACSSF,2019e1,nc,000,0043,0000083,,,,,,,,,,,,,,,,,,,,,,,,,,,,,,,,,,,,,,,,,,,,,,,,,,,,,,,,,,,,,,,,,,,,,,,,,,,,,,,,,,,,,,,,,,,
ACSSF,2019e1,nc,000,0043,0000084,,,,,,,,,,,,,,,,,,,,,,,,,,,,,,,,,,,,,,,,,,,,,,,,,,,,,,,,,,,,,,,,,,,,,,,,,,,,,,,,,,,,,,,,,,,
ACSSF,2019e1,nc,000,0043,0000085,,,,,,,,,,,,,,,,,,,,,,,,,,,,,,,,,,,,,,,,,,,,,,,,,,,,,,,,,,,,,,,,,,,,,,,,,,,,,,,,,,,,,,,,,,,
ACSSF,2019e1,nc,000,0043,0000086,,,,,,,,,,,,,,,,,,,,,,,,,,,,,,,,,,,,,,,,,,,,,,,,,,,,,,,,,,,,,,,,,,,,,,,,,,,,,,,,,,,,,,,,,,,
ACSSF,2019e1,nc,000,0043,0000087,,,,,,,,,,,,,,,,,,,,,,,,,,,,,,,,,,,,,,,,,,,,,,,,,,,,,,,,,,,,,,,,,,,,,,,,,,,,,,,,,,,,,,,,,,,
ACSSF,2019e1,nc,000,0043,0000088,,,,,,,,,,,,,,,,,,,,,,,,,,,,,,,,,,,,,,,,,,,,,,,,,,,,,,,,,,,,,,,,,,,,,,,,,,,,,,,,,,,,,,,,,,,
ACSSF,2019e1,nc,000,0043,0000089,,,,,,,,,,,,,,,,,,,,,,,,,,,,,,,,,,,,,,,,,,,,,,,,,,,,,,,,,,,,,,,,,,,,,,,,,,,,,,,,,,,,,,,,,,,
ACSSF,2019e1,nc,000,0043,0000090,,,,,,,,,,,,,,,,,,,,,,,,,,,,,,,,,,,,,,,,,,,,,,,,,,,,,,,,,,,,,,,,,,,,,,,,,,,,,,,,,,,,,,,,,,,
ACSSF,2019e1,nc,000,0043,0000091,,,,,,,,,,,,,,,,,,,,,,,,,,,,,,,,,,,,,,,,,,,,,,,,,,,,,,,,,,,,,,,,,,,,,,,,,,,,,,,,,,,,,,,,,,,
ACSSF,2019e1,nc,000,0043,0000092,,,,,,,,,,,,,,,,,,,,,,,,,,,,,,,,,,,,,,,,,,,,,,,,,,,,,,,,,,,,,,,,,,,,,,,,,,,,,,,,,,,,,,,,,,,
ACSSF,2019e1,nc,000,0043,0000093,,,,,,,,,,,,,,,,,,,,,,,,,,,,,,,,,,,,,,,,,,,,,,,,,,,,,,,,,,,,,,,,,,,,,,,,,,,,,,,,,,,,,,,,,,,
ACSSF,2019e1,nc,000,0043,0000094,,,,,,,,,,,,,,,,,,,,,,,,,,,,,,,,,,,,,,,,,,,,,,,,,,,,,,,,,,,,,,,,,,,,,,,,,,,,,,,,,,,,,,,,,,,
ACSSF,2019e1,nc,000,0043,0000095,,,,,,,,,,,,,,,,,,,,,,,,,,,,,,,,,,,,,,,,,,,,,,,,,,,,,,,,,,,,,,,,,,,,,,,,,,,,,,,,,,,,,,,,,,,
ACSSF,2019e1,nc,000,0043,0000096,,,,,,,,,,,,,,,,,,,,,,,,,,,,,,,,,,,,,,,,,,,,,,,,,,,,,,,,,,,,,,,,,,,,,,,,,,,,,,,,,,,,,,,,,,,
ACSSF,2019e1,nc,000,0043,0000097,,,,,,,,,,,,,,,,,,,,,,,,,,,,,,,,,,,,,,,,,,,,,,,,,,,,,,,,,,,,,,,,,,,,,,,,,,,,,,,,,,,,,,,,,,,
ACSSF,2019e1,nc,000,0043,0000098,,,,,,,,,,,,,,,,,,,,,,,,,,,,,,,,,,,,,,,,,,,,,,,,,,,,,,,,,,,,,,,,,,,,,,,,,,,,,,,,,,,,,,,,,,,
ACSSF,2019e1,nc,000,0043,0000099,,,,,,,,,,,,,,,,,,,,,,,,,,,,,,,,,,,,,,,,,,,,,,,,,,,,,,,,,,,,,,,,,,,,,,,,,,,,,,,,,,,,,,,,,,,
ACSSF,2019e1,nc,000,0043,0000100,,,,,,,,,,,,,,,,,,,,,,,,,,,,,,,,,,,,,,,,,,,,,,,,,,,,,,,,,,,,,,,,,,,,,,,,,,,,,,,,,,,,,,,,,,,
ACSSF,2019e1,nc,000,0043,0000101,,,,,,,,,,,,,,,,,,,,,,,,,,,,,,,,,,,,,,,,,,,,,,,,,,,,,,,,,,,,,,,,,,,,,,,,,,,,,,,,,,,,,,,,,,,
ACSSF,2019e1,nc,000,0043,0000102,,,,,,,,,,,,,,,,,,,,,,,,,,,,,,,,,,,,,,,,,,,,,,,,,,,,,,,,,,,,,,,,,,,,,,,,,,,,,,,,,,,,,,,,,,,
ACSSF,2019e1,nc,000,0043,0000103,,,,,,,,,,,,,,,,,,,,,,,,,,,,,,,,,,,,,,,,,,,,,,,,,,,,,,,,,,,,,,,,,,,,,,,,,,,,,,,,,,,,,,,,,,,
ACSSF,2019e1,nc,000,0043,0000104,,,,,,,,,,,,,,,,,,,,,,,,,,,,,,,,,,,,,,,,,,,,,,,,,,,,,,,,,,,,,,,,,,,,,,,,,,,,,,,,,,,,,,,,,,,
ACSSF,2019e1,nc,000,0043,0000105,,,,,,,,,,,,,,,,,,,,,,,,,,,,,,,,,,,,,,,,,,,,,,,,,,,,,,,,,,,,,,,,,,,,,,,,,,,,,,,,,,,,,,,,,,,
ACSSF,2019e1,nc,000,0043,0000106,,,,,,,,,,,,,,,,,,,,,,,,,,,,,,,,,,,,,,,,,,,,,,,,,,,,,,,,,,,,,,,,,,,,,,,,,,,,,,,,,,,,,,,,,,,
ACSSF,2019e1,nc,000,0043,0000107,,,,,,,,,,,,,,,,,,,,,,,,,,,,,,,,,,,,,,,,,,,,,,,,,,,,,,,,,,,,,,,,,,,,,,,,,,,,,,,,,,,,,,,,,,,
ACSSF,2019e1,nc,000,0043,0000108,,,,,,,,,,,,,,,,,,,,,,,,,,,,,,,,,,,,,,,,,,,,,,,,,,,,,,,,,,,,,,,,,,,,,,,,,,,,,,,,,,,,,,,,,,,
ACSSF,2019e1,nc,000,0043,0000109,,,,,,,,,,,,,,,,,,,,,,,,,,,,,,,,,,,,,,,,,,,,,,,,,,,,,,,,,,,,,,,,,,,,,,,,,,,,,,,,,,,,,,,,,,,
ACSSF,2019e1,nc,000,0043,0000110,,,,,,,,,,,,,,,,,,,,,,,,,,,,,,,,,,,,,,,,,,,,,,,,,,,,,,,,,,,,,,,,,,,,,,,,,,,,,,,,,,,,,,,,,,,
ACSSF,2019e1,nc,000,0043,0000111,,,,,,,,,,,,,,,,,,,,,,,,,,,,,,,,,,,,,,,,,,,,,,,,,,,,,,,,,,,,,,,,,,,,,,,,,,,,,,,,,,,,,,,,,,,
ACSSF,2019e1,nc,000,0043,0000112,,,,,,,,,,,,,,,,,,,,,,,,,,,,,,,,,,,,,,,,,,,,,,,,,,,,,,,,,,,,,,,,,,,,,,,,,,,,,,,,,,,,,,,,,,,
ACSSF,2019e1,nc,000,0043,0000113,,,,,,,,,,,,,,,,,,,,,,,,,,,,,,,,,,,,,,,,,,,,,,,,,,,,,,,,,,,,,,,,,,,,,,,,,,,,,,,,,,,,,,,,,,,
ACSSF,2019e1,nc,000,0043,0000114,,,,,,,,,,,,,,,,,,,,,,,,,,,,,,,,,,,,,,,,,,,,,,,,,,,,,,,,,,,,,,,,,,,,,,,,,,,,,,,,,,,,,,,,,,,
ACSSF,2019e1,nc,000,0043,0000115,,,,,,,,,,,,,,,,,,,,,,,,,,,,,,,,,,,,,,,,,,,,,,,,,,,,,,,,,,,,,,,,,,,,,,,,,,,,,,,,,,,,,,,,,,,
ACSSF,2019e1,nc,000,0043,0000116,,,,,,,,,,,,,,,,,,,,,,,,,,,,,,,,,,,,,,,,,,,,,,,,,,,,,,,,,,,,,,,,,,,,,,,,,,,,,,,,,,,,,,,,,,,
ACSSF,2019e1,nc,000,0043,0000117,,,,,,,,,,,,,,,,,,,,,,,,,,,,,,,,,,,,,,,,,,,,,,,,,,,,,,,,,,,,,,,,,,,,,,,,,,,,,,,,,,,,,,,,,,,
ACSSF,2019e1,nc,000,0043,0000118,,,,,,,,,,,,,,,,,,,,,,,,,,,,,,,,,,,,,,,,,,,,,,,,,,,,,,,,,,,,,,,,,,,,,,,,,,,,,,,,,,,,,,,,,,,
ACSSF,2019e1,nc,000,0043,0000119,,,,,,,,,,,,,,,,,,,,,,,,,,,,,,,,,,,,,,,,,,,,,,,,,,,,,,,,,,,,,,,,,,,,,,,,,,,,,,,,,,,,,,,,,,,
ACSSF,2019e1,nc,000,0043,0000120,,,,,,,,,,,,,,,,,,,,,,,,,,,,,,,,,,,,,,,,,,,,,,,,,,,,,,,,,,,,,,,,,,,,,,,,,,,,,,,,,,,,,,,,,,,
ACSSF,2019e1,nc,000,0043,0000121,,,,,,,,,,,,,,,,,,,,,,,,,,,,,,,,,,,,,,,,,,,,,,,,,,,,,,,,,,,,,,,,,,,,,,,,,,,,,,,,,,,,,,,,,,,
ACSSF,2019e1,nc,000,0043,0000122,,,,,,,,,,,,,,,,,,,,,,,,,,,,,,,,,,,,,,,,,,,,,,,,,,,,,,,,,,,,,,,,,,,,,,,,,,,,,,,,,,,,,,,,,,,
ACSSF,2019e1,nc,000,0043,0000123,,,,,,,,,,,,,,,,,,,,,,,,,,,,,,,,,,,,,,,,,,,,,,,,,,,,,,,,,,,,,,,,,,,,,,,,,,,,,,,,,,,,,,,,,,,
ACSSF,2019e1,nc,000,0043,0000124,,,,,,,,,,,,,,,,,,,,,,,,,,,,,,,,,,,,,,,,,,,,,,,,,,,,,,,,,,,,,,,,,,,,,,,,,,,,,,,,,,,,,,,,,,,
ACSSF,2019e1,nc,000,0043,0000125,,,,,,,,,,,,,,,,,,,,,,,,,,,,,,,,,,,,,,,,,,,,,,,,,,,,,,,,,,,,,,,,,,,,,,,,,,,,,,,,,,,,,,,,,,,
ACSSF,2019e1,nc,000,0043,0000126,,,,,,,,,,,,,,,,,,,,,,,,,,,,,,,,,,,,,,,,,,,,,,,,,,,,,,,,,,,,,,,,,,,,,,,,,,,,,,,,,,,,,,,,,,,
ACSSF,2019e1,nc,000,0043,0000127,,,,,,,,,,,,,,,,,,,,,,,,,,,,,,,,,,,,,,,,,,,,,,,,,,,,,,,,,,,,,,,,,,,,,,,,,,,,,,,,,,,,,,,,,,,
ACSSF,2019e1,nc,000,0043,0000128,,,,,,,,,,,,,,,,,,,,,,,,,,,,,,,,,,,,,,,,,,,,,,,,,,,,,,,,,,,,,,,,,,,,,,,,,,,,,,,,,,,,,,,,,,,
ACSSF,2019e1,nc,000,0043,0000129,,,,,,,,,,,,,,,,,,,,,,,,,,,,,,,,,,,,,,,,,,,,,,,,,,,,,,,,,,,,,,,,,,,,,,,,,,,,,,,,,,,,,,,,,,,
ACSSF,2019e1,nc,000,0043,0000130,,,,,,,,,,,,,,,,,,,,,,,,,,,,,,,,,,,,,,,,,,,,,,,,,,,,,,,,,,,,,,,,,,,,,,,,,,,,,,,,,,,,,,,,,,,
ACSSF,2019e1,nc,000,0043,0000131,,,,,,,,,,,,,,,,,,,,,,,,,,,,,,,,,,,,,,,,,,,,,,,,,,,,,,,,,,,,,,,,,,,,,,,,,,,,,,,,,,,,,,,,,,,
ACSSF,2019e1,nc,000,0043,0000132,,,,,,,,,,,,,,,,,,,,,,,,,,,,,,,,,,,,,,,,,,,,,,,,,,,,,,,,,,,,,,,,,,,,,,,,,,,,,,,,,,,,,,,,,,,
ACSSF,2019e1,nc,000,0043,0000133,,,,,,,,,,,,,,,,,,,,,,,,,,,,,,,,,,,,,,,,,,,,,,,,,,,,,,,,,,,,,,,,,,,,,,,,,,,,,,,,,,,,,,,,,,,
ACSSF,2019e1,nc,000,0043,0000134,,,,,,,,,,,,,,,,,,,,,,,,,,,,,,,,,,,,,,,,,,,,,,,,,,,,,,,,,,,,,,,,,,,,,,,,,,,,,,,,,,,,,,,,,,,
ACSSF,2019e1,nc,000,0043,0000135,,,,,,,,,,,,,,,,,,,,,,,,,,,,,,,,,,,,,,,,,,,,,,,,,,,,,,,,,,,,,,,,,,,,,,,,,,,,,,,,,,,,,,,,,,,
ACSSF,2019e1,nc,000,0043,0000136,,,,,,,,,,,,,,,,,,,,,,,,,,,,,,,,,,,,,,,,,,,,,,,,,,,,,,,,,,,,,,,,,,,,,,,,,,,,,,,,,,,,,,,,,,,
ACSSF,2019e1,nc,000,0043,0000137,,,,,,,,,,,,,,,,,,,,,,,,,,,,,,,,,,,,,,,,,,,,,,,,,,,,,,,,,,,,,,,,,,,,,,,,,,,,,,,,,,,,,,,,,,,
ACSSF,2019e1,nc,000,0043,0000138,,,,,,,,,,,,,,,,,,,,,,,,,,,,,,,,,,,,,,,,,,,,,,,,,,,,,,,,,,,,,,,,,,,,,,,,,,,,,,,,,,,,,,,,,,,
ACSSF,2019e1,nc,000,0043,0000139,,,,,,,,,,,,,,,,,,,,,,,,,,,,,,,,,,,,,,,,,,,,,,,,,,,,,,,,,,,,,,,,,,,,,,,,,,,,,,,,,,,,,,,,,,,
ACSSF,2019e1,nc,000,0043,0000140,,,,,,,,,,,,,,,,,,,,,,,,,,,,,,,,,,,,,,,,,,,,,,,,,,,,,,,,,,,,,,,,,,,,,,,,,,,,,,,,,,,,,,,,,,,
ACSSF,2019e1,nc,000,0043,0000141,,,,,,,,,,,,,,,,,,,,,,,,,,,,,,,,,,,,,,,,,,,,,,,,,,,,,,,,,,,,,,,,,,,,,,,,,,,,,,,,,,,,,,,,,,,
ACSSF,2019e1,nc,000,0043,0000142,,,,,,,,,,,,,,,,,,,,,,,,,,,,,,,,,,,,,,,,,,,,,,,,,,,,,,,,,,,,,,,,,,,,,,,,,,,,,,,,,,,,,,,,,,,
ACSSF,2019e1,nc,000,0043,0000143,,,,,,,,,,,,,,,,,,,,,,,,,,,,,,,,,,,,,,,,,,,,,,,,,,,,,,,,,,,,,,,,,,,,,,,,,,,,,,,,,,,,,,,,,,,
ACSSF,2019e1,nc,000,0043,0000144,,,,,,,,,,,,,,,,,,,,,,,,,,,,,,,,,,,,,,,,,,,,,,,,,,,,,,,,,,,,,,,,,,,,,,,,,,,,,,,,,,,,,,,,,,,
ACSSF,2019e1,nc,000,0043,0000145,,,,,,,,,,,,,,,,,,,,,,,,,,,,,,,,,,,,,,,,,,,,,,,,,,,,,,,,,,,,,,,,,,,,,,,,,,,,,,,,,,,,,,,,,,,
ACSSF,2019e1,nc,000,0043,0000146,,,,,,,,,,,,,,,,,,,,,,,,,,,,,,,,,,,,,,,,,,,,,,,,,,,,,,,,,,,,,,,,,,,,,,,,,,,,,,,,,,,,,,,,,,,
ACSSF,2019e1,nc,000,0043,0000147,,,,,,,,,,,,,,,,,,,,,,,,,,,,,,,,,,,,,,,,,,,,,,,,,,,,,,,,,,,,,,,,,,,,,,,,,,,,,,,,,,,,,,,,,,,
ACSSF,2019e1,nc,000,0043,0000148,,,,,,,,,,,,,,,,,,,,,,,,,,,,,,,,,,,,,,,,,,,,,,,,,,,,,,,,,,,,,,,,,,,,,,,,,,,,,,,,,,,,,,,,,,,
ACSSF,2019e1,nc,000,0043,0000149,,,,,,,,,,,,,,,,,,,,,,,,,,,,,,,,,,,,,,,,,,,,,,,,,,,,,,,,,,,,,,,,,,,,,,,,,,,,,,,,,,,,,,,,,,,
ACSSF,2019e1,nc,000,0043,0000150,,,,,,,,,,,,,,,,,,,,,,,,,,,,,,,,,,,,,,,,,,,,,,,,,,,,,,,,,,,,,,,,,,,,,,,,,,,,,,,,,,,,,,,,,,,
ACSSF,2019e1,nc,000,0043,0000151,,,,,,,,,,,,,,,,,,,,,,,,,,,,,,,,,,,,,,,,,,,,,,,,,,,,,,,,,,,,,,,,,,,,,,,,,,,,,,,,,,,,,,,,,,,
ACSSF,2019e1,nc,000,0043,0000152,,,,,,,,,,,,,,,,,,,,,,,,,,,,,,,,,,,,,,,,,,,,,,,,,,,,,,,,,,,,,,,,,,,,,,,,,,,,,,,,,,,,,,,,,,,
ACSSF,2019e1,nc,000,0043,0000153,,,,,,,,,,,,,,,,,,,,,,,,,,,,,,,,,,,,,,,,,,,,,,,,,,,,,,,,,,,,,,,,,,,,,,,,,,,,,,,,,,,,,,,,,,,
ACSSF,2019e1,nc,000,0043,0000154,,,,,,,,,,,,,,,,,,,,,,,,,,,,,,,,,,,,,,,,,,,,,,,,,,,,,,,,,,,,,,,,,,,,,,,,,,,,,,,,,,,,,,,,,,,
ACSSF,2019e1,nc,000,0043,0000155,,,,,,,,,,,,,,,,,,,,,,,,,,,,,,,,,,,,,,,,,,,,,,,,,,,,,,,,,,,,,,,,,,,,,,,,,,,,,,,,,,,,,,,,,,,
ACSSF,2019e1,nc,000,0043,0000156,,,,,,,,,,,,,,,,,,,,,,,,,,,,,,,,,,,,,,,,,,,,,,,,,,,,,,,,,,,,,,,,,,,,,,,,,,,,,,,,,,,,,,,,,,,
ACSSF,2019e1,nc,000,0043,0000157,,,,,,,,,,,,,,,,,,,,,,,,,,,,,,,,,,,,,,,,,,,,,,,,,,,,,,,,,,,,,,,,,,,,,,,,,,,,,,,,,,,,,,,,,,,
ACSSF,2019e1,nc,000,0043,0000158,,,,,,,,,,,,,,,,,,,,,,,,,,,,,,,,,,,,,,,,,,,,,,,,,,,,,,,,,,,,,,,,,,,,,,,,,,,,,,,,,,,,,,,,,,,
ACSSF,2019e1,nc,000,0043,0000159,,,,,,,,,,,,,,,,,,,,,,,,,,,,,,,,,,,,,,,,,,,,,,,,,,,,,,,,,,,,,,,,,,,,,,,,,,,,,,,,,,,,,,,,,,,
ACSSF,2019e1,nc,000,0043,0000160,,,,,,,,,,,,,,,,,,,,,,,,,,,,,,,,,,,,,,,,,,,,,,,,,,,,,,,,,,,,,,,,,,,,,,,,,,,,,,,,,,,,,,,,,,,
ACSSF,2019e1,nc,000,0043,0000161,,,,,,,,,,,,,,,,,,,,,,,,,,,,,,,,,,,,,,,,,,,,,,,,,,,,,,,,,,,,,,,,,,,,,,,,,,,,,,,,,,,,,,,,,,,
ACSSF,2019e1,nc,000,0043,0000162,,,,,,,,,,,,,,,,,,,,,,,,,,,,,,,,,,,,,,,,,,,,,,,,,,,,,,,,,,,,,,,,,,,,,,,,,,,,,,,,,,,,,,,,,,,
ACSSF,2019e1,nc,000,0043,0000163,,,,,,,,,,,,,,,,,,,,,,,,,,,,,,,,,,,,,,,,,,,,,,,,,,,,,,,,,,,,,,,,,,,,,,,,,,,,,,,,,,,,,,,,,,,
ACSSF,2019e1,nc,000,0043,0000164,,,,,,,,,,,,,,,,,,,,,,,,,,,,,,,,,,,,,,,,,,,,,,,,,,,,,,,,,,,,,,,,,,,,,,,,,,,,,,,,,,,,,,,,,,,
ACSSF,2019e1,nc,000,0043,0000165,,,,,,,,,,,,,,,,,,,,,,,,,,,,,,,,,,,,,,,,,,,,,,,,,,,,,,,,,,,,,,,,,,,,,,,,,,,,,,,,,,,,,,,,,,,
ACSSF,2019e1,nc,000,0043,0000166,,,,,,,,,,,,,,,,,,,,,,,,,,,,,,,,,,,,,,,,,,,,,,,,,,,,,,,,,,,,,,,,,,,,,,,,,,,,,,,,,,,,,,,,,,,
ACSSF,2019e1,nc,000,0043,0000167,,,,,,,,,,,,,,,,,,,,,,,,,,,,,,,,,,,,,,,,,,,,,,,,,,,,,,,,,,,,,,,,,,,,,,,,,,,,,,,,,,,,,,,,,,,
ACSSF,2019e1,nc,000,0043,0000168,,,,,,,,,,,,,,,,,,,,,,,,,,,,,,,,,,,,,,,,,,,,,,,,,,,,,,,,,,,,,,,,,,,,,,,,,,,,,,,,,,,,,,,,,,,
ACSSF,2019e1,nc,000,0043,0000169,,,,,,,,,,,,,,,,,,,,,,,,,,,,,,,,,,,,,,,,,,,,,,,,,,,,,,,,,,,,,,,,,,,,,,,,,,,,,,,,,,,,,,,,,,,
ACSSF,2019e1,nc,000,0043,0000170,,,,,,,,,,,,,,,,,,,,,,,,,,,,,,,,,,,,,,,,,,,,,,,,,,,,,,,,,,,,,,,,,,,,,,,,,,,,,,,,,,,,,,,,,,,
ACSSF,2019e1,nc,000,0043,0000171,,,,,,,,,,,,,,,,,,,,,,,,,,,,,,,,,,,,,,,,,,,,,,,,,,,,,,,,,,,,,,,,,,,,,,,,,,,,,,,,,,,,,,,,,,,
ACSSF,2019e1,nc,000,0043,0000172,,,,,,,,,,,,,,,,,,,,,,,,,,,,,,,,,,,,,,,,,,,,,,,,,,,,,,,,,,,,,,,,,,,,,,,,,,,,,,,,,,,,,,,,,,,
ACSSF,2019e1,nc,000,0043,0000173,,,,,,,,,,,,,,,,,,,,,,,,,,,,,,,,,,,,,,,,,,,,,,,,,,,,,,,,,,,,,,,,,,,,,,,,,,,,,,,,,,,,,,,,,,,
ACSSF,2019e1,nc,000,0043,0000174,,,,,,,,,,,,,,,,,,,,,,,,,,,,,,,,,,,,,,,,,,,,,,,,,,,,,,,,,,,,,,,,,,,,,,,,,,,,,,,,,,,,,,,,,,,
ACSSF,2019e1,nc,000,0043,0000175,,,,,,,,,,,,,,,,,,,,,,,,,,,,,,,,,,,,,,,,,,,,,,,,,,,,,,,,,,,,,,,,,,,,,,,,,,,,,,,,,,,,,,,,,,,
ACSSF,2019e1,nc,000,0043,0000176,,,,,,,,,,,,,,,,,,,,,,,,,,,,,,,,,,,,,,,,,,,,,,,,,,,,,,,,,,,,,,,,,,,,,,,,,,,,,,,,,,,,,,,,,,,
ACSSF,2019e1,nc,000,0043,0000177,,,,,,,,,,,,,,,,,,,,,,,,,,,,,,,,,,,,,,,,,,,,,,,,,,,,,,,,,,,,,,,,,,,,,,,,,,,,,,,,,,,,,,,,,,,
ACSSF,2019e1,nc,000,0043,0000178,,,,,,,,,,,,,,,,,,,,,,,,,,,,,,,,,,,,,,,,,,,,,,,,,,,,,,,,,,,,,,,,,,,,,,,,,,,,,,,,,,,,,,,,,,,
ACSSF,2019e1,nc,000,0043,0000179,,,,,,,,,,,,,,,,,,,,,,,,,,,,,,,,,,,,,,,,,,,,,,,,,,,,,,,,,,,,,,,,,,,,,,,,,,,,,,,,,,,,,,,,,,,
ACSSF,2019e1,nc,000,0043,0000180,,,,,,,,,,,,,,,,,,,,,,,,,,,,,,,,,,,,,,,,,,,,,,,,,,,,,,,,,,,,,,,,,,,,,,,,,,,,,,,,,,,,,,,,,,,
ACSSF,2019e1,nc,000,0043,0000181,,,,,,,,,,,,,,,,,,,,,,,,,,,,,,,,,,,,,,,,,,,,,,,,,,,,,,,,,,,,,,,,,,,,,,,,,,,,,,,,,,,,,,,,,,,
ACSSF,2019e1,nc,000,0043,0000182,,,,,,,,,,,,,,,,,,,,,,,,,,,,,,,,,,,,,,,,,,,,,,,,,,,,,,,,,,,,,,,,,,,,,,,,,,,,,,,,,,,,,,,,,,,
ACSSF,2019e1,nc,000,0043,0000183,,,,,,,,,,,,,,,,,,,,,,,,,,,,,,,,,,,,,,,,,,,,,,,,,,,,,,,,,,,,,,,,,,,,,,,,,,,,,,,,,,,,,,,,,,,
ACSSF,2019e1,nc,000,0043,0000184,,,,,,,,,,,,,,,,,,,,,,,,,,,,,,,,,,,,,,,,,,,,,,,,,,,,,,,,,,,,,,,,,,,,,,,,,,,,,,,,,,,,,,,,,,,
ACSSF,2019e1,nc,000,0043,0000185,,,,,,,,,,,,,,,,,,,,,,,,,,,,,,,,,,,,,,,,,,,,,,,,,,,,,,,,,,,,,,,,,,,,,,,,,,,,,,,,,,,,,,,,,,,
ACSSF,2019e1,nc,000,0043,0000186,,,,,,,,,,,,,,,,,,,,,,,,,,,,,,,,,,,,,,,,,,,,,,,,,,,,,,,,,,,,,,,,,,,,,,,,,,,,,,,,,,,,,,,,,,,
ACSSF,2019e1,nc,000,0043,0000187,,,,,,,,,,,,,,,,,,,,,,,,,,,,,,,,,,,,,,,,,,,,,,,,,,,,,,,,,,,,,,,,,,,,,,,,,,,,,,,,,,,,,,,,,,,
ACSSF,2019e1,nc,000,0043,0000188,,,,,,,,,,,,,,,,,,,,,,,,,,,,,,,,,,,,,,,,,,,,,,,,,,,,,,,,,,,,,,,,,,,,,,,,,,,,,,,,,,,,,,,,,,,
ACSSF,2019e1,nc,000,0043,0000189,,,,,,,,,,,,,,,,,,,,,,,,,,,,,,,,,,,,,,,,,,,,,,,,,,,,,,,,,,,,,,,,,,,,,,,,,,,,,,,,,,,,,,,,,,,
ACSSF,2019e1,nc,000,0043,0000190,,,,,,,,,,,,,,,,,,,,,,,,,,,,,,,,,,,,,,,,,,,,,,,,,,,,,,,,,,,,,,,,,,,,,,,,,,,,,,,,,,,,,,,,,,,
ACSSF,2019e1,nc,000,0043,0000191,,,,,,,,,,,,,,,,,,,,,,,,,,,,,,,,,,,,,,,,,,,,,,,,,,,,,,,,,,,,,,,,,,,,,,,,,,,,,,,,,,,,,,,,,,,
ACSSF,2019e1,nc,000,0043,0000192,,,,,,,,,,,,,,,,,,,,,,,,,,,,,,,,,,,,,,,,,,,,,,,,,,,,,,,,,,,,,,,,,,,,,,,,,,,,,,,,,,,,,,,,,,,
ACSSF,2019e1,nc,000,0043,0000193,,,,,,,,,,,,,,,,,,,,,,,,,,,,,,,,,,,,,,,,,,,,,,,,,,,,,,,,,,,,,,,,,,,,,,,,,,,,,,,,,,,,,,,,,,,
ACSSF,2019e1,nc,000,0043,0000194,,,,,,,,,,,,,,,,,,,,,,,,,,,,,,,,,,,,,,,,,,,,,,,,,,,,,,,,,,,,,,,,,,,,,,,,,,,,,,,,,,,,,,,,,,,
ACSSF,2019e1,nc,000,0043,0000195,,,,,,,,,,,,,,,,,,,,,,,,,,,,,,,,,,,,,,,,,,,,,,,,,,,,,,,,,,,,,,,,,,,,,,,,,,,,,,,,,,,,,,,,,,,
ACSSF,2019e1,nc,000,0043,0000196,,,,,,,,,,,,,,,,,,,,,,,,,,,,,,,,,,,,,,,,,,,,,,,,,,,,,,,,,,,,,,,,,,,,,,,,,,,,,,,,,,,,,,,,,,,
ACSSF,2019e1,nc,000,0043,0000197,,,,,,,,,,,,,,,,,,,,,,,,,,,,,,,,,,,,,,,,,,,,,,,,,,,,,,,,,,,,,,,,,,,,,,,,,,,,,,,,,,,,,,,,,,,
ACSSF,2019e1,nc,000,0043,0000198,,,,,,,,,,,,,,,,,,,,,,,,,,,,,,,,,,,,,,,,,,,,,,,,,,,,,,,,,,,,,,,,,,,,,,,,,,,,,,,,,,,,,,,,,,,
ACSSF,2019e1,nc,000,0043,0000199,,,,,,,,,,,,,,,,,,,,,,,,,,,,,,,,,,,,,,,,,,,,,,,,,,,,,,,,,,,,,,,,,,,,,,,,,,,,,,,,,,,,,,,,,,,
ACSSF,2019e1,nc,000,0043,0000200,,,,,,,,,,,,,,,,,,,,,,,,,,,,,,,,,,,,,,,,,,,,,,,,,,,,,,,,,,,,,,,,,,,,,,,,,,,,,,,,,,,,,,,,,,,
ACSSF,2019e1,nc,000,0043,0000201,,,,,,,,,,,,,,,,,,,,,,,,,,,,,,,,,,,,,,,,,,,,,,,,,,,,,,,,,,,,,,,,,,,,,,,,,,,,,,,,,,,,,,,,,,,
ACSSF,2019e1,nc,000,0043,0000202,,,,,,,,,,,,,,,,,,,,,,,,,,,,,,,,,,,,,,,,,,,,,,,,,,,,,,,,,,,,,,,,,,,,,,,,,,,,,,,,,,,,,,,,,,,
ACSSF,2019e1,nc,000,0043,0000203,,,,,,,,,,,,,,,,,,,,,,,,,,,,,,,,,,,,,,,,,,,,,,,,,,,,,,,,,,,,,,,,,,,,,,,,,,,,,,,,,,,,,,,,,,,
ACSSF,2019e1,nc,000,0043,0000204,,,,,,,,,,,,,,,,,,,,,,,,,,,,,,,,,,,,,,,,,,,,,,,,,,,,,,,,,,,,,,,,,,,,,,,,,,,,,,,,,,,,,,,,,,,
ACSSF,2019e1,nc,000,0043,0000205,,,,,,,,,,,,,,,,,,,,,,,,,,,,,,,,,,,,,,,,,,,,,,,,,,,,,,,,,,,,,,,,,,,,,,,,,,,,,,,,,,,,,,,,,,,
ACSSF,2019e1,nc,000,0043,0000206,,,,,,,,,,,,,,,,,,,,,,,,,,,,,,,,,,,,,,,,,,,,,,,,,,,,,,,,,,,,,,,,,,,,,,,,,,,,,,,,,,,,,,,,,,,
ACSSF,2019e1,nc,000,0043,0000207,,,,,,,,,,,,,,,,,,,,,,,,,,,,,,,,,,,,,,,,,,,,,,,,,,,,,,,,,,,,,,,,,,,,,,,,,,,,,,,,,,,,,,,,,,,
ACSSF,2019e1,nc,000,0043,0000208,,,,,,,,,,,,,,,,,,,,,,,,,,,,,,,,,,,,,,,,,,,,,,,,,,,,,,,,,,,,,,,,,,,,,,,,,,,,,,,,,,,,,,,,,,,
ACSSF,2019e1,nc,000,0043,0000209,,,,,,,,,,,,,,,,,,,,,,,,,,,,,,,,,,,,,,,,,,,,,,,,,,,,,,,,,,,,,,,,,,,,,,,,,,,,,,,,,,,,,,,,,,,
ACSSF,2019e1,nc,000,0043,0000210,,,,,,,,,,,,,,,,,,,,,,,,,,,,,,,,,,,,,,,,,,,,,,,,,,,,,,,,,,,,,,,,,,,,,,,,,,,,,,,,,,,,,,,,,,,
ACSSF,2019e1,nc,000,0043,0000211,,,,,,,,,,,,,,,,,,,,,,,,,,,,,,,,,,,,,,,,,,,,,,,,,,,,,,,,,,,,,,,,,,,,,,,,,,,,,,,,,,,,,,,,,,,
ACSSF,2019e1,nc,000,0043,0000212,,,,,,,,,,,,,,,,,,,,,,,,,,,,,,,,,,,,,,,,,,,,,,,,,,,,,,,,,,,,,,,,,,,,,,,,,,,,,,,,,,,,,,,,,,,
