ACSSF,2019e1,nc,000,0003,0000001,10488084,7144510,2253481,126708,309905,6878,351465,295137,31893,263244,,,,,,,,,,,,,,,,,,,,,,,,,,,,,,,,,,,,,,,,,,,,,,,,,,,,,,,,,,,,,,,,,,,,,,,,7393223,2424132,208829,382201,18026,387557,,,,,,,,,,,,,,,,,,,,,,,,,,,,,,,,,,,,,,,,,,,,,,,,,,,,,,,,309905,105637,1871,1302,3313,3684,48983,28599,17317,2065,7827,22493,4020,73,718,4144,91,10416,1286,2075,3534,32728,399,4120,3210,,,,,,,,,,,,,10488084,10192947,7144510,2253481,126708,309905,6878,351465,295137,31893,263244,265971,110955,39506,49945,19634,45931,27660,1506,126708,102240,18048,522,952,616,82102,147,24321,309905,105637,51058,28599,7827,22493,32728,61563,6878,3684,893,1195,1106
ACSSF,2019e1,nc,000,0003,0000002,7041411,4448151,1781945,49320,268995,4397,272186,216417,22734,193683,,,,,,,,,,,,,,,,,,,,,,,,,,,,,,,,,,,,,,,,,,,,,,,,,,,,,,,,,,,,,,,,,,,,,,,,4628515,1913087,101299,327580,12379,298741,,,,,,,,,,,,,,,,,,,,,,,,,,,,,,,,,,,,,,,,,,,,,,,,,,,,,,,,,,,,,,,,,,,,,,,,,,,,,,,,,,,,,,,,,,,,,7041411,6824994,4448151,1781945,49320,268995,4397,272186,216417,22734,193683,193398,84405,19805,39507,15052,34629,22340,679,49320,36325,5160,409,771,512,29473,19,12976,268995,95449,46736,21847,6552,15780,30617,52014,4397,1934,575,970,918
ACSSF,2019e1,nc,000,0003,0000003,3446673,2696359,471536,77388,40910,2481,79279,78720,9159,69561,,,,,,,,,,,,,,,,,,,,,,,,,,,,,,,,,,,,,,,,,,,,,,,,,,,,,,,,,,,,,,,,,,,,,,,,2764708,511045,107530,54621,5647,88816,,,,,,,,,,,,,,,,,,,,,,,,,,,,,,,,,,,,,,,,,,,,,,,,,,,,,,,,,,,,,,,,,,,,,,,,,,,,,,,,,,,,,,,,,,,,,3446673,3367953,2696359,471536,77388,40910,2481,79279,78720,9159,69561,72573,26550,19701,10438,4582,11302,5320,827,77388,65915,12888,113,181,104,52629,128,11345,40910,10188,4322,6752,1275,6713,2111,9549,2481,1750,318,225,188
ACSSF,2019e1,nc,000,0003,0000004,9894278,6730451,2113926,119046,305602,6669,333512,285072,30547,254525,,,,,,,,,,,,,,,,,,,,,,,,,,,,,,,,,,,,,,,,,,,,,,,,,,,,,,,,,,,,,,,,,,,,,,,,6971416,2278082,196994,377125,17317,368110,,,,,,,,,,,,,,,,,,,,,,,,,,,,,,,,,,,,,,,,,,,,,,,,,,,,,,,,,,,,,,,,,,,,,,,,,,,,,,,,,,,,,,,,,,,,,9894278,9609206,6730451,2113926,119046,305602,6669,333512,285072,30547,254525,256816,107558,37799,49461,18020,43978,26893,1363,119046,95653,17021,522,910,586,76614,128,23265,305602,104891,50634,28138,7291,21361,32578,60709,6669,3586,893,1154,1036
ACSSF,2019e1,nc,000,0003,0000005,8499861,5765861,1834187,44324,295113,5859,297752,256765,26997,229768,,,,,,,,,,,,,,,,,,,,,,,,,,,,,,,,,,,,,,,,,,,,,,,,,,,,,,,,,,,,,,,,,,,,,,,,5982970,1984973,110605,361692,15226,328641,,,,,,,,,,,,,,,,,,,,,,,,,,,,,,,,,,,,,,,,,,,,,,,,,,,,,,,,,,,,,,,,,,,,,,,,,,,,,,,,,,,,,,,,,,,,,8499861,8243096,5765861,1834187,44324,295113,5859,297752,256765,26997,229768,230454,99106,30707,45084,15915,39642,25161,1150,44324,31917,5056,457,910,512,24982,114,12293,295113,103771,49186,26274,6693,20845,30949,57395,5859,3032,816,1034,977
ACSSF,2019e1,nc,000,0003,0000006,3540069,1906246,1133968,17465,189015,1747,167175,124453,13107,111346,,,,,,,,,,,,,,,,,,,,,,,,,,,,,,,,,,,,,,,,,,,,,,,,,,,,,,,,,,,,,,,,,,,,,,,,2011475,1209788,45066,223804,5462,182272,,,,,,,,,,,,,,,,,,,,,,,,,,,,,,,,,,,,,,,,,,,,,,,,,,,,,,,,,,,,,,,,,,,,,,,,,,,,,,,,,,,,,,,,,,,,,3540069,3415616,1906246,1133968,17465,189015,1747,167175,124453,13107,111346,111284,50358,10057,23603,7823,19443,13013,156,17465,12719,2438,71,495,351,9364,19,4727,189015,69033,34640,13557,4014,11413,22359,33999,1747,272,152,649,674
ACSSF,2019e1,nc,000,0003,0000007,4959792,3859615,700219,26859,106098,4112,130577,132312,13890,118422,,,,,,,,,,,,,,,,,,,,,,,,,,,,,,,,,,,,,,,,,,,,,,,,,,,,,,,,,,,,,,,,,,,,,,,,3971495,775185,65539,137888,9764,146369,,,,,,,,,,,,,,,,,,,,,,,,,,,,,,,,,,,,,,,,,,,,,,,,,,,,,,,,,,,,,,,,,,,,,,,,,,,,,,,,,,,,,,,,,,,,,4959792,4827480,3859615,700219,26859,106098,4112,130577,132312,13890,118422,119170,48748,20650,21481,8092,20199,12148,994,26859,19198,2618,386,415,161,15618,95,7566,106098,34738,14546,12717,2679,9432,8590,23396,4112,2760,664,385,303
ACSSF,2019e1,nc,000,0003,0000008,1394417,964590,279739,74722,10489,810,35760,28307,3550,24757,,,,,,,,,,,,,,,,,,,,,,,,,,,,,,,,,,,,,,,,,,,,,,,,,,,,,,,,,,,,,,,,,,,,,,,,988446,293109,86389,15433,2091,39469,,,,,,,,,,,,,,,,,,,,,,,,,,,,,,,,,,,,,,,,,,,,,,,,,,,,,,,,,,,,,,,,,,,,,,,,,,,,,,,,,,,,,,,,,,,,,1394417,1366110,964590,279739,74722,10489,810,35760,28307,3550,24757,26362,8452,7092,4377,2105,4336,1732,213,,,,,,,,,,10489,1120,1448,1864,598,516,1629,3314,,,,,
ACSSF,2019e1,nc,000,0003,0000009,356563,207272,122949,6331,4060,175,8533,7243,1559,5684,,,,,,,,,,,,,,,,,,,,,,,,,,,,,,,,,,,,,,,,,,,,,,,,,,,,,,,,,,,,,,,,,,,,,,,,212326,126754,9146,5163,1094,10114,,,,,,,,,,,,,,,,,,,,,,,,,,,,,,,,,,,,,,,,,,,,,,,,,,,,,,,,,,,,,,,,,,,,,,,,,,,,,,,,,,,,,,,,,,,,,356563,349320,207272,122949,6331,4060,175,8533,7243,1559,5684,6539,1597,1128,874,871,2069,617,87,,,,,,,,,,,,,,,,,,,,,,
ACSSF,2019e1,nc,000,0003,0000010,1037854,757318,156790,68391,6429,635,27227,21064,1991,19073,,,,,,,,,,,,,,,,,,,,,,,,,,,,,,,,,,,,,,,,,,,,,,,,,,,,,,,,,,,,,,,,,,,,,,,,776120,166355,77243,10270,997,29355,,,,,,,,,,,,,,,,,,,,,,,,,,,,,,,,,,,,,,,,,,,,,,,,,,,,,,,,,,,,,,,,,,,,,,,,,,,,,,,,,,,,,,,,,,,,,1037854,1016790,757318,156790,68391,6429,635,27227,21064,1991,19073,19823,6855,5964,3503,1234,2267,1115,126,,,,,,,,,,6429,771,420,719,285,449,569,3216,,,,,
ACSSF,2019e1,nc,000,0003,0000011,593806,414059,139555,7662,4303,209,17953,10065,1346,8719,,,,,,,,,,,,,,,,,,,,,,,,,,,,,,,,,,,,,,,,,,,,,,,,,,,,,,,,,,,,,,,,,,,,,,,,421807,146050,11835,5076,709,19447,,,,,,,,,,,,,,,,,,,,,,,,,,,,,,,,,,,,,,,,,,,,,,,,,,,,,,,,,,,,,,,,,,,,,,,,,,,,,,,,,,,,,,,,,,,,,593806,583741,414059,139555,7662,4303,209,17953,10065,1346,8719,9155,3397,1707,484,1614,1953,767,143,,,,,,,,,,4303,746,424,461,536,1132,150,854,,,,,
ACSSF,2019e1,nc,000,0003,0000012,1988223,1378649,419294,82384,14792,1019,53713,38372,4896,33476,,,,,,,,,,,,,,,,,,,,,,,,,,,,,,,,,,,,,,,,,,,,,,,,,,,,,,,,,,,,,,,,,,,,,,,,1410253,439159,98224,20509,2800,58916,,,,,,,,,,,,,,,,,,,,,,,,,,,,,,,,,,,,,,,,,,,,,,,,,,,,,,,,,,,,,,,,,,,,,,,,,,,,,,,,,,,,,,,,,,,,,1988223,1949851,1378649,419294,82384,14792,1019,53713,38372,4896,33476,35517,11849,8799,4861,3719,6289,2499,356,,,,,,,,,,14792,1866,1872,2325,1134,1648,1779,4168,,,,,
ACSSF,2019e1,nc,000,0003,0000013,169509,117967,34307,1471,3008,72,8432,4252,186,4066,,,,,,,,,,,,,,,,,,,,,,,,,,,,,,,,,,,,,,,,,,,,,,,,,,,,,,,,,,,,,,,,,,,,,,,,121851,37808,2208,3618,,8618,,,,,,,,,,,,,,,,,,,,,,,,,,,,,,,,,,,,,,,,,,,,,,,,,,,,,,,,,,,,,,,,,,,,,,,,,,,,,,,,,,,,,,,,,,,,,169509,165257,117967,34307,1471,3008,72,8432,4252,186,4066,3880,2891,89,310,368,222,202,170,,,,,,,,,,,,,,,,,,,,,,
ACSSF,2019e1,nc,000,0003,0000014,142820,122295,10666,835,940,15,1977,6092,332,5760,,,,,,,,,,,,,,,,,,,,,,,,,,,,,,,,,,,,,,,,,,,,,,,,,,,,,,,,,,,,,,,,,,,,,,,,127232,15485,4164,1297,,2309,,,,,,,,,,,,,,,,,,,,,,,,,,,,,,,,,,,,,,,,,,,,,,,,,,,,,,,,,,,,,,,,,,,,,,,,,,,,,,,,,,,,,,,,,,,,,142820,136728,122295,10666,835,940,15,1977,6092,332,5760,4438,2010,788,357,887,396,1654,0,,,,,,,,,,,,,,,,,,,,,,
ACSSF,2019e1,nc,000,0003,0000015,261191,230830,16828,1170,3404,56,3976,4927,605,4322,,,,,,,,,,,,,,,,,,,,,,,,,,,,,,,,,,,,,,,,,,,,,,,,,,,,,,,,,,,,,,,,,,,,,,,,235268,18812,2797,4546,,4661,,,,,,,,,,,,,,,,,,,,,,,,,,,,,,,,,,,,,,,,,,,,,,,,,,,,,,,,,,,,,,,,,,,,,,,,,,,,,,,,,,,,,,,,,,,,,261191,256264,230830,16828,1170,3404,56,3976,4927,605,4322,4847,1488,1065,1142,489,663,80,0,,,,,,,,,,,,,,,,,,,,,,
ACSSF,2019e1,nc,000,0003,0000016,90485,74458,3619,1240,3192,314,5770,1892,286,1606,,,,,,,,,,,,,,,,,,,,,,,,,,,,,,,,,,,,,,,,,,,,,,,,,,,,,,,,,,,,,,,,,,,,,,,,76099,4978,1543,3387,,6056,,,,,,,,,,,,,,,,,,,,,,,,,,,,,,,,,,,,,,,,,,,,,,,,,,,,,,,,,,,,,,,,,,,,,,,,,,,,,,,,,,,,,,,,,,,,,90485,88593,74458,3619,1240,3192,314,5770,1892,286,1606,1892,1190,303,113,0,286,0,0,,,,,,,,,,,,,,,,,,,,,,
ACSSF,2019e1,nc,000,0003,0000017,216453,148373,40511,162,9020,0,10784,7603,634,6969,,,,,,,,,,,,,,,,,,,,,,,,,,,,,,,,,,,,,,,,,,,,,,,,,,,,,,,,,,,,,,,,,,,,,,,,155529,45181,836,11474,,11418,,,,,,,,,,,,,,,,,,,,,,,,,,,,,,,,,,,,,,,,,,,,,,,,,,,,,,,,,,,,,,,,,,,,,,,,,,,,,,,,,,,,,,,,,,,,,216453,208850,148373,40511,162,9020,0,10784,7603,634,6969,7116,4183,341,1853,0,739,487,0,,,,,,,,,,,,,,,,,,,,,,
ACSSF,2019e1,nc,000,0003,0000018,82178,72726,4603,0,99,0,2830,1920,243,1677,,,,,,,,,,,,,,,,,,,,,,,,,,,,,,,,,,,,,,,,,,,,,,,,,,,,,,,,,,,,,,,,,,,,,,,,74537,5881,,661,,3073,,,,,,,,,,,,,,,,,,,,,,,,,,,,,,,,,,,,,,,,,,,,,,,,,,,,,,,,,,,,,,,,,,,,,,,,,,,,,,,,,,,,,,,,,,,,,,,,,,,,,,,,,,,,,,,,,,,,,,,,,,,,,,,,,,,,,
ACSSF,2019e1,nc,000,0003,0000019,69473,62595,3431,301,593,0,533,2020,232,1788,,,,,,,,,,,,,,,,,,,,,,,,,,,,,,,,,,,,,,,,,,,,,,,,,,,,,,,,,,,,,,,,,,,,,,,,64265,4542,825,1220,,787,,,,,,,,,,,,,,,,,,,,,,,,,,,,,,,,,,,,,,,,,,,,,,,,,,,,,,,,,,,,,,,,,,,,,,,,,,,,,,,,,,,,,,,,,,,,,69473,67453,62595,3431,301,593,0,533,2020,232,1788,1933,696,341,568,96,232,28,59,,,,,,,,,,,,,,,,,,,,,,
ACSSF,2019e1,nc,000,0003,0000020,159551,126059,14154,716,7190,0,7927,3505,1214,2291,,,,,,,,,,,,,,,,,,,,,,,,,,,,,,,,,,,,,,,,,,,,,,,,,,,,,,,,,,,,,,,,,,,,,,,,128704,16024,1736,7451,,9141,,,,,,,,,,,,,,,,,,,,,,,,,,,,,,,,,,,,,,,,,,,,,,,,,,,,,,,,,,,,,,,,,,,,,,,,,,,,,,,,,,,,,,,,,,,,,,,,,,,,,,,,,,,,,,,,,,,,,,,,,,,,,,,,,,,,,
ACSSF,2019e1,nc,000,0003,0000021,74470,57614,7830,39,1205,0,5059,2723,84,2639,,,,,,,,,,,,,,,,,,,,,,,,,,,,,,,,,,,,,,,,,,,,,,,,,,,,,,,,,,,,,,,,,,,,,,,,60262,9905,,1727,,5143,,,,,,,,,,,,,,,,,,,,,,,,,,,,,,,,,,,,,,,,,,,,,,,,,,,,,,,,,,,,,,,,,,,,,,,,,,,,,,,,,,,,,,,,,,,,,74470,71747,57614,7830,39,1205,0,5059,2723,84,2639,2514,1882,60,431,0,141,209,0,,,,,,,,,,,,,,,,,,,,,,
ACSSF,2019e1,nc,000,0003,0000022,97947,73238,20406,601,1041,0,1720,941,0,941,,,,,,,,,,,,,,,,,,,,,,,,,,,,,,,,,,,,,,,,,,,,,,,,,,,,,,,,,,,,,,,,,,,,,,,,74125,21005,,,,1720,,,,,,,,,,,,,,,,,,,,,,,,,,,,,,,,,,,,,,,,,,,,,,,,,,,,,,,,,,,,,,,,,,,,,,,,,,,,,,,,,,,,,,,,,,,,,,,,,,,,,,,,,,,,,,,,,,,,,,,,,,,,,,,,,,,,,
ACSSF,2019e1,nc,000,0003,0000023,102139,73100,22314,704,2310,46,994,2671,262,2409,,,,,,,,,,,,,,,,,,,,,,,,,,,,,,,,,,,,,,,,,,,,,,,,,,,,,,,,,,,,,,,,,,,,,,,,75423,23104,1057,3834,,1256,,,,,,,,,,,,,,,,,,,,,,,,,,,,,,,,,,,,,,,,,,,,,,,,,,,,,,,,,,,,,,,,,,,,,,,,,,,,,,,,,,,,,,,,,,,,,,,,,,,,,,,,,,,,,,,,,,,,,,,,,,,,,,,,,,,,,
ACSSF,2019e1,nc,000,0003,0000024,335509,164571,123893,5130,9338,1310,10824,20443,1817,18626,,,,,,,,,,,,,,,,,,,,,,,,,,,,,,,,,,,,,,,,,,,,,,,,,,,,,,,,,,,,,,,,,,,,,,,,179876,139277,10114,13380,2840,13275,,,,,,,,,,,,,,,,,,,,,,,,,,,,,,,,,,,,,,,,,,,,,,,,,,,,,,,,,,,,,,,,,,,,,,,,,,,,,,,,,,,,,,,,,,,,,335509,315066,164571,123893,5130,9338,1310,10824,20443,1817,18626,17688,8185,1527,2301,2215,3460,2700,55,,,,,,,,,,9338,989,726,1818,338,2268,1153,2046,,,,,
ACSSF,2019e1,nc,000,0003,0000025,167609,144346,17508,490,2643,127,638,1857,135,1722,,,,,,,,,,,,,,,,,,,,,,,,,,,,,,,,,,,,,,,,,,,,,,,,,,,,,,,,,,,,,,,,,,,,,,,,145875,18458,1160,3073,,773,,,,,,,,,,,,,,,,,,,,,,,,,,,,,,,,,,,,,,,,,,,,,,,,,,,,,,,,,,,,,,,,,,,,,,,,,,,,,,,,,,,,,,,,,,,,,,,,,,,,,,,,,,,,,,,,,,,,,,,,,,,,,,,,,,,,,
ACSSF,2019e1,nc,000,0003,0000026,321488,171593,114381,375,14204,197,10035,10703,853,9850,,,,,,,,,,,,,,,,,,,,,,,,,,,,,,,,,,,,,,,,,,,,,,,,,,,,,,,,,,,,,,,,,,,,,,,,180507,119702,3670,17849,615,10989,,,,,,,,,,,,,,,,,,,,,,,,,,,,,,,,,,,,,,,,,,,,,,,,,,,,,,,,,,,,,,,,,,,,,,,,,,,,,,,,,,,,,,,,,,,,,321488,310785,171593,114381,375,14204,197,10035,10703,853,9850,9562,3274,1376,2844,829,1239,1141,0,,,,,,,,,,14204,3779,3323,2212,286,2539,1052,1013,,,,,
ACSSF,2019e1,nc,000,0003,0000027,382295,252469,100923,1953,8884,116,8682,9268,2032,7236,,,,,,,,,,,,,,,,,,,,,,,,,,,,,,,,,,,,,,,,,,,,,,,,,,,,,,,,,,,,,,,,,,,,,,,,261291,105709,2862,11492,208,10714,,,,,,,,,,,,,,,,,,,,,,,,,,,,,,,,,,,,,,,,,,,,,,,,,,,,,,,,,,,,,,,,,,,,,,,,,,,,,,,,,,,,,,,,,,,,,382295,373027,252469,100923,1953,8884,116,8682,9268,2032,7236,8555,3717,438,1920,287,2193,713,0,,,,,,,,,,8884,1909,4079,843,173,503,570,807,,,,,
ACSSF,2019e1,nc,000,0003,0000028,69685,47610,16363,230,204,0,2234,3044,372,2672,,,,,,,,,,,,,,,,,,,,,,,,,,,,,,,,,,,,,,,,,,,,,,,,,,,,,,,,,,,,,,,,,,,,,,,,50481,18167,502,1012,,2606,,,,,,,,,,,,,,,,,,,,,,,,,,,,,,,,,,,,,,,,,,,,,,,,,,,,,,,,,,,,,,,,,,,,,,,,,,,,,,,,,,,,,,,,,,,,,,,,,,,,,,,,,,,,,,,,,,,,,,,,,,,,,,,,,,,,,
ACSSF,2019e1,nc,000,0003,0000029,224529,171404,38825,1008,3455,452,4361,5024,652,4372,,,,,,,,,,,,,,,,,,,,,,,,,,,,,,,,,,,,,,,,,,,,,,,,,,,,,,,,,,,,,,,,,,,,,,,,175841,41643,1884,4769,,5013,,,,,,,,,,,,,,,,,,,,,,,,,,,,,,,,,,,,,,,,,,,,,,,,,,,,,,,,,,,,,,,,,,,,,,,,,,,,,,,,,,,,,,,,,,,,,224529,219505,171404,38825,1008,3455,452,4361,5024,652,4372,4975,2403,876,769,0,927,49,0,,,,,,,,,,,,,,,,,,,,,,
ACSSF,2019e1,nc,000,0003,0000030,537174,288313,184002,3141,27018,173,15955,18572,1978,16594,,,,,,,,,,,,,,,,,,,,,,,,,,,,,,,,,,,,,,,,,,,,,,,,,,,,,,,,,,,,,,,,,,,,,,,,302272,196780,8608,30730,387,17933,,,,,,,,,,,,,,,,,,,,,,,,,,,,,,,,,,,,,,,,,,,,,,,,,,,,,,,,,,,,,,,,,,,,,,,,,,,,,,,,,,,,,,,,,,,,,537174,518602,288313,184002,3141,27018,173,15955,18572,1978,16594,17608,7424,1170,3042,3271,2701,964,0,,,,,,,,,,27018,6731,2538,888,802,879,6212,8968,,,,,
ACSSF,2019e1,nc,000,0003,0000031,135976,90982,30201,788,2460,1039,5809,4697,445,4252,,,,,,,,,,,,,,,,,,,,,,,,,,,,,,,,,,,,,,,,,,,,,,,,,,,,,,,,,,,,,,,,,,,,,,,,94848,32622,2281,3974,,6335,,,,,,,,,,,,,,,,,,,,,,,,,,,,,,,,,,,,,,,,,,,,,,,,,,,,,,,,,,,,,,,,,,,,,,,,,,,,,,,,,,,,,,,,,,,,,135976,131279,90982,30201,788,2460,1039,5809,4697,445,4252,4222,1491,1127,657,32,915,475,0,,,,,,,,,,,,,,,,,,,,,,
ACSSF,2019e1,nc,000,0003,0000032,117417,107103,4223,253,1098,0,2622,2118,0,2118,,,,,,,,,,,,,,,,,,,,,,,,,,,,,,,,,,,,,,,,,,,,,,,,,,,,,,,,,,,,,,,,,,,,,,,,109172,5556,827,1753,,2622,,,,,,,,,,,,,,,,,,,,,,,,,,,,,,,,,,,,,,,,,,,,,,,,,,,,,,,,,,,,,,,,,,,,,,,,,,,,,,,,,,,,,,,,,,,,,,,,,,,,,,,,,,,,,,,,,,,,,,,,,,,,,,,,,,,,,
ACSSF,2019e1,nc,000,0003,0000033,181806,143949,20825,317,5102,0,4938,6675,458,6217,,,,,,,,,,,,,,,,,,,,,,,,,,,,,,,,,,,,,,,,,,,,,,,,,,,,,,,,,,,,,,,,,,,,,,,,150098,24570,3575,5767,,5517,,,,,,,,,,,,,,,,,,,,,,,,,,,,,,,,,,,,,,,,,,,,,,,,,,,,,,,,,,,,,,,,,,,,,,,,,,,,,,,,,,,,,,,,,,,,,181806,175131,143949,20825,317,5102,0,4938,6675,458,6217,5629,2493,1754,466,458,458,1046,0,,,,,,,,,,5102,1833,739,97,275,447,159,1552,,,,,
ACSSF,2019e1,nc,000,0003,0000034,209339,158143,34923,766,2028,0,9769,3710,882,2828,,,,,,,,,,,,,,,,,,,,,,,,,,,,,,,,,,,,,,,,,,,,,,,,,,,,,,,,,,,,,,,,,,,,,,,,161377,37162,1316,2610,,10718,,,,,,,,,,,,,,,,,,,,,,,,,,,,,,,,,,,,,,,,,,,,,,,,,,,,,,,,,,,,,,,,,,,,,,,,,,,,,,,,,,,,,,,,,,,,,209339,205629,158143,34923,766,2028,0,9769,3710,882,2828,3643,1696,400,515,150,882,0,67,,,,,,,,,,,,,,,,,,,,,,
ACSSF,2019e1,nc,000,0003,0000035,86111,78483,5379,353,753,60,423,660,0,660,,,,,,,,,,,,,,,,,,,,,,,,,,,,,,,,,,,,,,,,,,,,,,,,,,,,,,,,,,,,,,,,,,,,,,,,79095,5927,,885,,423,,,,,,,,,,,,,,,,,,,,,,,,,,,,,,,,,,,,,,,,,,,,,,,,,,,,,,,,,,,,,,,,,,,,,,,,,,,,,,,,,,,,,,,,,,,,,,,,,,,,,,,,,,,,,,,,,,,,,,,,,,,,,,,,,,,,,
ACSSF,2019e1,nc,000,0003,0000036,1110356,579664,352014,3809,63628,379,75332,35530,2676,32854,,,,,,,,,,,,,,,,,,,,,,,,,,,,,,,,,,,,,,,,,,,,,,,,,,,,,,,,,,,,,,,,,,,,,,,,608945,371470,13279,75909,2133,79400,,,,,,,,,,,,,,,,,,,,,,,,,,,,,,,,,,,,,,,,,,,,,,,,,,,,,,,,,,,,,,,,,,,,,,,,,,,,,,,,,,,,,,,,,,,,,1110356,1074826,579664,352014,3809,63628,379,75332,35530,2676,32854,30334,10917,3251,8053,2168,5945,5142,54,,,,,,,,,,63628,27472,7792,3198,1090,1806,10628,11642,,,,,
ACSSF,2019e1,nc,000,0003,0000037,100880,81646,12124,731,1454,175,3150,1600,89,1511,,,,,,,,,,,,,,,,,,,,,,,,,,,,,,,,,,,,,,,,,,,,,,,,,,,,,,,,,,,,,,,,,,,,,,,,83246,12989,909,1922,,3239,,,,,,,,,,,,,,,,,,,,,,,,,,,,,,,,,,,,,,,,,,,,,,,,,,,,,,,,,,,,,,,,,,,,,,,,,,,,,,,,,,,,,,,,,,,,,100880,99280,81646,12124,731,1454,175,3150,1600,89,1511,1600,865,178,468,0,89,0,0,,,,,,,,,,,,,,,,,,,,,,
ACSSF,2019e1,nc,000,0003,0000038,94298,46857,38764,301,170,0,5506,2700,480,2220,,,,,,,,,,,,,,,,,,,,,,,,,,,,,,,,,,,,,,,,,,,,,,,,,,,,,,,,,,,,,,,,,,,,,,,,49402,40223,945,578,,5986,,,,,,,,,,,,,,,,,,,,,,,,,,,,,,,,,,,,,,,,,,,,,,,,,,,,,,,,,,,,,,,,,,,,,,,,,,,,,,,,,,,,,,,,,,,,,,,,,,,,,,,,,,,,,,,,,,,,,,,,,,,,,,,,,,,,,
ACSSF,2019e1,nc,000,0003,0000039,234473,189556,29299,805,2674,161,4722,7256,566,6690,,,,,,,,,,,,,,,,,,,,,,,,,,,,,,,,,,,,,,,,,,,,,,,,,,,,,,,,,,,,,,,,,,,,,,,,195698,32962,2219,5349,364,5288,,,,,,,,,,,,,,,,,,,,,,,,,,,,,,,,,,,,,,,,,,,,,,,,,,,,,,,,,,,,,,,,,,,,,,,,,,,,,,,,,,,,,,,,,,,,,234473,227217,189556,29299,805,2674,161,4722,7256,566,6690,7105,2585,859,2012,322,1327,151,0,,,,,,,,,,,,,,,,,,,,,,
ACSSF,2019e1,nc,000,0003,0000040,197938,149113,28855,1153,4111,22,1670,13014,1495,11519,,,,,,,,,,,,,,,,,,,,,,,,,,,,,,,,,,,,,,,,,,,,,,,,,,,,,,,,,,,,,,,,,,,,,,,,160143,37720,3106,8141,1072,3319,,,,,,,,,,,,,,,,,,,,,,,,,,,,,,,,,,,,,,,,,,,,,,,,,,,,,,,,,,,,,,,,,,,,,,,,,,,,,,,,,,,,,,,,,,,,,197938,184924,149113,28855,1153,4111,22,1670,13014,1495,11519,10505,5430,1106,2171,0,1798,2489,20,,,,,,,,,,4111,201,1019,1611,332,465,127,356,,,,,
ACSSF,2019e1,nc,000,0003,0000041,148476,114580,16943,398,12048,9,1600,2898,215,2683,,,,,,,,,,,,,,,,,,,,,,,,,,,,,,,,,,,,,,,,,,,,,,,,,,,,,,,,,,,,,,,,,,,,,,,,117263,17849,1838,13090,,1815,,,,,,,,,,,,,,,,,,,,,,,,,,,,,,,,,,,,,,,,,,,,,,,,,,,,,,,,,,,,,,,,,,,,,,,,,,,,,,,,,,,,,,,,,,,,,,,,,,,,,,,,,,,,,,,,,,,,,,,,,12048,2636,4920,0,800,756,639,2297,,,,,
ACSSF,2019e1,nc,000,0003,0000042,180742,100199,61537,366,2936,217,8754,6733,654,6079,,,,,,,,,,,,,,,,,,,,,,,,,,,,,,,,,,,,,,,,,,,,,,,,,,,,,,,,,,,,,,,,,,,,,,,,105730,66291,1424,4612,,9408,,,,,,,,,,,,,,,,,,,,,,,,,,,,,,,,,,,,,,,,,,,,,,,,,,,,,,,,,,,,,,,,,,,,,,,,,,,,,,,,,,,,,,,,,,,,,,,,,,,,,,,,,,,,,,,,,,,,,,,,,,,,,,,,,,,,,
ACSSF,2019e1,nc,000,0003,0000043,143667,122978,8140,570,1477,0,6484,4018,72,3946,,,,,,,,,,,,,,,,,,,,,,,,,,,,,,,,,,,,,,,,,,,,,,,,,,,,,,,,,,,,,,,,,,,,,,,,126965,11315,1418,1507,,6556,,,,,,,,,,,,,,,,,,,,,,,,,,,,,,,,,,,,,,,,,,,,,,,,,,,,,,,,,,,,,,,,,,,,,,,,,,,,,,,,,,,,,,,,,,,,,143667,139649,122978,8140,570,1477,0,6484,4018,72,3946,3942,3068,772,30,0,72,76,0,,,,,,,,,,,,,,,,,,,,,,
ACSSF,2019e1,nc,000,0003,0000044,130625,35102,30428,52786,628,59,9448,2174,41,2133,,,,,,,,,,,,,,,,,,,,,,,,,,,,,,,,,,,,,,,,,,,,,,,,,,,,,,,,,,,,,,,,,,,,,,,,36899,31448,54214,1017,,9489,,,,,,,,,,,,,,,,,,,,,,,,,,,,,,,,,,,,,,,,,,,,,,,,,,,,,,,,,,,,,,,,,,,,,,,,,,,,,,,,,,,,,,,,,,,,,130625,128451,35102,30428,52786,628,59,9448,2174,41,2133,1760,365,678,340,200,177,414,0,,,,,,,,,,,,,,,,,,,,,,
ACSSF,2019e1,nc,000,0003,0000045,,,,,,,,,,,,,,,,,,,,,,,,,,,,,,,,,,,,,,,,,,,,,,,,,,,,,,,,,,,,,,,,,,,,,,,,,,,,,,,,,,70061,19699,2201,,,,,,,,,,,,,,,,,,,,,,,,,,,,,,,,,,,,,,,,,,,,,,,,,,,,,,,,,,,,,,,,,,,,,,,,,,,,,,,,,,,,,,,,,,,,,,,,,,,,,,,,,,,,,,,,,,,,,,,,,,,,,,,,,,,,,,,,
ACSSF,2019e1,nc,000,0003,0000046,142088,108730,23034,429,1196,0,3714,4985,832,4153,,,,,,,,,,,,,,,,,,,,,,,,,,,,,,,,,,,,,,,,,,,,,,,,,,,,,,,,,,,,,,,,,,,,,,,,112608,25975,2560,1771,,4546,,,,,,,,,,,,,,,,,,,,,,,,,,,,,,,,,,,,,,,,,,,,,,,,,,,,,,,,,,,,,,,,,,,,,,,,,,,,,,,,,,,,,,,,,,,,,142088,137103,108730,23034,429,1196,0,3714,4985,832,4153,4598,1598,788,424,956,832,387,0,,,,,,,,,,,,,,,,,,,,,,
ACSSF,2019e1,nc,000,0003,0000047,67029,58284,6660,54,383,0,301,1347,261,1086,,,,,,,,,,,,,,,,,,,,,,,,,,,,,,,,,,,,,,,,,,,,,,,,,,,,,,,,,,,,,,,,,,,,,,,,59605,7445,,511,,,,,,,,,,,,,,,,,,,,,,,,,,,,,,,,,,,,,,,,,,,,,,,,,,,,,,,,,,,,,,,,,,,,,,,,,,,,,,,,,,,,,,,,,,,,,,,,,,,,,,,,,,,,,,,,,,,,,,,,,,,,,,,,,,,,,,,
ACSSF,2019e1,nc,000,0003,0000048,71783,65624,1731,859,428,0,1481,1660,225,1435,,,,,,,,,,,,,,,,,,,,,,,,,,,,,,,,,,,,,,,,,,,,,,,,,,,,,,,,,,,,,,,,,,,,,,,,66996,2037,2162,542,,1706,,,,,,,,,,,,,,,,,,,,,,,,,,,,,,,,,,,,,,,,,,,,,,,,,,,,,,,,,,,,,,,,,,,,,,,,,,,,,,,,,,,,,,,,,,,,,71783,70123,65624,1731,859,428,0,1481,1660,225,1435,1660,18,1224,114,79,225,0,0,,,,,,,,,,,,,,,,,,,,,,
ACSSF,2019e1,nc,000,0003,0000049,239859,190315,28137,934,8031,208,6391,5843,742,5101,,,,,,,,,,,,,,,,,,,,,,,,,,,,,,,,,,,,,,,,,,,,,,,,,,,,,,,,,,,,,,,,,,,,,,,,195727,30712,2140,9820,,7256,,,,,,,,,,,,,,,,,,,,,,,,,,,,,,,,,,,,,,,,,,,,,,,,,,,,,,,,,,,,,,,,,,,,,,,,,,,,,,,,,,,,,,,,,,,,,239859,234016,190315,28137,934,8031,208,6391,5843,742,5101,5198,2080,563,1208,11,1336,645,0,,,,,,,,,,,,,,,,,,,,,,
ACSSF,2019e1,nc,000,0003,0000050,1111761,718463,230927,5266,83883,262,45166,27794,3838,23956,,,,,,,,,,,,,,,,,,,,,,,,,,,,,,,,,,,,,,,,,,,,,,,,,,,,,,,,,,,,,,,,,,,,,,,,741240,245337,10351,94364,874,49939,,,,,,,,,,,,,,,,,,,,,,,,,,,,,,,,,,,,,,,,,,,,,,,,,,,,,,,,,,,,,,,,,,,,,,,,,,,,,,,,,,,,,,,,,,,,,1111761,1083967,718463,230927,5266,83883,262,45166,27794,3838,23956,25370,9811,2589,6605,391,5974,2298,126,,,,,,,,,,83883,42818,14469,4097,1150,5325,5737,10287,,,,,
ACSSF,2019e1,nc,000,0003,0000051,123131,78388,38998,480,1342,6,1177,2740,258,2482,,,,,,,,,,,,,,,,,,,,,,,,,,,,,,,,,,,,,,,,,,,,,,,,,,,,,,,,,,,,,,,,,,,,,,,,80711,40410,997,2496,,1435,,,,,,,,,,,,,,,,,,,,,,,,,,,,,,,,,,,,,,,,,,,,,,,,,,,,,,,,,,,,,,,,,,,,,,,,,,,,,,,,,,,,,,,,,,,,,123131,120391,78388,38998,480,1342,6,1177,2740,258,2482,2470,1007,247,541,0,675,225,45,,,,,,,,,,,,,,,,,,,,,,
ACSSF,2019e1,nc,000,0003,0000052,,,,,,,,,,,,,,,,,,,,,,,,,,,,,,,,,,,,,,,,,,,,,,,,,,,,,,,,,,,,,,,,,,,,,,,,,,,,,,,,,,64252,3675,,,,1165,,,,,,,,,,,,,,,,,,,,,,,,,,,,,,,,,,,,,,,,,,,,,,,,,,,,,,,,,,,,,,,,,,,,,,,,,,,,,,,,,,,,,,,,,,,,,,,,,,,,,,,,,,,,,,,,,,,,,,,,,,,,,,,,,,,,,
ACSSF,2019e1,nc,000,0003,0000053,81801,40482,32970,133,636,0,5941,1639,355,1284,,,,,,,,,,,,,,,,,,,,,,,,,,,,,,,,,,,,,,,,,,,,,,,,,,,,,,,,,,,,,,,,,,,,,,,,41681,33661,,1110,419,6296,,,,,,,,,,,,,,,,,,,,,,,,,,,,,,,,,,,,,,,,,,,,,,,,,,,,,,,,,,,,,,,,,,,,,,,,,,,,,,,,,,,,,,,,,,,,,,,,,,,,,,,,,,,,,,,,,,,,,,,,,,,,,,,,,,,,,
ACSSF,2019e1,nc,000,0003,0000054,92859,76206,11928,1031,1359,0,616,1719,418,1301,,,,,,,,,,,,,,,,,,,,,,,,,,,,,,,,,,,,,,,,,,,,,,,,,,,,,,,,,,,,,,,,,,,,,,,,77925,12227,1421,1971,,1107,,,,,,,,,,,,,,,,,,,,,,,,,,,,,,,,,,,,,,,,,,,,,,,,,,,,,,,,,,,,,,,,,,,,,,,,,,,,,,,,,,,,,,,,,,,,,,,,,,,,,,,,,,,,,,,,,,,,,,,,,,,,,,,,,,,,,
ACSSF,2019e1,nc,000,0003,0000055,171143,112964,14222,681,35002,58,3180,5036,1006,4030,,,,,,,,,,,,,,,,,,,,,,,,,,,,,,,,,,,,,,,,,,,,,,,,,,,,,,,,,,,,,,,,,,,,,,,,117579,15719,2052,37502,137,4186,,,,,,,,,,,,,,,,,,,,,,,,,,,,,,,,,,,,,,,,,,,,,,,,,,,,,,,,,,,,,,,,,,,,,,,,,,,,,,,,,,,,,,,,,,,,,171143,166107,112964,14222,681,35002,58,3180,5036,1006,4030,4040,673,434,1800,0,1133,996,0,,,,,,,,,,35002,18942,7556,1292,195,2007,1279,3731,,,,,
ACSSF,2019e1,nc,000,0003,0000056,885707,415665,313204,3687,55079,322,68724,29026,2287,26739,,,,,,,,,,,,,,,,,,,,,,,,,,,,,,,,,,,,,,,,,,,,,,,,,,,,,,,,,,,,,,,,,,,,,,,,439123,329636,11401,64988,1463,72403,,,,,,,,,,,,,,,,,,,,,,,,,,,,,,,,,,,,,,,,,,,,,,,,,,,,,,,,,,,,,,,,,,,,,,,,,,,,,,,,,,,,,,,,,,,,,885707,856681,415665,313204,3687,55079,322,68724,29026,2287,26739,24799,8750,2410,6379,2013,5247,4173,54,,,,,,,,,,55079,24196,7352,2666,1072,1114,8398,10281,,,,,
ACSSF,2019e1,nc,000,0003,0000057,96342,63423,16333,162,5001,0,8738,2685,583,2102,,,,,,,,,,,,,,,,,,,,,,,,,,,,,,,,,,,,,,,,,,,,,,,,,,,,,,,,,,,,,,,,,,,,,,,,65766,17526,819,6082,,9321,,,,,,,,,,,,,,,,,,,,,,,,,,,,,,,,,,,,,,,,,,,,,,,,,,,,,,,,,,,,,,,,,,,,,,,,,,,,,,,,,,,,,,,,,,,,,,,,,,,,,,,,,,,,,,,,,,,,,,,,,,,,,,,,,,,,,
ACSSF,2019e1,nc,000,0003,0000058,279447,140809,105393,375,13990,197,9096,9587,391,9196,,,,,,,,,,,,,,,,,,,,,,,,,,,,,,,,,,,,,,,,,,,,,,,,,,,,,,,,,,,,,,,,,,,,,,,,149409,110255,3280,17106,,9588,,,,,,,,,,,,,,,,,,,,,,,,,,,,,,,,,,,,,,,,,,,,,,,,,,,,,,,,,,,,,,,,,,,,,,,,,,,,,,,,,,,,,,,,,,,,,279447,269860,140809,105393,375,13990,197,9096,9587,391,9196,8563,3152,1376,2844,751,440,1024,0,,,,,,,,,,13990,4091,3088,1921,286,2539,1052,1013,,,,,
ACSSF,2019e1,nc,000,0003,0000059,211674,93152,87700,2240,7177,799,6259,14347,1217,13130,,,,,,,,,,,,,,,,,,,,,,,,,,,,,,,,,,,,,,,,,,,,,,,,,,,,,,,,,,,,,,,,,,,,,,,,103923,98958,5679,9557,1922,7513,,,,,,,,,,,,,,,,,,,,,,,,,,,,,,,,,,,,,,,,,,,,,,,,,,,,,,,,,,,,,,,,,,,,,,,,,,,,,,,,,,,,,,,,,,,,,211674,197327,93152,87700,2240,7177,799,6259,14347,1217,13130,12853,6651,947,1252,1604,2399,1457,37,,,,,,,,,,7177,844,667,1150,103,1438,990,1985,,,,,
ACSSF,2019e1,nc,000,0003,0000060,77277,43731,25281,183,1352,0,3813,2917,510,2407,,,,,,,,,,,,,,,,,,,,,,,,,,,,,,,,,,,,,,,,,,,,,,,,,,,,,,,,,,,,,,,,,,,,,,,,46061,27397,,2230,,4323,,,,,,,,,,,,,,,,,,,,,,,,,,,,,,,,,,,,,,,,,,,,,,,,,,,,,,,,,,,,,,,,,,,,,,,,,,,,,,,,,,,,,,,,,,,,,,,,,,,,,,,,,,,,,,,,,,,,,,,,,,,,,,,,,,,,,
ACSSF,2019e1,nc,000,0003,0000061,296725,127829,127349,1881,17125,112,10241,12188,801,11387,,,,,,,,,,,,,,,,,,,,,,,,,,,,,,,,,,,,,,,,,,,,,,,,,,,,,,,,,,,,,,,,,,,,,,,,136683,136389,5841,19483,,11042,,,,,,,,,,,,,,,,,,,,,,,,,,,,,,,,,,,,,,,,,,,,,,,,,,,,,,,,,,,,,,,,,,,,,,,,,,,,,,,,,,,,,,,,,,,,,296725,284537,127829,127349,1881,17125,112,10241,12188,801,11387,11438,5018,966,1777,2182,1495,750,0,,,,,,,,,,17125,5063,1010,816,536,508,5804,3388,,,,,
ACSSF,2019e1,nc,000,0003,0000062,93391,45852,38724,0,2693,0,1225,4897,97,4800,,,,,,,,,,,,,,,,,,,,,,,,,,,,,,,,,,,,,,,,,,,,,,,,,,,,,,,,,,,,,,,,,,,,,,,,50104,42527,,3766,,1322,,,,,,,,,,,,,,,,,,,,,,,,,,,,,,,,,,,,,,,,,,,,,,,,,,,,,,,,,,,,,,,,,,,,,,,,,,,,,,,,,,,,,,,,,,,,,,,,,,,,,,,,,,,,,,,,,,,,,,,,,,,,,,,,,,,,,
ACSSF,2019e1,nc,000,0003,0000063,111756,56940,39359,1094,7699,61,2431,4172,1177,2995,,,,,,,,,,,,,,,,,,,,,,,,,,,,,,,,,,,,,,,,,,,,,,,,,,,,,,,,,,,,,,,,,,,,,,,,60639,41633,1693,8407,,3608,,,,,,,,,,,,,,,,,,,,,,,,,,,,,,,,,,,,,,,,,,,,,,,,,,,,,,,,,,,,,,,,,,,,,,,,,,,,,,,,,,,,,,,,,,,,,,,,,,,,,,,,,,,,,,,,,,,,,,,,,,,,,,,,,,,,,
ACSSF,2019e1,nc,000,0003,0000064,72438,50096,12003,360,2293,22,772,6892,429,6463,,,,,,,,,,,,,,,,,,,,,,,,,,,,,,,,,,,,,,,,,,,,,,,,,,,,,,,,,,,,,,,,,,,,,,,,56773,17234,1489,3730,327,1313,,,,,,,,,,,,,,,,,,,,,,,,,,,,,,,,,,,,,,,,,,,,,,,,,,,,,,,,,,,,,,,,,,,,,,,,,,,,,,,,,,,,,,,,,,,,,72438,65546,50096,12003,360,2293,22,772,6892,429,6463,5396,3874,282,665,0,575,1476,20,,,,,,,,,,,,,,,,,,,,,,
ACSSF,2019e1,nc,000,0003,0000065,474708,275336,137734,3328,19078,70,27619,11543,2018,9525,,,,,,,,,,,,,,,,,,,,,,,,,,,,,,,,,,,,,,,,,,,,,,,,,,,,,,,,,,,,,,,,,,,,,,,,284480,143893,5490,22907,234,29912,,,,,,,,,,,,,,,,,,,,,,,,,,,,,,,,,,,,,,,,,,,,,,,,,,,,,,,,,,,,,,,,,,,,,,,,,,,,,,,,,,,,,,,,,,,,,474708,463165,275336,137734,3328,19078,70,27619,11543,2018,9525,10878,4595,1328,2248,303,2404,665,0,,,,,,,,,,19078,6481,4209,1649,480,1528,2761,1970,,,,,
ACSSF,2019e1,nc,000,0003,0000066,123728,92956,22782,298,1080,100,2734,3778,566,3212,,,,,,,,,,,,,,,,,,,,,,,,,,,,,,,,,,,,,,,,,,,,,,,,,,,,,,,,,,,,,,,,,,,,,,,,96170,24363,1217,2349,,3300,,,,,,,,,,,,,,,,,,,,,,,,,,,,,,,,,,,,,,,,,,,,,,,,,,,,,,,,,,,,,,,,,,,,,,,,,,,,,,,,,,,,,,,,,,,,,123728,119950,92956,22782,298,1080,100,2734,3778,566,3212,3729,1155,554,982,234,804,49,0,,,,,,,,,,,,,,,,,,,,,,
ACSSF,2019e1,nc,000,0003,0000067,247951,140814,88464,834,5207,0,5629,7003,1250,5753,,,,,,,,,,,,,,,,,,,,,,,,,,,,,,,,,,,,,,,,,,,,,,,,,,,,,,,,,,,,,,,,,,,,,,,,147502,92814,1317,7155,,6879,,,,,,,,,,,,,,,,,,,,,,,,,,,,,,,,,,,,,,,,,,,,,,,,,,,,,,,,,,,,,,,,,,,,,,,,,,,,,,,,,,,,,,,,,,,,,247951,240948,140814,88464,834,5207,0,5629,7003,1250,5753,6290,3412,143,1260,156,1319,713,0,,,,,,,,,,5207,1171,2432,296,173,0,416,719,,,,,
ACSSF,2019e1,nc,000,0003,0000068,92859,76206,11928,1031,1359,0,616,1719,418,1301,,,,,,,,,,,,,,,,,,,,,,,,,,,,,,,,,,,,,,,,,,,,,,,,,,,,,,,,,,,,,,,,,,,,,,,,77925,12227,1421,1971,,1107,,,,,,,,,,,,,,,,,,,,,,,,,,,,,,,,,,,,,,,,,,,,,,,,,,,,,,,,,,,,,,,,,,,,,,,,,,,,,,,,,,,,,,,,,,,,,,,,,,,,,,,,,,,,,,,,,,,,,,,,,,,,,,,,,,,,,
ACSSF,2019e1,nc,000,0003,0000069,885707,415665,313204,3687,55079,322,68724,29026,2287,26739,,,,,,,,,,,,,,,,,,,,,,,,,,,,,,,,,,,,,,,,,,,,,,,,,,,,,,,,,,,,,,,,,,,,,,,,439123,329636,11401,64988,1463,72403,,,,,,,,,,,,,,,,,,,,,,,,,,,,,,,,,,,,,,,,,,,,,,,,,,,,,,,,,,,,,,,,,,,,,,,,,,,,,,,,,,,,,,,,,,,,,885707,856681,415665,313204,3687,55079,322,68724,29026,2287,26739,24799,8750,2410,6379,2013,5247,4173,54,,,,,,,,,,55079,24196,7352,2666,1072,1114,8398,10281,,,,,
ACSSF,2019e1,nc,000,0003,0000070,96342,63423,16333,162,5001,0,8738,2685,583,2102,,,,,,,,,,,,,,,,,,,,,,,,,,,,,,,,,,,,,,,,,,,,,,,,,,,,,,,,,,,,,,,,,,,,,,,,65766,17526,819,6082,,9321,,,,,,,,,,,,,,,,,,,,,,,,,,,,,,,,,,,,,,,,,,,,,,,,,,,,,,,,,,,,,,,,,,,,,,,,,,,,,,,,,,,,,,,,,,,,,,,,,,,,,,,,,,,,,,,,,,,,,,,,,,,,,,,,,,,,,
ACSSF,2019e1,nc,000,0003,0000071,77277,43731,25281,183,1352,0,3813,2917,510,2407,,,,,,,,,,,,,,,,,,,,,,,,,,,,,,,,,,,,,,,,,,,,,,,,,,,,,,,,,,,,,,,,,,,,,,,,46061,27397,,2230,,4323,,,,,,,,,,,,,,,,,,,,,,,,,,,,,,,,,,,,,,,,,,,,,,,,,,,,,,,,,,,,,,,,,,,,,,,,,,,,,,,,,,,,,,,,,,,,,,,,,,,,,,,,,,,,,,,,,,,,,,,,,,,,,,,,,,,,,
ACSSF,2019e1,nc,000,0003,0000072,278953,140627,105393,375,13678,197,9096,9587,391,9196,,,,,,,,,,,,,,,,,,,,,,,,,,,,,,,,,,,,,,,,,,,,,,,,,,,,,,,,,,,,,,,,,,,,,,,,149227,110255,3280,16794,,9588,,,,,,,,,,,,,,,,,,,,,,,,,,,,,,,,,,,,,,,,,,,,,,,,,,,,,,,,,,,,,,,,,,,,,,,,,,,,,,,,,,,,,,,,,,,,,278953,269366,140627,105393,375,13678,197,9096,9587,391,9196,8563,3152,1376,2844,751,440,1024,0,,,,,,,,,,13678,3779,3088,1921,286,2539,1052,1013,,,,,
ACSSF,2019e1,nc,000,0003,0000073,211674,93152,87700,2240,7177,799,6259,14347,1217,13130,,,,,,,,,,,,,,,,,,,,,,,,,,,,,,,,,,,,,,,,,,,,,,,,,,,,,,,,,,,,,,,,,,,,,,,,103923,98958,5679,9557,1922,7513,,,,,,,,,,,,,,,,,,,,,,,,,,,,,,,,,,,,,,,,,,,,,,,,,,,,,,,,,,,,,,,,,,,,,,,,,,,,,,,,,,,,,,,,,,,,,211674,197327,93152,87700,2240,7177,799,6259,14347,1217,13130,12853,6651,947,1252,1604,2399,1457,37,,,,,,,,,,7177,844,667,1150,103,1438,990,1985,,,,,
ACSSF,2019e1,nc,000,0003,0000074,296725,127829,127349,1881,17125,112,10241,12188,801,11387,,,,,,,,,,,,,,,,,,,,,,,,,,,,,,,,,,,,,,,,,,,,,,,,,,,,,,,,,,,,,,,,,,,,,,,,136683,136389,5841,19483,,11042,,,,,,,,,,,,,,,,,,,,,,,,,,,,,,,,,,,,,,,,,,,,,,,,,,,,,,,,,,,,,,,,,,,,,,,,,,,,,,,,,,,,,,,,,,,,,296725,284537,127829,127349,1881,17125,112,10241,12188,801,11387,11438,5018,966,1777,2182,1495,750,0,,,,,,,,,,17125,5063,1010,816,536,508,5804,3388,,,,,
ACSSF,2019e1,nc,000,0003,0000075,107183,53930,38123,1030,7699,61,2431,3909,1177,2732,,,,,,,,,,,,,,,,,,,,,,,,,,,,,,,,,,,,,,,,,,,,,,,,,,,,,,,,,,,,,,,,,,,,,,,,57629,40134,1366,8407,,3608,,,,,,,,,,,,,,,,,,,,,,,,,,,,,,,,,,,,,,,,,,,,,,,,,,,,,,,,,,,,,,,,,,,,,,,,,,,,,,,,,,,,,,,,,,,,,,,,,,,,,,,,,,,,,,,,,,,,,,,,,,,,,,,,,,,,,
ACSSF,2019e1,nc,000,0003,0000076,93391,45852,38724,0,2693,0,1225,4897,97,4800,,,,,,,,,,,,,,,,,,,,,,,,,,,,,,,,,,,,,,,,,,,,,,,,,,,,,,,,,,,,,,,,,,,,,,,,50104,42527,,3766,,1322,,,,,,,,,,,,,,,,,,,,,,,,,,,,,,,,,,,,,,,,,,,,,,,,,,,,,,,,,,,,,,,,,,,,,,,,,,,,,,,,,,,,,,,,,,,,,,,,,,,,,,,,,,,,,,,,,,,,,,,,,,,,,,,,,,,,,
ACSSF,2019e1,nc,000,0003,0000077,72438,50096,12003,360,2293,22,772,6892,429,6463,,,,,,,,,,,,,,,,,,,,,,,,,,,,,,,,,,,,,,,,,,,,,,,,,,,,,,,,,,,,,,,,,,,,,,,,56773,17234,1489,3730,327,1313,,,,,,,,,,,,,,,,,,,,,,,,,,,,,,,,,,,,,,,,,,,,,,,,,,,,,,,,,,,,,,,,,,,,,,,,,,,,,,,,,,,,,,,,,,,,,72438,65546,50096,12003,360,2293,22,772,6892,429,6463,5396,3874,282,665,0,575,1476,20,,,,,,,,,,,,,,,,,,,,,,
ACSSF,2019e1,nc,000,0003,0000078,168038,110103,14153,681,35002,58,3180,4861,1006,3855,,,,,,,,,,,,,,,,,,,,,,,,,,,,,,,,,,,,,,,,,,,,,,,,,,,,,,,,,,,,,,,,,,,,,,,,114543,15475,1877,37502,137,4186,,,,,,,,,,,,,,,,,,,,,,,,,,,,,,,,,,,,,,,,,,,,,,,,,,,,,,,,,,,,,,,,,,,,,,,,,,,,,,,,,,,,,,,,,,,,,168038,163177,110103,14153,681,35002,58,3180,4861,1006,3855,4040,673,434,1800,0,1133,821,0,,,,,,,,,,35002,18942,7556,1292,195,2007,1279,3731,,,,,
ACSSF,2019e1,nc,000,0003,0000079,472775,274496,137319,3328,18787,70,27619,11156,1631,9525,,,,,,,,,,,,,,,,,,,,,,,,,,,,,,,,,,,,,,,,,,,,,,,,,,,,,,,,,,,,,,,,,,,,,,,,283640,143478,5490,22229,234,29525,,,,,,,,,,,,,,,,,,,,,,,,,,,,,,,,,,,,,,,,,,,,,,,,,,,,,,,,,,,,,,,,,,,,,,,,,,,,,,,,,,,,,,,,,,,,,472775,461619,274496,137319,3328,18787,70,27619,11156,1631,9525,10491,4595,1328,2248,303,2017,665,0,,,,,,,,,,18787,6481,4209,1358,480,1528,2761,1970,,,,,
ACSSF,2019e1,nc,000,0003,0000080,123728,92956,22782,298,1080,100,2734,3778,566,3212,,,,,,,,,,,,,,,,,,,,,,,,,,,,,,,,,,,,,,,,,,,,,,,,,,,,,,,,,,,,,,,,,,,,,,,,96170,24363,1217,2349,,3300,,,,,,,,,,,,,,,,,,,,,,,,,,,,,,,,,,,,,,,,,,,,,,,,,,,,,,,,,,,,,,,,,,,,,,,,,,,,,,,,,,,,,,,,,,,,,123728,119950,92956,22782,298,1080,100,2734,3778,566,3212,3729,1155,554,982,234,804,49,0,,,,,,,,,,,,,,,,,,,,,,
ACSSF,2019e1,nc,000,0003,0000081,247951,140814,88464,834,5207,0,5629,7003,1250,5753,,,,,,,,,,,,,,,,,,,,,,,,,,,,,,,,,,,,,,,,,,,,,,,,,,,,,,,,,,,,,,,,,,,,,,,,147502,92814,1317,7155,,6879,,,,,,,,,,,,,,,,,,,,,,,,,,,,,,,,,,,,,,,,,,,,,,,,,,,,,,,,,,,,,,,,,,,,,,,,,,,,,,,,,,,,,,,,,,,,,247951,240948,140814,88464,834,5207,0,5629,7003,1250,5753,6290,3412,143,1260,156,1319,713,0,,,,,,,,,,5207,1171,2432,296,173,0,416,719,,,,,
ACSSF,2019e1,nc,000,0003,0000082,763500,359842,340076,4174,14041,440,24918,20009,1445,18564,,,,,,,,,,,,,,,,,,,,,,,,,,,,,,,,,,,,,,,,,,,,,,,,,,,,,,,,,,,,,,,,,,,,,,,,376597,352742,10552,17872,1343,26572,,,,,,,,,,,,,,,,,,,,,,,,,,,,,,,,,,,,,,,,,,,,,,,,,,,,,,,,,,,,,,,,,,,,,,,,,,,,,,,,,,,,,,,,,,,,,763500,743491,359842,340076,4174,14041,440,24918,20009,1445,18564,17874,8132,2019,2863,2336,2524,2101,34,,,,,,,,,,14041,3939,3090,3146,467,1013,1171,1215,,,,,
ACSSF,2019e1,nc,000,0003,0000083,888547,638363,170552,3642,22217,1136,28647,23990,3022,20968,,,,,,,,,,,,,,,,,,,,,,,,,,,,,,,,,,,,,,,,,,,,,,,,,,,,,,,,,,,,,,,,,,,,,,,,657638,183191,8901,30501,1882,32477,,,,,,,,,,,,,,,,,,,,,,,,,,,,,,,,,,,,,,,,,,,,,,,,,,,,,,,,,,,,,,,,,,,,,,,,,,,,,,,,,,,,,,,,,,,,,888547,864557,638363,170552,3642,22217,1136,28647,23990,3022,20968,22130,8099,3277,5075,538,5141,1667,193,,,,,,,,,,22217,7846,2907,3717,227,1487,1889,4144,,,,,
ACSSF,2019e1,nc,000,0003,0000084,761753,557793,150734,3217,10731,483,11214,27581,3291,24290,,,,,,,,,,,,,,,,,,,,,,,,,,,,,,,,,,,,,,,,,,,,,,,,,,,,,,,,,,,,,,,,,,,,,,,,580518,166869,8832,19651,2569,14681,,,,,,,,,,,,,,,,,,,,,,,,,,,,,,,,,,,,,,,,,,,,,,,,,,,,,,,,,,,,,,,,,,,,,,,,,,,,,,,,,,,,,,,,,,,,,761753,734172,557793,150734,3217,10731,483,11214,27581,3291,24290,23894,9694,2808,6255,1268,3869,3608,79,,,,,,,,,,10731,502,1503,5601,532,597,257,1739,,,,,
ACSSF,2019e1,nc,000,0003,0000085,873270,523931,197616,4349,81768,174,42805,22627,3585,19042,,,,,,,,,,,,,,,,,,,,,,,,,,,,,,,,,,,,,,,,,,,,,,,,,,,,,,,,,,,,,,,,,,,,,,,,543666,208199,9421,89472,407,46665,,,,,,,,,,,,,,,,,,,,,,,,,,,,,,,,,,,,,,,,,,,,,,,,,,,,,,,,,,,,,,,,,,,,,,,,,,,,,,,,,,,,,,,,,,,,,873270,850643,523931,197616,4349,81768,174,42805,22627,3585,19042,20694,7861,2908,5472,381,4072,1933,0,,,,,,,,,,81768,38465,17538,2606,1850,6921,4783,9605,,,,,
ACSSF,2019e1,nc,000,0003,0000086,765013,606473,112117,3845,11604,537,14148,16289,2695,13594,,,,,,,,,,,,,,,,,,,,,,,,,,,,,,,,,,,,,,,,,,,,,,,,,,,,,,,,,,,,,,,,,,,,,,,,621809,119622,7911,15218,989,16848,,,,,,,,,,,,,,,,,,,,,,,,,,,,,,,,,,,,,,,,,,,,,,,,,,,,,,,,,,,,,,,,,,,,,,,,,,,,,,,,,,,,,,,,,,,,,765013,748724,606473,112117,3845,11604,537,14148,16289,2695,13594,15194,5702,3222,2776,366,3128,1095,0,,,,,,,,,,11604,2123,4977,883,596,581,1096,1348,,,,,
ACSSF,2019e1,nc,000,0003,0000087,791470,561103,157325,5059,13229,307,31070,23377,1313,22064,,,,,,,,,,,,,,,,,,,,,,,,,,,,,,,,,,,,,,,,,,,,,,,,,,,,,,,,,,,,,,,,,,,,,,,,579940,175390,12337,16156,817,32468,,,,,,,,,,,,,,,,,,,,,,,,,,,,,,,,,,,,,,,,,,,,,,,,,,,,,,,,,,,,,,,,,,,,,,,,,,,,,,,,,,,,,,,,,,,,,791470,768093,561103,157325,5059,13229,307,31070,23377,1313,22064,21461,12116,2051,1599,3708,1987,1626,290,,,,,,,,,,13229,2828,2405,1145,547,635,3728,1941,,,,,
ACSSF,2019e1,nc,000,0003,0000088,816402,608631,146207,7093,7144,414,23146,23767,1615,22152,,,,,,,,,,,,,,,,,,,,,,,,,,,,,,,,,,,,,,,,,,,,,,,,,,,,,,,,,,,,,,,,,,,,,,,,626802,161854,15868,12144,1312,24904,,,,,,,,,,,,,,,,,,,,,,,,,,,,,,,,,,,,,,,,,,,,,,,,,,,,,,,,,,,,,,,,,,,,,,,,,,,,,,,,,,,,,,,,,,,,,816402,792635,608631,146207,7093,7144,414,23146,23767,1615,22152,21240,8035,2860,3532,3396,3417,2339,188,,,,,,,,,,7144,1667,1608,857,159,2315,178,360,,,,,
ACSSF,2019e1,nc,000,0003,0000089,815055,526577,187535,9838,23353,1428,29998,36326,3383,32943,,,,,,,,,,,,,,,,,,,,,,,,,,,,,,,,,,,,,,,,,,,,,,,,,,,,,,,,,,,,,,,,,,,,,,,,556768,211661,18841,31351,3979,33932,,,,,,,,,,,,,,,,,,,,,,,,,,,,,,,,,,,,,,,,,,,,,,,,,,,,,,,,,,,,,,,,,,,,,,,,,,,,,,,,,,,,,,,,,,,,,815055,778729,526577,187535,9838,23353,1428,29998,36326,3383,32943,31843,14922,4536,4805,2146,5434,3815,668,,,,,,,,,,23353,6221,3608,2954,307,3130,1704,5429,,,,,
ACSSF,2019e1,nc,000,0003,0000090,796413,512665,156118,60906,23165,429,23469,19661,2022,17639,,,,,,,,,,,,,,,,,,,,,,,,,,,,,,,,,,,,,,,,,,,,,,,,,,,,,,,,,,,,,,,,,,,,,,,,529689,164204,67641,29753,1421,25831,,,,,,,,,,,,,,,,,,,,,,,,,,,,,,,,,,,,,,,,,,,,,,,,,,,,,,,,,,,,,,,,,,,,,,,,,,,,,,,,,,,,,,,,,,,,,796413,776752,512665,156118,60906,23165,429,23469,19661,2022,17639,17196,4505,3696,4460,867,3668,2465,0,,,,,,,,,,23165,11500,2853,1766,1141,2148,1763,1994,,,,,
ACSSF,2019e1,nc,000,0003,0000091,771791,626605,97258,3575,13744,512,15256,14841,2605,12236,,,,,,,,,,,,,,,,,,,,,,,,,,,,,,,,,,,,,,,,,,,,,,,,,,,,,,,,,,,,,,,,,,,,,,,,639871,104863,7218,16406,,17912,,,,,,,,,,,,,,,,,,,,,,,,,,,,,,,,,,,,,,,,,,,,,,,,,,,,,,,,,,,,,,,,,,,,,,,,,,,,,,,,,,,,,,,,,,,,,771791,756950,626605,97258,3575,13744,512,15256,14841,2605,12236,14691,7005,2673,2019,66,2928,150,0,,,,,,,,,,13744,516,831,1852,450,370,564,9161,,,,,
ACSSF,2019e1,nc,000,0003,0000092,772612,691103,25552,13542,8407,451,19751,13806,1962,11844,,,,,,,,,,,,,,,,,,,,,,,,,,,,,,,,,,,,,,,,,,,,,,,,,,,,,,,,,,,,,,,,,,,,,,,,703498,32402,18020,10707,,21756,,,,,,,,,,,,,,,,,,,,,,,,,,,,,,,,,,,,,,,,,,,,,,,,,,,,,,,,,,,,,,,,,,,,,,,,,,,,,,,,,,,,,,,,,,,,,772612,758806,691103,25552,13542,8407,451,19751,13806,1962,11844,13291,5584,2984,2037,648,2038,515,0,,,,,,,,,,8407,1799,817,773,738,842,471,2967,,,,,
ACSSF,2019e1,nc,000,0003,0000093,891792,400802,334450,3691,51507,379,71462,29501,2247,27254,,,,,,,,,,,,,,,,,,,,,,,,,,,,,,,,,,,,,,,,,,,,,,,,,,,,,,,,,,,,,,,,,,,,,,,,424988,351957,11734,60268,1843,75101,,,,,,,,,,,,,,,,,,,,,,,,,,,,,,,,,,,,,,,,,,,,,,,,,,,,,,,,,,,,,,,,,,,,,,,,,,,,,,,,,,,,,,,,,,,,,891792,862291,400802,334450,3691,51507,379,71462,29501,2247,27254,24957,9845,2360,5774,2168,4810,4490,54,,,,,,,,,,51507,20793,6189,2536,176,1332,9292,11189,,,,,
ACSSF,2019e1,nc,000,0003,0000094,780466,530622,177941,3777,28995,188,15581,23362,2708,20654,,,,,,,,,,,,,,,,,,,,,,,,,,,,,,,,,,,,,,,,,,,,,,,,,,,,,,,,,,,,,,,,,,,,,,,,551439,191178,11553,32702,402,18410,,,,,,,,,,,,,,,,,,,,,,,,,,,,,,,,,,,,,,,,,,,,,,,,,,,,,,,,,,,,,,,,,,,,,,,,,,,,,,,,,,,,,,,,,,,,,780466,757104,530622,177941,3777,28995,188,15581,23362,2708,20654,21506,9455,4112,3278,1746,2915,1856,0,,,,,,,,,,28995,7438,2732,763,637,1122,5832,10471,,,,,
ACSSF,2019e1,nc,000,0003,0000095,134126,126281,2388,496,1174,19,1483,2285,463,1822,,,,,,,,,,,,,,,,,,,,,,,,,,,,,,,,,,,,,,,,,,,,,,,,,,,,,,,,,,,,,,,,,,,,,,,,128347,3470,937,1528,,1951,,,,,,,,,,,,,,,,,,,,,,,,,,,,,,,,,,,,,,,,,,,,,,,,,,,,,,,,,,,,,,,,,,,,,,,,,,,,,,,,,,,,,,,,,,,,,134126,131841,126281,2388,496,1174,19,1483,2285,463,1822,2239,836,395,340,0,668,46,0,,,,,,,,,,,,,,,,,,,,,,
ACSSF,2019e1,nc,000,0003,0000096,151176,139146,4353,943,468,402,2665,3199,261,2938,,,,,,,,,,,,,,,,,,,,,,,,,,,,,,,,,,,,,,,,,,,,,,,,,,,,,,,,,,,,,,,,,,,,,,,,142057,5783,2592,815,,2926,,,,,,,,,,,,,,,,,,,,,,,,,,,,,,,,,,,,,,,,,,,,,,,,,,,,,,,,,,,,,,,,,,,,,,,,,,,,,,,,,,,,,,,,,,,,,151176,147977,139146,4353,943,468,402,2665,3199,261,2938,2999,942,1370,347,79,261,200,0,,,,,,,,,,,,,,,,,,,,,,
ACSSF,2019e1,nc,000,0003,0000097,136601,110258,19336,1969,271,116,1307,3344,142,3202,,,,,,,,,,,,,,,,,,,,,,,,,,,,,,,,,,,,,,,,,,,,,,,,,,,,,,,,,,,,,,,,,,,,,,,,113573,20855,3557,507,,1534,,,,,,,,,,,,,,,,,,,,,,,,,,,,,,,,,,,,,,,,,,,,,,,,,,,,,,,,,,,,,,,,,,,,,,,,,,,,,,,,,,,,,,,,,,,,,,,,,,,,,,,,,,,,,,,,,,,,,,,,,,,,,,,,,,,,,
ACSSF,2019e1,nc,000,0003,0000098,122468,76516,34378,1523,975,167,4644,4265,1197,3068,,,,,,,,,,,,,,,,,,,,,,,,,,,,,,,,,,,,,,,,,,,,,,,,,,,,,,,,,,,,,,,,,,,,,,,,80063,36588,3595,1346,346,5841,,,,,,,,,,,,,,,,,,,,,,,,,,,,,,,,,,,,,,,,,,,,,,,,,,,,,,,,,,,,,,,,,,,,,,,,,,,,,,,,,,,,,,,,,,,,,122468,118203,76516,34378,1523,975,167,4644,4265,1197,3068,3219,758,391,59,635,1376,1046,0,,,,,,,,,,,,,,,,,,,,,,
ACSSF,2019e1,nc,000,0003,0000099,128059,69473,47616,690,380,0,5446,4454,487,3967,,,,,,,,,,,,,,,,,,,,,,,,,,,,,,,,,,,,,,,,,,,,,,,,,,,,,,,,,,,,,,,,,,,,,,,,73539,50438,1572,1330,,5933,,,,,,,,,,,,,,,,,,,,,,,,,,,,,,,,,,,,,,,,,,,,,,,,,,,,,,,,,,,,,,,,,,,,,,,,,,,,,,,,,,,,,,,,,,,,,128059,123605,69473,47616,690,380,0,5446,4454,487,3967,4155,2135,596,769,26,629,299,0,,,,,,,,,,,,,,,,,,,,,,
ACSSF,2019e1,nc,000,0003,0000100,99062,38674,54378,3041,843,35,571,1520,210,1310,,,,,,,,,,,,,,,,,,,,,,,,,,,,,,,,,,,,,,,,,,,,,,,,,,,,,,,,,,,,,,,,,,,,,,,,39651,55475,3806,924,,889,,,,,,,,,,,,,,,,,,,,,,,,,,,,,,,,,,,,,,,,,,,,,,,,,,,,,,,,,,,,,,,,,,,,,,,,,,,,,,,,,,,,,,,,,,,,,,,,,,,,,,,,,,,,,,,,,,,,,,,,,,,,,,,,,,,,,
ACSSF,2019e1,nc,000,0003,0000101,113976,80288,29098,58,1085,92,380,2975,0,2975,,,,,,,,,,,,,,,,,,,,,,,,,,,,,,,,,,,,,,,,,,,,,,,,,,,,,,,,,,,,,,,,,,,,,,,,82761,30727,1000,1929,,,,,,,,,,,,,,,,,,,,,,,,,,,,,,,,,,,,,,,,,,,,,,,,,,,,,,,,,,,,,,,,,,,,,,,,,,,,,,,,,,,,,,,,,,,,,,,,,,,,,,,,,,,,,,,,,,,,,,,,,,,,,,,,,,,,,,,
ACSSF,2019e1,nc,000,0003,0000102,99771,65870,30456,308,380,54,1853,850,514,336,,,,,,,,,,,,,,,,,,,,,,,,,,,,,,,,,,,,,,,,,,,,,,,,,,,,,,,,,,,,,,,,,,,,,,,,66711,30548,552,389,,2367,,,,,,,,,,,,,,,,,,,,,,,,,,,,,,,,,,,,,,,,,,,,,,,,,,,,,,,,,,,,,,,,,,,,,,,,,,,,,,,,,,,,,,,,,,,,,,,,,,,,,,,,,,,,,,,,,,,,,,,,,,,,,,,,,,,,,
ACSSF,2019e1,nc,000,0003,0000103,145770,67598,67892,419,321,48,5867,3625,480,3145,,,,,,,,,,,,,,,,,,,,,,,,,,,,,,,,,,,,,,,,,,,,,,,,,,,,,,,,,,,,,,,,,,,,,,,,71068,69836,1175,852,,6347,,,,,,,,,,,,,,,,,,,,,,,,,,,,,,,,,,,,,,,,,,,,,,,,,,,,,,,,,,,,,,,,,,,,,,,,,,,,,,,,,,,,,,,,,,,,,145770,142145,67598,67892,419,321,48,5867,3625,480,3145,3489,1653,465,531,155,685,136,0,,,,,,,,,,,,,,,,,,,,,,
ACSSF,2019e1,nc,000,0003,0000104,101934,53593,39453,282,636,35,5988,1947,437,1510,,,,,,,,,,,,,,,,,,,,,,,,,,,,,,,,,,,,,,,,,,,,,,,,,,,,,,,,,,,,,,,,,,,,,,,,54839,40417,798,1110,454,6425,,,,,,,,,,,,,,,,,,,,,,,,,,,,,,,,,,,,,,,,,,,,,,,,,,,,,,,,,,,,,,,,,,,,,,,,,,,,,,,,,,,,,,,,,,,,,101934,99987,53593,39453,282,636,35,5988,1947,437,1510,1785,454,18,474,301,538,162,0,,,,,,,,,,,,,,,,,,,,,,
ACSSF,2019e1,nc,000,0003,0000105,209339,158143,34923,766,2028,0,9769,3710,882,2828,,,,,,,,,,,,,,,,,,,,,,,,,,,,,,,,,,,,,,,,,,,,,,,,,,,,,,,,,,,,,,,,,,,,,,,,161377,37162,1316,2610,,10718,,,,,,,,,,,,,,,,,,,,,,,,,,,,,,,,,,,,,,,,,,,,,,,,,,,,,,,,,,,,,,,,,,,,,,,,,,,,,,,,,,,,,,,,,,,,,209339,205629,158143,34923,766,2028,0,9769,3710,882,2828,3643,1696,400,515,150,882,0,67,,,,,,,,,,,,,,,,,,,,,,
ACSSF,2019e1,nc,000,0003,0000106,155519,91758,50677,524,6157,0,3494,2909,173,2736,,,,,,,,,,,,,,,,,,,,,,,,,,,,,,,,,,,,,,,,,,,,,,,,,,,,,,,,,,,,,,,,,,,,,,,,94323,52501,973,6959,,3667,,,,,,,,,,,,,,,,,,,,,,,,,,,,,,,,,,,,,,,,,,,,,,,,,,,,,,,,,,,,,,,,,,,,,,,,,,,,,,,,,,,,,,,,,,,,,155519,152610,91758,50677,524,6157,0,3494,2909,173,2736,2861,1605,283,629,118,226,48,0,,,,,,,,,,,,,,,,,,,,,,
ACSSF,2019e1,nc,000,0003,0000107,137861,85983,29151,567,4532,0,13580,4048,669,3379,,,,,,,,,,,,,,,,,,,,,,,,,,,,,,,,,,,,,,,,,,,,,,,,,,,,,,,,,,,,,,,,,,,,,,,,89123,31655,943,5912,,14524,,,,,,,,,,,,,,,,,,,,,,,,,,,,,,,,,,,,,,,,,,,,,,,,,,,,,,,,,,,,,,,,,,,,,,,,,,,,,,,,,,,,,,,,,,,,,137861,133813,85983,29151,567,4532,0,13580,4048,669,3379,3689,1713,292,793,0,891,359,0,,,,,,,,,,,,,,,,,,,,,,
ACSSF,2019e1,nc,000,0003,0000108,130174,90125,27273,1045,2950,0,5297,3484,648,2836,,,,,,,,,,,,,,,,,,,,,,,,,,,,,,,,,,,,,,,,,,,,,,,,,,,,,,,,,,,,,,,,,,,,,,,,93286,28314,,4421,,5945,,,,,,,,,,,,,,,,,,,,,,,,,,,,,,,,,,,,,,,,,,,,,,,,,,,,,,,,,,,,,,,,,,,,,,,,,,,,,,,,,,,,,,,,,,,,,130174,126690,90125,27273,1045,2950,0,5297,3484,648,2836,3484,1041,647,1148,0,648,0,0,,,,,,,,,,,,,,,,,,,,,,
ACSSF,2019e1,nc,000,0003,0000109,145198,64072,59413,91,3806,167,13874,3775,508,3267,,,,,,,,,,,,,,,,,,,,,,,,,,,,,,,,,,,,,,,,,,,,,,,,,,,,,,,,,,,,,,,,,,,,,,,,65763,62512,,5284,,14916,,,,,,,,,,,,,,,,,,,,,,,,,,,,,,,,,,,,,,,,,,,,,,,,,,,,,,,,,,,,,,,,,,,,,,,,,,,,,,,,,,,,,,,,,,,,,,,,,,,,,,,,,,,,,,,,,,,,,,,,,,,,,,,,,,,,,
ACSSF,2019e1,nc,000,0003,0000110,130114,94888,23994,1940,4905,0,2087,2300,326,1974,,,,,,,,,,,,,,,,,,,,,,,,,,,,,,,,,,,,,,,,,,,,,,,,,,,,,,,,,,,,,,,,,,,,,,,,96851,25014,2836,5537,,2539,,,,,,,,,,,,,,,,,,,,,,,,,,,,,,,,,,,,,,,,,,,,,,,,,,,,,,,,,,,,,,,,,,,,,,,,,,,,,,,,,,,,,,,,,,,,,130114,127814,94888,23994,1940,4905,0,2087,2300,326,1974,1961,665,542,322,0,432,213,126,,,,,,,,,,,,,,,,,,,,,,
ACSSF,2019e1,nc,000,0003,0000111,131781,87679,13124,406,26566,0,346,3660,289,3371,,,,,,,,,,,,,,,,,,,,,,,,,,,,,,,,,,,,,,,,,,,,,,,,,,,,,,,,,,,,,,,,,,,,,,,,91203,15598,712,27551,,635,,,,,,,,,,,,,,,,,,,,,,,,,,,,,,,,,,,,,,,,,,,,,,,,,,,,,,,,,,,,,,,,,,,,,,,,,,,,,,,,,,,,,,,,,,,,,,,,,,,,,,,,,,,,,,,,,,,,,,,,,26566,19749,2581,941,375,911,502,1507,,,,,
ACSSF,2019e1,nc,000,0003,0000112,136620,97751,12356,585,17454,58,4546,3870,638,3232,,,,,,,,,,,,,,,,,,,,,,,,,,,,,,,,,,,,,,,,,,,,,,,,,,,,,,,,,,,,,,,,,,,,,,,,101621,13603,1681,18933,137,5184,,,,,,,,,,,,,,,,,,,,,,,,,,,,,,,,,,,,,,,,,,,,,,,,,,,,,,,,,,,,,,,,,,,,,,,,,,,,,,,,,,,,,,,,,,,,,136620,132750,97751,12356,585,17454,58,4546,3870,638,3232,3201,657,554,1352,0,638,669,0,,,,,,,,,,17454,7977,4836,395,195,699,1678,1674,,,,,
ACSSF,2019e1,nc,000,0003,0000113,144494,106207,14939,108,17513,37,1942,3748,587,3161,,,,,,,,,,,,,,,,,,,,,,,,,,,,,,,,,,,,,,,,,,,,,,,,,,,,,,,,,,,,,,,,,,,,,,,,109070,16140,649,19767,,2529,,,,,,,,,,,,,,,,,,,,,,,,,,,,,,,,,,,,,,,,,,,,,,,,,,,,,,,,,,,,,,,,,,,,,,,,,,,,,,,,,,,,,,,,,,,,,,,,,,,,,,,,,,,,,,,,,,,,,,,,,17513,8639,3001,1230,71,1560,486,2526,,,,,
ACSSF,2019e1,nc,000,0003,0000114,177816,93878,61647,277,11613,0,4510,5891,574,5317,,,,,,,,,,,,,,,,,,,,,,,,,,,,,,,,,,,,,,,,,,,,,,,,,,,,,,,,,,,,,,,,,,,,,,,,98480,64088,2540,14332,,5185,,,,,,,,,,,,,,,,,,,,,,,,,,,,,,,,,,,,,,,,,,,,,,,,,,,,,,,,,,,,,,,,,,,,,,,,,,,,,,,,,,,,,,,,,,,,,177816,171925,93878,61647,277,11613,0,4510,5891,574,5317,4973,699,844,2141,524,765,918,0,,,,,,,,,,11613,2946,2842,1709,286,2466,875,489,,,,,
ACSSF,2019e1,nc,000,0003,0000115,143672,77715,52734,98,2591,197,5525,4812,279,4533,,,,,,,,,,,,,,,,,,,,,,,,,,,,,,,,,,,,,,,,,,,,,,,,,,,,,,,,,,,,,,,,,,,,,,,,82027,55614,1130,3517,615,5804,,,,,,,,,,,,,,,,,,,,,,,,,,,,,,,,,,,,,,,,,,,,,,,,,,,,,,,,,,,,,,,,,,,,,,,,,,,,,,,,,,,,,,,,,,,,,143672,138860,77715,52734,98,2591,197,5525,4812,279,4533,4589,2575,532,703,305,474,223,0,,,,,,,,,,,,,,,,,,,,,,
ACSSF,2019e1,nc,000,0003,0000116,148463,114567,16943,398,12048,9,1600,2898,215,2683,,,,,,,,,,,,,,,,,,,,,,,,,,,,,,,,,,,,,,,,,,,,,,,,,,,,,,,,,,,,,,,,,,,,,,,,117250,17849,1838,13090,,1815,,,,,,,,,,,,,,,,,,,,,,,,,,,,,,,,,,,,,,,,,,,,,,,,,,,,,,,,,,,,,,,,,,,,,,,,,,,,,,,,,,,,,,,,,,,,,,,,,,,,,,,,,,,,,,,,,,,,,,,,,12048,2636,4920,0,800,756,639,2297,,,,,
ACSSF,2019e1,nc,000,0003,0000117,136249,101961,21686,81,2348,0,6318,3855,220,3635,,,,,,,,,,,,,,,,,,,,,,,,,,,,,,,,,,,,,,,,,,,,,,,,,,,,,,,,,,,,,,,,,,,,,,,,105682,24648,604,2990,,6538,,,,,,,,,,,,,,,,,,,,,,,,,,,,,,,,,,,,,,,,,,,,,,,,,,,,,,,,,,,,,,,,,,,,,,,,,,,,,,,,,,,,,,,,,,,,,136249,132394,101961,21686,81,2348,0,6318,3855,220,3635,3526,2640,169,431,9,277,209,120,,,,,,,,,,,,,,,,,,,,,,
ACSSF,2019e1,nc,000,0003,0000118,169591,118049,34307,1471,3008,72,8432,4252,186,4066,,,,,,,,,,,,,,,,,,,,,,,,,,,,,,,,,,,,,,,,,,,,,,,,,,,,,,,,,,,,,,,,,,,,,,,,121933,37808,2208,3618,,8618,,,,,,,,,,,,,,,,,,,,,,,,,,,,,,,,,,,,,,,,,,,,,,,,,,,,,,,,,,,,,,,,,,,,,,,,,,,,,,,,,,,,,,,,,,,,,169591,165339,118049,34307,1471,3008,72,8432,4252,186,4066,3880,2891,89,310,368,222,202,170,,,,,,,,,,,,,,,,,,,,,,
ACSSF,2019e1,nc,000,0003,0000119,145543,78955,49881,824,5120,112,4783,5868,305,5563,,,,,,,,,,,,,,,,,,,,,,,,,,,,,,,,,,,,,,,,,,,,,,,,,,,,,,,,,,,,,,,,,,,,,,,,82044,54224,,6975,,5088,,,,,,,,,,,,,,,,,,,,,,,,,,,,,,,,,,,,,,,,,,,,,,,,,,,,,,,,,,,,,,,,,,,,,,,,,,,,,,,,,,,,,,,,,,,,,145543,139675,78955,49881,824,5120,112,4783,5868,305,5563,5868,1626,41,1274,2041,886,0,0,,,,,,,,,,,,,,,,,,,,,,
ACSSF,2019e1,nc,000,0003,0000120,118936,38329,59125,1057,10873,0,4247,5305,496,4809,,,,,,,,,,,,,,,,,,,,,,,,,,,,,,,,,,,,,,,,,,,,,,,,,,,,,,,,,,,,,,,,,,,,,,,,43079,63134,2379,11313,,4743,,,,,,,,,,,,,,,,,,,,,,,,,,,,,,,,,,,,,,,,,,,,,,,,,,,,,,,,,,,,,,,,,,,,,,,,,,,,,,,,,,,,,,,,,,,,,118936,113631,38329,59125,1057,10873,0,4247,5305,496,4809,4785,2934,661,440,141,609,520,0,,,,,,,,,,10873,3716,368,237,0,49,3753,2750,,,,,
ACSSF,2019e1,nc,000,0003,0000121,131681,89496,31513,151,4492,0,3282,2747,0,2747,,,,,,,,,,,,,,,,,,,,,,,,,,,,,,,,,,,,,,,,,,,,,,,,,,,,,,,,,,,,,,,,,,,,,,,,91203,33619,,4870,,3282,,,,,,,,,,,,,,,,,,,,,,,,,,,,,,,,,,,,,,,,,,,,,,,,,,,,,,,,,,,,,,,,,,,,,,,,,,,,,,,,,,,,,,,,,,,,,,,,,,,,,,,,,,,,,,,,,,,,,,,,,,,,,,,,,,,,,
ACSSF,2019e1,nc,000,0003,0000122,141014,81533,43483,1109,6533,61,3643,4652,1177,3475,,,,,,,,,,,,,,,,,,,,,,,,,,,,,,,,,,,,,,,,,,,,,,,,,,,,,,,,,,,,,,,,,,,,,,,,85946,45803,1577,7572,,4820,,,,,,,,,,,,,,,,,,,,,,,,,,,,,,,,,,,,,,,,,,,,,,,,,,,,,,,,,,,,,,,,,,,,,,,,,,,,,,,,,,,,,,,,,,,,,141014,136362,81533,43483,1109,6533,61,3643,4652,1177,3475,4438,2028,205,950,49,1206,214,0,,,,,,,,,,,,,,,,,,,,,,
ACSSF,2019e1,nc,000,0003,0000123,100524,52786,42840,100,1621,0,1869,1308,569,739,,,,,,,,,,,,,,,,,,,,,,,,,,,,,,,,,,,,,,,,,,,,,,,,,,,,,,,,,,,,,,,,,,,,,,,,54022,43261,173,1990,,2438,,,,,,,,,,,,,,,,,,,,,,,,,,,,,,,,,,,,,,,,,,,,,,,,,,,,,,,,,,,,,,,,,,,,,,,,,,,,,,,,,,,,,,,,,,,,,,,,,,,,,,,,,,,,,,,,,,,,,,,,,,,,,,,,,,,,,
ACSSF,2019e1,nc,000,0003,0000124,141059,83564,43856,734,3349,0,3510,6046,1162,4884,,,,,,,,,,,,,,,,,,,,,,,,,,,,,,,,,,,,,,,,,,,,,,,,,,,,,,,,,,,,,,,,,,,,,,,,89367,47563,1030,4928,,4672,,,,,,,,,,,,,,,,,,,,,,,,,,,,,,,,,,,,,,,,,,,,,,,,,,,,,,,,,,,,,,,,,,,,,,,,,,,,,,,,,,,,,,,,,,,,,141059,135013,83564,43856,734,3349,0,3510,6046,1162,4884,5591,3099,143,1034,153,1162,455,0,,,,,,,,,,3349,523,1613,296,25,0,416,476,,,,,
ACSSF,2019e1,nc,000,0003,0000125,140712,116119,14227,1119,3914,116,3303,1914,301,1613,,,,,,,,,,,,,,,,,,,,,,,,,,,,,,,,,,,,,,,,,,,,,,,,,,,,,,,,,,,,,,,,,,,,,,,,117902,14885,1659,4574,,3604,,,,,,,,,,,,,,,,,,,,,,,,,,,,,,,,,,,,,,,,,,,,,,,,,,,,,,,,,,,,,,,,,,,,,,,,,,,,,,,,,,,,,,,,,,,,,140712,138798,116119,14227,1119,3914,116,3303,1914,301,1613,1800,413,295,660,131,301,114,0,,,,,,,,,,,,,,,,,,,,,,
ACSSF,2019e1,nc,000,0003,0000126,107491,97958,4458,57,687,0,607,3724,59,3665,,,,,,,,,,,,,,,,,,,,,,,,,,,,,,,,,,,,,,,,,,,,,,,,,,,,,,,,,,,,,,,,,,,,,,,,101520,5540,2552,946,,666,,,,,,,,,,,,,,,,,,,,,,,,,,,,,,,,,,,,,,,,,,,,,,,,,,,,,,,,,,,,,,,,,,,,,,,,,,,,,,,,,,,,,,,,,,,,,,,,,,,,,,,,,,,,,,,,,,,,,,,,,,,,,,,,,,,,,
ACSSF,2019e1,nc,000,0003,0000127,119675,105463,6687,0,608,0,4325,2592,243,2349,,,,,,,,,,,,,,,,,,,,,,,,,,,,,,,,,,,,,,,,,,,,,,,,,,,,,,,,,,,,,,,,,,,,,,,,107946,8420,,1387,,4568,,,,,,,,,,,,,,,,,,,,,,,,,,,,,,,,,,,,,,,,,,,,,,,,,,,,,,,,,,,,,,,,,,,,,,,,,,,,,,,,,,,,,,,,,,,,,,,,,,,,,,,,,,,,,,,,,,,,,,,,,,,,,,,,,,,,,
ACSSF,2019e1,nc,000,0003,0000128,136518,116683,5928,1300,3313,314,6572,2408,286,2122,,,,,,,,,,,,,,,,,,,,,,,,,,,,,,,,,,,,,,,,,,,,,,,,,,,,,,,,,,,,,,,,,,,,,,,,118840,7572,1834,3508,,6858,,,,,,,,,,,,,,,,,,,,,,,,,,,,,,,,,,,,,,,,,,,,,,,,,,,,,,,,,,,,,,,,,,,,,,,,,,,,,,,,,,,,,,,,,,,,,136518,134110,116683,5928,1300,3313,314,6572,2408,286,2122,2408,1475,534,113,0,286,0,0,,,,,,,,,,,,,,,,,,,,,,
ACSSF,2019e1,nc,000,0003,0000129,135068,114280,14377,1082,1760,0,757,2812,418,2394,,,,,,,,,,,,,,,,,,,,,,,,,,,,,,,,,,,,,,,,,,,,,,,,,,,,,,,,,,,,,,,,,,,,,,,,117092,15305,1740,2568,,1248,,,,,,,,,,,,,,,,,,,,,,,,,,,,,,,,,,,,,,,,,,,,,,,,,,,,,,,,,,,,,,,,,,,,,,,,,,,,,,,,,,,,,,,,,,,,,135068,132256,114280,14377,1082,1760,0,757,2812,418,2394,2739,928,585,808,0,418,73,0,,,,,,,,,,,,,,,,,,,,,,
ACSSF,2019e1,nc,000,0003,0000130,126123,116550,2451,88,1644,56,3219,2115,187,1928,,,,,,,,,,,,,,,,,,,,,,,,,,,,,,,,,,,,,,,,,,,,,,,,,,,,,,,,,,,,,,,,,,,,,,,,118176,3507,1057,1978,,3413,,,,,,,,,,,,,,,,,,,,,,,,,,,,,,,,,,,,,,,,,,,,,,,,,,,,,,,,,,,,,,,,,,,,,,,,,,,,,,,,,,,,,,,,,,,,,,,,,,,,,,,,,,,,,,,,,,,,,,,,,,,,,,,,,,,,,
ACSSF,2019e1,nc,000,0003,0000131,114960,98399,1255,9772,882,40,1583,3029,960,2069,,,,,,,,,,,,,,,,,,,,,,,,,,,,,,,,,,,,,,,,,,,,,,,,,,,,,,,,,,,,,,,,,,,,,,,,100996,2271,11257,882,,2543,,,,,,,,,,,,,,,,,,,,,,,,,,,,,,,,,,,,,,,,,,,,,,,,,,,,,,,,,,,,,,,,,,,,,,,,,,,,,,,,,,,,,,,,,,,,,114960,111931,98399,1255,9772,882,40,1583,3029,960,2069,3006,969,1030,0,47,960,23,0,,,,,,,,,,,,,,,,,,,,,,
ACSSF,2019e1,nc,000,0003,0000132,111463,104389,1560,1613,886,41,2011,963,83,880,,,,,,,,,,,,,,,,,,,,,,,,,,,,,,,,,,,,,,,,,,,,,,,,,,,,,,,,,,,,,,,,,,,,,,,,105271,1665,2406,931,,2094,,,,,,,,,,,,,,,,,,,,,,,,,,,,,,,,,,,,,,,,,,,,,,,,,,,,,,,,,,,,,,,,,,,,,,,,,,,,,,,,,,,,,,,,,,,,,,,,,,,,,,,,,,,,,,,,,,,,,,,,,,,,,,,,,,,,,
ACSSF,2019e1,nc,000,0003,0000133,151785,139529,5880,253,1098,0,2622,2403,0,2403,,,,,,,,,,,,,,,,,,,,,,,,,,,,,,,,,,,,,,,,,,,,,,,,,,,,,,,,,,,,,,,,,,,,,,,,141883,7282,907,1889,,2622,,,,,,,,,,,,,,,,,,,,,,,,,,,,,,,,,,,,,,,,,,,,,,,,,,,,,,,,,,,,,,,,,,,,,,,,,,,,,,,,,,,,,,,,,,,,,,,,,,,,,,,,,,,,,,,,,,,,,,,,,,,,,,,,,,,,,
ACSSF,2019e1,nc,000,0003,0000134,134260,110981,19169,950,613,0,765,1782,261,1521,,,,,,,,,,,,,,,,,,,,,,,,,,,,,,,,,,,,,,,,,,,,,,,,,,,,,,,,,,,,,,,,,,,,,,,,112683,20239,1278,866,,1040,,,,,,,,,,,,,,,,,,,,,,,,,,,,,,,,,,,,,,,,,,,,,,,,,,,,,,,,,,,,,,,,,,,,,,,,,,,,,,,,,,,,,,,,,,,,,,,,,,,,,,,,,,,,,,,,,,,,,,,,,,,,,,,,,,,,,
ACSSF,2019e1,nc,000,0003,0000135,137736,118037,14680,353,1636,60,1679,1291,0,1291,,,,,,,,,,,,,,,,,,,,,,,,,,,,,,,,,,,,,,,,,,,,,,,,,,,,,,,,,,,,,,,,,,,,,,,,119280,15592,,2035,,1679,,,,,,,,,,,,,,,,,,,,,,,,,,,,,,,,,,,,,,,,,,,,,,,,,,,,,,,,,,,,,,,,,,,,,,,,,,,,,,,,,,,,,,,,,,,,,,,,,,,,,,,,,,,,,,,,,,,,,,,,,,,,,,,,,,,,,
ACSSF,2019e1,nc,000,0003,0000136,159081,125716,14087,656,7190,0,7927,3505,1214,2291,,,,,,,,,,,,,,,,,,,,,,,,,,,,,,,,,,,,,,,,,,,,,,,,,,,,,,,,,,,,,,,,,,,,,,,,128361,15957,1676,7451,,9141,,,,,,,,,,,,,,,,,,,,,,,,,,,,,,,,,,,,,,,,,,,,,,,,,,,,,,,,,,,,,,,,,,,,,,,,,,,,,,,,,,,,,,,,,,,,,,,,,,,,,,,,,,,,,,,,,,,,,,,,,,,,,,,,,,,,,
ACSSF,2019e1,nc,000,0003,0000137,154899,120465,18861,317,4470,0,4880,5906,458,5448,,,,,,,,,,,,,,,,,,,,,,,,,,,,,,,,,,,,,,,,,,,,,,,,,,,,,,,,,,,,,,,,,,,,,,,,125845,22337,3075,5135,,5459,,,,,,,,,,,,,,,,,,,,,,,,,,,,,,,,,,,,,,,,,,,,,,,,,,,,,,,,,,,,,,,,,,,,,,,,,,,,,,,,,,,,,,,,,,,,,154899,148993,120465,18861,317,4470,0,4880,5906,458,5448,4860,2224,1254,466,458,458,1046,0,,,,,,,,,,,,,,,,,,,,,,
ACSSF,2019e1,nc,000,0003,0000138,107221,91005,11339,825,1389,452,420,1791,142,1649,,,,,,,,,,,,,,,,,,,,,,,,,,,,,,,,,,,,,,,,,,,,,,,,,,,,,,,,,,,,,,,,,,,,,,,,92796,12118,1561,1572,,562,,,,,,,,,,,,,,,,,,,,,,,,,,,,,,,,,,,,,,,,,,,,,,,,,,,,,,,,,,,,,,,,,,,,,,,,,,,,,,,,,,,,,,,,,,,,,107221,105430,91005,11339,825,1389,452,420,1791,142,1649,1742,730,736,134,0,142,49,0,,,,,,,,,,,,,,,,,,,,,,
ACSSF,2019e1,nc,000,0003,0000139,117333,80424,27486,183,2066,0,3941,3233,510,2723,,,,,,,,,,,,,,,,,,,,,,,,,,,,,,,,,,,,,,,,,,,,,,,,,,,,,,,,,,,,,,,,,,,,,,,,83070,29525,,3197,,4451,,,,,,,,,,,,,,,,,,,,,,,,,,,,,,,,,,,,,,,,,,,,,,,,,,,,,,,,,,,,,,,,,,,,,,,,,,,,,,,,,,,,,,,,,,,,,117333,114100,80424,27486,183,2066,0,3941,3233,510,2723,3233,1673,140,635,0,785,0,0,,,,,,,,,,,,,,,,,,,,,,
ACSSF,2019e1,nc,000,0003,0000140,124967,60317,38414,2738,7179,146,11896,4277,740,3537,,,,,,,,,,,,,,,,,,,,,,,,,,,,,,,,,,,,,,,,,,,,,,,,,,,,,,,,,,,,,,,,,,,,,,,,63401,40150,4713,8774,,12636,,,,,,,,,,,,,,,,,,,,,,,,,,,,,,,,,,,,,,,,,,,,,,,,,,,,,,,,,,,,,,,,,,,,,,,,,,,,,,,,,,,,,,,,,,,,,124967,120690,60317,38414,2738,7179,146,11896,4277,740,3537,3639,756,398,884,88,1513,638,0,,,,,,,,,,7179,693,2396,239,0,125,1688,2038,,,,,
ACSSF,2019e1,nc,000,0003,0000141,127525,17614,87630,110,4937,51,13519,3664,308,3356,,,,,,,,,,,,,,,,,,,,,,,,,,,,,,,,,,,,,,,,,,,,,,,,,,,,,,,,,,,,,,,,,,,,,,,,20272,90425,1517,5591,,13875,,,,,,,,,,,,,,,,,,,,,,,,,,,,,,,,,,,,,,,,,,,,,,,,,,,,,,,,,,,,,,,,,,,,,,,,,,,,,,,,,,,,,,,,,,,,,127525,123861,17614,87630,110,4937,51,13519,3664,308,3356,3048,1247,44,443,894,420,562,54,,,,,,,,,,,,,,,,,,,,,,
ACSSF,2019e1,nc,000,0003,0000142,130452,34381,55349,225,10315,125,24469,5588,353,5235,,,,,,,,,,,,,,,,,,,,,,,,,,,,,,,,,,,,,,,,,,,,,,,,,,,,,,,,,,,,,,,,,,,,,,,,38544,58614,2389,12036,,24822,,,,,,,,,,,,,,,,,,,,,,,,,,,,,,,,,,,,,,,,,,,,,,,,,,,,,,,,,,,,,,,,,,,,,,,,,,,,,,,,,,,,,,,,,,,,,,,,,,,,,,,,,,,,,,,,,,,,,,,,,10315,5067,214,299,0,71,1960,2704,,,,,
ACSSF,2019e1,nc,000,0003,0000143,159889,128958,12965,118,9900,0,2622,5326,101,5225,,,,,,,,,,,,,,,,,,,,,,,,,,,,,,,,,,,,,,,,,,,,,,,,,,,,,,,,,,,,,,,,,,,,,,,,133625,14955,,13189,,2723,,,,,,,,,,,,,,,,,,,,,,,,,,,,,,,,,,,,,,,,,,,,,,,,,,,,,,,,,,,,,,,,,,,,,,,,,,,,,,,,,,,,,,,,,,,,,,,,,,,,,,,,,,,,,,,,,,,,,,,,,9900,4801,2083,608,914,203,436,855,,,,,
ACSSF,2019e1,nc,000,0003,0000144,125412,76731,37165,210,4684,0,3616,3006,407,2599,,,,,,,,,,,,,,,,,,,,,,,,,,,,,,,,,,,,,,,,,,,,,,,,,,,,,,,,,,,,,,,,,,,,,,,,79707,38610,1005,5343,,4023,,,,,,,,,,,,,,,,,,,,,,,,,,,,,,,,,,,,,,,,,,,,,,,,,,,,,,,,,,,,,,,,,,,,,,,,,,,,,,,,,,,,,,,,,,,,,125412,122406,76731,37165,210,4684,0,3616,3006,407,2599,2592,1001,351,659,30,551,414,0,,,,,,,,,,,,,,,,,,,,,,
ACSSF,2019e1,nc,000,0003,0000145,159279,109507,35590,88,4269,12,6279,3534,37,3497,,,,,,,,,,,,,,,,,,,,,,,,,,,,,,,,,,,,,,,,,,,,,,,,,,,,,,,,,,,,,,,,,,,,,,,,112686,37713,361,5790,,6316,,,,,,,,,,,,,,,,,,,,,,,,,,,,,,,,,,,,,,,,,,,,,,,,,,,,,,,,,,,,,,,,,,,,,,,,,,,,,,,,,,,,,,,,,,,,,,,,,,,,,,,,,,,,,,,,,,,,,,,,,4269,1851,703,479,0,534,33,669,,,,,
ACSSF,2019e1,nc,000,0003,0000146,139965,68888,50281,286,6958,0,8508,5044,300,4744,,,,,,,,,,,,,,,,,,,,,,,,,,,,,,,,,,,,,,,,,,,,,,,,,,,,,,,,,,,,,,,,,,,,,,,,73174,54105,956,7925,,10152,,,,,,,,,,,,,,,,,,,,,,,,,,,,,,,,,,,,,,,,,,,,,,,,,,,,,,,,,,,,,,,,,,,,,,,,,,,,,,,,,,,,,,,,,,,,,139965,134921,68888,50281,286,6958,0,8508,5044,300,4744,3535,1968,505,362,0,700,1509,0,,,,,,,,,,6958,3562,250,177,0,306,1745,918,,,,,
ACSSF,2019e1,nc,000,0003,0000147,142867,83268,34620,34,15386,45,4423,5091,430,4661,,,,,,,,,,,,,,,,,,,,,,,,,,,,,,,,,,,,,,,,,,,,,,,,,,,,,,,,,,,,,,,,,,,,,,,,87536,36898,1418,17261,,4853,,,,,,,,,,,,,,,,,,,,,,,,,,,,,,,,,,,,,,,,,,,,,,,,,,,,,,,,,,,,,,,,,,,,,,,,,,,,,,,,,,,,,,,,,,,,,142867,137776,83268,34620,34,15386,45,4423,5091,430,4661,4397,1444,561,1181,228,983,694,0,,,,,,,,,,15386,9206,1344,752,176,461,2720,727,,,,,
ACSSF,2019e1,nc,000,0003,0000148,164662,111883,30572,162,6988,0,9934,5123,634,4489,,,,,,,,,,,,,,,,,,,,,,,,,,,,,,,,,,,,,,,,,,,,,,,,,,,,,,,,,,,,,,,,,,,,,,,,116664,34001,836,8203,,10568,,,,,,,,,,,,,,,,,,,,,,,,,,,,,,,,,,,,,,,,,,,,,,,,,,,,,,,,,,,,,,,,,,,,,,,,,,,,,,,,,,,,,,,,,,,,,,,,,,,,,,,,,,,,,,,,,,,,,,,,,,,,,,,,,,,,,
ACSSF,2019e1,nc,000,0003,0000149,114597,87997,16495,1138,3125,80,1461,4301,119,4182,,,,,,,,,,,,,,,,,,,,,,,,,,,,,,,,,,,,,,,,,,,,,,,,,,,,,,,,,,,,,,,,,,,,,,,,92071,17930,2420,4590,307,1580,,,,,,,,,,,,,,,,,,,,,,,,,,,,,,,,,,,,,,,,,,,,,,,,,,,,,,,,,,,,,,,,,,,,,,,,,,,,,,,,,,,,,,,,,,,,,,,,,,,,,,,,,,,,,,,,,,,,,,,,,,,,,,,,,,,,,
ACSSF,2019e1,nc,000,0003,0000150,142017,108659,23034,429,1196,0,3714,4985,832,4153,,,,,,,,,,,,,,,,,,,,,,,,,,,,,,,,,,,,,,,,,,,,,,,,,,,,,,,,,,,,,,,,,,,,,,,,112537,25975,2560,1771,,4546,,,,,,,,,,,,,,,,,,,,,,,,,,,,,,,,,,,,,,,,,,,,,,,,,,,,,,,,,,,,,,,,,,,,,,,,,,,,,,,,,,,,,,,,,,,,,142017,137032,108659,23034,429,1196,0,3714,4985,832,4153,4598,1598,788,424,956,832,387,0,,,,,,,,,,,,,,,,,,,,,,
ACSSF,2019e1,nc,000,0003,0000151,167609,144346,17508,490,2643,127,638,1857,135,1722,,,,,,,,,,,,,,,,,,,,,,,,,,,,,,,,,,,,,,,,,,,,,,,,,,,,,,,,,,,,,,,,,,,,,,,,145875,18458,1160,3073,,773,,,,,,,,,,,,,,,,,,,,,,,,,,,,,,,,,,,,,,,,,,,,,,,,,,,,,,,,,,,,,,,,,,,,,,,,,,,,,,,,,,,,,,,,,,,,,,,,,,,,,,,,,,,,,,,,,,,,,,,,,,,,,,,,,,,,,
ACSSF,2019e1,nc,000,0003,0000152,143667,122978,8140,570,1477,0,6484,4018,72,3946,,,,,,,,,,,,,,,,,,,,,,,,,,,,,,,,,,,,,,,,,,,,,,,,,,,,,,,,,,,,,,,,,,,,,,,,126965,11315,1418,1507,,6556,,,,,,,,,,,,,,,,,,,,,,,,,,,,,,,,,,,,,,,,,,,,,,,,,,,,,,,,,,,,,,,,,,,,,,,,,,,,,,,,,,,,,,,,,,,,,143667,139649,122978,8140,570,1477,0,6484,4018,72,3946,3942,3068,772,30,0,72,76,0,,,,,,,,,,,,,,,,,,,,,,
ACSSF,2019e1,nc,000,0003,0000153,128053,102127,16423,754,2346,175,3993,2235,89,2146,,,,,,,,,,,,,,,,,,,,,,,,,,,,,,,,,,,,,,,,,,,,,,,,,,,,,,,,,,,,,,,,,,,,,,,,104362,17808,1047,2814,,4082,,,,,,,,,,,,,,,,,,,,,,,,,,,,,,,,,,,,,,,,,,,,,,,,,,,,,,,,,,,,,,,,,,,,,,,,,,,,,,,,,,,,,,,,,,,,,128053,125818,102127,16423,754,2346,175,3993,2235,89,2146,2235,1385,293,468,0,89,0,0,,,,,,,,,,,,,,,,,,,,,,
ACSSF,2019e1,nc,000,0003,0000154,135976,90982,30201,788,2460,1039,5809,4697,445,4252,,,,,,,,,,,,,,,,,,,,,,,,,,,,,,,,,,,,,,,,,,,,,,,,,,,,,,,,,,,,,,,,,,,,,,,,94848,32622,2281,3974,,6335,,,,,,,,,,,,,,,,,,,,,,,,,,,,,,,,,,,,,,,,,,,,,,,,,,,,,,,,,,,,,,,,,,,,,,,,,,,,,,,,,,,,,,,,,,,,,135976,131279,90982,30201,788,2460,1039,5809,4697,445,4252,4222,1491,1127,657,32,915,475,0,,,,,,,,,,,,,,,,,,,,,,
ACSSF,2019e1,nc,000,0003,0000155,122272,78340,29538,1604,923,79,9313,2475,78,2397,,,,,,,,,,,,,,,,,,,,,,,,,,,,,,,,,,,,,,,,,,,,,,,,,,,,,,,,,,,,,,,,,,,,,,,,80201,31468,2208,1173,,9534,,,,,,,,,,,,,,,,,,,,,,,,,,,,,,,,,,,,,,,,,,,,,,,,,,,,,,,,,,,,,,,,,,,,,,,,,,,,,,,,,,,,,,,,,,,,,122272,119797,78340,29538,1604,923,79,9313,2475,78,2397,2242,1083,379,100,82,598,90,143,,,,,,,,,,,,,,,,,,,,,,
ACSSF,2019e1,nc,000,0003,0000156,123051,78308,38998,480,1342,6,1177,2740,258,2482,,,,,,,,,,,,,,,,,,,,,,,,,,,,,,,,,,,,,,,,,,,,,,,,,,,,,,,,,,,,,,,,,,,,,,,,80631,40410,997,2496,,1435,,,,,,,,,,,,,,,,,,,,,,,,,,,,,,,,,,,,,,,,,,,,,,,,,,,,,,,,,,,,,,,,,,,,,,,,,,,,,,,,,,,,,,,,,,,,,123051,120311,78308,38998,480,1342,6,1177,2740,258,2482,2470,1007,247,541,0,675,225,45,,,,,,,,,,,,,,,,,,,,,,
ACSSF,2019e1,nc,000,0003,0000157,108408,72086,29215,191,597,0,961,5358,1215,4143,,,,,,,,,,,,,,,,,,,,,,,,,,,,,,,,,,,,,,,,,,,,,,,,,,,,,,,,,,,,,,,,,,,,,,,,75509,32338,1703,2053,,2176,,,,,,,,,,,,,,,,,,,,,,,,,,,,,,,,,,,,,,,,,,,,,,,,,,,,,,,,,,,,,,,,,,,,,,,,,,,,,,,,,,,,,,,,,,,,,,,,,,,,,,,,,,,,,,,,,,,,,,,,,,,,,,,,,,,,,
ACSSF,2019e1,nc,000,0003,0000158,180742,100199,61537,366,2936,217,8754,6733,654,6079,,,,,,,,,,,,,,,,,,,,,,,,,,,,,,,,,,,,,,,,,,,,,,,,,,,,,,,,,,,,,,,,,,,,,,,,105730,66291,1424,4612,,9408,,,,,,,,,,,,,,,,,,,,,,,,,,,,,,,,,,,,,,,,,,,,,,,,,,,,,,,,,,,,,,,,,,,,,,,,,,,,,,,,,,,,,,,,,,,,,,,,,,,,,,,,,,,,,,,,,,,,,,,,,,,,,,,,,,,,,
ACSSF,2019e1,nc,000,0003,0000159,102139,73100,22314,704,2310,46,994,2671,262,2409,,,,,,,,,,,,,,,,,,,,,,,,,,,,,,,,,,,,,,,,,,,,,,,,,,,,,,,,,,,,,,,,,,,,,,,,75423,23104,1057,3834,,1256,,,,,,,,,,,,,,,,,,,,,,,,,,,,,,,,,,,,,,,,,,,,,,,,,,,,,,,,,,,,,,,,,,,,,,,,,,,,,,,,,,,,,,,,,,,,,,,,,,,,,,,,,,,,,,,,,,,,,,,,,,,,,,,,,,,,,
ACSSF,2019e1,nc,000,0003,0000160,131797,108768,18410,391,660,17,1202,2349,232,2117,,,,,,,,,,,,,,,,,,,,,,,,,,,,,,,,,,,,,,,,,,,,,,,,,,,,,,,,,,,,,,,,,,,,,,,,110767,19696,936,1420,,1456,,,,,,,,,,,,,,,,,,,,,,,,,,,,,,,,,,,,,,,,,,,,,,,,,,,,,,,,,,,,,,,,,,,,,,,,,,,,,,,,,,,,,,,,,,,,,131797,129448,108768,18410,391,660,17,1202,2349,232,2117,2262,871,362,701,96,232,28,59,,,,,,,,,,,,,,,,,,,,,,
ACSSF,2019e1,nc,000,0003,0000161,155914,114299,25068,1119,3646,22,1652,10108,429,9679,,,,,,,,,,,,,,,,,,,,,,,,,,,,,,,,,,,,,,,,,,,,,,,,,,,,,,,,,,,,,,,,,,,,,,,,123489,32499,2773,6490,1072,2235,,,,,,,,,,,,,,,,,,,,,,,,,,,,,,,,,,,,,,,,,,,,,,,,,,,,,,,,,,,,,,,,,,,,,,,,,,,,,,,,,,,,,,,,,,,,,155914,145806,114299,25068,1119,3646,22,1652,10108,429,9679,7612,5075,807,998,0,732,2476,20,,,,,,,,,,3646,201,856,1499,266,341,127,356,,,,,
ACSSF,2019e1,nc,000,0003,0000162,123431,102595,12506,692,991,153,2869,3625,0,3625,,,,,,,,,,,,,,,,,,,,,,,,,,,,,,,,,,,,,,,,,,,,,,,,,,,,,,,,,,,,,,,,,,,,,,,,105027,15364,1962,1819,,2869,,,,,,,,,,,,,,,,,,,,,,,,,,,,,,,,,,,,,,,,,,,,,,,,,,,,,,,,,,,,,,,,,,,,,,,,,,,,,,,,,,,,,,,,,,,,,123431,119806,102595,12506,692,991,153,2869,3625,0,3625,3487,1527,315,452,817,376,138,0,,,,,,,,,,,,,,,,,,,,,,
ACSSF,2019e1,nc,000,0003,0000163,174102,136586,24784,510,1823,161,4411,5827,566,5261,,,,,,,,,,,,,,,,,,,,,,,,,,,,,,,,,,,,,,,,,,,,,,,,,,,,,,,,,,,,,,,,,,,,,,,,141675,27051,1891,4122,364,4977,,,,,,,,,,,,,,,,,,,,,,,,,,,,,,,,,,,,,,,,,,,,,,,,,,,,,,,,,,,,,,,,,,,,,,,,,,,,,,,,,,,,,,,,,,,,,174102,168275,136586,24784,510,1823,161,4411,5827,566,5261,5676,1565,826,2012,322,951,151,0,,,,,,,,,,,,,,,,,,,,,,
ACSSF,2019e1,nc,000,0003,0000164,142820,122295,10666,835,940,15,1977,6092,332,5760,,,,,,,,,,,,,,,,,,,,,,,,,,,,,,,,,,,,,,,,,,,,,,,,,,,,,,,,,,,,,,,,,,,,,,,,127232,15485,4164,1297,,2309,,,,,,,,,,,,,,,,,,,,,,,,,,,,,,,,,,,,,,,,,,,,,,,,,,,,,,,,,,,,,,,,,,,,,,,,,,,,,,,,,,,,,,,,,,,,,142820,136728,122295,10666,835,940,15,1977,6092,332,5760,4438,2010,788,357,887,396,1654,0,,,,,,,,,,,,,,,,,,,,,,
ACSSF,2019e1,nc,000,0003,0000165,104284,57967,32305,7100,790,0,3509,2613,51,2562,,,,,,,,,,,,,,,,,,,,,,,,,,,,,,,,,,,,,,,,,,,,,,,,,,,,,,,,,,,,,,,,,,,,,,,,59250,34181,9003,944,,3560,,,,,,,,,,,,,,,,,,,,,,,,,,,,,,,,,,,,,,,,,,,,,,,,,,,,,,,,,,,,,,,,,,,,,,,,,,,,,,,,,,,,,,,,,,,,,,,,,,,,,,,,,,,,,,,,,,,,,,,,,,,,,,,,,,,,,
ACSSF,2019e1,nc,000,0003,0000166,109522,45606,46705,967,4219,606,2946,8473,331,8142,,,,,,,,,,,,,,,,,,,,,,,,,,,,,,,,,,,,,,,,,,,,,,,,,,,,,,,,,,,,,,,,,,,,,,,,52126,53264,3344,5785,1240,3314,,,,,,,,,,,,,,,,,,,,,,,,,,,,,,,,,,,,,,,,,,,,,,,,,,,,,,,,,,,,,,,,,,,,,,,,,,,,,,,,,,,,,,,,,,,,,109522,101049,45606,46705,967,4219,606,2946,8473,331,8142,7432,3784,457,959,1157,1075,1004,37,,,,,,,,,,4219,101,350,873,103,783,890,1119,,,,,
ACSSF,2019e1,nc,000,0003,0000167,115425,68117,33415,2355,1212,468,4020,5838,242,5596,,,,,,,,,,,,,,,,,,,,,,,,,,,,,,,,,,,,,,,,,,,,,,,,,,,,,,,,,,,,,,,,,,,,,,,,73261,37037,3401,2975,1112,4859,,,,,,,,,,,,,,,,,,,,,,,,,,,,,,,,,,,,,,,,,,,,,,,,,,,,,,,,,,,,,,,,,,,,,,,,,,,,,,,,,,,,,,,,,,,,,115425,109587,68117,33415,2355,1212,468,4020,5838,242,5596,4474,1987,584,1048,184,671,1346,18,,,,,,,,,,,,,,,,,,,,,,
ACSSF,2019e1,nc,000,0003,0000168,110562,50848,43773,1808,3907,236,3858,6132,1244,4888,,,,,,,,,,,,,,,,,,,,,,,,,,,,,,,,,,,,,,,,,,,,,,,,,,,,,,,,,,,,,,,,,,,,,,,,54489,48976,3369,4620,488,5102,,,,,,,,,,,,,,,,,,,,,,,,,,,,,,,,,,,,,,,,,,,,,,,,,,,,,,,,,,,,,,,,,,,,,,,,,,,,,,,,,,,,,,,,,,,,,110562,104430,50848,43773,1808,3907,236,3858,6132,1244,4888,5782,2414,486,294,874,1714,350,0,,,,,,,,,,,,,,,,,,,,,,
ACSSF,2019e1,nc,000,0003,0000169,114571,29035,26447,48554,628,59,7903,1945,41,1904,,,,,,,,,,,,,,,,,,,,,,,,,,,,,,,,,,,,,,,,,,,,,,,,,,,,,,,,,,,,,,,,,,,,,,,,30603,27467,49753,1017,,7944,,,,,,,,,,,,,,,,,,,,,,,,,,,,,,,,,,,,,,,,,,,,,,,,,,,,,,,,,,,,,,,,,,,,,,,,,,,,,,,,,,,,,,,,,,,,,114571,112626,29035,26447,48554,628,59,7903,1945,41,1904,1531,365,449,340,200,177,414,0,,,,,,,,,,,,,,,,,,,,,,
ACSSF,2019e1,nc,000,0003,0000170,134886,65766,47588,9329,1566,0,4694,5943,998,4945,,,,,,,,,,,,,,,,,,,,,,,,,,,,,,,,,,,,,,,,,,,,,,,,,,,,,,,,,,,,,,,,,,,,,,,,70989,50544,12247,2519,,5826,,,,,,,,,,,,,,,,,,,,,,,,,,,,,,,,,,,,,,,,,,,,,,,,,,,,,,,,,,,,,,,,,,,,,,,,,,,,,,,,,,,,,,,,,,,,,134886,128943,65766,47588,9329,1566,0,4694,5943,998,4945,4335,723,1811,277,294,1230,995,613,,,,,,,,,,,,,,,,,,,,,,
ACSSF,2019e1,nc,000,0003,0000171,113935,74569,30214,551,1535,25,3564,3477,239,3238,,,,,,,,,,,,,,,,,,,,,,,,,,,,,,,,,,,,,,,,,,,,,,,,,,,,,,,,,,,,,,,,,,,,,,,,77789,32549,1587,2130,,3803,,,,,,,,,,,,,,,,,,,,,,,,,,,,,,,,,,,,,,,,,,,,,,,,,,,,,,,,,,,,,,,,,,,,,,,,,,,,,,,,,,,,,,,,,,,,,113935,110458,74569,30214,551,1535,25,3564,3477,239,3238,3006,1729,554,314,11,398,471,0,,,,,,,,,,,,,,,,,,,,,,
ACSSF,2019e1,nc,000,0003,0000172,150370,126256,9953,383,7821,208,2827,2922,503,2419,,,,,,,,,,,,,,,,,,,,,,,,,,,,,,,,,,,,,,,,,,,,,,,,,,,,,,,,,,,,,,,,,,,,,,,,128845,10367,873,9236,,3453,,,,,,,,,,,,,,,,,,,,,,,,,,,,,,,,,,,,,,,,,,,,,,,,,,,,,,,,,,,,,,,,,,,,,,,,,,,,,,,,,,,,,,,,,,,,,150370,147448,126256,9953,383,7821,208,2827,2922,503,2419,2748,366,329,956,0,1097,174,0,,,,,,,,,,,,,,,,,,,,,,
ACSSF,2019e1,nc,000,0003,0000173,311217,146132,121305,5130,9138,1310,9894,18308,1588,16720,,,,,,,,,,,,,,,,,,,,,,,,,,,,,,,,,,,,,,,,,,,,,,,,,,,,,,,,,,,,,,,,,,,,,,,,159647,135553,9949,12234,2409,12116,,,,,,,,,,,,,,,,,,,,,,,,,,,,,,,,,,,,,,,,,,,,,,,,,,,,,,,,,,,,,,,,,,,,,,,,,,,,,,,,,,,,,,,,,,,,,311217,292909,146132,121305,5130,9138,1310,9894,18308,1588,16720,15962,7593,1380,1807,2215,2967,2309,37,,,,,,,,,,9138,970,726,1780,338,2225,1053,2046,,,,,
ACSSF,2019e1,nc,000,0003,0000174,180742,100199,61537,366,2936,217,8754,6733,654,6079,,,,,,,,,,,,,,,,,,,,,,,,,,,,,,,,,,,,,,,,,,,,,,,,,,,,,,,,,,,,,,,,,,,,,,,,105730,66291,1424,4612,,9408,,,,,,,,,,,,,,,,,,,,,,,,,,,,,,,,,,,,,,,,,,,,,,,,,,,,,,,,,,,,,,,,,,,,,,,,,,,,,,,,,,,,,,,,,,,,,,,,,,,,,,,,,,,,,,,,,,,,,,,,,,,,,,,,,,,,,
ACSSF,2019e1,nc,000,0003,0000175,169509,117967,34307,1471,3008,72,8432,4252,186,4066,,,,,,,,,,,,,,,,,,,,,,,,,,,,,,,,,,,,,,,,,,,,,,,,,,,,,,,,,,,,,,,,,,,,,,,,121851,37808,2208,3618,,8618,,,,,,,,,,,,,,,,,,,,,,,,,,,,,,,,,,,,,,,,,,,,,,,,,,,,,,,,,,,,,,,,,,,,,,,,,,,,,,,,,,,,,,,,,,,,,169509,165257,117967,34307,1471,3008,72,8432,4252,186,4066,3880,2891,89,310,368,222,202,170,,,,,,,,,,,,,,,,,,,,,,
ACSSF,2019e1,nc,000,0003,0000176,142820,122295,10666,835,940,15,1977,6092,332,5760,,,,,,,,,,,,,,,,,,,,,,,,,,,,,,,,,,,,,,,,,,,,,,,,,,,,,,,,,,,,,,,,,,,,,,,,127232,15485,4164,1297,,2309,,,,,,,,,,,,,,,,,,,,,,,,,,,,,,,,,,,,,,,,,,,,,,,,,,,,,,,,,,,,,,,,,,,,,,,,,,,,,,,,,,,,,,,,,,,,,142820,136728,122295,10666,835,940,15,1977,6092,332,5760,4438,2010,788,357,887,396,1654,0,,,,,,,,,,,,,,,,,,,,,,
ACSSF,2019e1,nc,000,0003,0000177,215817,193997,9955,1037,2933,56,3850,3989,605,3384,,,,,,,,,,,,,,,,,,,,,,,,,,,,,,,,,,,,,,,,,,,,,,,,,,,,,,,,,,,,,,,,,,,,,,,,197497,11836,2420,3484,,4505,,,,,,,,,,,,,,,,,,,,,,,,,,,,,,,,,,,,,,,,,,,,,,,,,,,,,,,,,,,,,,,,,,,,,,,,,,,,,,,,,,,,,,,,,,,,,215817,211828,193997,9955,1037,2933,56,3850,3989,605,3384,3939,1385,851,551,489,663,50,0,,,,,,,,,,,,,,,,,,,,,,
ACSSF,2019e1,nc,000,0003,0000178,90485,74458,3619,1240,3192,314,5770,1892,286,1606,,,,,,,,,,,,,,,,,,,,,,,,,,,,,,,,,,,,,,,,,,,,,,,,,,,,,,,,,,,,,,,,,,,,,,,,76099,4978,1543,3387,,6056,,,,,,,,,,,,,,,,,,,,,,,,,,,,,,,,,,,,,,,,,,,,,,,,,,,,,,,,,,,,,,,,,,,,,,,,,,,,,,,,,,,,,,,,,,,,,90485,88593,74458,3619,1240,3192,314,5770,1892,286,1606,1892,1190,303,113,0,286,0,0,,,,,,,,,,,,,,,,,,,,,,
ACSSF,2019e1,nc,000,0003,0000179,190824,132723,31407,162,8905,0,10356,7271,634,6637,,,,,,,,,,,,,,,,,,,,,,,,,,,,,,,,,,,,,,,,,,,,,,,,,,,,,,,,,,,,,,,,,,,,,,,,139547,35762,819,11359,,10990,,,,,,,,,,,,,,,,,,,,,,,,,,,,,,,,,,,,,,,,,,,,,,,,,,,,,,,,,,,,,,,,,,,,,,,,,,,,,,,,,,,,,,,,,,,,,190824,183553,132723,31407,162,8905,0,10356,7271,634,6637,6784,3868,324,1853,0,739,487,0,,,,,,,,,,,,,,,,,,,,,,
ACSSF,2019e1,nc,000,0003,0000180,82178,72726,4603,0,99,0,2830,1920,243,1677,,,,,,,,,,,,,,,,,,,,,,,,,,,,,,,,,,,,,,,,,,,,,,,,,,,,,,,,,,,,,,,,,,,,,,,,74537,5881,,661,,3073,,,,,,,,,,,,,,,,,,,,,,,,,,,,,,,,,,,,,,,,,,,,,,,,,,,,,,,,,,,,,,,,,,,,,,,,,,,,,,,,,,,,,,,,,,,,,,,,,,,,,,,,,,,,,,,,,,,,,,,,,,,,,,,,,,,,,
ACSSF,2019e1,nc,000,0003,0000181,69473,62595,3431,301,593,0,533,2020,232,1788,,,,,,,,,,,,,,,,,,,,,,,,,,,,,,,,,,,,,,,,,,,,,,,,,,,,,,,,,,,,,,,,,,,,,,,,64265,4542,825,1220,,787,,,,,,,,,,,,,,,,,,,,,,,,,,,,,,,,,,,,,,,,,,,,,,,,,,,,,,,,,,,,,,,,,,,,,,,,,,,,,,,,,,,,,,,,,,,,,69473,67453,62595,3431,301,593,0,533,2020,232,1788,1933,696,341,568,96,232,28,59,,,,,,,,,,,,,,,,,,,,,,
ACSSF,2019e1,nc,000,0003,0000182,110077,88968,7309,361,6069,0,5400,1970,1214,756,,,,,,,,,,,,,,,,,,,,,,,,,,,,,,,,,,,,,,,,,,,,,,,,,,,,,,,,,,,,,,,,,,,,,,,,90078,7827,,6271,,6614,,,,,,,,,,,,,,,,,,,,,,,,,,,,,,,,,,,,,,,,,,,,,,,,,,,,,,,,,,,,,,,,,,,,,,,,,,,,,,,,,,,,,,,,,,,,,,,,,,,,,,,,,,,,,,,,,,,,,,,,,,,,,,,,,,,,,
ACSSF,2019e1,nc,000,0003,0000183,91164,68711,8454,181,10748,0,669,2401,215,2186,,,,,,,,,,,,,,,,,,,,,,,,,,,,,,,,,,,,,,,,,,,,,,,,,,,,,,,,,,,,,,,,,,,,,,,,70897,9111,1556,11607,,884,,,,,,,,,,,,,,,,,,,,,,,,,,,,,,,,,,,,,,,,,,,,,,,,,,,,,,,,,,,,,,,,,,,,,,,,,,,,,,,,,,,,,,,,,,,,,,,,,,,,,,,,,,,,,,,,,,,,,,,,,10748,2479,4537,0,787,720,221,2004,,,,,
ACSSF,2019e1,nc,000,0003,0000184,74470,57614,7830,39,1205,0,5059,2723,84,2639,,,,,,,,,,,,,,,,,,,,,,,,,,,,,,,,,,,,,,,,,,,,,,,,,,,,,,,,,,,,,,,,,,,,,,,,60262,9905,,1727,,5143,,,,,,,,,,,,,,,,,,,,,,,,,,,,,,,,,,,,,,,,,,,,,,,,,,,,,,,,,,,,,,,,,,,,,,,,,,,,,,,,,,,,,,,,,,,,,74470,71747,57614,7830,39,1205,0,5059,2723,84,2639,2514,1882,60,431,0,141,209,0,,,,,,,,,,,,,,,,,,,,,,
ACSSF,2019e1,nc,000,0003,0000185,97947,73238,20406,601,1041,0,1720,941,0,941,,,,,,,,,,,,,,,,,,,,,,,,,,,,,,,,,,,,,,,,,,,,,,,,,,,,,,,,,,,,,,,,,,,,,,,,74125,21005,,,,1720,,,,,,,,,,,,,,,,,,,,,,,,,,,,,,,,,,,,,,,,,,,,,,,,,,,,,,,,,,,,,,,,,,,,,,,,,,,,,,,,,,,,,,,,,,,,,,,,,,,,,,,,,,,,,,,,,,,,,,,,,,,,,,,,,,,,,
ACSSF,2019e1,nc,000,0003,0000186,,,,,,,,,,,,,,,,,,,,,,,,,,,,,,,,,,,,,,,,,,,,,,,,,,,,,,,,,,,,,,,,,,,,,,,,,,,,,,,,,,124455,7557,1089,,,326,,,,,,,,,,,,,,,,,,,,,,,,,,,,,,,,,,,,,,,,,,,,,,,,,,,,,,,,,,,,,,,,,,,,,,,,,,,,,,,,,,,,,,,,,,,,,,,,,,,,,,,,,,,,,,,,,,,,,,,,,,,,,,,,,,,,,
ACSSF,2019e1,nc,000,0003,0000187,321488,171593,114381,375,14204,197,10035,10703,853,9850,,,,,,,,,,,,,,,,,,,,,,,,,,,,,,,,,,,,,,,,,,,,,,,,,,,,,,,,,,,,,,,,,,,,,,,,180507,119702,3670,17849,615,10989,,,,,,,,,,,,,,,,,,,,,,,,,,,,,,,,,,,,,,,,,,,,,,,,,,,,,,,,,,,,,,,,,,,,,,,,,,,,,,,,,,,,,,,,,,,,,321488,310785,171593,114381,375,14204,197,10035,10703,853,9850,9562,3274,1376,2844,829,1239,1141,0,,,,,,,,,,14204,3779,3323,2212,286,2539,1052,1013,,,,,
ACSSF,2019e1,nc,000,0003,0000188,382295,252469,100923,1953,8884,116,8682,9268,2032,7236,,,,,,,,,,,,,,,,,,,,,,,,,,,,,,,,,,,,,,,,,,,,,,,,,,,,,,,,,,,,,,,,,,,,,,,,261291,105709,2862,11492,208,10714,,,,,,,,,,,,,,,,,,,,,,,,,,,,,,,,,,,,,,,,,,,,,,,,,,,,,,,,,,,,,,,,,,,,,,,,,,,,,,,,,,,,,,,,,,,,,382295,373027,252469,100923,1953,8884,116,8682,9268,2032,7236,8555,3717,438,1920,287,2193,713,0,,,,,,,,,,8884,1909,4079,843,173,503,570,807,,,,,
ACSSF,2019e1,nc,000,0003,0000189,69685,47610,16363,230,204,0,2234,3044,372,2672,,,,,,,,,,,,,,,,,,,,,,,,,,,,,,,,,,,,,,,,,,,,,,,,,,,,,,,,,,,,,,,,,,,,,,,,50481,18167,502,1012,,2606,,,,,,,,,,,,,,,,,,,,,,,,,,,,,,,,,,,,,,,,,,,,,,,,,,,,,,,,,,,,,,,,,,,,,,,,,,,,,,,,,,,,,,,,,,,,,,,,,,,,,,,,,,,,,,,,,,,,,,,,,,,,,,,,,,,,,
ACSSF,2019e1,nc,000,0003,0000190,224529,171404,38825,1008,3455,452,4361,5024,652,4372,,,,,,,,,,,,,,,,,,,,,,,,,,,,,,,,,,,,,,,,,,,,,,,,,,,,,,,,,,,,,,,,,,,,,,,,175841,41643,1884,4769,,5013,,,,,,,,,,,,,,,,,,,,,,,,,,,,,,,,,,,,,,,,,,,,,,,,,,,,,,,,,,,,,,,,,,,,,,,,,,,,,,,,,,,,,,,,,,,,,224529,219505,171404,38825,1008,3455,452,4361,5024,652,4372,4975,2403,876,769,0,927,49,0,,,,,,,,,,,,,,,,,,,,,,
ACSSF,2019e1,nc,000,0003,0000191,537174,288313,184002,3141,27018,173,15955,18572,1978,16594,,,,,,,,,,,,,,,,,,,,,,,,,,,,,,,,,,,,,,,,,,,,,,,,,,,,,,,,,,,,,,,,,,,,,,,,302272,196780,8608,30730,387,17933,,,,,,,,,,,,,,,,,,,,,,,,,,,,,,,,,,,,,,,,,,,,,,,,,,,,,,,,,,,,,,,,,,,,,,,,,,,,,,,,,,,,,,,,,,,,,537174,518602,288313,184002,3141,27018,173,15955,18572,1978,16594,17608,7424,1170,3042,3271,2701,964,0,,,,,,,,,,27018,6731,2538,888,802,879,6212,8968,,,,,
ACSSF,2019e1,nc,000,0003,0000192,135976,90982,30201,788,2460,1039,5809,4697,445,4252,,,,,,,,,,,,,,,,,,,,,,,,,,,,,,,,,,,,,,,,,,,,,,,,,,,,,,,,,,,,,,,,,,,,,,,,94848,32622,2281,3974,,6335,,,,,,,,,,,,,,,,,,,,,,,,,,,,,,,,,,,,,,,,,,,,,,,,,,,,,,,,,,,,,,,,,,,,,,,,,,,,,,,,,,,,,,,,,,,,,135976,131279,90982,30201,788,2460,1039,5809,4697,445,4252,4222,1491,1127,657,32,915,475,0,,,,,,,,,,,,,,,,,,,,,,
ACSSF,2019e1,nc,000,0003,0000193,117417,107103,4223,253,1098,0,2622,2118,0,2118,,,,,,,,,,,,,,,,,,,,,,,,,,,,,,,,,,,,,,,,,,,,,,,,,,,,,,,,,,,,,,,,,,,,,,,,109172,5556,827,1753,,2622,,,,,,,,,,,,,,,,,,,,,,,,,,,,,,,,,,,,,,,,,,,,,,,,,,,,,,,,,,,,,,,,,,,,,,,,,,,,,,,,,,,,,,,,,,,,,,,,,,,,,,,,,,,,,,,,,,,,,,,,,,,,,,,,,,,,,
ACSSF,2019e1,nc,000,0003,0000194,152537,120130,18308,317,5102,0,3469,5211,408,4803,,,,,,,,,,,,,,,,,,,,,,,,,,,,,,,,,,,,,,,,,,,,,,,,,,,,,,,,,,,,,,,,,,,,,,,,124815,20674,2746,5767,,3998,,,,,,,,,,,,,,,,,,,,,,,,,,,,,,,,,,,,,,,,,,,,,,,,,,,,,,,,,,,,,,,,,,,,,,,,,,,,,,,,,,,,,,,,,,,,,152537,147326,120130,18308,317,5102,0,3469,5211,408,4803,4959,1908,1719,466,458,408,252,0,,,,,,,,,,5102,1833,739,97,275,447,159,1552,,,,,
ACSSF,2019e1,nc,000,0003,0000195,209339,158143,34923,766,2028,0,9769,3710,882,2828,,,,,,,,,,,,,,,,,,,,,,,,,,,,,,,,,,,,,,,,,,,,,,,,,,,,,,,,,,,,,,,,,,,,,,,,161377,37162,1316,2610,,10718,,,,,,,,,,,,,,,,,,,,,,,,,,,,,,,,,,,,,,,,,,,,,,,,,,,,,,,,,,,,,,,,,,,,,,,,,,,,,,,,,,,,,,,,,,,,,209339,205629,158143,34923,766,2028,0,9769,3710,882,2828,3643,1696,400,515,150,882,0,67,,,,,,,,,,,,,,,,,,,,,,
ACSSF,2019e1,nc,000,0003,0000196,86111,78483,5379,353,753,60,423,660,0,660,,,,,,,,,,,,,,,,,,,,,,,,,,,,,,,,,,,,,,,,,,,,,,,,,,,,,,,,,,,,,,,,,,,,,,,,79095,5927,,885,,423,,,,,,,,,,,,,,,,,,,,,,,,,,,,,,,,,,,,,,,,,,,,,,,,,,,,,,,,,,,,,,,,,,,,,,,,,,,,,,,,,,,,,,,,,,,,,,,,,,,,,,,,,,,,,,,,,,,,,,,,,,,,,,,,,,,,,
ACSSF,2019e1,nc,000,0003,0000197,1110356,579664,352014,3809,63628,379,75332,35530,2676,32854,,,,,,,,,,,,,,,,,,,,,,,,,,,,,,,,,,,,,,,,,,,,,,,,,,,,,,,,,,,,,,,,,,,,,,,,608945,371470,13279,75909,2133,79400,,,,,,,,,,,,,,,,,,,,,,,,,,,,,,,,,,,,,,,,,,,,,,,,,,,,,,,,,,,,,,,,,,,,,,,,,,,,,,,,,,,,,,,,,,,,,1110356,1074826,579664,352014,3809,63628,379,75332,35530,2676,32854,30334,10917,3251,8053,2168,5945,5142,54,,,,,,,,,,63628,27472,7792,3198,1090,1806,10628,11642,,,,,
ACSSF,2019e1,nc,000,0003,0000198,100880,81646,12124,731,1454,175,3150,1600,89,1511,,,,,,,,,,,,,,,,,,,,,,,,,,,,,,,,,,,,,,,,,,,,,,,,,,,,,,,,,,,,,,,,,,,,,,,,83246,12989,909,1922,,3239,,,,,,,,,,,,,,,,,,,,,,,,,,,,,,,,,,,,,,,,,,,,,,,,,,,,,,,,,,,,,,,,,,,,,,,,,,,,,,,,,,,,,,,,,,,,,100880,99280,81646,12124,731,1454,175,3150,1600,89,1511,1600,865,178,468,0,89,0,0,,,,,,,,,,,,,,,,,,,,,,
ACSSF,2019e1,nc,000,0003,0000199,100955,47533,44234,301,231,0,5506,3150,480,2670,,,,,,,,,,,,,,,,,,,,,,,,,,,,,,,,,,,,,,,,,,,,,,,,,,,,,,,,,,,,,,,,,,,,,,,,50528,46143,945,639,,5986,,,,,,,,,,,,,,,,,,,,,,,,,,,,,,,,,,,,,,,,,,,,,,,,,,,,,,,,,,,,,,,,,,,,,,,,,,,,,,,,,,,,,,,,,,,,,,,,,,,,,,,,,,,,,,,,,,,,,,,,,,,,,,,,,,,,,
ACSSF,2019e1,nc,000,0003,0000200,102139,73100,22314,704,2310,46,994,2671,262,2409,,,,,,,,,,,,,,,,,,,,,,,,,,,,,,,,,,,,,,,,,,,,,,,,,,,,,,,,,,,,,,,,,,,,,,,,75423,23104,1057,3834,,1256,,,,,,,,,,,,,,,,,,,,,,,,,,,,,,,,,,,,,,,,,,,,,,,,,,,,,,,,,,,,,,,,,,,,,,,,,,,,,,,,,,,,,,,,,,,,,,,,,,,,,,,,,,,,,,,,,,,,,,,,,,,,,,,,,,,,,
ACSSF,2019e1,nc,000,0003,0000201,234473,189556,29299,805,2674,161,4722,7256,566,6690,,,,,,,,,,,,,,,,,,,,,,,,,,,,,,,,,,,,,,,,,,,,,,,,,,,,,,,,,,,,,,,,,,,,,,,,195698,32962,2219,5349,364,5288,,,,,,,,,,,,,,,,,,,,,,,,,,,,,,,,,,,,,,,,,,,,,,,,,,,,,,,,,,,,,,,,,,,,,,,,,,,,,,,,,,,,,,,,,,,,,234473,227217,189556,29299,805,2674,161,4722,7256,566,6690,7105,2585,859,2012,322,1327,151,0,,,,,,,,,,,,,,,,,,,,,,
ACSSF,2019e1,nc,000,0003,0000202,166069,124050,25823,635,2948,0,1627,10986,1361,9625,,,,,,,,,,,,,,,,,,,,,,,,,,,,,,,,,,,,,,,,,,,,,,,,,,,,,,,,,,,,,,,,,,,,,,,,133287,33393,2568,6124,,3142,,,,,,,,,,,,,,,,,,,,,,,,,,,,,,,,,,,,,,,,,,,,,,,,,,,,,,,,,,,,,,,,,,,,,,,,,,,,,,,,,,,,,,,,,,,,,166069,155083,124050,25823,635,2948,0,1627,10986,1361,9625,8745,4321,1106,1820,0,1498,2241,0,,,,,,,,,,,,,,,,,,,,,,
ACSSF,2019e1,nc,000,0003,0000203,112984,99488,4723,425,1395,0,3873,3080,13,3067,,,,,,,,,,,,,,,,,,,,,,,,,,,,,,,,,,,,,,,,,,,,,,,,,,,,,,,,,,,,,,,,,,,,,,,,102568,7032,1183,,,3886,,,,,,,,,,,,,,,,,,,,,,,,,,,,,,,,,,,,,,,,,,,,,,,,,,,,,,,,,,,,,,,,,,,,,,,,,,,,,,,,,,,,,,,,,,,,,,,,,,,,,,,,,,,,,,,,,,,,,,,,,,,,,,,,,,,,,
ACSSF,2019e1,nc,000,0003,0000204,130625,35102,30428,52786,628,59,9448,2174,41,2133,,,,,,,,,,,,,,,,,,,,,,,,,,,,,,,,,,,,,,,,,,,,,,,,,,,,,,,,,,,,,,,,,,,,,,,,36899,31448,54214,1017,,9489,,,,,,,,,,,,,,,,,,,,,,,,,,,,,,,,,,,,,,,,,,,,,,,,,,,,,,,,,,,,,,,,,,,,,,,,,,,,,,,,,,,,,,,,,,,,,130625,128451,35102,30428,52786,628,59,9448,2174,41,2133,1760,365,678,340,200,177,414,0,,,,,,,,,,,,,,,,,,,,,,
ACSSF,2019e1,nc,000,0003,0000205,,,,,,,,,,,,,,,,,,,,,,,,,,,,,,,,,,,,,,,,,,,,,,,,,,,,,,,,,,,,,,,,,,,,,,,,,,,,,,,,,,70061,19699,2201,,,,,,,,,,,,,,,,,,,,,,,,,,,,,,,,,,,,,,,,,,,,,,,,,,,,,,,,,,,,,,,,,,,,,,,,,,,,,,,,,,,,,,,,,,,,,,,,,,,,,,,,,,,,,,,,,,,,,,,,,,,,,,,,,,,,,,,,
ACSSF,2019e1,nc,000,0003,0000206,132719,103036,21240,429,1196,0,2280,4538,832,3706,,,,,,,,,,,,,,,,,,,,,,,,,,,,,,,,,,,,,,,,,,,,,,,,,,,,,,,,,,,,,,,,,,,,,,,,106467,23991,2303,1771,,3112,,,,,,,,,,,,,,,,,,,,,,,,,,,,,,,,,,,,,,,,,,,,,,,,,,,,,,,,,,,,,,,,,,,,,,,,,,,,,,,,,,,,,,,,,,,,,132719,128181,103036,21240,429,1196,0,2280,4538,832,3706,4151,1408,531,424,956,832,387,0,,,,,,,,,,,,,,,,,,,,,,
ACSSF,2019e1,nc,000,0003,0000207,67029,58284,6660,54,383,0,301,1347,261,1086,,,,,,,,,,,,,,,,,,,,,,,,,,,,,,,,,,,,,,,,,,,,,,,,,,,,,,,,,,,,,,,,,,,,,,,,59605,7445,,511,,,,,,,,,,,,,,,,,,,,,,,,,,,,,,,,,,,,,,,,,,,,,,,,,,,,,,,,,,,,,,,,,,,,,,,,,,,,,,,,,,,,,,,,,,,,,,,,,,,,,,,,,,,,,,,,,,,,,,,,,,,,,,,,,,,,,,,
ACSSF,2019e1,nc,000,0003,0000208,239859,190315,28137,934,8031,208,6391,5843,742,5101,,,,,,,,,,,,,,,,,,,,,,,,,,,,,,,,,,,,,,,,,,,,,,,,,,,,,,,,,,,,,,,,,,,,,,,,195727,30712,2140,9820,,7256,,,,,,,,,,,,,,,,,,,,,,,,,,,,,,,,,,,,,,,,,,,,,,,,,,,,,,,,,,,,,,,,,,,,,,,,,,,,,,,,,,,,,,,,,,,,,239859,234016,190315,28137,934,8031,208,6391,5843,742,5101,5198,2080,563,1208,11,1336,645,0,,,,,,,,,,,,,,,,,,,,,,
ACSSF,2019e1,nc,000,0003,0000209,1111761,718463,230927,5266,83883,262,45166,27794,3838,23956,,,,,,,,,,,,,,,,,,,,,,,,,,,,,,,,,,,,,,,,,,,,,,,,,,,,,,,,,,,,,,,,,,,,,,,,741240,245337,10351,94364,874,49939,,,,,,,,,,,,,,,,,,,,,,,,,,,,,,,,,,,,,,,,,,,,,,,,,,,,,,,,,,,,,,,,,,,,,,,,,,,,,,,,,,,,,,,,,,,,,1111761,1083967,718463,230927,5266,83883,262,45166,27794,3838,23956,25370,9811,2589,6605,391,5974,2298,126,,,,,,,,,,83883,42818,14469,4097,1150,5325,5737,10287,,,,,
ACSSF,2019e1,nc,000,0003,0000210,123131,78388,38998,480,1342,6,1177,2740,258,2482,,,,,,,,,,,,,,,,,,,,,,,,,,,,,,,,,,,,,,,,,,,,,,,,,,,,,,,,,,,,,,,,,,,,,,,,80711,40410,997,2496,,1435,,,,,,,,,,,,,,,,,,,,,,,,,,,,,,,,,,,,,,,,,,,,,,,,,,,,,,,,,,,,,,,,,,,,,,,,,,,,,,,,,,,,,,,,,,,,,123131,120391,78388,38998,480,1342,6,1177,2740,258,2482,2470,1007,247,541,0,675,225,45,,,,,,,,,,,,,,,,,,,,,,
ACSSF,2019e1,nc,000,0003,0000211,,,,,,,,,,,,,,,,,,,,,,,,,,,,,,,,,,,,,,,,,,,,,,,,,,,,,,,,,,,,,,,,,,,,,,,,,,,,,,,,,,64252,3675,,,,1165,,,,,,,,,,,,,,,,,,,,,,,,,,,,,,,,,,,,,,,,,,,,,,,,,,,,,,,,,,,,,,,,,,,,,,,,,,,,,,,,,,,,,,,,,,,,,,,,,,,,,,,,,,,,,,,,,,,,,,,,,,,,,,,,,,,,,
ACSSF,2019e1,nc,000,0003,0000212,81801,40482,32970,133,636,0,5941,1639,355,1284,,,,,,,,,,,,,,,,,,,,,,,,,,,,,,,,,,,,,,,,,,,,,,,,,,,,,,,,,,,,,,,,,,,,,,,,41681,33661,,1110,419,6296,,,,,,,,,,,,,,,,,,,,,,,,,,,,,,,,,,,,,,,,,,,,,,,,,,,,,,,,,,,,,,,,,,,,,,,,,,,,,,,,,,,,,,,,,,,,,,,,,,,,,,,,,,,,,,,,,,,,,,,,,,,,,,,,,,,,,
