ACSSF,2019e1,nc,000,0027,0000001,9986735,1340286,904991,7741458,8684247,1086725,777242,6820280,727696,146706,82601,498389,341360,70270,31087,240003,233432,36585,14061,182786,,,,,,,,,,,,,,,,,,,,,9991268,6741725,3249543,8688721,6214035,2474686,728342,272833,455509,341429,158252,183177,232776,96605,136171,,,,,,,,,,,,,,,
ACSSF,2019e1,nc,000,0027,0000002,,,,,,,,,,,,,,,,,,,,,,,,,,,,,,,,,,,,,,,,,,,,,,,,,,,,,,,,,,,,,,,,,,,,,,
ACSSF,2019e1,nc,000,0027,0000003,,,,,,,,,,,,,,,,,,,,,,,,,,,,,,,,,,,,,,,,,,,,,,,,,,,,,,,,,,,,,,,,,,,,,,
ACSSF,2019e1,nc,000,0027,0000004,,,,,,,,,,,,,,,,,,,,,,,,,,,,,,,,,,,,,,,,,,,,,,,,,,,,,,,,,,,,,,,,,,,,,,
ACSSF,2019e1,nc,000,0027,0000005,,,,,,,,,,,,,,,,,,,,,,,,,,,,,,,,,,,,,,,,,,,,,,,,,,,,,,,,,,,,,,,,,,,,,,
ACSSF,2019e1,nc,000,0027,0000006,,,,,,,,,,,,,,,,,,,,,,,,,,,,,,,,,,,,,,,,,,,,,,,,,,,,,,,,,,,,,,,,,,,,,,
ACSSF,2019e1,nc,000,0027,0000007,,,,,,,,,,,,,,,,,,,,,,,,,,,,,,,,,,,,,,,,,,,,,,,,,,,,,,,,,,,,,,,,,,,,,,
ACSSF,2019e1,nc,000,0027,0000008,,,,,,,,,,,,,,,,,,,,,,,,,,,,,,,,,,,,,,,,,,,,,,,,,,,,,,,,,,,,,,,,,,,,,,
ACSSF,2019e1,nc,000,0027,0000009,,,,,,,,,,,,,,,,,,,,,,,,,,,,,,,,,,,,,,,,,,,,,,,,,,,,,,,,,,,,,,,,,,,,,,
ACSSF,2019e1,nc,000,0027,0000010,,,,,,,,,,,,,,,,,,,,,,,,,,,,,,,,,,,,,,,,,,,,,,,,,,,,,,,,,,,,,,,,,,,,,,
ACSSF,2019e1,nc,000,0027,0000011,,,,,,,,,,,,,,,,,,,,,,,,,,,,,,,,,,,,,,,,,,,,,,,,,,,,,,,,,,,,,,,,,,,,,,
ACSSF,2019e1,nc,000,0027,0000012,,,,,,,,,,,,,,,,,,,,,,,,,,,,,,,,,,,,,,,,,,,,,,,,,,,,,,,,,,,,,,,,,,,,,,
ACSSF,2019e1,nc,000,0027,0000013,159130,22048,12609,124473,140700,17548,12033,111119,9416,2696,106,6614,6844,1725,307,4812,2170,79,163,1928,,,,,,,,,,,,,,,,,,,,,158745,112844,45901,140350,105728,34622,9416,4729,4687,6809,2109,4700,2170,278,1892,,,,,,,,,,,,,,,
ACSSF,2019e1,nc,000,0027,0000014,132616,13302,7204,112110,120918,11960,6538,102420,6037,549,596,4892,2395,125,13,2257,3266,668,57,2541,,,,,,,,,,,,,,,,,,,,,132728,111007,21721,120943,104436,16507,6124,3485,2639,2395,1364,1031,3266,1722,1544,,,,,,,,,,,,,,,
ACSSF,2019e1,nc,000,0027,0000015,255226,30452,27106,197668,225536,26785,24213,174538,13131,1618,1447,10066,10173,1224,1133,7816,6386,825,313,5248,,,,,,,,,,,,,,,,,,,,,254895,166086,88809,225728,152491,73237,12916,4890,8026,10173,5691,4482,6078,3014,3064,,,,,,,,,,,,,,,
ACSSF,2019e1,nc,000,0027,0000016,88256,18672,7140,62444,77004,14494,6592,55918,6335,2926,469,2940,3366,634,79,2653,1551,618,0,933,,,,,,,,,,,,,,,,,,,,,87666,64111,23555,76414,59632,16782,6335,3156,3179,3366,1015,2351,1551,308,1243,,,,,,,,,,,,,,,
ACSSF,2019e1,nc,000,0027,0000017,214865,16872,15797,182196,186921,12051,12089,162781,11924,2028,2349,7547,11918,1895,1100,8923,4102,898,259,2945,,,,,,,,,,,,,,,,,,,,,214826,160172,54654,186733,146573,40160,12175,5624,6551,11877,5658,6219,4041,2317,1724,,,,,,,,,,,,,,,
ACSSF,2019e1,nc,000,0027,0000018,77558,6872,10531,60155,71467,5831,9628,56008,4003,714,681,2608,1969,327,138,1504,119,0,84,35,,,,,,,,,,,,,,,,,,,,,77738,57110,20628,71677,53522,18155,3973,2602,1371,1969,867,1102,119,119,0,,,,,,,,,,,,,,,
ACSSF,2019e1,nc,000,0027,0000019,66249,5890,3734,56625,57102,5421,3279,48402,5181,127,195,4859,2928,288,260,2380,1038,54,0,984,,,,,,,,,,,,,,,,,,,,,66267,48506,17761,57120,43480,13640,5181,3389,1792,2928,1063,1865,1038,574,464,,,,,,,,,,,,,,,
ACSSF,2019e1,nc,000,0027,0000020,155379,22725,12471,120183,137872,20340,9667,107865,8643,331,1423,6889,6471,1444,765,4262,2393,610,616,1167,,,,,,,,,,,,,,,,,,,,,155224,111164,44060,137846,100075,37771,8643,6019,2624,6471,4332,2139,2264,738,1526,,,,,,,,,,,,,,,
ACSSF,2019e1,nc,000,0027,0000021,72873,6216,7398,59259,67124,5549,7222,54353,1598,202,76,1320,1507,394,100,1013,2644,71,0,2573,,,,,,,,,,,,,,,,,,,,,73282,55500,17782,67548,52929,14619,1583,1237,346,1507,773,734,2644,561,2083,,,,,,,,,,,,,,,
ACSSF,2019e1,nc,000,0027,0000022,94246,21100,7785,65361,85564,17976,6927,60661,4066,490,635,2941,3958,2634,0,1324,658,0,223,435,,,,,,,,,,,,,,,,,,,,,94474,68023,26451,85371,62917,22454,4300,2261,2039,4145,2690,1455,658,155,503,,,,,,,,,,,,,,,
ACSSF,2019e1,nc,000,0027,0000023,99862,13374,10637,75851,82932,10691,8515,63726,6667,1728,1126,3813,3858,131,498,3229,6405,824,498,5083,,,,,,,,,,,,,,,,,,,,,100172,70281,29891,83076,61770,21306,6980,2138,4842,3858,2410,1448,6258,3963,2295,,,,,,,,,,,,,,,
ACSSF,2019e1,nc,000,0027,0000024,320032,58433,33298,228301,249049,43225,23354,182470,35358,8336,5815,21207,14450,3330,1045,10075,21175,3542,3084,14549,,,,,,,,,,,,,,,,,,,,,320436,163283,157153,249186,142214,106972,35643,9325,26318,14432,6074,8358,21175,5670,15505,,,,,,,,,,,,,,,
ACSSF,2019e1,nc,000,0027,0000025,164723,27965,15427,121331,150521,24230,13443,112848,7429,2686,683,4060,5126,874,556,3696,1647,175,745,727,,,,,,,,,,,,,,,,,,,,,164992,117998,46994,151024,112134,38890,7507,3212,4295,4989,2265,2724,1472,387,1085,,,,,,,,,,,,,,,
ACSSF,2019e1,nc,000,0027,0000026,302726,41905,21065,239756,248552,30168,15855,202529,29162,5238,3250,20674,15211,4507,1631,9073,9801,1992,329,7480,,,,,,,,,,,,,,,,,,,,,301490,179881,121609,247958,162020,85938,28539,7195,21344,15284,6930,8354,9709,3736,5973,,,,,,,,,,,,,,,
ACSSF,2019e1,nc,000,0027,0000027,361112,55981,34893,270238,318055,48493,29303,240259,28881,5701,4564,18616,9302,1266,934,7102,4874,521,92,4261,,,,,,,,,,,,,,,,,,,,,360371,231633,128738,318223,216949,101274,28508,8450,20058,8766,4870,3896,4874,1364,3510,,,,,,,,,,,,,,,
ACSSF,2019e1,nc,000,0027,0000028,,,,,,,,,,,,,,,,,,,,,,,,,,,,,,,,,,,,,,,,,65318,48600,16718,58810,45830,12980,2777,1078,1699,3460,1631,1829,271,61,210,,,,,,,,,,,,,,,
ACSSF,2019e1,nc,000,0027,0000029,214261,23065,26020,165176,189338,19549,22339,147450,15645,1666,3078,10901,6190,1199,548,4443,3088,651,55,2382,,,,,,,,,,,,,,,,,,,,,215376,146659,68717,190032,136631,53401,15929,5448,10481,6425,2962,3463,2990,1618,1372,,,,,,,,,,,,,,,
ACSSF,2019e1,nc,000,0027,0000030,507703,84110,47063,376530,433046,63561,42555,326930,47621,14261,2491,30869,19343,5776,1764,11803,7693,512,253,6928,,,,,,,,,,,,,,,,,,,,,506806,305794,201012,432554,278819,153735,47249,14978,32271,19310,8043,11267,7693,3954,3739,,,,,,,,,,,,,,,
ACSSF,2019e1,nc,000,0027,0000031,126355,20970,12028,93357,113587,18283,11128,84176,5125,790,154,4181,4814,1114,746,2954,2829,783,0,2046,,,,,,,,,,,,,,,,,,,,,126594,78084,48510,113864,73199,40665,5099,1378,3721,4802,2206,2596,2829,1301,1528,,,,,,,,,,,,,,,
ACSSF,2019e1,nc,000,0027,0000032,109543,11808,8283,89452,101480,10624,8189,82667,3828,499,0,3329,2671,331,94,2246,1564,354,0,1210,,,,,,,,,,,,,,,,,,,,,109387,84192,25195,101475,79080,22395,3779,1682,2097,2569,2152,417,1564,1278,286,,,,,,,,,,,,,,,
ACSSF,2019e1,nc,000,0027,0000033,174479,12361,13192,148926,155659,10394,10048,135217,9672,1014,2616,6042,4996,318,470,4208,4152,635,58,3459,,,,,,,,,,,,,,,,,,,,,175036,132391,42645,155981,123106,32875,9665,6178,3487,5229,1633,3596,4161,1474,2687,,,,,,,,,,,,,,,
ACSSF,2019e1,nc,000,0027,0000034,202135,28564,13856,159715,183585,21731,12184,149670,7483,3793,76,3614,7922,1904,1200,4818,3145,1136,396,1613,,,,,,,,,,,,,,,,,,,,,202136,148282,53854,183551,141928,41623,7518,2523,4995,7922,2639,5283,3145,1192,1953,,,,,,,,,,,,,,,
ACSSF,2019e1,nc,000,0027,0000035,83799,6846,3735,73218,76920,5518,3394,68008,3223,742,158,2323,2405,293,20,2092,1251,293,163,795,,,,,,,,,,,,,,,,,,,,,83877,65412,18465,76823,62226,14597,3223,1457,1766,2580,1246,1334,1251,483,768,,,,,,,,,,,,,,,
ACSSF,2019e1,nc,000,0027,0000036,1081334,105932,84832,890570,911347,85900,69762,755685,91607,10428,10805,70374,32928,4011,2565,26352,45452,5593,1700,38159,,,,,,,,,,,,,,,,,,,,,1082986,656367,426619,912578,588567,324011,91609,28868,62741,32851,17990,14861,45948,20942,25006,,,,,,,,,,,,,,,
ACSSF,2019e1,nc,000,0027,0000037,94782,10860,8594,75328,83060,8797,7370,66893,7437,1806,214,5417,2804,257,1010,1537,1481,0,0,1481,,,,,,,,,,,,,,,,,,,,,95079,75676,19403,83211,68868,14343,7727,4058,3669,2660,1777,883,1481,973,508,,,,,,,,,,,,,,,
ACSSF,2019e1,nc,000,0027,0000038,87958,13376,12888,61694,78635,11866,11151,55618,5817,887,1165,3765,2983,623,541,1819,523,0,31,492,,,,,,,,,,,,,,,,,,,,,87546,59763,27783,78533,54652,23881,5708,3230,2478,2813,1653,1160,492,228,264,,,,,,,,,,,,,,,
ACSSF,2019e1,nc,000,0027,0000039,221811,27891,22709,171211,187935,22472,18952,146511,19245,2637,2896,13712,9899,1918,665,7316,4732,864,196,3672,,,,,,,,,,,,,,,,,,,,,220847,132156,88691,187270,121004,66266,19052,6197,12855,9899,3084,6815,4626,1871,2755,,,,,,,,,,,,,,,
ACSSF,2019e1,nc,000,0027,0000040,180249,21673,19256,139320,137278,14241,15544,107493,21089,3888,2120,15081,6994,1409,769,4816,14888,2135,823,11930,,,,,,,,,,,,,,,,,,,,,180457,103053,77404,137362,89157,48205,21213,5085,16128,6994,2569,4425,14888,6242,8646,,,,,,,,,,,,,,,
ACSSF,2019e1,nc,000,0027,0000041,129485,17155,6391,105939,106511,10105,4837,91569,11657,5263,947,5447,8387,1231,525,6631,2930,556,82,2292,,,,,,,,,,,,,,,,,,,,,129568,89459,40109,106510,81468,25042,11763,4045,7718,8314,3271,5043,2981,675,2306,,,,,,,,,,,,,,,
ACSSF,2019e1,nc,000,0027,0000042,165188,31861,15388,117939,137094,24027,13415,99652,16159,4128,553,11478,8102,2684,912,4506,3833,1022,508,2303,,,,,,,,,,,,,,,,,,,,,164934,90081,74853,137484,82536,54948,16079,3570,12509,7671,2612,5059,3700,1363,2337,,,,,,,,,,,,,,,
ACSSF,2019e1,nc,000,0027,0000043,141571,20990,18699,101882,119591,15146,15907,88538,15132,3770,2169,9193,6173,2074,239,3860,675,0,384,291,,,,,,,,,,,,,,,,,,,,,142075,98784,43291,119912,91821,28091,15253,5296,9957,6235,1376,4859,675,291,384,,,,,,,,,,,,,,,
ACSSF,2019e1,nc,000,0027,0000044,126595,40383,17582,68630,117784,37742,16603,63439,5474,1410,660,3404,2016,676,164,1176,1321,555,155,611,,,,,,,,,,,,,,,,,,,,,127106,81668,45438,117642,78317,39325,5462,2401,3061,2681,717,1964,1321,233,1088,,,,,,,,,,,,,,,
ACSSF,2019e1,nc,000,0027,0000045,86696,16031,8472,62193,75375,14727,7903,52745,7803,1043,351,6409,1376,186,101,1089,2142,75,117,1950,,,,,,,,,,,,,,,,,,,,,87061,60972,26089,75725,56295,19430,7833,3396,4437,1376,651,725,2127,630,1497,,,,,,,,,,,,,,,
ACSSF,2019e1,nc,000,0027,0000046,131014,17011,15833,98170,119064,14602,14095,90367,7141,1781,1356,4004,3592,528,341,2723,1217,100,41,1076,,,,,,,,,,,,,,,,,,,,,130840,88365,42475,118749,83957,34792,7292,1959,5333,3582,1937,1645,1217,512,705,,,,,,,,,,,,,,,
ACSSF,2019e1,nc,000,0027,0000047,63043,12262,8240,42541,56098,10510,6972,38616,5259,1533,1190,2536,283,122,0,161,1403,97,78,1228,,,,,,,,,,,,,,,,,,,,,63002,47423,15579,56057,44754,11303,5259,1674,3585,283,250,33,1403,745,658,,,,,,,,,,,,,,,
ACSSF,2019e1,nc,000,0027,0000048,69485,11478,8748,49259,64445,9720,8127,46598,3777,1541,464,1772,902,217,157,528,361,0,0,361,,,,,,,,,,,,,,,,,,,,,69416,52630,16786,64448,49748,14700,3705,2203,1502,902,378,524,361,301,60,,,,,,,,,,,,,,,
ACSSF,2019e1,nc,000,0027,0000049,226534,17651,11837,197046,199645,13782,9255,176608,15090,1664,2320,11106,7391,1643,165,5583,4408,562,97,3749,,,,,,,,,,,,,,,,,,,,,227111,182303,44808,200289,170175,30114,15162,6583,8579,7252,3313,3939,4408,2232,2176,,,,,,,,,,,,,,,
ACSSF,2019e1,nc,000,0027,0000050,1041954,78631,65850,897473,890284,57376,55788,777120,108832,15138,7384,86310,25087,4509,2358,18220,17751,1608,320,15823,,,,,,,,,,,,,,,,,,,,,1043729,726210,317519,891727,659143,232584,109198,46302,62896,25087,13801,11286,17717,6964,10753,,,,,,,,,,,,,,,
ACSSF,2019e1,nc,000,0027,0000051,119744,22387,14599,82758,101793,17448,12244,72101,9195,3231,2007,3957,4891,1552,348,2991,3865,156,0,3709,,,,,,,,,,,,,,,,,,,,,119990,76081,43909,101462,67487,33975,9119,3867,5252,5544,3042,2502,3865,1685,2180,,,,,,,,,,,,,,,
ACSSF,2019e1,nc,000,0027,0000052,66608,9903,6446,50259,63409,9375,5591,48443,2086,365,855,866,857,67,0,790,256,96,0,160,,,,,,,,,,,,,,,,,,,,,66529,47248,19281,63339,45582,17757,2077,842,1235,857,725,132,256,99,157,,,,,,,,,,,,,,,
ACSSF,2019e1,nc,000,0027,0000053,78745,17591,8651,52503,71129,14382,7954,48793,4183,1925,539,1719,3024,1284,158,1582,409,0,0,409,,,,,,,,,,,,,,,,,,,,,78826,47226,31600,71406,45684,25722,4176,897,3279,2835,591,2244,409,54,355,,,,,,,,,,,,,,,
ACSSF,2019e1,nc,000,0027,0000054,88147,13416,10076,64655,72991,11472,8650,52869,7282,993,785,5504,3948,608,540,2800,3926,343,101,3482,,,,,,,,,,,,,,,,,,,,,87685,43964,43721,73046,37333,35713,7073,2237,4836,3948,2844,1104,3618,1550,2068,,,,,,,,,,,,,,,
ACSSF,2019e1,nc,000,0027,0000055,160616,6647,5112,148857,138429,4304,3841,130284,15520,892,212,14416,4127,937,1001,2189,2540,514,58,1968,,,,,,,,,,,,,,,,,,,,,160974,122687,38287,138508,112164,26344,15770,7518,8252,4127,1488,2639,2569,1517,1052,,,,,,,,,,,,,,,
ACSSF,2019e1,nc,000,0027,0000056,861656,92454,72605,696597,720235,74612,59414,586209,77484,9274,9424,58786,27927,3725,2238,21964,36010,4843,1529,29638,,,,,,,,,,,,,,,,,,,,,863278,492054,371224,721407,439282,282125,77495,23320,54175,27870,13855,14015,36506,15597,20909,,,,,,,,,,,,,,,
ACSSF,2019e1,nc,000,0027,0000057,97492,7779,7903,81810,80011,4425,5055,70531,8816,1999,2148,4669,6516,1100,597,4819,2149,255,103,1791,,,,,,,,,,,,,,,,,,,,,97307,69471,27836,79701,62156,17545,9067,3992,5075,6516,2485,4031,2023,838,1185,,,,,,,,,,,,,,,
ACSSF,2019e1,nc,000,0027,0000058,264391,38482,16756,209153,215423,28248,11797,175378,26483,4992,3208,18283,13412,3429,1631,8352,9073,1813,120,7140,,,,,,,,,,,,,,,,,,,,,263163,148493,114670,214837,133590,81247,25860,6609,19251,13485,5286,8199,8981,3008,5973,,,,,,,,,,,,,,,
ACSSF,2019e1,nc,000,0027,0000059,200058,37296,21780,140982,147704,27297,13499,106908,25270,5096,4471,15703,11117,1773,933,8411,15967,3130,2877,9960,,,,,,,,,,,,,,,,,,,,,200485,89651,110834,147851,74105,73746,25568,6460,19108,11099,4582,6517,15967,4504,11463,,,,,,,,,,,,,,,
ACSSF,2019e1,nc,000,0027,0000060,72657,7715,9786,55156,63774,6525,7446,49803,6042,748,2111,3183,1661,200,174,1287,1180,242,55,883,,,,,,,,,,,,,,,,,,,,,73214,44782,28432,64170,41920,22250,5945,1088,4857,1919,1118,801,1180,656,524,,,,,,,,,,,,,,,
ACSSF,2019e1,nc,000,0027,0000061,276117,54454,27154,194509,233336,40857,24912,167567,27878,9822,1719,16337,10111,3319,398,6394,4792,456,125,4211,,,,,,,,,,,,,,,,,,,,,275213,142320,132893,232792,128801,103991,27551,7083,20468,10078,4014,6064,4792,2422,2370,,,,,,,,,,,,,,,
ACSSF,2019e1,nc,000,0027,0000062,82401,17016,6933,58452,63097,12580,5632,44885,10314,2172,0,8142,5393,1331,873,3189,3597,933,428,2236,,,,,,,,,,,,,,,,,,,,,81873,33278,48595,63085,28091,34994,10239,2238,8001,5085,1633,3452,3464,1316,2148,,,,,,,,,,,,,,,
ACSSF,2019e1,nc,000,0027,0000063,104673,15534,11702,77437,88591,11579,10918,66094,12033,3257,164,8612,2736,642,492,1602,1313,56,128,1129,,,,,,,,,,,,,,,,,,,,,104596,60973,43623,88559,56089,32470,11988,3174,8814,2736,871,1865,1313,839,474,,,,,,,,,,,,,,,
ACSSF,2019e1,nc,000,0027,0000064,54838,6412,5241,43185,33620,3282,2894,27444,8603,1300,1284,6019,3765,775,570,2420,8850,1055,493,7302,,,,,,,,,,,,,,,,,,,,,54832,19452,35380,33575,14123,19452,8642,1658,6984,3765,1027,2738,8850,2644,6206,,,,,,,,,,,,,,,
ACSSF,2019e1,nc,000,0027,0000065,439818,42324,36088,361406,361571,30970,29801,300800,59916,9936,5289,44691,9686,480,736,8470,8645,938,262,7445,,,,,,,,,,,,,,,,,,,,,440144,249809,190335,362133,221882,140251,59814,20920,38894,9686,5221,4465,8511,1786,6725,,,,,,,,,,,,,,,
ACSSF,2019e1,nc,000,0027,0000066,119357,21762,13405,84190,96095,17550,11186,67359,11334,1832,1574,7928,8820,1727,449,6644,3108,653,196,2259,,,,,,,,,,,,,,,,,,,,,118368,55961,62407,95446,49470,45976,11141,2784,8357,8820,2603,6217,2961,1104,1857,,,,,,,,,,,,,,,
ACSSF,2019e1,nc,000,0027,0000067,233540,45782,25410,162348,202962,39713,20296,142953,21557,4554,4088,12915,5571,1044,934,3593,3450,471,92,2887,,,,,,,,,,,,,,,,,,,,,232819,127820,104999,203150,119475,83675,21184,4728,16456,5035,2712,2323,3450,905,2545,,,,,,,,,,,,,,,
ACSSF,2019e1,nc,000,0027,0000068,88147,13416,10076,64655,72991,11472,8650,52869,7282,993,785,5504,3948,608,540,2800,3926,343,101,3482,,,,,,,,,,,,,,,,,,,,,87685,43964,43721,73046,37333,35713,7073,2237,4836,3948,2844,1104,3618,1550,2068,,,,,,,,,,,,,,,
ACSSF,2019e1,nc,000,0027,0000069,861656,92454,72605,696597,720235,74612,59414,586209,77484,9274,9424,58786,27927,3725,2238,21964,36010,4843,1529,29638,,,,,,,,,,,,,,,,,,,,,863278,492054,371224,721407,439282,282125,77495,23320,54175,27870,13855,14015,36506,15597,20909,,,,,,,,,,,,,,,
ACSSF,2019e1,nc,000,0027,0000070,97492,7779,7903,81810,80011,4425,5055,70531,8816,1999,2148,4669,6516,1100,597,4819,2149,255,103,1791,,,,,,,,,,,,,,,,,,,,,97307,69471,27836,79701,62156,17545,9067,3992,5075,6516,2485,4031,2023,838,1185,,,,,,,,,,,,,,,
ACSSF,2019e1,nc,000,0027,0000071,72657,7715,9786,55156,63774,6525,7446,49803,6042,748,2111,3183,1661,200,174,1287,1180,242,55,883,,,,,,,,,,,,,,,,,,,,,73214,44782,28432,64170,41920,22250,5945,1088,4857,1919,1118,801,1180,656,524,,,,,,,,,,,,,,,
ACSSF,2019e1,nc,000,0027,0000072,263897,38170,16756,208971,214929,27936,11797,175196,26483,4992,3208,18283,13412,3429,1631,8352,9073,1813,120,7140,,,,,,,,,,,,,,,,,,,,,262669,147999,114670,214343,133096,81247,25860,6609,19251,13485,5286,8199,8981,3008,5973,,,,,,,,,,,,,,,
ACSSF,2019e1,nc,000,0027,0000073,200058,37296,21780,140982,147704,27297,13499,106908,25270,5096,4471,15703,11117,1773,933,8411,15967,3130,2877,9960,,,,,,,,,,,,,,,,,,,,,200485,89651,110834,147851,74105,73746,25568,6460,19108,11099,4582,6517,15967,4504,11463,,,,,,,,,,,,,,,
ACSSF,2019e1,nc,000,0027,0000074,276117,54454,27154,194509,233336,40857,24912,167567,27878,9822,1719,16337,10111,3319,398,6394,4792,456,125,4211,,,,,,,,,,,,,,,,,,,,,275213,142320,132893,232792,128801,103991,27551,7083,20468,10078,4014,6064,4792,2422,2370,,,,,,,,,,,,,,,
ACSSF,2019e1,nc,000,0027,0000075,100373,15534,11702,73137,84546,11579,10918,62049,11930,3257,164,8509,2736,642,492,1602,1161,56,128,977,,,,,,,,,,,,,,,,,,,,,100296,57672,42624,84514,53043,31471,11885,3071,8814,2736,871,1865,1161,687,474,,,,,,,,,,,,,,,
ACSSF,2019e1,nc,000,0027,0000076,82401,17016,6933,58452,63097,12580,5632,44885,10314,2172,0,8142,5393,1331,873,3189,3597,933,428,2236,,,,,,,,,,,,,,,,,,,,,81873,33278,48595,63085,28091,34994,10239,2238,8001,5085,1633,3452,3464,1316,2148,,,,,,,,,,,,,,,
ACSSF,2019e1,nc,000,0027,0000077,54838,6412,5241,43185,33620,3282,2894,27444,8603,1300,1284,6019,3765,775,570,2420,8850,1055,493,7302,,,,,,,,,,,,,,,,,,,,,54832,19452,35380,33575,14123,19452,8642,1658,6984,3765,1027,2738,8850,2644,6206,,,,,,,,,,,,,,,
ACSSF,2019e1,nc,000,0027,0000078,157439,6522,5112,145805,135452,4250,3841,127361,15520,892,212,14416,3998,937,1001,2060,2469,443,58,1968,,,,,,,,,,,,,,,,,,,,,157797,119776,38021,135531,109301,26230,15770,7518,8252,3998,1440,2558,2498,1517,981,,,,,,,,,,,,,,,
ACSSF,2019e1,nc,000,0027,0000079,437853,42324,36088,359441,360256,30970,29801,299485,59266,9936,5289,44041,9686,480,736,8470,8645,938,262,7445,,,,,,,,,,,,,,,,,,,,,438179,248580,189599,360818,220731,140087,59164,20842,38322,9686,5221,4465,8511,1786,6725,,,,,,,,,,,,,,,
ACSSF,2019e1,nc,000,0027,0000080,119357,21762,13405,84190,96095,17550,11186,67359,11334,1832,1574,7928,8820,1727,449,6644,3108,653,196,2259,,,,,,,,,,,,,,,,,,,,,118368,55961,62407,95446,49470,45976,11141,2784,8357,8820,2603,6217,2961,1104,1857,,,,,,,,,,,,,,,
ACSSF,2019e1,nc,000,0027,0000081,233540,45782,25410,162348,202962,39713,20296,142953,21557,4554,4088,12915,5571,1044,934,3593,3450,471,92,2887,,,,,,,,,,,,,,,,,,,,,232819,127820,104999,203150,119475,83675,21184,4728,16456,5035,2712,2323,3450,905,2545,,,,,,,,,,,,,,,
ACSSF,2019e1,nc,000,0027,0000082,,,,,,,,,,,,,,,,,,,,,,,,,,,,,,,,,,,,,,,,,,,,,,,,,,,,,,,,,,,,,,,,,,,,,,
ACSSF,2019e1,nc,000,0027,0000083,,,,,,,,,,,,,,,,,,,,,,,,,,,,,,,,,,,,,,,,,,,,,,,,,,,,,,,,,,,,,,,,,,,,,,
ACSSF,2019e1,nc,000,0027,0000084,,,,,,,,,,,,,,,,,,,,,,,,,,,,,,,,,,,,,,,,,,,,,,,,,,,,,,,,,,,,,,,,,,,,,,
ACSSF,2019e1,nc,000,0027,0000085,,,,,,,,,,,,,,,,,,,,,,,,,,,,,,,,,,,,,,,,,,,,,,,,,,,,,,,,,,,,,,,,,,,,,,
ACSSF,2019e1,nc,000,0027,0000086,,,,,,,,,,,,,,,,,,,,,,,,,,,,,,,,,,,,,,,,,,,,,,,,,,,,,,,,,,,,,,,,,,,,,,
ACSSF,2019e1,nc,000,0027,0000087,,,,,,,,,,,,,,,,,,,,,,,,,,,,,,,,,,,,,,,,,,,,,,,,,,,,,,,,,,,,,,,,,,,,,,
ACSSF,2019e1,nc,000,0027,0000088,,,,,,,,,,,,,,,,,,,,,,,,,,,,,,,,,,,,,,,,,,,,,,,,,,,,,,,,,,,,,,,,,,,,,,
ACSSF,2019e1,nc,000,0027,0000089,,,,,,,,,,,,,,,,,,,,,,,,,,,,,,,,,,,,,,,,,,,,,,,,,,,,,,,,,,,,,,,,,,,,,,
ACSSF,2019e1,nc,000,0027,0000090,,,,,,,,,,,,,,,,,,,,,,,,,,,,,,,,,,,,,,,,,,,,,,,,,,,,,,,,,,,,,,,,,,,,,,
ACSSF,2019e1,nc,000,0027,0000091,,,,,,,,,,,,,,,,,,,,,,,,,,,,,,,,,,,,,,,,,,,,,,,,,,,,,,,,,,,,,,,,,,,,,,
ACSSF,2019e1,nc,000,0027,0000092,,,,,,,,,,,,,,,,,,,,,,,,,,,,,,,,,,,,,,,,,,,,,,,,,,,,,,,,,,,,,,,,,,,,,,
ACSSF,2019e1,nc,000,0027,0000093,,,,,,,,,,,,,,,,,,,,,,,,,,,,,,,,,,,,,,,,,,,,,,,,,,,,,,,,,,,,,,,,,,,,,,
ACSSF,2019e1,nc,000,0027,0000094,,,,,,,,,,,,,,,,,,,,,,,,,,,,,,,,,,,,,,,,,,,,,,,,,,,,,,,,,,,,,,,,,,,,,,
ACSSF,2019e1,nc,000,0027,0000095,,,,,,,,,,,,,,,,,,,,,,,,,,,,,,,,,,,,,,,,,,,,,,,,,,,,,,,,,,,,,,,,,,,,,,
ACSSF,2019e1,nc,000,0027,0000096,,,,,,,,,,,,,,,,,,,,,,,,,,,,,,,,,,,,,,,,,,,,,,,,,,,,,,,,,,,,,,,,,,,,,,
ACSSF,2019e1,nc,000,0027,0000097,,,,,,,,,,,,,,,,,,,,,,,,,,,,,,,,,,,,,,,,,,,,,,,,,,,,,,,,,,,,,,,,,,,,,,
ACSSF,2019e1,nc,000,0027,0000098,,,,,,,,,,,,,,,,,,,,,,,,,,,,,,,,,,,,,,,,,,,,,,,,,,,,,,,,,,,,,,,,,,,,,,
ACSSF,2019e1,nc,000,0027,0000099,,,,,,,,,,,,,,,,,,,,,,,,,,,,,,,,,,,,,,,,,,,,,,,,,,,,,,,,,,,,,,,,,,,,,,
ACSSF,2019e1,nc,000,0027,0000100,,,,,,,,,,,,,,,,,,,,,,,,,,,,,,,,,,,,,,,,,,,,,,,,,,,,,,,,,,,,,,,,,,,,,,
ACSSF,2019e1,nc,000,0027,0000101,,,,,,,,,,,,,,,,,,,,,,,,,,,,,,,,,,,,,,,,,,,,,,,,,,,,,,,,,,,,,,,,,,,,,,
ACSSF,2019e1,nc,000,0027,0000102,,,,,,,,,,,,,,,,,,,,,,,,,,,,,,,,,,,,,,,,,,,,,,,,,,,,,,,,,,,,,,,,,,,,,,
ACSSF,2019e1,nc,000,0027,0000103,,,,,,,,,,,,,,,,,,,,,,,,,,,,,,,,,,,,,,,,,,,,,,,,,,,,,,,,,,,,,,,,,,,,,,
ACSSF,2019e1,nc,000,0027,0000104,,,,,,,,,,,,,,,,,,,,,,,,,,,,,,,,,,,,,,,,,,,,,,,,,,,,,,,,,,,,,,,,,,,,,,
ACSSF,2019e1,nc,000,0027,0000105,,,,,,,,,,,,,,,,,,,,,,,,,,,,,,,,,,,,,,,,,,,,,,,,,,,,,,,,,,,,,,,,,,,,,,
ACSSF,2019e1,nc,000,0027,0000106,,,,,,,,,,,,,,,,,,,,,,,,,,,,,,,,,,,,,,,,,,,,,,,,,,,,,,,,,,,,,,,,,,,,,,
ACSSF,2019e1,nc,000,0027,0000107,,,,,,,,,,,,,,,,,,,,,,,,,,,,,,,,,,,,,,,,,,,,,,,,,,,,,,,,,,,,,,,,,,,,,,
ACSSF,2019e1,nc,000,0027,0000108,,,,,,,,,,,,,,,,,,,,,,,,,,,,,,,,,,,,,,,,,,,,,,,,,,,,,,,,,,,,,,,,,,,,,,
ACSSF,2019e1,nc,000,0027,0000109,,,,,,,,,,,,,,,,,,,,,,,,,,,,,,,,,,,,,,,,,,,,,,,,,,,,,,,,,,,,,,,,,,,,,,
ACSSF,2019e1,nc,000,0027,0000110,,,,,,,,,,,,,,,,,,,,,,,,,,,,,,,,,,,,,,,,,,,,,,,,,,,,,,,,,,,,,,,,,,,,,,
ACSSF,2019e1,nc,000,0027,0000111,,,,,,,,,,,,,,,,,,,,,,,,,,,,,,,,,,,,,,,,,,,,,,,,,,,,,,,,,,,,,,,,,,,,,,
ACSSF,2019e1,nc,000,0027,0000112,,,,,,,,,,,,,,,,,,,,,,,,,,,,,,,,,,,,,,,,,,,,,,,,,,,,,,,,,,,,,,,,,,,,,,
ACSSF,2019e1,nc,000,0027,0000113,,,,,,,,,,,,,,,,,,,,,,,,,,,,,,,,,,,,,,,,,,,,,,,,,,,,,,,,,,,,,,,,,,,,,,
ACSSF,2019e1,nc,000,0027,0000114,,,,,,,,,,,,,,,,,,,,,,,,,,,,,,,,,,,,,,,,,,,,,,,,,,,,,,,,,,,,,,,,,,,,,,
ACSSF,2019e1,nc,000,0027,0000115,,,,,,,,,,,,,,,,,,,,,,,,,,,,,,,,,,,,,,,,,,,,,,,,,,,,,,,,,,,,,,,,,,,,,,
ACSSF,2019e1,nc,000,0027,0000116,,,,,,,,,,,,,,,,,,,,,,,,,,,,,,,,,,,,,,,,,,,,,,,,,,,,,,,,,,,,,,,,,,,,,,
ACSSF,2019e1,nc,000,0027,0000117,,,,,,,,,,,,,,,,,,,,,,,,,,,,,,,,,,,,,,,,,,,,,,,,,,,,,,,,,,,,,,,,,,,,,,
ACSSF,2019e1,nc,000,0027,0000118,,,,,,,,,,,,,,,,,,,,,,,,,,,,,,,,,,,,,,,,,,,,,,,,,,,,,,,,,,,,,,,,,,,,,,
ACSSF,2019e1,nc,000,0027,0000119,,,,,,,,,,,,,,,,,,,,,,,,,,,,,,,,,,,,,,,,,,,,,,,,,,,,,,,,,,,,,,,,,,,,,,
ACSSF,2019e1,nc,000,0027,0000120,,,,,,,,,,,,,,,,,,,,,,,,,,,,,,,,,,,,,,,,,,,,,,,,,,,,,,,,,,,,,,,,,,,,,,
ACSSF,2019e1,nc,000,0027,0000121,,,,,,,,,,,,,,,,,,,,,,,,,,,,,,,,,,,,,,,,,,,,,,,,,,,,,,,,,,,,,,,,,,,,,,
ACSSF,2019e1,nc,000,0027,0000122,,,,,,,,,,,,,,,,,,,,,,,,,,,,,,,,,,,,,,,,,,,,,,,,,,,,,,,,,,,,,,,,,,,,,,
ACSSF,2019e1,nc,000,0027,0000123,,,,,,,,,,,,,,,,,,,,,,,,,,,,,,,,,,,,,,,,,,,,,,,,,,,,,,,,,,,,,,,,,,,,,,
ACSSF,2019e1,nc,000,0027,0000124,,,,,,,,,,,,,,,,,,,,,,,,,,,,,,,,,,,,,,,,,,,,,,,,,,,,,,,,,,,,,,,,,,,,,,
ACSSF,2019e1,nc,000,0027,0000125,,,,,,,,,,,,,,,,,,,,,,,,,,,,,,,,,,,,,,,,,,,,,,,,,,,,,,,,,,,,,,,,,,,,,,
ACSSF,2019e1,nc,000,0027,0000126,,,,,,,,,,,,,,,,,,,,,,,,,,,,,,,,,,,,,,,,,,,,,,,,,,,,,,,,,,,,,,,,,,,,,,
ACSSF,2019e1,nc,000,0027,0000127,,,,,,,,,,,,,,,,,,,,,,,,,,,,,,,,,,,,,,,,,,,,,,,,,,,,,,,,,,,,,,,,,,,,,,
ACSSF,2019e1,nc,000,0027,0000128,,,,,,,,,,,,,,,,,,,,,,,,,,,,,,,,,,,,,,,,,,,,,,,,,,,,,,,,,,,,,,,,,,,,,,
ACSSF,2019e1,nc,000,0027,0000129,,,,,,,,,,,,,,,,,,,,,,,,,,,,,,,,,,,,,,,,,,,,,,,,,,,,,,,,,,,,,,,,,,,,,,
ACSSF,2019e1,nc,000,0027,0000130,,,,,,,,,,,,,,,,,,,,,,,,,,,,,,,,,,,,,,,,,,,,,,,,,,,,,,,,,,,,,,,,,,,,,,
ACSSF,2019e1,nc,000,0027,0000131,,,,,,,,,,,,,,,,,,,,,,,,,,,,,,,,,,,,,,,,,,,,,,,,,,,,,,,,,,,,,,,,,,,,,,
ACSSF,2019e1,nc,000,0027,0000132,,,,,,,,,,,,,,,,,,,,,,,,,,,,,,,,,,,,,,,,,,,,,,,,,,,,,,,,,,,,,,,,,,,,,,
ACSSF,2019e1,nc,000,0027,0000133,,,,,,,,,,,,,,,,,,,,,,,,,,,,,,,,,,,,,,,,,,,,,,,,,,,,,,,,,,,,,,,,,,,,,,
ACSSF,2019e1,nc,000,0027,0000134,,,,,,,,,,,,,,,,,,,,,,,,,,,,,,,,,,,,,,,,,,,,,,,,,,,,,,,,,,,,,,,,,,,,,,
ACSSF,2019e1,nc,000,0027,0000135,,,,,,,,,,,,,,,,,,,,,,,,,,,,,,,,,,,,,,,,,,,,,,,,,,,,,,,,,,,,,,,,,,,,,,
ACSSF,2019e1,nc,000,0027,0000136,,,,,,,,,,,,,,,,,,,,,,,,,,,,,,,,,,,,,,,,,,,,,,,,,,,,,,,,,,,,,,,,,,,,,,
ACSSF,2019e1,nc,000,0027,0000137,,,,,,,,,,,,,,,,,,,,,,,,,,,,,,,,,,,,,,,,,,,,,,,,,,,,,,,,,,,,,,,,,,,,,,
ACSSF,2019e1,nc,000,0027,0000138,,,,,,,,,,,,,,,,,,,,,,,,,,,,,,,,,,,,,,,,,,,,,,,,,,,,,,,,,,,,,,,,,,,,,,
ACSSF,2019e1,nc,000,0027,0000139,,,,,,,,,,,,,,,,,,,,,,,,,,,,,,,,,,,,,,,,,,,,,,,,,,,,,,,,,,,,,,,,,,,,,,
ACSSF,2019e1,nc,000,0027,0000140,,,,,,,,,,,,,,,,,,,,,,,,,,,,,,,,,,,,,,,,,,,,,,,,,,,,,,,,,,,,,,,,,,,,,,
ACSSF,2019e1,nc,000,0027,0000141,,,,,,,,,,,,,,,,,,,,,,,,,,,,,,,,,,,,,,,,,,,,,,,,,,,,,,,,,,,,,,,,,,,,,,
ACSSF,2019e1,nc,000,0027,0000142,,,,,,,,,,,,,,,,,,,,,,,,,,,,,,,,,,,,,,,,,,,,,,,,,,,,,,,,,,,,,,,,,,,,,,
ACSSF,2019e1,nc,000,0027,0000143,,,,,,,,,,,,,,,,,,,,,,,,,,,,,,,,,,,,,,,,,,,,,,,,,,,,,,,,,,,,,,,,,,,,,,
ACSSF,2019e1,nc,000,0027,0000144,,,,,,,,,,,,,,,,,,,,,,,,,,,,,,,,,,,,,,,,,,,,,,,,,,,,,,,,,,,,,,,,,,,,,,
ACSSF,2019e1,nc,000,0027,0000145,,,,,,,,,,,,,,,,,,,,,,,,,,,,,,,,,,,,,,,,,,,,,,,,,,,,,,,,,,,,,,,,,,,,,,
ACSSF,2019e1,nc,000,0027,0000146,,,,,,,,,,,,,,,,,,,,,,,,,,,,,,,,,,,,,,,,,,,,,,,,,,,,,,,,,,,,,,,,,,,,,,
ACSSF,2019e1,nc,000,0027,0000147,,,,,,,,,,,,,,,,,,,,,,,,,,,,,,,,,,,,,,,,,,,,,,,,,,,,,,,,,,,,,,,,,,,,,,
ACSSF,2019e1,nc,000,0027,0000148,,,,,,,,,,,,,,,,,,,,,,,,,,,,,,,,,,,,,,,,,,,,,,,,,,,,,,,,,,,,,,,,,,,,,,
ACSSF,2019e1,nc,000,0027,0000149,,,,,,,,,,,,,,,,,,,,,,,,,,,,,,,,,,,,,,,,,,,,,,,,,,,,,,,,,,,,,,,,,,,,,,
ACSSF,2019e1,nc,000,0027,0000150,,,,,,,,,,,,,,,,,,,,,,,,,,,,,,,,,,,,,,,,,,,,,,,,,,,,,,,,,,,,,,,,,,,,,,
ACSSF,2019e1,nc,000,0027,0000151,,,,,,,,,,,,,,,,,,,,,,,,,,,,,,,,,,,,,,,,,,,,,,,,,,,,,,,,,,,,,,,,,,,,,,
ACSSF,2019e1,nc,000,0027,0000152,,,,,,,,,,,,,,,,,,,,,,,,,,,,,,,,,,,,,,,,,,,,,,,,,,,,,,,,,,,,,,,,,,,,,,
ACSSF,2019e1,nc,000,0027,0000153,,,,,,,,,,,,,,,,,,,,,,,,,,,,,,,,,,,,,,,,,,,,,,,,,,,,,,,,,,,,,,,,,,,,,,
ACSSF,2019e1,nc,000,0027,0000154,,,,,,,,,,,,,,,,,,,,,,,,,,,,,,,,,,,,,,,,,,,,,,,,,,,,,,,,,,,,,,,,,,,,,,
ACSSF,2019e1,nc,000,0027,0000155,,,,,,,,,,,,,,,,,,,,,,,,,,,,,,,,,,,,,,,,,,,,,,,,,,,,,,,,,,,,,,,,,,,,,,
ACSSF,2019e1,nc,000,0027,0000156,,,,,,,,,,,,,,,,,,,,,,,,,,,,,,,,,,,,,,,,,,,,,,,,,,,,,,,,,,,,,,,,,,,,,,
ACSSF,2019e1,nc,000,0027,0000157,,,,,,,,,,,,,,,,,,,,,,,,,,,,,,,,,,,,,,,,,,,,,,,,,,,,,,,,,,,,,,,,,,,,,,
ACSSF,2019e1,nc,000,0027,0000158,,,,,,,,,,,,,,,,,,,,,,,,,,,,,,,,,,,,,,,,,,,,,,,,,,,,,,,,,,,,,,,,,,,,,,
ACSSF,2019e1,nc,000,0027,0000159,,,,,,,,,,,,,,,,,,,,,,,,,,,,,,,,,,,,,,,,,,,,,,,,,,,,,,,,,,,,,,,,,,,,,,
ACSSF,2019e1,nc,000,0027,0000160,,,,,,,,,,,,,,,,,,,,,,,,,,,,,,,,,,,,,,,,,,,,,,,,,,,,,,,,,,,,,,,,,,,,,,
ACSSF,2019e1,nc,000,0027,0000161,,,,,,,,,,,,,,,,,,,,,,,,,,,,,,,,,,,,,,,,,,,,,,,,,,,,,,,,,,,,,,,,,,,,,,
ACSSF,2019e1,nc,000,0027,0000162,,,,,,,,,,,,,,,,,,,,,,,,,,,,,,,,,,,,,,,,,,,,,,,,,,,,,,,,,,,,,,,,,,,,,,
ACSSF,2019e1,nc,000,0027,0000163,,,,,,,,,,,,,,,,,,,,,,,,,,,,,,,,,,,,,,,,,,,,,,,,,,,,,,,,,,,,,,,,,,,,,,
ACSSF,2019e1,nc,000,0027,0000164,,,,,,,,,,,,,,,,,,,,,,,,,,,,,,,,,,,,,,,,,,,,,,,,,,,,,,,,,,,,,,,,,,,,,,
ACSSF,2019e1,nc,000,0027,0000165,,,,,,,,,,,,,,,,,,,,,,,,,,,,,,,,,,,,,,,,,,,,,,,,,,,,,,,,,,,,,,,,,,,,,,
ACSSF,2019e1,nc,000,0027,0000166,,,,,,,,,,,,,,,,,,,,,,,,,,,,,,,,,,,,,,,,,,,,,,,,,,,,,,,,,,,,,,,,,,,,,,
ACSSF,2019e1,nc,000,0027,0000167,,,,,,,,,,,,,,,,,,,,,,,,,,,,,,,,,,,,,,,,,,,,,,,,,,,,,,,,,,,,,,,,,,,,,,
ACSSF,2019e1,nc,000,0027,0000168,,,,,,,,,,,,,,,,,,,,,,,,,,,,,,,,,,,,,,,,,,,,,,,,,,,,,,,,,,,,,,,,,,,,,,
ACSSF,2019e1,nc,000,0027,0000169,,,,,,,,,,,,,,,,,,,,,,,,,,,,,,,,,,,,,,,,,,,,,,,,,,,,,,,,,,,,,,,,,,,,,,
ACSSF,2019e1,nc,000,0027,0000170,,,,,,,,,,,,,,,,,,,,,,,,,,,,,,,,,,,,,,,,,,,,,,,,,,,,,,,,,,,,,,,,,,,,,,
ACSSF,2019e1,nc,000,0027,0000171,,,,,,,,,,,,,,,,,,,,,,,,,,,,,,,,,,,,,,,,,,,,,,,,,,,,,,,,,,,,,,,,,,,,,,
ACSSF,2019e1,nc,000,0027,0000172,,,,,,,,,,,,,,,,,,,,,,,,,,,,,,,,,,,,,,,,,,,,,,,,,,,,,,,,,,,,,,,,,,,,,,
ACSSF,2019e1,nc,000,0027,0000173,,,,,,,,,,,,,,,,,,,,,,,,,,,,,,,,,,,,,,,,,,,,,,,,,,,,,,,,,,,,,,,,,,,,,,
ACSSF,2019e1,nc,000,0027,0000174,,,,,,,,,,,,,,,,,,,,,,,,,,,,,,,,,,,,,,,,,,,,,,,,,,,,,,,,,,,,,,,,,,,,,,
ACSSF,2019e1,nc,000,0027,0000175,,,,,,,,,,,,,,,,,,,,,,,,,,,,,,,,,,,,,,,,,,,,,,,,,,,,,,,,,,,,,,,,,,,,,,
ACSSF,2019e1,nc,000,0027,0000176,,,,,,,,,,,,,,,,,,,,,,,,,,,,,,,,,,,,,,,,,,,,,,,,,,,,,,,,,,,,,,,,,,,,,,
ACSSF,2019e1,nc,000,0027,0000177,,,,,,,,,,,,,,,,,,,,,,,,,,,,,,,,,,,,,,,,,,,,,,,,,,,,,,,,,,,,,,,,,,,,,,
ACSSF,2019e1,nc,000,0027,0000178,,,,,,,,,,,,,,,,,,,,,,,,,,,,,,,,,,,,,,,,,,,,,,,,,,,,,,,,,,,,,,,,,,,,,,
ACSSF,2019e1,nc,000,0027,0000179,,,,,,,,,,,,,,,,,,,,,,,,,,,,,,,,,,,,,,,,,,,,,,,,,,,,,,,,,,,,,,,,,,,,,,
ACSSF,2019e1,nc,000,0027,0000180,,,,,,,,,,,,,,,,,,,,,,,,,,,,,,,,,,,,,,,,,,,,,,,,,,,,,,,,,,,,,,,,,,,,,,
ACSSF,2019e1,nc,000,0027,0000181,,,,,,,,,,,,,,,,,,,,,,,,,,,,,,,,,,,,,,,,,,,,,,,,,,,,,,,,,,,,,,,,,,,,,,
ACSSF,2019e1,nc,000,0027,0000182,,,,,,,,,,,,,,,,,,,,,,,,,,,,,,,,,,,,,,,,,,,,,,,,,,,,,,,,,,,,,,,,,,,,,,
ACSSF,2019e1,nc,000,0027,0000183,,,,,,,,,,,,,,,,,,,,,,,,,,,,,,,,,,,,,,,,,,,,,,,,,,,,,,,,,,,,,,,,,,,,,,
ACSSF,2019e1,nc,000,0027,0000184,,,,,,,,,,,,,,,,,,,,,,,,,,,,,,,,,,,,,,,,,,,,,,,,,,,,,,,,,,,,,,,,,,,,,,
ACSSF,2019e1,nc,000,0027,0000185,,,,,,,,,,,,,,,,,,,,,,,,,,,,,,,,,,,,,,,,,,,,,,,,,,,,,,,,,,,,,,,,,,,,,,
ACSSF,2019e1,nc,000,0027,0000186,,,,,,,,,,,,,,,,,,,,,,,,,,,,,,,,,,,,,,,,,,,,,,,,,,,,,,,,,,,,,,,,,,,,,,
ACSSF,2019e1,nc,000,0027,0000187,,,,,,,,,,,,,,,,,,,,,,,,,,,,,,,,,,,,,,,,,,,,,,,,,,,,,,,,,,,,,,,,,,,,,,
ACSSF,2019e1,nc,000,0027,0000188,,,,,,,,,,,,,,,,,,,,,,,,,,,,,,,,,,,,,,,,,,,,,,,,,,,,,,,,,,,,,,,,,,,,,,
ACSSF,2019e1,nc,000,0027,0000189,,,,,,,,,,,,,,,,,,,,,,,,,,,,,,,,,,,,,,,,,,,,,,,,,,,,,,,,,,,,,,,,,,,,,,
ACSSF,2019e1,nc,000,0027,0000190,,,,,,,,,,,,,,,,,,,,,,,,,,,,,,,,,,,,,,,,,,,,,,,,,,,,,,,,,,,,,,,,,,,,,,
ACSSF,2019e1,nc,000,0027,0000191,,,,,,,,,,,,,,,,,,,,,,,,,,,,,,,,,,,,,,,,,,,,,,,,,,,,,,,,,,,,,,,,,,,,,,
ACSSF,2019e1,nc,000,0027,0000192,,,,,,,,,,,,,,,,,,,,,,,,,,,,,,,,,,,,,,,,,,,,,,,,,,,,,,,,,,,,,,,,,,,,,,
ACSSF,2019e1,nc,000,0027,0000193,,,,,,,,,,,,,,,,,,,,,,,,,,,,,,,,,,,,,,,,,,,,,,,,,,,,,,,,,,,,,,,,,,,,,,
ACSSF,2019e1,nc,000,0027,0000194,,,,,,,,,,,,,,,,,,,,,,,,,,,,,,,,,,,,,,,,,,,,,,,,,,,,,,,,,,,,,,,,,,,,,,
ACSSF,2019e1,nc,000,0027,0000195,,,,,,,,,,,,,,,,,,,,,,,,,,,,,,,,,,,,,,,,,,,,,,,,,,,,,,,,,,,,,,,,,,,,,,
ACSSF,2019e1,nc,000,0027,0000196,,,,,,,,,,,,,,,,,,,,,,,,,,,,,,,,,,,,,,,,,,,,,,,,,,,,,,,,,,,,,,,,,,,,,,
ACSSF,2019e1,nc,000,0027,0000197,,,,,,,,,,,,,,,,,,,,,,,,,,,,,,,,,,,,,,,,,,,,,,,,,,,,,,,,,,,,,,,,,,,,,,
ACSSF,2019e1,nc,000,0027,0000198,,,,,,,,,,,,,,,,,,,,,,,,,,,,,,,,,,,,,,,,,,,,,,,,,,,,,,,,,,,,,,,,,,,,,,
ACSSF,2019e1,nc,000,0027,0000199,,,,,,,,,,,,,,,,,,,,,,,,,,,,,,,,,,,,,,,,,,,,,,,,,,,,,,,,,,,,,,,,,,,,,,
ACSSF,2019e1,nc,000,0027,0000200,,,,,,,,,,,,,,,,,,,,,,,,,,,,,,,,,,,,,,,,,,,,,,,,,,,,,,,,,,,,,,,,,,,,,,
ACSSF,2019e1,nc,000,0027,0000201,,,,,,,,,,,,,,,,,,,,,,,,,,,,,,,,,,,,,,,,,,,,,,,,,,,,,,,,,,,,,,,,,,,,,,
ACSSF,2019e1,nc,000,0027,0000202,,,,,,,,,,,,,,,,,,,,,,,,,,,,,,,,,,,,,,,,,,,,,,,,,,,,,,,,,,,,,,,,,,,,,,
ACSSF,2019e1,nc,000,0027,0000203,,,,,,,,,,,,,,,,,,,,,,,,,,,,,,,,,,,,,,,,,,,,,,,,,,,,,,,,,,,,,,,,,,,,,,
ACSSF,2019e1,nc,000,0027,0000204,,,,,,,,,,,,,,,,,,,,,,,,,,,,,,,,,,,,,,,,,,,,,,,,,,,,,,,,,,,,,,,,,,,,,,
ACSSF,2019e1,nc,000,0027,0000205,,,,,,,,,,,,,,,,,,,,,,,,,,,,,,,,,,,,,,,,,,,,,,,,,,,,,,,,,,,,,,,,,,,,,,
ACSSF,2019e1,nc,000,0027,0000206,,,,,,,,,,,,,,,,,,,,,,,,,,,,,,,,,,,,,,,,,,,,,,,,,,,,,,,,,,,,,,,,,,,,,,
ACSSF,2019e1,nc,000,0027,0000207,,,,,,,,,,,,,,,,,,,,,,,,,,,,,,,,,,,,,,,,,,,,,,,,,,,,,,,,,,,,,,,,,,,,,,
ACSSF,2019e1,nc,000,0027,0000208,,,,,,,,,,,,,,,,,,,,,,,,,,,,,,,,,,,,,,,,,,,,,,,,,,,,,,,,,,,,,,,,,,,,,,
ACSSF,2019e1,nc,000,0027,0000209,,,,,,,,,,,,,,,,,,,,,,,,,,,,,,,,,,,,,,,,,,,,,,,,,,,,,,,,,,,,,,,,,,,,,,
ACSSF,2019e1,nc,000,0027,0000210,,,,,,,,,,,,,,,,,,,,,,,,,,,,,,,,,,,,,,,,,,,,,,,,,,,,,,,,,,,,,,,,,,,,,,
ACSSF,2019e1,nc,000,0027,0000211,,,,,,,,,,,,,,,,,,,,,,,,,,,,,,,,,,,,,,,,,,,,,,,,,,,,,,,,,,,,,,,,,,,,,,
ACSSF,2019e1,nc,000,0027,0000212,,,,,,,,,,,,,,,,,,,,,,,,,,,,,,,,,,,,,,,,,,,,,,,,,,,,,,,,,,,,,,,,,,,,,,
