ACSSF,2019m1,nc,000,0037,0000001,26460,28654,27479,15773,12827,5059,6181,4502,4075,683,443,1362,531,1598,6572,6244,10459,18408,18767,17856,10065,7757,3379,4506,3544,3524,495,284,750,315,1262,4609,4723,7512,20603,21485,18957,10121,8122,3571,3172,3316,2927,534,369,1130,355,748,3756,3351,6119,27708,7880,12701,15919,16820,17247,11433,15769,7722,7407,11367,10052,5686,18813,5397,9984,11182,11784,10709,7746,10552,4904,6363,9128,7682,4713,21385,5054,6964,10160,11899,12202,7504,11222,4905,5880,8279,5649,3014,26460,8745,9930,16563,10370,11127,8286,8551,27479,7487,9440,16646,12060,10613,7928,7477,15773,3226,4010,9067,5979,3091,1880,2680,4502,667,1669,3295,2211,913,929,1025,6572,2083,2715,4101,1872,1367,1025,1119,6381,1321,2803,4046,2991,901,711,782,10459,1598,2993,6864,4993,3282,2670,2578,0.3,0.2,0.6,1.6,1.6,1.6,0.6,21019,20355,10855,2959,5098,4359,8404,13820,15985,7634,3317,2711,3537,5113,26460,28654,27479,15773,12827,5059,6181,4502,6572,6381,10459,18408,18767,17856,10065,7757,3379,4506,3544,4609,4788,7512,20603,21485,18957,10121,8122,3571,3172,3316,3756,3439,6119,26460,8745,9930,16563,10370,11127,12675,27479,7487,9440,16646,12060,10613,10873,15773,3226,4010,9067,5979,3091,3619,4502,667,1669,3295,2211,913,1352,8680,2571,3781,5562,3695,1525,1994,10459,1598,2993,6864,4993,3282,3968
ACSSF,2019m1,nc,000,0037,0000002,,,,,,,,,,,,,,,,,,,,,,,,,,,,,,,,,,,,,,,,,,,,,,,,,,,,,,,,,,,,,,,,,,,,,,,,,,,,,,,,,,,,,,,,,,,,,,,,,,,,,,,,,,,,,,,,,,,,,,,,,,,,,,,,,,,,,,,,,,,,,,,,,,,,,,,,,,,,,,,,,,,,,,,,,,,,,,,,,,,,,,,,,,,,,,,,,,,,,,,,,,,,,,,,,,,,,,,,,,,,,,,,,,,,,,,,,,,,,,,,,,
ACSSF,2019m1,nc,000,0037,0000003,,,,,,,,,,,,,,,,,,,,,,,,,,,,,,,,,,,,,,,,,,,,,,,,,,,,,,,,,,,,,,,,,,,,,,,,,,,,,,,,,,,,,,,,,,,,,,,,,,,,,,,,,,,,,,,,,,,,,,,,,,,,,,,,,,,,,,,,,,,,,,,,,,,,,,,,,,,,,,,,,,,,,,,,,,,,,,,,,,,,,,,,,,,,,,,,,,,,,,,,,,,,,,,,,,,,,,,,,,,,,,,,,,,,,,,,,,,,,,,,,,
ACSSF,2019m1,nc,000,0037,0000004,,,,,,,,,,,,,,,,,,,,,,,,,,,,,,,,,,,,,,,,,,,,,,,,,,,,,,,,,,,,,,,,,,,,,,,,,,,,,,,,,,,,,,,,,,,,,,,,,,,,,,,,,,,,,,,,,,,,,,,,,,,,,,,,,,,,,,,,,,,,,,,,,,,,,,,,,,,,,,,,,,,,,,,,,,,,,,,,,,,,,,,,,,,,,,,,,,,,,,,,,,,,,,,,,,,,,,,,,,,,,,,,,,,,,,,,,,,,,,,,,,
ACSSF,2019m1,nc,000,0037,0000005,,,,,,,,,,,,,,,,,,,,,,,,,,,,,,,,,,,,,,,,,,,,,,,,,,,,,,,,,,,,,,,,,,,,,,,,,,,,,,,,,,,,,,,,,,,,,,,,,,,,,,,,,,,,,,,,,,,,,,,,,,,,,,,,,,,,,,,,,,,,,,,,,,,,,,,,,,,,,,,,,,,,,,,,,,,,,,,,,,,,,,,,,,,,,,,,,,,,,,,,,,,,,,,,,,,,,,,,,,,,,,,,,,,,,,,,,,,,,,,,,,
ACSSF,2019m1,nc,000,0037,0000006,,,,,,,,,,,,,,,,,,,,,,,,,,,,,,,,,,,,,,,,,,,,,,,,,,,,,,,,,,,,,,,,,,,,,,,,,,,,,,,,,,,,,,,,,,,,,,,,,,,,,,,,,,,,,,,,,,,,,,,,,,,,,,,,,,,,,,,,,,,,,,,,,,,,,,,,,,,,,,,,,,,,,,,,,,,,,,,,,,,,,,,,,,,,,,,,,,,,,,,,,,,,,,,,,,,,,,,,,,,,,,,,,,,,,,,,,,,,,,,,,,
ACSSF,2019m1,nc,000,0037,0000007,,,,,,,,,,,,,,,,,,,,,,,,,,,,,,,,,,,,,,,,,,,,,,,,,,,,,,,,,,,,,,,,,,,,,,,,,,,,,,,,,,,,,,,,,,,,,,,,,,,,,,,,,,,,,,,,,,,,,,,,,,,,,,,,,,,,,,,,,,,,,,,,,,,,,,,,,,,,,,,,,,,,,,,,,,,,,,,,,,,,,,,,,,,,,,,,,,,,,,,,,,,,,,,,,,,,,,,,,,,,,,,,,,,,,,,,,,,,,,,,,,
ACSSF,2019m1,nc,000,0037,0000008,,,,,,,,,,,,,,,,,,,,,,,,,,,,,,,,,,,,,,,,,,,,,,,,,,,,,,,,,,,,,,,,,,,,,,,,,,,,,,,,,,,,,,,,,,,,,,,,,,,,,,,,,,,,,,,,,,,,,,,,,,,,,,,,,,,,,,,,,,,,,,,,,,,,,,,,,,,,,,,,,,,,,,,,,,,,,,,,,,,,,,,,,,,,,,,,,,,,,,,,,,,,,,,,,,,,,,,,,,,,,,,,,,,,,,,,,,,,,,,,,,
ACSSF,2019m1,nc,000,0037,0000009,,,,,,,,,,,,,,,,,,,,,,,,,,,,,,,,,,,,,,,,,,,,,,,,,,,,,,,,,,,,,,,,,,,,,,,,,,,,,,,,,,,,,,,,,,,,,,,,,,,,,,,,,,,,,,,,,,,,,,,,,,,,,,,,,,,,,,,,,,,,,,,,,,,,,,,,,,,,,,,,,,,,,,,,,,,,,,,,,,,,,,,,,,,,,,,,,,,,,,,,,,,,,,,,,,,,,,,,,,,,,,,,,,,,,,,,,,,,,,,,,,
ACSSF,2019m1,nc,000,0037,0000010,,,,,,,,,,,,,,,,,,,,,,,,,,,,,,,,,,,,,,,,,,,,,,,,,,,,,,,,,,,,,,,,,,,,,,,,,,,,,,,,,,,,,,,,,,,,,,,,,,,,,,,,,,,,,,,,,,,,,,,,,,,,,,,,,,,,,,,,,,,,,,,,,,,,,,,,,,,,,,,,,,,,,,,,,,,,,,,,,,,,,,,,,,,,,,,,,,,,,,,,,,,,,,,,,,,,,,,,,,,,,,,,,,,,,,,,,,,,,,,,,,
ACSSF,2019m1,nc,000,0037,0000011,,,,,,,,,,,,,,,,,,,,,,,,,,,,,,,,,,,,,,,,,,,,,,,,,,,,,,,,,,,,,,,,,,,,,,,,,,,,,,,,,,,,,,,,,,,,,,,,,,,,,,,,,,,,,,,,,,,,,,,,,,,,,,,,,,,,,,,,,,,,,,,,,,,,,,,,,,,,,,,,,,,,,,,,,,,,,,,,,,,,,,,,,,,,,,,,,,,,,,,,,,,,,,,,,,,,,,,,,,,,,,,,,,,,,,,,,,,,,,,,,,
ACSSF,2019m1,nc,000,0037,0000012,,,,,,,,,,,,,,,,,,,,,,,,,,,,,,,,,,,,,,,,,,,,,,,,,,,,,,,,,,,,,,,,,,,,,,,,,,,,,,,,,,,,,,,,,,,,,,,,,,,,,,,,,,,,,,,,,,,,,,,,,,,,,,,,,,,,,,,,,,,,,,,,,,,,,,,,,,,,,,,,,,,,,,,,,,,,,,,,,,,,,,,,,,,,,,,,,,,,,,,,,,,,,,,,,,,,,,,,,,,,,,,,,,,,,,,,,,,,,,,,,,
ACSSF,2019m1,nc,000,0037,0000013,,,,,,,,,,,,,,,,,,,,,,,,,,,,,,,,,,,,,,,,,,,,,,,,,,,,3991,1648,1580,1924,1924,2443,1232,1579,1023,624,973,851,1150,2736,1281,1024,1306,1109,1762,813,1191,511,434,884,601,1087,2655,521,1274,1402,1491,1251,962,775,759,334,485,522,231,,,,,,,,,,,,,,,,,,,,,,,,,,,,,,,,,,,,,,,,,,,,,,,,,,,,,,,,,1.6,1.4,3.9,.,15.7,12.1,2.7,3049,2858,1617,28,206,324,825,,,,,,,,4034,3833,3680,1968,1610,622,1143,70,912,815,903,2689,2638,2635,1607,1150,354,1099,64,151,445,566,2775,2624,2555,839,751,325,277,28,897,506,632,4034,1667,1288,2505,1553,1427,1619,3680,1369,1084,2390,1653,1377,1362,1968,557,705,1017,628,245,611,70,203,64,28,203,203,203,1187,416,408,827,218,102,218,903,65,250,325,427,234,431
ACSSF,2019m1,nc,000,0037,0000014,,,,,,,,,,,,,,,,,,,,,,,,,,,,,,,,,,,,,,,,,,,,,,,,,,,,3616,677,1044,1858,1392,1218,1047,1121,511,1095,978,695,246,2192,417,725,1201,709,911,860,993,339,1026,776,434,222,2386,524,603,1122,1183,879,557,558,418,469,479,463,116,,,,,,,,,,,,,,,,,,,,,,,,,,,,,,,,,,,,,,,,,,,,,,,,,,,,,,,,,2.2,3.1,7.8,52.7,13.1,26.3,2.8,3204,2675,1559,224,319,279,1028,,,,,,,,3698,3773,3229,1866,1072,556,1265,266,319,280,1068,2301,2310,2004,1539,665,459,1221,145,218,280,568,2413,2427,2054,1048,973,316,290,224,124,203,920,3698,832,995,2392,1108,1072,1420,3229,789,919,1980,1052,935,1353,1866,153,181,1479,550,384,349,266,203,189,203,145,203,125,411,238,203,93,165,155,141,1068,205,23,322,606,426,613
ACSSF,2019m1,nc,000,0037,0000015,5042,5967,5724,1898,1760,556,546,503,429,203,203,203,263,457,1607,912,2676,2898,4032,3727,1242,1010,287,495,326,259,203,203,203,216,457,1275,641,2043,3974,4059,4061,1223,1140,371,375,364,351,203,203,203,89,203,897,582,1635,5876,769,1676,2412,2930,4668,2064,2680,1100,859,1444,1163,1083,3685,574,1329,1804,2042,2573,934,1673,866,484,922,825,775,4045,429,1258,1344,2098,3199,1688,2010,656,641,1015,962,652,5042,1366,1683,3563,2563,1788,1619,1466,5724,1030,1760,3979,2486,1696,1420,1474,1898,644,789,1265,650,316,274,197,503,203,313,290,270,55,116,203,1607,295,235,1313,690,136,31,132,1053,477,441,604,467,203,203,203,2676,174,803,1706,1384,439,662,601,0.7,1.2,3.7,8.4,6.8,16.8,4.6,4798,5588,1868,321,1596,877,2595,1240,1299,527,382,30,643,535,5042,5967,5724,1898,1760,556,546,503,1607,1053,2676,2898,4032,3727,1242,1010,287,495,326,1275,784,2043,3974,4059,4061,1223,1140,371,375,364,897,582,1635,5042,1366,1683,3563,2563,1788,2089,5724,1030,1760,3979,2486,1696,1966,1898,644,789,1265,650,316,315,503,203,313,290,270,55,116,1900,609,489,1412,856,136,136,2676,174,803,1706,1384,439,884
ACSSF,2019m1,nc,000,0037,0000016,,,,,,,,,,,,,,,,,,,,,,,,,,,,,,,,,,,,,,,,,,,,,,,,,,,,3349,575,1112,1482,1406,1573,1006,1803,373,143,752,519,311,2300,404,687,1114,1017,1274,625,1087,325,25,612,429,251,2179,449,1025,832,921,859,738,1423,185,138,508,284,196,,,,,,,,,,,,,,,,,,,,,,,,,,,,,,,,,,,,,,,,,,,,,,,,,,,,,,,,,3.8,4.0,1.9,.,35.8,.,31.4,2821,2661,744,203,223,320,568,,,,,,,,,,,,,,,,,,,,,,,,,,,,,,,,,,,,,,,,,,,,,,,,,,,,,,,,,,,,,,,,,,,,,,,,,,,,,,,,,,
ACSSF,2019m1,nc,000,0037,0000017,,,,,,,,,,,,,,,,,,,,,,,,,,,,,,,,,,,,,,,,,,,,,,,,,,,,5811,1231,2124,1979,2702,2223,1370,2556,807,917,1524,1548,783,3513,689,1547,1257,1530,1645,1012,1364,535,752,1242,1370,620,3890,672,1112,1397,1965,1639,1116,2175,713,570,883,730,463,5750,1681,1869,3396,2315,1207,1103,883,5167,1451,1545,3328,2132,1184,1107,827,2541,466,717,1671,795,467,323,448,329,203,203,217,259,203,203,203,598,203,242,442,238,233,64,203,1677,842,850,703,60,21,203,203,1634,53,377,935,907,384,226,344,1.5,1.8,8.6,3.9,28.9,7.3,3.7,3773,3460,2155,194,402,447,1492,,,,,,,,5750,5752,5167,2541,2154,614,1059,329,598,1677,1634,3607,3455,3393,1539,1422,366,585,217,267,1456,988,3809,3877,3476,1951,1741,454,502,259,523,558,1075,5750,1681,1869,3396,2315,1207,1464,5167,1451,1545,3328,2132,1184,1461,2541,466,717,1671,795,467,537,329,203,203,217,259,203,203,1661,842,834,800,243,233,64,1634,53,377,935,907,384,409
ACSSF,2019m1,nc,000,0037,0000018,,,,,,,,,,,,,,,,,,,,,,,,,,,,,,,,,,,,,,,,,,,,,,,,,,,,2612,466,1000,1359,1417,1154,843,872,343,556,591,621,506,1971,201,920,1251,879,909,667,638,345,522,535,609,481,1795,423,777,746,1020,705,471,510,97,177,245,201,94,,,,,,,,,,,,,,,,,,,,,,,,,,,,,,,,,,,,,,,,,,,,,,,,,,,,,,,,,2.5,3.4,2.8,.,36.5,30.3,18.5,2242,2326,1270,203,233,345,488,,,,,,,,,,,,,,,,,,,,,,,,,,,,,,,,,,,,,,,,,,,,,,,,,,,,,,,,,,,,,,,,,,,,,,,,,,,,,,,,,,
ACSSF,2019m1,nc,000,0037,0000019,,,,,,,,,,,,,,,,,,,,,,,,,,,,,,,,,,,,,,,,,,,,,,,,,,,,2642,785,913,971,1612,1250,1213,1136,397,360,707,356,245,1891,489,672,654,969,1064,610,797,315,295,392,242,188,1870,566,593,821,856,656,1096,737,241,208,498,252,118,,,,,,,,,,,,,,,,,,,,,,,,,,,,,,,,,,,,,,,,,,,,,,,,,,,,,,,,,2.0,2.3,8.6,13.5,41.7,15.7,7.0,2215,2081,620,60,205,699,476,,,,,,,,,,,,,,,,,,,,,,,,,,,,,,,,,,,,,,,,,2613,934,989,1668,868,652,815,2472,881,904,1523,863,613,850,743,355,305,458,252,298,195,122,203,203,60,203,75,72,798,203,218,688,103,147,140,479,203,203,112,263,143,301
ACSSF,2019m1,nc,000,0037,0000020,,,,,,,,,,,,,,,,,,,,,,,,,,,,,,,,,,,,,,,,,,,,,,,,,,,,4743,616,1377,3045,2130,2011,2100,2031,1069,913,1073,1153,650,3313,453,966,1739,1474,1471,1354,1567,633,726,820,875,528,2945,356,1035,1816,1308,1474,1341,1222,896,579,844,653,341,4706,1230,1689,3090,2479,1695,1066,1224,4529,1171,1496,2739,2274,1604,1093,1125,2167,312,707,1396,1007,429,263,418,850,203,203,18,847,203,132,203,613,138,203,574,203,238,203,121,615,66,316,463,288,203,34,203,1019,203,176,543,531,464,289,184,2.3,2.4,6.1,0.3,6.9,12.7,6.8,4133,3897,1666,849,539,666,927,,,,,,,,4706,4848,4529,2167,1804,228,1031,850,613,615,1019,3273,3232,3091,1224,1088,221,587,847,561,600,595,2936,2945,2906,1293,1085,62,519,132,257,158,597,4706,1230,1689,3090,2479,1695,1519,4529,1171,1496,2739,2274,1604,1505,2167,312,707,1396,1007,429,573,850,203,203,18,847,203,132,895,155,316,745,288,238,128,1019,203,176,543,531,464,345
ACSSF,2019m1,nc,000,0037,0000021,,,,,,,,,,,,,,,,,,,,,,,,,,,,,,,,,,,,,,,,,,,,,,,,,,,,2373,1034,648,887,707,1061,878,1085,514,529,775,361,414,1666,624,498,381,623,934,418,734,322,156,412,359,390,1818,572,529,736,274,563,830,883,405,513,573,57,123,,,,,,,,,,,,,,,,,,,,,,,,,,,,,,,,,,,,,,,,,,,,,,,,,,,,,,,,,2.8,2.8,8.3,.,.,.,2.3,2309,2003,457,57,495,346,812,,,,,,,,,,,,,,,,,,,,,,,,,,,,,,,,,,,,,,,,,,,,,,,,,,,,,,,,,,,,,,,,,,,,,,,,,,,,,,,,,,
ACSSF,2019m1,nc,000,0037,0000022,,,,,,,,,,,,,,,,,,,,,,,,,,,,,,,,,,,,,,,,,,,,,,,,,,,,3121,938,1521,1048,1178,1643,631,1252,588,520,1290,557,821,2049,707,1094,549,947,1134,520,920,427,333,702,383,574,2168,475,785,878,726,1331,339,780,376,335,1119,463,551,,,,,,,,,,,,,,,,,,,,,,,,,,,,,,,,,,,,,,,,,,,,,,,,,,,,,,,,,2.4,3.0,10.1,.,9.4,17.0,9.5,2257,2138,704,203,831,184,367,,,,,,,,3079,2898,2929,759,744,115,134,203,989,375,367,1990,2063,1999,498,487,115,85,203,680,123,356,2174,2035,2022,454,458,203,108,203,669,352,71,,,,,,,,,,,,,,,,,,,,,,,,,,,,,,,,,,,,,,,,,,
ACSSF,2019m1,nc,000,0037,0000023,,,,,,,,,,,,,,,,,,,,,,,,,,,,,,,,,,,,,,,,,,,,,,,,,,,,3460,545,1290,1498,1692,1836,650,2045,419,586,1287,1075,307,2207,469,818,1074,1401,1133,472,1473,387,579,732,985,291,2170,368,991,1099,1119,1249,528,1006,189,119,932,381,92,,,,,,,,,,,,,,,,,,,,,,,,,,,,,,,,,,,,,,,,,,,,,,,,,,,,,,,,,1.8,1.9,4.8,11.2,0.3,13.5,16.5,2714,2606,1412,66,308,215,667,,,,,,,,3467,3446,3178,1795,1345,593,937,247,629,536,807,2250,2183,2011,1255,875,392,734,235,197,536,742,2215,2127,2083,1018,851,371,374,69,599,203,365,3467,805,1484,2267,1951,1049,1646,3178,712,1266,2332,1840,929,1549,1795,472,772,938,516,564,170,247,203,203,66,236,43,203,683,203,71,658,110,52,203,807,203,127,623,274,81,585
ACSSF,2019m1,nc,000,0037,0000024,4594,4929,4608,1995,1969,843,504,480,486,203,61,203,203,260,2996,921,952,3676,3714,3321,1547,1484,614,480,370,378,203,61,203,203,258,2552,557,573,3512,3703,3678,1202,1073,445,187,269,269,203,203,203,203,40,862,635,679,4603,2969,1829,1926,2843,2542,1714,2747,1205,1209,1760,1220,1132,3732,2916,1678,1559,1909,1785,1309,1740,801,985,1486,1008,1041,3521,590,1075,1570,2049,1676,970,1993,851,624,773,786,502,4594,1429,1806,3341,1864,1477,1382,929,4608,1343,2420,3198,1810,1456,1240,858,1995,519,754,1313,655,387,493,300,480,137,193,308,108,82,181,203,2996,274,2475,1485,137,202,88,140,935,142,353,626,395,303,80,80,952,203,342,843,383,271,79,208,0.6,0.8,2.4,4.0,1.1,8.1,2.8,3843,3715,1665,203,2359,381,717,2883,3001,1077,427,1146,676,589,4594,4929,4608,1995,1969,843,504,480,2996,935,952,3676,3714,3321,1547,1484,614,480,370,2552,636,573,3512,3703,3678,1202,1073,445,187,269,862,634,679,4594,1429,1806,3341,1864,1477,1609,4608,1343,2420,3198,1810,1456,1406,1995,519,754,1313,655,387,590,480,137,193,308,108,82,181,3231,298,2598,1478,421,367,188,952,203,342,843,383,271,229
ACSSF,2019m1,nc,000,0037,0000025,,,,,,,,,,,,,,,,,,,,,,,,,,,,,,,,,,,,,,,,,,,,,,,,,,,,3932,704,1664,1487,1445,1506,859,1140,978,418,1106,481,442,2797,433,1275,929,997,1014,595,819,606,209,1056,456,426,2571,474,997,1062,1009,967,455,787,640,387,221,141,159,,,,,,,,,,,,,,,,,,,,,,,,,,,,,,,,,,,,,,,,,,,,,,,,,,,,,,,,,2.0,2.6,3.5,21.1,7.0,30.8,8.2,3608,3300,1453,203,333,497,771,,,,,,,,4015,4021,3612,1613,1259,552,781,88,333,497,842,2877,2839,2665,965,711,252,521,15,201,496,539,2678,2582,2454,1123,944,493,300,87,175,51,505,4015,666,946,2412,1764,1171,1443,3612,532,851,2212,1709,1140,1192,1613,300,413,908,546,406,442,88,203,15,203,203,46,74,585,103,78,409,388,117,145,842,203,142,540,354,132,292
ACSSF,2019m1,nc,000,0037,0000026,6837,7230,6973,2159,1986,918,452,1865,1764,112,189,203,203,458,1314,604,2276,5748,5476,5088,1582,1428,670,257,1142,1104,112,189,203,203,319,964,513,1154,4716,5098,4895,1263,1073,551,377,1357,1357,203,203,203,203,267,727,368,1600,7289,1070,1778,3209,3480,4049,2063,3943,1608,2028,2456,1957,1289,5926,704,1319,2079,2111,2859,1420,2602,1010,1833,1892,1056,717,4732,737,1327,2200,2960,2165,1497,2475,1132,1313,1614,1582,868,6837,1123,2575,4535,3131,2299,2226,1751,6973,1031,2478,4879,3025,2158,2148,1452,2159,299,633,1689,791,379,407,316,1865,198,630,1374,938,252,189,189,1314,223,366,966,226,383,141,310,767,203,149,637,367,203,110,93,2276,254,334,1663,1181,591,488,573,0.8,1.0,3.0,5.2,5.3,8.2,6.4,5060,4666,1517,758,873,532,1409,4290,4261,1234,1608,556,276,1624,6837,7230,6973,2159,1986,918,452,1865,1314,767,2276,5748,5476,5088,1582,1428,670,257,1142,964,607,1154,4716,5098,4895,1263,1073,551,377,1357,727,457,1600,6837,1123,2575,4535,3131,2299,2642,6973,1031,2478,4879,3025,2158,2411,2159,299,633,1689,791,379,541,1865,198,630,1374,938,252,265,1555,223,388,1210,402,383,397,2276,254,334,1663,1181,591,745
ACSSF,2019m1,nc,000,0037,0000027,5630,5788,6357,2289,2193,768,729,992,999,203,58,203,203,47,1133,1126,1531,4264,4261,4468,1443,1307,421,508,831,831,203,203,203,203,47,1069,751,835,4307,4297,4236,1447,1391,570,423,557,557,203,58,203,203,203,508,806,1340,5625,1124,2433,2820,3773,4049,1903,2782,1697,1494,1855,1530,1142,4305,729,1283,1946,2737,2582,1425,1868,1146,645,1304,1082,996,4446,911,1960,2313,2291,2685,1239,2296,1190,1249,1460,1147,611,5630,1286,1983,4095,3394,2593,2284,1375,6357,998,2026,4086,3542,2418,1937,1195,2289,753,452,1388,1043,439,775,382,992,203,218,800,306,99,207,281,1133,660,454,600,736,99,120,246,1129,153,556,727,596,203,128,92,1531,72,327,1140,871,590,349,490,1.0,1.2,2.8,8.9,13.4,7.1,2.5,5572,5560,1334,314,914,284,1115,3035,3688,1349,828,763,1028,1211,5630,5788,6357,2289,2193,768,729,992,1133,1129,1531,4264,4261,4468,1443,1307,421,508,831,1069,751,835,4307,4297,4236,1447,1391,570,423,557,508,806,1340,5630,1286,1983,4095,3394,2593,2647,6357,998,2026,4086,3542,2418,2399,2289,753,452,1388,1043,439,864,992,203,218,800,306,99,343,1512,650,658,900,972,99,333,1531,72,327,1140,871,590,606
ACSSF,2019m1,nc,000,0037,0000028,,,,,,,,,,,,,,,,,,,,,,,,,,,,,,,,,,,,,,,,,,,,,,,,,,,,2041,345,589,658,612,803,501,717,774,647,625,249,315,1492,344,529,439,407,469,333,361,320,198,579,248,315,1416,88,271,539,451,764,331,653,698,568,412,60,203,,,,,,,,,,,,,,,,,,,,,,,,,,,,,,,,,,,,,,,,,,,,,,,,,,,,,,,,,3.6,3.1,10.6,.,.,.,12.1,1864,1596,586,203,203,113,651,,,,,,,,,,,,,,,,,,,,,,,,,,,,,,,,,,,,,,,,,,,,,,,,,,,,,,,,,,,,,,,,,,,,,,,,,,,,,,,,,,
ACSSF,2019m1,nc,000,0037,0000029,4393,4184,3936,1942,1624,813,957,436,436,203,203,203,203,203,471,596,934,2746,2467,2531,1252,1071,450,427,122,122,203,203,203,203,203,381,437,624,3172,3142,2999,1041,822,468,600,382,382,203,203,203,203,203,262,388,546,4273,675,1552,1761,2117,1761,1325,1748,773,1222,1267,1313,536,2629,577,1182,1040,1396,1290,860,977,585,611,589,733,423,3151,298,966,1448,1467,1257,964,1190,499,981,1145,999,307,4393,837,1739,2670,2097,1427,1333,1178,3936,806,1542,2676,1688,1391,1264,1109,1942,235,521,1289,1031,166,223,267,436,203,203,378,203,138,14,203,471,95,203,343,203,249,52,148,596,203,203,170,563,203,65,81,934,51,206,475,614,312,181,262,1.5,1.4,3.6,16.2,17.6,2.1,2.5,4074,3915,1517,138,437,315,829,2070,2113,675,379,52,378,447,4393,4184,3936,1942,1624,813,957,436,471,596,934,2746,2467,2531,1252,1071,450,427,122,381,437,624,3172,3142,2999,1041,822,468,600,382,262,388,546,4393,837,1739,2670,2097,1427,1780,3936,806,1542,2676,1688,1391,1618,1942,235,521,1289,1031,166,351,436,203,203,378,203,138,14,780,95,203,369,563,249,182,934,51,206,475,614,312,324
ACSSF,2019m1,nc,000,0037,0000030,7626,7855,7793,3293,2647,873,1670,1859,1790,203,296,203,203,204,1706,2057,2101,5493,5513,5505,1942,1728,777,766,1366,1360,203,53,203,203,187,1018,1133,1446,5512,5068,5012,2352,1952,386,1194,1152,1077,203,292,203,203,86,1266,1501,1307,7754,1563,3042,3458,3811,4232,2239,3067,1904,2262,2169,2101,1370,5697,1007,1996,2246,2692,2926,1735,2213,1216,1535,2001,1962,1059,5220,1129,2044,2707,2879,2658,1311,2202,1281,1508,1413,1103,763,7626,1607,3002,4521,3757,3055,2564,1683,7793,1362,2953,4428,3922,3001,2310,1540,3293,635,927,2117,1254,823,399,446,1859,266,778,1588,376,318,160,262,1706,596,810,703,628,176,512,456,2060,199,198,1683,699,292,204,203,2101,242,760,1529,853,507,530,371,0.8,0.8,3.5,3.0,9.6,7.4,2.4,6090,6213,1936,750,1252,1393,1947,5075,5167,2163,1734,936,1113,867,7626,7855,7793,3293,2647,873,1670,1859,1706,2060,2101,5493,5513,5505,1942,1728,777,766,1366,1018,1150,1446,5512,5068,5012,2352,1952,386,1194,1152,1266,1506,1307,7626,1607,3002,4521,3757,3055,3164,7793,1362,2953,4428,3922,3001,2766,3293,635,927,2117,1254,823,599,1859,266,778,1588,376,318,319,2929,631,841,1758,943,339,950,2101,242,760,1529,853,507,614
ACSSF,2019m1,nc,000,0037,0000031,,,,,,,,,,,,,,,,,,,,,,,,,,,,,,,,,,,,,,,,,,,,,,,,,,,,2778,844,581,1171,1111,1468,669,699,489,723,675,1009,248,2051,572,537,816,562,1231,527,449,381,570,540,756,238,1866,443,409,720,933,991,295,476,324,467,336,627,86,,,,,,,,,,,,,,,,,,,,,,,,,,,,,,,,,,,,,,,,,,,,,,,,,,,,,,,,,2.4,3.5,3.1,.,12.1,.,6.7,2033,1829,667,203,642,97,532,,,,,,,,2801,2762,2687,772,620,312,399,548,880,97,571,2149,2060,2058,434,345,291,54,42,561,97,465,1835,1808,1736,533,348,196,387,549,454,203,309,,,,,,,,,,,,,,,,,,,,,,,,,,,,,,,,,,,,,,,,,,
ACSSF,2019m1,nc,000,0037,0000032,,,,,,,,,,,,,,,,,,,,,,,,,,,,,,,,,,,,,,,,,,,,,,,,,,,,3343,1228,1015,1554,1565,1540,1202,966,716,1106,1261,671,596,2867,843,701,1313,1048,1251,888,819,623,829,1062,594,568,1909,886,734,911,1104,954,753,569,333,690,567,220,219,,,,,,,,,,,,,,,,,,,,,,,,,,,,,,,,,,,,,,,,,,,,,,,,,,,,,,,,,1.3,1.4,6.9,.,15.6,27.3,3.7,3022,3160,1097,18,160,528,977,,,,,,,,3381,3489,3324,1487,1300,705,473,230,160,528,1009,2887,2980,2894,977,671,668,324,203,160,490,572,1863,1895,1804,868,803,285,346,230,203,158,738,3381,936,1567,2618,1337,903,1124,3324,886,1574,2401,1430,780,1141,1487,600,120,1093,410,439,417,230,203,203,228,203,18,203,536,203,334,448,203,61,128,1009,203,203,624,538,261,480
ACSSF,2019m1,nc,000,0037,0000033,,,,,,,,,,,,,,,,,,,,,,,,,,,,,,,,,,,,,,,,,,,,,,,,,,,,4655,987,1635,2147,2577,1765,1252,1919,585,970,1417,856,658,3183,610,916,1532,1823,1177,738,1609,402,828,1069,798,404,2594,754,1192,1298,1554,1166,947,828,471,520,856,384,556,,,,,,,,,,,,,,,,,,,,,,,,,,,,,,,,,,,,,,,,,,,,,,,,,,,,,,,,,1.4,1.8,2.9,.,12.3,11.6,2.8,3607,3653,1091,16,800,578,807,,,,,,,,4529,4569,4507,1935,1447,852,770,16,855,598,826,3147,3180,3030,1205,1025,325,628,203,555,232,609,2536,2481,2639,1180,751,758,267,16,618,546,690,4529,1098,1277,3420,2039,1145,1395,4507,756,1242,3099,2063,1082,1511,1935,735,440,1101,553,404,441,16,203,203,203,203,16,203,1088,57,250,803,310,90,307,826,106,123,614,580,229,424
ACSSF,2019m1,nc,000,0037,0000034,,,,,,,,,,,,,,,,,,,,,,,,,,,,,,,,,,,,,,,,,,,,,,,,,,,,5058,1203,1848,2121,2984,1636,984,2031,786,889,1150,1555,700,3859,540,1091,1587,2082,1365,812,1798,250,562,867,1420,642,3481,796,1563,1439,1873,1126,612,1075,766,592,819,533,207,,,,,,,,,,,,,,,,,,,,,,,,,,,,,,,,,,,,,,,,,,,,,,,,,,,,,,,,,1.2,1.4,3.8,.,7.8,7.0,4.6,4303,4144,1135,203,275,163,1635,,,,,,,,,,,,,,,,,,,,,,,,,,,,,,,,,,,,,,,,,,,,,,,,,,,,,,,,,,,,,,,,,,,,,,,,,,,,,,,,,,
ACSSF,2019m1,nc,000,0037,0000035,,,,,,,,,,,,,,,,,,,,,,,,,,,,,,,,,,,,,,,,,,,,,,,,,,,,2452,260,824,1160,1016,1042,568,1204,505,473,908,566,203,1687,126,551,774,675,747,392,777,355,374,759,399,203,1811,225,540,881,775,652,426,735,338,274,409,405,203,,,,,,,,,,,,,,,,,,,,,,,,,,,,,,,,,,,,,,,,,,,,,,,,,,,,,,,,,3.1,3.3,8.2,.,.,.,5.1,,,,,,,,,,,,,,,,,,,,,,,,,,,,,,,,,,,,,,,,,,,,,,,,,,,,,,,,,,,,,,,,,,,,,,,,,,,,,,,,,,,,,,,,,
ACSSF,2019m1,nc,000,0037,0000036,12676,12693,12312,5608,4531,1736,1899,2730,2311,586,61,1356,147,429,2345,2316,5432,8499,8375,7753,3460,3002,1210,1446,2081,1881,371,203,745,203,397,1570,1460,4049,7305,7508,8058,3615,2828,1316,1347,1861,1439,441,61,1135,147,185,1680,1655,3094,13095,1344,3924,4945,6255,7069,4899,5816,3565,2985,4659,5175,2836,8409,1215,2721,3361,4322,4290,3227,4969,2181,2604,3665,3685,2232,7933,580,2529,3319,4293,4891,3595,4379,2581,2226,3140,2867,1388,12676,2443,3389,8744,6081,3630,3417,2753,12312,1971,3313,8944,5567,3446,2837,2236,5608,1430,1442,3311,1990,847,734,1536,2730,586,709,1768,1025,481,655,892,2345,646,1069,1770,512,357,487,114,2334,790,637,1603,741,357,291,321,5432,409,871,3520,2264,1702,837,875,0.4,0.5,2.0,2.1,3.1,3.1,1.4,9298,8369,3935,1570,1366,1315,3309,7144,7070,2080,1885,1291,1982,2896,12676,12693,12312,5608,4531,1736,1899,2730,2345,2334,5432,8499,8375,7753,3460,3002,1210,1446,2081,1570,1495,4049,7305,7508,8058,3615,2828,1316,1347,1861,1680,1684,3094,12676,2443,3389,8744,6081,3630,4776,12312,1971,3313,8944,5567,3446,3624,5608,1430,1442,3311,1990,847,1855,2730,586,709,1768,1025,481,1120,3205,992,1274,2293,869,521,711,5432,409,871,3520,2264,1702,1165
ACSSF,2019m1,nc,000,0037,0000037,,,,,,,,,,,,,,,,,,,,,,,,,,,,,,,,,,,,,,,,,,,,,,,,,,,,3265,542,1282,1487,1452,1237,827,1477,915,644,1476,813,476,2229,518,905,1083,981,812,513,843,762,513,575,706,418,2494,270,957,827,1045,778,702,1051,487,370,1357,409,200,,,,,,,,,,,,,,,,,,,,,,,,,,,,,,,,,,,,,,,,,,,,,,,,,,,,,,,,,2.1,3.7,5.6,.,10.9,20.3,8.1,3045,2512,1229,203,278,675,1059,1690,1393,381,28,203,458,525,3355,3116,2709,1265,1177,512,363,28,278,846,1446,2211,2063,1950,729,715,261,338,28,180,662,648,2688,2457,2251,1058,899,439,110,203,229,352,1086,3355,935,1054,2331,1400,886,1437,2709,643,924,2031,1427,827,1365,1265,318,554,910,439,182,220,28,203,203,203,203,28,203,944,415,500,488,635,203,287,1446,203,168,1031,455,242,701
ACSSF,2019m1,nc,000,0037,0000038,,,,,,,,,,,,,,,,,,,,,,,,,,,,,,,,,,,,,,,,,,,,,,,,,,,,3719,404,1307,1641,1498,1915,877,861,727,343,903,567,637,2719,254,1145,1092,824,1444,374,674,552,313,714,441,437,2153,313,638,1159,987,1338,766,633,471,124,426,371,465,,,,,,,,,,,,,,,,,,,,,,,,,,,,,,,,,,,,,,,,,,,,,,,,,,,,,,,,,2.9,3.5,2.0,.,22.5,13.8,8.2,2282,2037,463,203,329,308,811,,,,,,,,,,,,,,,,,,,,,,,,,,,,,,,,,,,,,,,,,,,,,,,,,,,,,,,,,,,,,,,,,,,,,,,,,,,,,,,,,,
ACSSF,2019m1,nc,000,0037,0000039,5910,5761,6215,2216,1764,809,1128,635,414,256,207,203,203,328,997,808,2068,3598,3896,3838,1783,1312,569,1052,429,337,256,203,203,203,268,734,645,1456,4183,3770,3930,1140,1000,609,385,320,244,203,207,203,203,167,454,476,1330,5892,1129,1945,3130,3553,3581,1603,2681,652,1104,1990,1359,1168,3924,687,1562,2164,2352,1993,923,1577,390,941,997,1082,1072,3852,763,1285,1787,2287,2652,1246,1995,465,553,1480,987,340,5910,1343,2204,4263,2420,1772,1548,1412,6215,1267,2188,4194,2455,1745,1370,1294,2216,332,870,1827,694,475,299,281,635,165,203,588,203,203,203,203,997,190,435,593,325,273,82,148,919,129,270,680,331,165,203,132,2068,64,348,1204,1364,434,929,683,0.7,1.0,2.2,9.5,8.6,18.0,2.7,4991,5439,1890,171,718,425,1780,2231,2089,1069,382,510,743,794,5910,5761,6215,2216,1764,809,1128,635,997,919,2068,3598,3896,3838,1783,1312,569,1052,429,734,716,1456,4183,3770,3930,1140,1000,609,385,320,454,509,1330,5910,1343,2204,4263,2420,1772,2099,6215,1267,2188,4194,2455,1745,1916,2216,332,870,1827,694,475,458,635,165,203,588,203,203,203,1273,189,509,843,458,319,221,2068,64,348,1204,1364,434,1287
ACSSF,2019m1,nc,000,0037,0000040,,,,,,,,,,,,,,,,,,,,,,,,,,,,,,,,,,,,,,,,,,,,,,,,,,,,5166,1612,3128,2727,2327,2098,1986,3294,2230,614,2095,1114,425,3268,1518,2685,1937,2113,1396,1652,2609,894,476,1485,995,375,3815,926,1254,1582,1146,1356,929,1766,1521,415,1017,318,165,5135,2002,3126,4050,1676,1134,943,1001,5162,1269,2786,3730,1556,966,888,1024,3260,1051,1491,2136,569,483,236,130,138,203,203,203,203,138,203,203,1978,1225,1202,590,203,203,203,85,1463,203,1390,240,437,203,203,203,1483,513,744,948,76,311,289,134,1.0,1.2,3.2,.,0.9,26.0,2.8,4395,4625,2627,117,1675,1419,1246,2044,2083,1148,203,323,359,301,5135,5723,5162,3260,2932,1085,472,138,1978,1463,1483,3211,4211,3971,2481,2250,973,453,203,1981,1460,1030,3872,3781,3412,1774,1694,327,109,138,132,351,937,5135,2002,3126,4050,1676,1134,1384,5162,1269,2786,3730,1556,966,1401,3260,1051,1491,2136,569,483,265,138,203,203,203,203,138,203,2535,1225,1818,655,437,203,85,1483,513,744,948,76,311,356
ACSSF,2019m1,nc,000,0037,0000041,4962,4514,4428,1203,935,593,403,1704,1710,71,203,203,203,482,933,247,1507,3102,2729,2711,812,727,262,149,1135,1135,203,203,203,203,444,429,196,1018,3575,3226,3035,878,553,461,362,1285,1282,71,203,203,203,251,779,183,1051,4621,580,1517,1687,2186,2472,1703,1933,823,1303,1542,750,631,2876,169,777,1079,1419,1481,1153,1166,571,1178,990,449,417,3417,550,1397,1129,1663,1648,1300,1461,457,588,1124,572,472,4962,1069,2108,3421,2067,1516,948,1100,4428,754,1649,2831,1968,1414,821,1002,1203,320,241,885,486,133,202,290,1704,130,907,1086,750,339,266,203,933,289,621,373,299,152,72,124,528,203,145,403,351,113,71,144,1507,421,597,702,617,402,293,579,2.1,2.8,2.2,6.2,2.2,11.2,4.9,3959,3586,976,1386,853,482,1263,2653,2375,500,549,348,124,178,4962,4514,4428,1203,935,593,403,1704,933,528,1507,3102,2729,2711,812,727,262,149,1135,429,501,1018,3575,3226,3035,878,553,461,362,1285,779,311,1051,4962,1069,2108,3421,2067,1516,1428,4428,754,1649,2831,1968,1414,1288,1203,320,241,885,486,133,378,1704,130,907,1086,750,339,266,1066,289,603,582,387,186,239,1507,421,597,702,617,402,670
ACSSF,2019m1,nc,000,0037,0000042,4811,4640,4531,2025,1815,671,224,852,852,203,203,203,203,356,631,496,1541,3466,3257,3087,1283,1133,449,9,282,282,203,203,203,203,31,300,438,1174,3320,3417,3400,1250,1095,501,225,734,734,203,203,203,203,350,540,198,899,4847,1096,1937,2865,2187,2509,1098,2198,497,1196,1672,1063,1178,3349,420,1334,1657,1601,1748,771,1707,405,968,1242,682,833,3347,967,1127,2279,1696,1633,629,1292,295,570,912,812,855,,,,,,,,,,,,,,,,,,,,,,,,,,,,,,,,,,,,,,,,,,,,,,,,,,,,,,,,,1.8,2.4,4.3,9.8,9.8,24.4,3.7,3561,3266,830,318,159,608,1178,3147,3051,1474,805,646,188,1033,4811,4640,4531,2025,1815,671,224,852,631,650,1541,3466,3257,3087,1283,1133,449,9,282,300,443,1174,3320,3417,3400,1250,1095,501,225,734,540,397,899,4811,1308,2443,2846,1781,1539,1447,4531,1223,2129,2649,1745,1297,1375,2025,474,578,1419,649,294,62,852,203,204,534,483,574,203,831,133,308,636,328,191,214,1541,94,696,1227,397,603,488
ACSSF,2019m1,nc,000,0037,0000043,,,,,,,,,,,,,,,,,,,,,,,,,,,,,,,,,,,,,,,,,,,,,,,,,,,,3575,978,1511,1475,1968,1377,924,1875,782,755,823,587,261,2742,755,1165,862,1663,914,658,1135,450,370,559,608,147,2104,623,943,1167,892,930,582,1318,507,509,510,144,215,,,,,,,,,,,,,,,,,,,,,,,,,,,,,,,,,,,,,,,,,,,,,,,,,,,,,,,,,1.7,1.6,5.6,.,8.9,17.3,13.3,3536,3076,1512,203,298,695,720,,,,,,,,3839,3511,3268,1663,1318,941,611,28,358,695,964,3009,2616,2490,1099,885,436,578,28,327,688,818,2154,2082,1898,1302,968,852,154,203,127,86,516,3839,647,1024,2399,1470,1157,1251,3268,504,893,1981,1353,1137,1246,1663,533,515,1055,654,692,232,28,203,203,203,203,203,28,755,203,203,665,351,86,242,964,203,194,740,427,359,397
ACSSF,2019m1,nc,000,0037,0000044,,,,,,,,,,,,,,,,,,,,,,,,,,,,,,,,,,,,,,,,,,,,,,,,,,,,3060,722,951,1204,1220,1144,722,1112,854,371,800,415,531,1823,551,563,770,782,802,489,727,554,335,572,329,530,2198,433,737,984,990,688,517,755,492,226,497,251,41,,,,,,,,,,,,,,,,,,,,,,,,,,,,,,,,,,,,,,,,,,,,,,,,,,,,,,,,,1.6,2.0,3.1,24.2,10.8,12.7,8.8,1623,1596,475,29,90,93,331,1597,1325,661,163,110,289,172,3163,3029,2909,860,743,466,478,193,202,306,456,1908,1738,1794,639,506,359,367,94,146,297,331,2176,2217,2001,638,425,237,426,163,120,98,330,3163,602,790,1940,1182,877,890,2909,597,731,1618,1135,828,906,860,152,273,728,245,274,200,193,54,203,158,104,4,52,359,203,82,244,211,112,120,456,203,203,362,171,201,203
ACSSF,2019m1,nc,000,0037,0000045,,,,,,,,,,,,,,,,,,,,,,,,,,,,,,,,,,,,,,,,,,,,,,,,,,,,2758,445,1226,1104,1582,1389,719,1064,623,692,554,641,238,2084,408,560,803,1154,719,616,810,599,108,432,633,138,1936,210,1119,778,835,1005,352,634,248,682,291,163,196,,,,,,,,,,,,,,,,,,,,,,,,,,,,,,,,,,,,,,,,,,,,,,,,,,,,,,,,,1.5,1.7,11.1,18.0,3.1,.,15.2,2603,2499,789,121,141,321,365,,,,,,,,,,,,,,,,,,,,,,,,,,,,,,,,,,,,,,,,,,,,,,,,,,,,,,,,,,,,,,,,,,,,,,,,,,,,,,,,,,
ACSSF,2019m1,nc,000,0037,0000046,,,,,,,,,,,,,,,,,,,,,,,,,,,,,,,,,,,,,,,,,,,,,,,,,,,,3964,865,1108,1593,1544,1527,1051,1146,706,316,788,1050,455,2654,453,674,938,1051,1038,769,900,661,237,466,941,426,2398,711,1093,1212,1126,956,548,631,255,206,615,425,168,,,,,,,,,,,,,,,,,,,,,,,,,,,,,,,,,,,,,,,,,,,,,,,,,,,,,,,,,1.7,1.5,5.0,31.0,30.6,21.6,8.0,3311,3110,1227,113,249,350,908,,,,,,,,4100,3965,3729,1534,1272,667,302,123,361,432,971,2723,2683,2433,1276,1037,541,273,123,283,207,760,2511,2414,2412,628,529,386,136,203,249,355,449,4100,726,1071,2395,1873,1220,1088,3729,552,1099,2184,1682,1089,1030,1534,372,394,903,659,189,400,123,203,203,123,14,203,203,506,203,394,269,178,79,86,971,99,135,493,331,299,358
ACSSF,2019m1,nc,000,0037,0000047,,,,,,,,,,,,,,,,,,,,,,,,,,,,,,,,,,,,,,,,,,,,,,,,,,,,2121,520,909,808,1571,905,547,574,276,286,394,245,116,1353,453,665,655,1024,627,309,259,207,232,195,213,116,1645,273,594,580,1270,595,462,437,172,157,344,108,203,,,,,,,,,,,,,,,,,,,,,,,,,,,,,,,,,,,,,,,,,,,,,,,,,,,,,,,,,2.2,2.3,9.4,.,16.8,26.5,15.5,2095,2030,623,203,516,406,447,,,,,,,,,,,,,,,,,,,,,,,,,,,,,,,,,,,,,,,,,,,,,,,,,,,,,,,,,,,,,,,,,,,,,,,,,,,,,,,,,,
ACSSF,2019m1,nc,000,0037,0000048,,,,,,,,,,,,,,,,,,,,,,,,,,,,,,,,,,,,,,,,,,,,,,,,,,,,2958,602,1036,898,988,1392,660,908,491,474,586,1011,519,2100,458,767,495,594,850,414,600,252,435,358,934,368,1817,362,691,655,754,1088,421,656,377,298,479,309,274,,,,,,,,,,,,,,,,,,,,,,,,,,,,,,,,,,,,,,,,,,,,,,,,,,,,,,,,,2.2,2.2,18.3,.,10.8,.,7.1,2940,2824,823,203,333,126,525,,,,,,,,,,,,,,,,,,,,,,,,,,,,,,,,,,,,,,,,,,,,,,,,,,,,,,,,,,,,,,,,,,,,,,,,,,,,,,,,,,
ACSSF,2019m1,nc,000,0037,0000049,4333,4724,4174,1797,1403,742,455,203,203,203,203,203,203,116,406,1157,1523,3018,2919,2670,1266,923,710,427,203,203,203,203,203,203,203,288,1126,1148,2663,2838,2544,945,867,169,170,203,203,203,203,203,203,116,275,252,1058,4747,935,1407,1986,1812,1744,1377,1926,563,709,1923,1200,560,3051,570,930,1257,1345,1277,1092,1274,514,599,1463,1119,423,2793,708,983,1361,1244,1124,771,1360,337,388,1205,393,350,,,,,,,,,,,,,,,,,,,,,,,,,,,,,,,,,,,,,,,,,,,,,,,,,,,,,,,,,1.1,1.5,2.2,.,46.6,19.9,4.6,3413,3227,1488,203,365,437,1372,2131,1793,637,203,212,933,439,4333,4724,4174,1797,1403,742,455,203,406,1166,1523,3018,2919,2670,1266,923,710,427,203,288,1126,1148,2663,2838,2544,945,867,169,170,203,275,281,1058,4333,902,1500,2501,2001,1498,1294,4174,881,1127,2518,1693,1456,1187,1797,411,379,1159,629,389,284,203,203,203,203,203,203,203,1261,203,677,300,978,242,228,1523,116,444,1057,940,369,601
ACSSF,2019m1,nc,000,0037,0000050,11745,11786,11174,5330,4310,2553,1509,1468,1473,118,73,203,203,494,1673,1767,5464,8743,8511,8128,3274,2512,1957,1028,822,822,203,203,203,203,438,1113,1293,3689,7890,8335,8000,3518,2959,1530,956,1097,1086,118,73,203,203,249,1050,1048,3345,11855,1907,2850,4774,6716,5880,4085,5052,3144,3367,4479,3731,2003,8450,1527,2169,3123,4965,4026,2859,4049,2154,2452,3252,3010,1521,8546,1053,2104,3508,4378,4209,2519,3905,1994,2636,2940,2507,1110,11745,2926,3255,7787,4810,3327,2804,2951,11174,2624,2968,7915,5139,3256,2490,2821,5330,1155,1285,3436,2016,1306,661,488,1468,203,567,1003,580,29,210,203,1673,614,514,955,800,309,323,69,1832,167,373,1360,875,428,426,287,5464,481,910,4367,2349,1153,1181,945,0.6,0.6,1.0,2.6,6.5,4.4,1.4,8214,8406,3181,720,1335,1257,3978,6434,5678,2981,706,692,1037,2151,11745,11786,11174,5330,4310,2553,1509,1468,1673,1832,5464,8743,8511,8128,3274,2512,1957,1028,822,1113,1434,3689,7890,8335,8000,3518,2959,1530,956,1097,1050,1050,3345,11745,2926,3255,7787,4810,3327,4062,11174,2624,2968,7915,5139,3256,3788,5330,1155,1285,3436,2016,1306,901,1468,203,567,1003,580,29,210,2417,649,695,1594,1237,484,544,5464,481,910,4367,2349,1153,1500
ACSSF,2019m1,nc,000,0037,0000051,,,,,,,,,,,,,,,,,,,,,,,,,,,,,,,,,,,,,,,,,,,,,,,,,,,,3614,1182,1780,1970,1514,1761,1466,1324,544,514,723,755,517,2559,878,1179,1358,1324,1213,804,954,238,477,578,623,358,2230,633,1171,1270,880,1059,1080,821,475,122,419,357,379,,,,,,,,,,,,,,,,,,,,,,,,,,,,,,,,,,,,,,,,,,,,,,,,,,,,,,,,,2.1,2.1,5.3,31.1,50.7,14.8,3.5,2772,2696,905,203,124,258,398,,,,,,,,3567,3624,3428,1401,1364,471,312,474,142,277,668,2578,2606,2558,803,723,180,312,408,11,200,237,2187,2226,1960,1056,1005,398,203,245,142,175,615,,,,,,,,,,,,,,,,,,,,,,,,,,,,,,,,,,,,,,,,,,
ACSSF,2019m1,nc,000,0037,0000052,,,,,,,,,,,,,,,,,,,,,,,,,,,,,,,,,,,,,,,,,,,,,,,,,,,,2283,363,1097,1164,1170,834,1132,895,150,598,520,1095,161,1743,261,1050,729,1035,548,846,772,79,377,391,765,58,1516,136,511,883,544,734,639,431,127,451,310,656,153,,,,,,,,,,,,,,,,,,,,,,,,,,,,,,,,,,,,,,,,,,,,,,,,,,,,,,,,,2.2,2.7,13.4,.,22.9,.,10.3,2333,2129,1194,107,816,203,698,,,,,,,,,,,,,,,,,,,,,,,,,,,,,,,,,,,,,,,,,,,,,,,,,,,,,,,,,,,,,,,,,,,,,,,,,,,,,,,,,,
ACSSF,2019m1,nc,000,0037,0000053,,,,,,,,,,,,,,,,,,,,,,,,,,,,,,,,,,,,,,,,,,,,,,,,,,,,3738,727,1184,1676,2099,1537,1084,1251,1087,397,1159,899,660,2309,181,684,1001,877,925,736,910,638,374,838,545,595,2371,703,951,1246,1815,1012,772,818,655,166,763,549,259,,,,,,,,,,,,,,,,,,,,,,,,,,,,,,,,,,,,,,,,,,,,,,,,,,,,,,,,,2.6,3.2,9.6,.,19.7,18.2,7.3,2654,2538,510,203,135,89,805,1887,2131,793,29,805,591,428,3833,3662,3623,949,769,458,188,29,799,1049,940,2386,2330,2327,392,346,201,11,29,421,442,592,2382,2275,2279,856,696,354,188,4,709,736,499,,,,,,,,,,,,,,,,,,,,,,,,,,,,,,,,,,,,,,,,,,
ACSSF,2019m1,nc,000,0037,0000054,5123,5124,5181,1436,1352,339,544,472,417,203,203,203,216,457,1540,490,1542,2935,3074,2880,1029,806,203,475,317,248,203,203,203,216,457,1183,365,1067,3901,3803,3867,946,911,225,358,344,344,203,203,203,203,203,867,356,1093,5193,610,1429,2309,2457,4071,1798,1735,1041,748,1167,1002,978,2949,356,984,1663,1628,2237,901,1171,723,378,828,498,654,3837,393,999,1368,1781,2833,1316,1215,619,553,897,879,634,,,,,,,,,,,,,,,,,,,,,,,,,,,,,,,,,,,,,,,,,,,,,,,,,,,,,,,,,1.0,1.1,3.3,9.1,8.6,11.7,4.7,5183,5250,1426,263,1526,423,1462,1126,1200,537,375,203,643,531,5123,5124,5181,1436,1352,339,544,472,1540,748,1542,2935,3074,2880,1029,806,203,475,317,1183,588,1067,3901,3803,3867,946,911,225,358,344,867,356,1093,5123,1148,1683,3526,2345,1459,1751,5181,896,1677,3429,2152,1385,1591,1436,447,433,1132,531,233,233,472,203,303,250,270,55,203,1715,483,373,1330,722,203,31,1542,148,382,1114,922,334,464
ACSSF,2019m1,nc,000,0037,0000055,,,,,,,,,,,,,,,,,,,,,,,,,,,,,,,,,,,,,,,,,,,,,,,,,,,,5778,702,1592,1780,2548,2219,2114,1611,1248,1613,1595,1090,768,4263,439,1423,1491,1832,1591,1326,1259,1013,932,931,694,453,3727,543,821,1355,1436,1437,1549,1210,716,1301,1212,763,616,5799,953,2029,3992,2928,1512,859,988,5382,858,1823,3699,2431,1440,848,921,1643,381,552,1438,596,166,203,203,212,203,203,176,75,203,203,203,687,78,254,388,567,212,103,69,645,203,203,613,163,133,203,203,1620,57,252,1037,1024,488,406,347,1.0,1.1,1.4,3.1,19.6,14.5,2.7,4454,3996,973,81,547,230,1483,3063,2669,1273,132,361,594,460,5799,5529,5382,1643,1412,1085,156,212,687,645,1620,4154,4222,4048,1174,829,795,149,111,519,385,1172,4082,3569,3490,1291,1092,788,51,185,509,532,911,5799,953,2029,3992,2928,1512,1395,5382,858,1823,3699,2431,1440,1359,1643,381,552,1438,596,166,203,212,203,203,176,75,203,203,931,78,254,714,590,245,124,1620,57,252,1037,1024,488,531
ACSSF,2019m1,nc,000,0037,0000056,11853,12320,12198,5093,4086,1639,1777,2595,2147,586,61,1356,147,396,2155,2183,5306,8361,8517,7695,3344,2878,1050,1372,1920,1683,371,203,745,203,397,1418,1189,3892,7303,7651,8174,3188,2442,1287,1046,1859,1428,441,61,1135,147,67,1660,1645,2839,12400,1151,3226,4582,5439,6585,4199,5446,3361,2884,4568,4972,2478,8383,1041,2309,2967,4004,3861,2901,4805,2060,2495,3466,3574,1964,7753,533,2135,3096,3330,4557,3090,3978,2392,2130,3028,2758,1292,11853,2337,3478,8775,5867,3472,3169,2228,12198,1685,3290,8820,5454,3247,2636,1931,5093,1458,1353,3233,1837,789,699,1331,2595,586,709,1624,1014,374,655,892,2155,509,993,1653,496,357,470,114,2181,770,628,1350,701,339,290,321,5306,409,850,3399,2158,1479,762,792,0.5,0.6,2.1,2.5,1.9,5.3,2.0,8952,8125,3303,1548,1248,1242,3096,7102,6660,1852,1899,1187,1840,2857,11853,12320,12198,5093,4086,1639,1777,2595,2155,2181,5306,8361,8517,7695,3344,2878,1050,1372,1920,1418,1242,3892,7303,7651,8174,3188,2442,1287,1046,1859,1660,1656,2839,11853,2337,3478,8775,5867,3472,4318,12198,1685,3290,8820,5454,3247,3456,5093,1458,1353,3233,1837,789,1610,2595,586,709,1624,1014,374,1120,2902,883,1229,1996,789,518,682,5306,409,850,3399,2158,1479,1071
ACSSF,2019m1,nc,000,0037,0000057,,,,,,,,,,,,,,,,,,,,,,,,,,,,,,,,,,,,,,,,,,,,,,,,,,,,4692,918,1701,1361,2224,1587,1189,2359,619,894,1138,1383,587,2930,519,1241,766,1439,1035,773,1065,376,743,854,1294,591,3396,539,847,1168,1503,1222,953,2028,616,556,863,625,267,,,,,,,,,,,,,,,,,,,,,,,,,,,,,,,,,,,,,,,,,,,,,,,,,,,,,,,,,2.3,2.5,15.8,.,.,2.5,3.2,3538,3109,1568,194,137,64,718,,,,,,,,4806,4591,3924,2200,1927,484,802,231,458,1568,1022,2998,2578,2424,870,768,268,359,231,137,1460,674,3379,3387,2873,1871,1693,381,500,203,442,500,718,4806,1622,1614,2871,1777,920,1137,3924,1425,1336,2595,1669,867,1169,2200,341,456,1502,690,279,556,231,203,203,231,203,203,203,1597,842,871,442,60,21,203,1022,203,162,656,528,339,323
ACSSF,2019m1,nc,000,0037,0000058,7009,7217,6939,2247,1894,813,986,1739,1735,112,203,203,203,388,1295,587,2181,5522,5204,4805,1473,1350,533,257,1052,1048,112,203,203,203,296,944,508,1170,4635,4997,4870,1551,1065,539,944,1367,1367,203,203,203,203,233,714,342,1518,7440,1042,1726,3207,3460,3463,1844,3857,1392,1805,2438,1846,1134,5724,676,1230,2066,2021,2413,1216,2735,921,1598,1724,974,639,4658,737,1229,2212,2778,2020,1520,2301,1023,1209,1543,1514,940,7009,1117,2495,4888,2920,2275,2025,1621,6939,1026,2401,4997,2829,2128,1931,1356,2247,299,583,1915,703,298,407,316,1739,198,630,1282,934,252,203,189,1295,223,383,957,174,383,116,310,714,203,131,597,367,203,203,93,2181,254,303,1555,1229,521,488,559,0.8,1.1,2.6,4.0,6.3,9.5,8.1,5068,4556,1580,670,828,481,1305,4608,4708,1153,1515,527,263,1603,7009,7217,6939,2247,1894,813,986,1739,1295,714,2181,5522,5204,4805,1473,1350,533,257,1052,944,597,1170,4635,4997,4870,1551,1065,539,944,1367,714,412,1518,7009,1117,2495,4888,2920,2275,2335,6939,1026,2401,4997,2829,2128,2155,2247,299,583,1915,703,298,541,1739,198,630,1282,934,252,189,1474,223,398,1182,370,383,347,2181,254,303,1555,1229,521,735
ACSSF,2019m1,nc,000,0037,0000059,4540,5147,4819,1937,1849,818,268,414,414,203,203,203,203,260,3022,834,811,3339,3591,3398,1396,1350,607,226,275,275,203,203,203,203,258,2580,467,447,3685,3754,3733,1116,983,402,137,269,269,203,203,203,203,40,844,608,603,4477,2970,1624,1773,2474,2385,1468,2721,1161,1068,1480,1174,643,3417,2955,1524,1512,1847,1501,1112,1736,782,820,1178,870,567,3580,404,1044,1294,1582,1652,914,1925,832,616,716,799,288,4540,1283,1922,3961,1963,1226,1237,828,4819,1147,2169,3729,1987,1185,1084,794,1937,450,668,1255,622,336,461,300,414,137,193,196,127,82,181,203,3022,266,2484,1485,115,202,203,69,840,142,312,605,335,293,80,80,811,203,299,739,159,185,79,149,0.8,1.0,1.8,13.9,1.2,7.8,3.5,3524,3441,1572,203,2389,355,591,2471,2850,1002,383,1138,598,444,4540,5147,4819,1937,1849,818,268,414,3022,840,811,3339,3591,3398,1396,1350,607,226,275,2580,546,447,3685,3754,3733,1116,983,402,137,269,844,607,603,4540,1283,1922,3961,1963,1226,1453,4819,1147,2169,3729,1987,1185,1325,1937,450,668,1255,622,336,571,414,137,193,196,127,82,181,3257,291,2605,1464,355,358,132,811,203,299,739,159,185,180
ACSSF,2019m1,nc,000,0037,0000060,,,,,,,,,,,,,,,,,,,,,,,,,,,,,,,,,,,,,,,,,,,,,,,,,,,,3702,509,990,1523,1546,1351,1052,1544,549,992,1120,1204,435,2131,452,807,838,963,786,551,780,362,448,423,519,317,2819,244,637,1202,1124,1161,845,1138,441,850,1031,955,307,,,,,,,,,,,,,,,,,,,,,,,,,,,,,,,,,,,,,,,,,,,,,,,,,,,,,,,,,2.5,2.4,3.7,16.2,42.7,5.2,2.6,3188,3020,1113,138,220,81,395,2028,2047,525,379,52,367,381,3611,3673,3406,1550,1168,613,956,436,288,385,573,2064,2126,2031,911,723,359,426,122,209,40,479,2837,2766,2665,875,622,350,600,382,215,382,239,,,,,,,,,,,,,,,,,,,,,,,,,,,,,,,,,,,,,,,,,,
ACSSF,2019m1,nc,000,0037,0000061,7203,6723,6721,2345,2149,788,866,1910,1843,203,292,203,203,204,1465,1659,1384,4803,4542,4412,1572,1401,737,555,1360,1360,203,203,203,203,187,631,1030,1029,4998,4512,4362,1708,1597,284,641,1213,1138,203,292,203,203,86,1163,974,882,7158,1358,2851,2990,3447,3132,1590,2699,1342,1770,1748,1917,1329,4891,701,1982,1772,2282,2300,1237,2036,834,1117,1545,1792,990,4810,1074,1546,2288,2281,2125,1071,2017,990,1421,1145,915,693,7203,1165,2354,4510,3680,2242,1961,1516,6721,1030,2231,3768,3524,2152,1779,1456,2345,471,823,1788,910,606,300,373,1910,266,738,1588,362,314,144,246,1465,433,620,301,605,176,512,449,1666,104,84,1216,699,287,187,203,1384,193,724,979,496,405,474,308,1.0,0.8,3.6,2.8,22.5,5.1,6.3,5277,5075,1641,749,972,631,1242,4604,4526,1364,1762,903,1061,626,7203,6723,6721,2345,2149,788,866,1910,1465,1666,1384,4803,4542,4412,1572,1401,737,555,1360,631,1049,1029,4998,4512,4362,1708,1597,284,641,1213,1163,986,882,7203,1165,2354,4510,3680,2242,2294,6721,1030,2231,3768,3524,2152,2084,2345,471,823,1788,910,606,488,1910,266,738,1588,362,314,279,2434,454,635,1249,906,336,941,1384,193,724,979,496,405,540
ACSSF,2019m1,nc,000,0037,0000062,,,,,,,,,,,,,,,,,,,,,,,,,,,,,,,,,,,,,,,,,,,,,,,,,,,,4485,662,1872,2649,2030,1990,757,1887,453,948,1605,888,950,2872,243,1275,1551,1379,1464,537,1441,384,752,1111,458,767,3168,554,1202,2064,1557,1303,385,1117,261,560,845,783,592,,,,,,,,,,,,,,,,,,,,,,,,,,,,,,,,,,,,,,,,,,,,,,,,,,,,,,,,,2.5,3.0,6.4,9.8,10.6,27.9,7.0,3467,3112,640,318,115,303,963,3222,2581,1328,805,627,119,785,4627,4287,4087,1506,1341,592,203,852,607,323,1118,3077,2862,2741,1033,928,403,203,282,273,191,882,3154,3161,3190,980,890,439,203,734,517,206,591,,,,,,,,,,,,,,,,,,,,,,,,,,,,,,,,,,,,,,,,,,
ACSSF,2019m1,nc,000,0037,0000063,,,,,,,,,,,,,,,,,,,,,,,,,,,,,,,,,,,,,,,,,,,,,,,,,,,,4693,407,1401,1878,2009,2576,1069,1495,956,754,1014,581,608,3308,313,988,1115,1434,1512,923,1108,597,723,778,502,531,3086,242,935,1560,1649,1658,657,940,723,444,685,369,276,,,,,,,,,,,,,,,,,,,,,,,,,,,,,,,,,,,,,,,,,,,,,,,,,,,,,,,,,2.0,2.5,6.3,36.1,13.4,17.0,12.0,3467,3374,721,40,689,290,501,,,,,,,,4625,4830,4586,1638,965,333,989,292,730,367,588,3324,3339,3274,756,673,295,157,66,395,287,270,3096,2991,2804,1289,636,154,945,283,623,202,450,4625,772,1621,3133,2130,1774,1250,4586,674,1471,2960,2087,1728,1225,1638,290,382,1001,704,417,250,292,203,279,203,53,59,45,818,278,482,624,321,203,99,588,86,118,403,217,94,237
ACSSF,2019m1,nc,000,0037,0000064,,,,,,,,,,,,,,,,,,,,,,,,,,,,,,,,,,,,,,,,,,,,,,,,,,,,5049,1579,2917,2429,2202,1790,1835,3109,2266,566,2009,1011,429,3657,1502,2498,1923,2110,1296,1616,2537,871,452,1464,953,381,3343,769,1113,1408,1102,1076,841,1500,1571,363,1002,243,165,,,,,,,,,,,,,,,,,,,,,,,,,,,,,,,,,,,,,,,,,,,,,,,,,,,,,,,,,1.5,1.9,2.3,.,0.9,18.2,2.2,4511,4678,2549,203,1659,1430,746,1966,1982,1148,203,323,359,166,5081,5441,5035,3128,2858,995,398,85,1914,1476,935,3636,4451,4241,2449,2246,873,398,203,1917,1460,860,3367,3275,2852,1619,1568,327,203,85,132,321,251,5081,1793,3128,4008,1785,917,814,5035,1075,2825,3467,1637,835,780,3128,884,1496,2100,453,446,209,85,203,203,203,203,85,203,2451,1139,1775,655,411,203,203,935,438,574,307,203,161,33
ACSSF,2019m1,nc,000,0037,0000065,10628,10356,9900,3244,2758,1562,976,1441,1439,73,203,203,203,415,1034,1319,3600,7031,6983,6940,2065,1801,835,913,824,824,203,203,203,203,356,427,1053,2401,7656,7359,7098,2347,2143,1169,400,1085,1084,73,203,203,203,209,902,676,2386,10561,1424,2260,3499,4909,4003,3001,4351,2494,2085,2961,3147,1738,7184,1153,1384,2397,3702,2534,2185,3431,1596,1478,2001,2584,1391,7569,830,1736,2334,3197,2780,1848,3162,1667,1860,2466,2207,811,10628,1861,3133,6534,4423,3086,2072,2375,9900,1764,2695,6165,4414,2712,2065,2098,3244,318,1133,1773,1688,1169,436,458,1441,203,560,893,564,29,210,203,1034,573,371,689,376,203,288,203,1335,109,376,795,774,348,426,248,3600,288,324,3350,1622,1021,651,632,0.8,0.7,5.3,2.5,2.9,6.9,2.1,7744,7575,2057,676,876,1105,2494,5596,5170,1982,686,440,605,1845,10628,10356,9900,3244,2758,1562,976,1441,1034,1335,3600,7031,6983,6940,2065,1801,835,913,824,427,1117,2401,7656,7359,7098,2347,2143,1169,400,1085,902,704,2386,10628,1861,3133,6534,4423,3086,3241,9900,1764,2695,6165,4414,2712,3068,3244,318,1133,1773,1688,1169,700,1441,203,560,893,564,29,210,1617,582,538,1003,852,348,526,3600,288,324,3350,1622,1021,873
ACSSF,2019m1,nc,000,0037,0000066,5099,4717,5134,1662,1361,408,782,635,414,256,207,203,203,328,878,795,1398,3332,3115,3267,1162,899,239,690,429,337,256,203,203,203,268,705,635,1080,3839,3571,3569,1016,847,339,369,320,244,203,207,203,203,167,385,476,829,4847,946,1339,2393,3453,2800,1412,2336,438,781,1508,1125,668,3156,559,788,1900,2291,1668,809,1208,219,596,761,639,579,3655,677,993,1314,2175,2139,1091,1815,416,554,1276,982,305,5099,868,2026,3536,2468,1497,1372,1347,5134,813,1948,3425,2497,1465,1262,1204,1662,297,418,1395,623,462,299,167,635,165,203,588,203,203,203,203,878,190,435,593,286,203,82,98,904,129,270,677,331,165,203,203,1398,64,348,838,516,238,575,658,0.9,1.2,2.0,9.5,8.4,22.1,5.7,4555,4718,1478,171,630,388,1239,2159,2021,814,382,510,743,492,5099,4717,5134,1662,1361,408,782,635,878,904,1398,3332,3115,3267,1162,899,239,690,429,705,705,1080,3839,3571,3569,1016,847,339,369,320,385,509,829,5099,868,2026,3536,2468,1497,1896,5134,813,1948,3425,2497,1465,1722,1662,297,418,1395,623,462,404,635,165,203,588,203,203,203,1134,189,509,833,412,165,130,1398,64,348,838,516,238,931
ACSSF,2019m1,nc,000,0037,0000067,5534,5932,6206,1795,1782,710,673,992,999,203,58,203,203,203,993,1142,1336,3853,3922,3941,986,931,331,466,831,831,203,203,203,203,203,898,733,679,4279,4365,4363,1296,1187,564,378,557,557,203,58,203,203,203,486,740,1230,5748,837,2162,2578,3168,3424,1759,2347,1634,1179,1415,1407,870,3903,483,1226,1679,1986,2383,1368,1498,1064,583,848,985,721,4454,685,1678,2063,2157,2210,1127,2017,1188,905,1226,1118,602,5534,1128,1751,3229,2933,2001,2013,1177,6206,867,1791,3478,3130,1960,1687,1009,1795,609,351,1085,904,328,727,342,992,203,218,800,305,99,207,281,993,425,454,497,716,99,111,123,1142,153,454,695,576,203,118,92,1336,72,272,1115,752,313,197,301,1.2,1.6,4.9,8.9,14.4,9.1,7.8,4712,4813,1157,314,836,265,765,2510,3229,933,828,637,1056,1211,5534,5932,6206,1795,1782,710,673,992,993,1142,1336,3853,3922,3941,986,931,331,466,831,898,733,679,4279,4365,4363,1296,1187,564,378,557,486,740,1230,5534,1128,1751,3229,2933,2001,2289,6206,867,1791,3478,3130,1960,1942,1795,609,351,1085,904,328,822,992,203,218,800,305,99,343,1513,457,599,859,937,99,238,1336,72,272,1115,752,313,330
ACSSF,2019m1,nc,000,0037,0000068,5123,5124,5181,1436,1352,339,544,472,417,203,203,203,216,457,1540,490,1542,2935,3074,2880,1029,806,203,475,317,248,203,203,203,216,457,1183,365,1067,3901,3803,3867,946,911,225,358,344,344,203,203,203,203,203,867,356,1093,5193,610,1429,2309,2457,4071,1798,1735,1041,748,1167,1002,978,2949,356,984,1663,1628,2237,901,1171,723,378,828,498,654,3837,393,999,1368,1781,2833,1316,1215,619,553,897,879,634,,,,,,,,,,,,,,,,,,,,,,,,,,,,,,,,,,,,,,,,,,,,,,,,,,,,,,,,,1.0,1.1,3.3,9.1,8.6,11.7,4.7,5183,5250,1426,263,1526,423,1462,1126,1200,537,375,203,643,531,5123,5124,5181,1436,1352,339,544,472,1540,748,1542,2935,3074,2880,1029,806,203,475,317,1183,588,1067,3901,3803,3867,946,911,225,358,344,867,356,1093,5123,1148,1683,3526,2345,1459,1751,5181,896,1677,3429,2152,1385,1591,1436,447,433,1132,531,233,233,472,203,303,250,270,55,203,1715,483,373,1330,722,203,31,1542,148,382,1114,922,334,464
ACSSF,2019m1,nc,000,0037,0000069,11853,12320,12198,5093,4086,1639,1777,2595,2147,586,61,1356,147,396,2155,2183,5306,8361,8517,7695,3344,2878,1050,1372,1920,1683,371,203,745,203,397,1418,1189,3892,7303,7651,8174,3188,2442,1287,1046,1859,1428,441,61,1135,147,67,1660,1645,2839,12400,1151,3226,4582,5439,6585,4199,5446,3361,2884,4568,4972,2478,8383,1041,2309,2967,4004,3861,2901,4805,2060,2495,3466,3574,1964,7753,533,2135,3096,3330,4557,3090,3978,2392,2130,3028,2758,1292,11853,2337,3478,8775,5867,3472,3169,2228,12198,1685,3290,8820,5454,3247,2636,1931,5093,1458,1353,3233,1837,789,699,1331,2595,586,709,1624,1014,374,655,892,2155,509,993,1653,496,357,470,114,2181,770,628,1350,701,339,290,321,5306,409,850,3399,2158,1479,762,792,0.5,0.6,2.1,2.5,1.9,5.3,2.0,8952,8125,3303,1548,1248,1242,3096,7102,6660,1852,1899,1187,1840,2857,11853,12320,12198,5093,4086,1639,1777,2595,2155,2181,5306,8361,8517,7695,3344,2878,1050,1372,1920,1418,1242,3892,7303,7651,8174,3188,2442,1287,1046,1859,1660,1656,2839,11853,2337,3478,8775,5867,3472,4318,12198,1685,3290,8820,5454,3247,3456,5093,1458,1353,3233,1837,789,1610,2595,586,709,1624,1014,374,1120,2902,883,1229,1996,789,518,682,5306,409,850,3399,2158,1479,1071
ACSSF,2019m1,nc,000,0037,0000070,,,,,,,,,,,,,,,,,,,,,,,,,,,,,,,,,,,,,,,,,,,,,,,,,,,,4692,918,1701,1361,2224,1587,1189,2359,619,894,1138,1383,587,2930,519,1241,766,1439,1035,773,1065,376,743,854,1294,591,3396,539,847,1168,1503,1222,953,2028,616,556,863,625,267,,,,,,,,,,,,,,,,,,,,,,,,,,,,,,,,,,,,,,,,,,,,,,,,,,,,,,,,,2.3,2.5,15.8,.,.,2.5,3.2,3538,3109,1568,194,137,64,718,,,,,,,,4806,4591,3924,2200,1927,484,802,231,458,1568,1022,2998,2578,2424,870,768,268,359,231,137,1460,674,3379,3387,2873,1871,1693,381,500,203,442,500,718,4806,1622,1614,2871,1777,920,1137,3924,1425,1336,2595,1669,867,1169,2200,341,456,1502,690,279,556,231,203,203,231,203,203,203,1597,842,871,442,60,21,203,1022,203,162,656,528,339,323
ACSSF,2019m1,nc,000,0037,0000071,,,,,,,,,,,,,,,,,,,,,,,,,,,,,,,,,,,,,,,,,,,,,,,,,,,,3702,509,990,1523,1546,1351,1052,1544,549,992,1120,1204,435,2131,452,807,838,963,786,551,780,362,448,423,519,317,2819,244,637,1202,1124,1161,845,1138,441,850,1031,955,307,,,,,,,,,,,,,,,,,,,,,,,,,,,,,,,,,,,,,,,,,,,,,,,,,,,,,,,,,2.5,2.4,3.7,16.2,42.7,5.2,2.6,3188,3020,1113,138,220,81,395,2028,2047,525,379,52,367,381,3611,3673,3406,1550,1168,613,956,436,288,385,573,2064,2126,2031,911,723,359,426,122,209,40,479,2837,2766,2665,875,622,350,600,382,215,382,239,,,,,,,,,,,,,,,,,,,,,,,,,,,,,,,,,,,,,,,,,,
ACSSF,2019m1,nc,000,0037,0000072,6895,7130,6922,2058,1894,807,452,1739,1735,112,203,203,203,388,1295,554,2181,5338,5018,4652,1473,1350,533,257,1052,1048,112,203,203,203,296,944,475,1170,4660,5040,4872,1263,1065,537,377,1367,1367,203,203,203,203,233,714,342,1518,7351,1042,1726,3207,3396,3463,1844,3643,1368,1804,2376,1840,1134,5562,676,1230,2066,2023,2413,1216,2352,909,1598,1699,967,639,4702,737,1229,2212,2792,2020,1520,2301,1023,1208,1514,1514,940,6895,1102,2495,4675,2906,2275,2025,1621,6922,1011,2401,4931,2817,2128,1931,1354,2058,299,583,1641,703,298,407,316,1739,198,630,1282,934,252,203,189,1295,223,383,957,174,383,116,310,692,203,131,576,367,203,203,93,2181,254,303,1555,1229,521,488,559,0.7,1.0,2.3,4.0,6.3,10.1,8.1,4803,4392,1294,670,828,452,1305,4551,4661,1153,1515,527,263,1603,6895,7130,6922,2058,1894,807,452,1739,1295,692,2181,5338,5018,4652,1473,1350,533,257,1052,944,576,1170,4660,5040,4872,1263,1065,537,377,1367,714,412,1518,6895,1102,2495,4675,2906,2275,2335,6922,1011,2401,4931,2817,2128,2154,2058,299,583,1641,703,298,541,1739,198,630,1282,934,252,189,1470,223,398,1155,370,383,347,2181,254,303,1555,1229,521,735
ACSSF,2019m1,nc,000,0037,0000073,4540,5147,4819,1937,1849,818,268,414,414,203,203,203,203,260,3022,834,811,3339,3591,3398,1396,1350,607,226,275,275,203,203,203,203,258,2580,467,447,3685,3754,3733,1116,983,402,137,269,269,203,203,203,203,40,844,608,603,4477,2970,1624,1773,2474,2385,1468,2721,1161,1068,1480,1174,643,3417,2955,1524,1512,1847,1501,1112,1736,782,820,1178,870,567,3580,404,1044,1294,1582,1652,914,1925,832,616,716,799,288,4540,1283,1922,3961,1963,1226,1237,828,4819,1147,2169,3729,1987,1185,1084,794,1937,450,668,1255,622,336,461,300,414,137,193,196,127,82,181,203,3022,266,2484,1485,115,202,203,69,840,142,312,605,335,293,80,80,811,203,299,739,159,185,79,149,0.8,1.0,1.8,13.9,1.2,7.8,3.5,3524,3441,1572,203,2389,355,591,2471,2850,1002,383,1138,598,444,4540,5147,4819,1937,1849,818,268,414,3022,840,811,3339,3591,3398,1396,1350,607,226,275,2580,546,447,3685,3754,3733,1116,983,402,137,269,844,607,603,4540,1283,1922,3961,1963,1226,1453,4819,1147,2169,3729,1987,1185,1325,1937,450,668,1255,622,336,571,414,137,193,196,127,82,181,3257,291,2605,1464,355,358,132,811,203,299,739,159,185,180
ACSSF,2019m1,nc,000,0037,0000074,7203,6723,6721,2345,2149,788,866,1910,1843,203,292,203,203,204,1465,1659,1384,4803,4542,4412,1572,1401,737,555,1360,1360,203,203,203,203,187,631,1030,1029,4998,4512,4362,1708,1597,284,641,1213,1138,203,292,203,203,86,1163,974,882,7158,1358,2851,2990,3447,3132,1590,2699,1342,1770,1748,1917,1329,4891,701,1982,1772,2282,2300,1237,2036,834,1117,1545,1792,990,4810,1074,1546,2288,2281,2125,1071,2017,990,1421,1145,915,693,7203,1165,2354,4510,3680,2242,1961,1516,6721,1030,2231,3768,3524,2152,1779,1456,2345,471,823,1788,910,606,300,373,1910,266,738,1588,362,314,144,246,1465,433,620,301,605,176,512,449,1666,104,84,1216,699,287,187,203,1384,193,724,979,496,405,474,308,1.0,0.8,3.6,2.8,22.5,5.1,6.3,5277,5075,1641,749,972,631,1242,4604,4526,1364,1762,903,1061,626,7203,6723,6721,2345,2149,788,866,1910,1465,1666,1384,4803,4542,4412,1572,1401,737,555,1360,631,1049,1029,4998,4512,4362,1708,1597,284,641,1213,1163,986,882,7203,1165,2354,4510,3680,2242,2294,6721,1030,2231,3768,3524,2152,2084,2345,471,823,1788,910,606,488,1910,266,738,1588,362,314,279,2434,454,635,1249,906,336,941,1384,193,724,979,496,405,540
ACSSF,2019m1,nc,000,0037,0000075,,,,,,,,,,,,,,,,,,,,,,,,,,,,,,,,,,,,,,,,,,,,,,,,,,,,4506,407,1401,1878,2016,2417,1070,1467,943,754,1014,581,608,3278,313,988,1115,1430,1512,923,1088,597,723,778,502,531,2979,242,935,1561,1642,1547,633,940,721,444,685,369,276,,,,,,,,,,,,,,,,,,,,,,,,,,,,,,,,,,,,,,,,,,,,,,,,,,,,,,,,,1.9,2.4,6.3,36.1,13.4,17.0,12.0,3447,3353,721,40,689,290,501,,,,,,,,4437,4656,4421,1638,965,333,989,292,730,367,588,3292,3308,3240,756,673,295,157,66,395,287,270,2993,2894,2729,1289,636,154,945,283,623,202,450,4437,772,1609,3109,2065,1742,1250,4421,674,1455,2947,2031,1690,1225,1638,290,382,1001,704,417,250,292,203,279,203,53,59,45,818,278,482,624,321,203,99,588,86,118,403,217,94,237
ACSSF,2019m1,nc,000,0037,0000076,,,,,,,,,,,,,,,,,,,,,,,,,,,,,,,,,,,,,,,,,,,,,,,,,,,,4485,662,1872,2649,2030,1990,757,1887,453,948,1605,888,950,2872,243,1275,1551,1379,1464,537,1441,384,752,1111,458,767,3168,554,1202,2064,1557,1303,385,1117,261,560,845,783,592,,,,,,,,,,,,,,,,,,,,,,,,,,,,,,,,,,,,,,,,,,,,,,,,,,,,,,,,,2.5,3.0,6.4,9.8,10.6,27.9,7.0,3467,3112,640,318,115,303,963,3222,2581,1328,805,627,119,785,4627,4287,4087,1506,1341,592,203,852,607,323,1118,3077,2862,2741,1033,928,403,203,282,273,191,882,3154,3161,3190,980,890,439,203,734,517,206,591,,,,,,,,,,,,,,,,,,,,,,,,,,,,,,,,,,,,,,,,,,
ACSSF,2019m1,nc,000,0037,0000077,,,,,,,,,,,,,,,,,,,,,,,,,,,,,,,,,,,,,,,,,,,,,,,,,,,,5049,1579,2917,2429,2202,1790,1835,3109,2266,566,2009,1011,429,3657,1502,2498,1923,2110,1296,1616,2537,871,452,1464,953,381,3343,769,1113,1408,1102,1076,841,1500,1571,363,1002,243,165,,,,,,,,,,,,,,,,,,,,,,,,,,,,,,,,,,,,,,,,,,,,,,,,,,,,,,,,,1.5,1.9,2.3,.,0.9,18.2,2.2,4511,4678,2549,203,1659,1430,746,1966,1982,1148,203,323,359,166,5081,5441,5035,3128,2858,995,398,85,1914,1476,935,3636,4451,4241,2449,2246,873,398,203,1917,1460,860,3367,3275,2852,1619,1568,327,203,85,132,321,251,5081,1793,3128,4008,1785,917,814,5035,1075,2825,3467,1637,835,780,3128,884,1496,2100,453,446,209,85,203,203,203,203,85,203,2451,1139,1775,655,411,203,203,935,438,574,307,203,161,33
ACSSF,2019m1,nc,000,0037,0000078,,,,,,,,,,,,,,,,,,,,,,,,,,,,,,,,,,,,,,,,,,,,,,,,,,,,5846,702,1592,1780,2548,2224,2114,1613,1248,1613,1595,1090,768,4276,439,1423,1491,1832,1591,1326,1241,1013,932,931,694,453,3767,543,821,1355,1436,1399,1549,1210,716,1301,1212,763,616,5883,953,2029,4017,2928,1512,845,988,5457,858,1823,3703,2431,1440,848,921,1643,381,552,1438,596,166,203,203,212,203,203,176,75,203,203,203,687,78,254,388,567,212,103,69,645,203,203,613,163,133,203,203,1614,57,252,1037,1024,488,402,347,1.1,1.1,1.4,3.1,19.6,14.5,2.7,4522,4043,973,81,547,230,1477,3063,2669,1273,132,361,594,460,5883,5588,5457,1643,1412,1085,156,212,687,645,1614,4174,4237,4058,1174,829,795,149,111,519,385,1168,4124,3604,3545,1291,1092,788,51,185,509,532,911,5883,953,2029,4017,2928,1512,1384,5457,858,1823,3703,2431,1440,1359,1643,381,552,1438,596,166,203,212,203,203,176,75,203,203,931,78,254,714,590,245,124,1614,57,252,1037,1024,488,523
ACSSF,2019m1,nc,000,0037,0000079,10622,10342,9879,3240,2739,1562,976,1441,1439,73,203,203,203,415,1034,1319,3600,7003,6927,6864,2054,1781,835,913,824,824,203,203,203,203,356,427,1053,2401,7630,7337,7082,2347,2143,1169,400,1085,1084,73,203,203,203,209,902,676,2386,10535,1424,2230,3499,4892,4011,3001,4350,2494,2086,2995,3147,1738,7125,1153,1384,2397,3718,2534,2185,3417,1596,1475,1933,2584,1391,7548,830,1702,2334,3197,2782,1848,3162,1667,1860,2466,2207,811,10622,1861,3133,6577,4431,3075,2072,2376,9879,1764,2695,6173,4414,2689,2065,2100,3240,318,1133,1773,1663,1169,436,458,1441,203,560,893,564,29,210,203,1034,573,371,689,376,203,288,203,1335,109,376,795,774,348,426,248,3600,288,324,3350,1622,1021,651,632,0.8,0.7,5.2,2.5,2.9,6.9,2.1,7731,7590,2032,676,876,1105,2494,5609,5179,1982,686,440,605,1845,10622,10342,9879,3240,2739,1562,976,1441,1034,1335,3600,7003,6927,6864,2054,1781,835,913,824,427,1117,2401,7630,7337,7082,2347,2143,1169,400,1085,902,704,2386,10622,1861,3133,6577,4431,3075,3235,9879,1764,2695,6173,4414,2689,3056,3240,318,1133,1773,1663,1169,700,1441,203,560,893,564,29,210,1617,582,538,1003,852,348,526,3600,288,324,3350,1622,1021,873
ACSSF,2019m1,nc,000,0037,0000080,5099,4717,5134,1662,1361,408,782,635,414,256,207,203,203,328,878,795,1398,3332,3115,3267,1162,899,239,690,429,337,256,203,203,203,268,705,635,1080,3839,3571,3569,1016,847,339,369,320,244,203,207,203,203,167,385,476,829,4847,946,1339,2393,3453,2800,1412,2336,438,781,1508,1125,668,3156,559,788,1900,2291,1668,809,1208,219,596,761,639,579,3655,677,993,1314,2175,2139,1091,1815,416,554,1276,982,305,5099,868,2026,3536,2468,1497,1372,1347,5134,813,1948,3425,2497,1465,1262,1204,1662,297,418,1395,623,462,299,167,635,165,203,588,203,203,203,203,878,190,435,593,286,203,82,98,904,129,270,677,331,165,203,203,1398,64,348,838,516,238,575,658,0.9,1.2,2.0,9.5,8.4,22.1,5.7,4555,4718,1478,171,630,388,1239,2159,2021,814,382,510,743,492,5099,4717,5134,1662,1361,408,782,635,878,904,1398,3332,3115,3267,1162,899,239,690,429,705,705,1080,3839,3571,3569,1016,847,339,369,320,385,509,829,5099,868,2026,3536,2468,1497,1896,5134,813,1948,3425,2497,1465,1722,1662,297,418,1395,623,462,404,635,165,203,588,203,203,203,1134,189,509,833,412,165,130,1398,64,348,838,516,238,931
ACSSF,2019m1,nc,000,0037,0000081,5534,5932,6206,1795,1782,710,673,992,999,203,58,203,203,203,993,1142,1336,3853,3922,3941,986,931,331,466,831,831,203,203,203,203,203,898,733,679,4279,4365,4363,1296,1187,564,378,557,557,203,58,203,203,203,486,740,1230,5748,837,2162,2578,3168,3424,1759,2347,1634,1179,1415,1407,870,3903,483,1226,1679,1986,2383,1368,1498,1064,583,848,985,721,4454,685,1678,2063,2157,2210,1127,2017,1188,905,1226,1118,602,5534,1128,1751,3229,2933,2001,2013,1177,6206,867,1791,3478,3130,1960,1687,1009,1795,609,351,1085,904,328,727,342,992,203,218,800,305,99,207,281,993,425,454,497,716,99,111,123,1142,153,454,695,576,203,118,92,1336,72,272,1115,752,313,197,301,1.2,1.6,4.9,8.9,14.4,9.1,7.8,4712,4813,1157,314,836,265,765,2510,3229,933,828,637,1056,1211,5534,5932,6206,1795,1782,710,673,992,993,1142,1336,3853,3922,3941,986,931,331,466,831,898,733,679,4279,4365,4363,1296,1187,564,378,557,486,740,1230,5534,1128,1751,3229,2933,2001,2289,6206,867,1791,3478,3130,1960,1942,1795,609,351,1085,904,328,822,992,203,218,800,305,99,343,1513,457,599,859,937,99,238,1336,72,272,1115,752,313,330
ACSSF,2019m1,nc,000,0037,0000082,,,,,,,,,,,,,,,,,,,,,,,,,,,,,,,,,,,,,,,,,,,,,,,,,,,,,,,,,,,,,,,,,,,,,,,,,,,,,,,,,,,,,,,,,,,,,,,,,,,,,,,,,,,,,,,,,,,,,,,,,,,,,,,,,,,,,,,,,,,,,,,,,,,,,,,,,,,,,,,,,,,,,,,,,,,,,,,,,,,,,,,,,,,,,,,,,,,,,,,,,,,,,,,,,,,,,,,,,,,,,,,,,,,,,,,,,,,,,,,,,,
ACSSF,2019m1,nc,000,0037,0000083,,,,,,,,,,,,,,,,,,,,,,,,,,,,,,,,,,,,,,,,,,,,,,,,,,,,,,,,,,,,,,,,,,,,,,,,,,,,,,,,,,,,,,,,,,,,,,,,,,,,,,,,,,,,,,,,,,,,,,,,,,,,,,,,,,,,,,,,,,,,,,,,,,,,,,,,,,,,,,,,,,,,,,,,,,,,,,,,,,,,,,,,,,,,,,,,,,,,,,,,,,,,,,,,,,,,,,,,,,,,,,,,,,,,,,,,,,,,,,,,,,
ACSSF,2019m1,nc,000,0037,0000084,,,,,,,,,,,,,,,,,,,,,,,,,,,,,,,,,,,,,,,,,,,,,,,,,,,,,,,,,,,,,,,,,,,,,,,,,,,,,,,,,,,,,,,,,,,,,,,,,,,,,,,,,,,,,,,,,,,,,,,,,,,,,,,,,,,,,,,,,,,,,,,,,,,,,,,,,,,,,,,,,,,,,,,,,,,,,,,,,,,,,,,,,,,,,,,,,,,,,,,,,,,,,,,,,,,,,,,,,,,,,,,,,,,,,,,,,,,,,,,,,,
ACSSF,2019m1,nc,000,0037,0000085,,,,,,,,,,,,,,,,,,,,,,,,,,,,,,,,,,,,,,,,,,,,,,,,,,,,,,,,,,,,,,,,,,,,,,,,,,,,,,,,,,,,,,,,,,,,,,,,,,,,,,,,,,,,,,,,,,,,,,,,,,,,,,,,,,,,,,,,,,,,,,,,,,,,,,,,,,,,,,,,,,,,,,,,,,,,,,,,,,,,,,,,,,,,,,,,,,,,,,,,,,,,,,,,,,,,,,,,,,,,,,,,,,,,,,,,,,,,,,,,,,
ACSSF,2019m1,nc,000,0037,0000086,,,,,,,,,,,,,,,,,,,,,,,,,,,,,,,,,,,,,,,,,,,,,,,,,,,,,,,,,,,,,,,,,,,,,,,,,,,,,,,,,,,,,,,,,,,,,,,,,,,,,,,,,,,,,,,,,,,,,,,,,,,,,,,,,,,,,,,,,,,,,,,,,,,,,,,,,,,,,,,,,,,,,,,,,,,,,,,,,,,,,,,,,,,,,,,,,,,,,,,,,,,,,,,,,,,,,,,,,,,,,,,,,,,,,,,,,,,,,,,,,,
ACSSF,2019m1,nc,000,0037,0000087,,,,,,,,,,,,,,,,,,,,,,,,,,,,,,,,,,,,,,,,,,,,,,,,,,,,,,,,,,,,,,,,,,,,,,,,,,,,,,,,,,,,,,,,,,,,,,,,,,,,,,,,,,,,,,,,,,,,,,,,,,,,,,,,,,,,,,,,,,,,,,,,,,,,,,,,,,,,,,,,,,,,,,,,,,,,,,,,,,,,,,,,,,,,,,,,,,,,,,,,,,,,,,,,,,,,,,,,,,,,,,,,,,,,,,,,,,,,,,,,,,
ACSSF,2019m1,nc,000,0037,0000088,,,,,,,,,,,,,,,,,,,,,,,,,,,,,,,,,,,,,,,,,,,,,,,,,,,,,,,,,,,,,,,,,,,,,,,,,,,,,,,,,,,,,,,,,,,,,,,,,,,,,,,,,,,,,,,,,,,,,,,,,,,,,,,,,,,,,,,,,,,,,,,,,,,,,,,,,,,,,,,,,,,,,,,,,,,,,,,,,,,,,,,,,,,,,,,,,,,,,,,,,,,,,,,,,,,,,,,,,,,,,,,,,,,,,,,,,,,,,,,,,,
ACSSF,2019m1,nc,000,0037,0000089,,,,,,,,,,,,,,,,,,,,,,,,,,,,,,,,,,,,,,,,,,,,,,,,,,,,,,,,,,,,,,,,,,,,,,,,,,,,,,,,,,,,,,,,,,,,,,,,,,,,,,,,,,,,,,,,,,,,,,,,,,,,,,,,,,,,,,,,,,,,,,,,,,,,,,,,,,,,,,,,,,,,,,,,,,,,,,,,,,,,,,,,,,,,,,,,,,,,,,,,,,,,,,,,,,,,,,,,,,,,,,,,,,,,,,,,,,,,,,,,,,
ACSSF,2019m1,nc,000,0037,0000090,,,,,,,,,,,,,,,,,,,,,,,,,,,,,,,,,,,,,,,,,,,,,,,,,,,,,,,,,,,,,,,,,,,,,,,,,,,,,,,,,,,,,,,,,,,,,,,,,,,,,,,,,,,,,,,,,,,,,,,,,,,,,,,,,,,,,,,,,,,,,,,,,,,,,,,,,,,,,,,,,,,,,,,,,,,,,,,,,,,,,,,,,,,,,,,,,,,,,,,,,,,,,,,,,,,,,,,,,,,,,,,,,,,,,,,,,,,,,,,,,,
ACSSF,2019m1,nc,000,0037,0000091,,,,,,,,,,,,,,,,,,,,,,,,,,,,,,,,,,,,,,,,,,,,,,,,,,,,,,,,,,,,,,,,,,,,,,,,,,,,,,,,,,,,,,,,,,,,,,,,,,,,,,,,,,,,,,,,,,,,,,,,,,,,,,,,,,,,,,,,,,,,,,,,,,,,,,,,,,,,,,,,,,,,,,,,,,,,,,,,,,,,,,,,,,,,,,,,,,,,,,,,,,,,,,,,,,,,,,,,,,,,,,,,,,,,,,,,,,,,,,,,,,
ACSSF,2019m1,nc,000,0037,0000092,,,,,,,,,,,,,,,,,,,,,,,,,,,,,,,,,,,,,,,,,,,,,,,,,,,,,,,,,,,,,,,,,,,,,,,,,,,,,,,,,,,,,,,,,,,,,,,,,,,,,,,,,,,,,,,,,,,,,,,,,,,,,,,,,,,,,,,,,,,,,,,,,,,,,,,,,,,,,,,,,,,,,,,,,,,,,,,,,,,,,,,,,,,,,,,,,,,,,,,,,,,,,,,,,,,,,,,,,,,,,,,,,,,,,,,,,,,,,,,,,,
ACSSF,2019m1,nc,000,0037,0000093,,,,,,,,,,,,,,,,,,,,,,,,,,,,,,,,,,,,,,,,,,,,,,,,,,,,,,,,,,,,,,,,,,,,,,,,,,,,,,,,,,,,,,,,,,,,,,,,,,,,,,,,,,,,,,,,,,,,,,,,,,,,,,,,,,,,,,,,,,,,,,,,,,,,,,,,,,,,,,,,,,,,,,,,,,,,,,,,,,,,,,,,,,,,,,,,,,,,,,,,,,,,,,,,,,,,,,,,,,,,,,,,,,,,,,,,,,,,,,,,,,
ACSSF,2019m1,nc,000,0037,0000094,,,,,,,,,,,,,,,,,,,,,,,,,,,,,,,,,,,,,,,,,,,,,,,,,,,,,,,,,,,,,,,,,,,,,,,,,,,,,,,,,,,,,,,,,,,,,,,,,,,,,,,,,,,,,,,,,,,,,,,,,,,,,,,,,,,,,,,,,,,,,,,,,,,,,,,,,,,,,,,,,,,,,,,,,,,,,,,,,,,,,,,,,,,,,,,,,,,,,,,,,,,,,,,,,,,,,,,,,,,,,,,,,,,,,,,,,,,,,,,,,,
ACSSF,2019m1,nc,000,0037,0000095,,,,,,,,,,,,,,,,,,,,,,,,,,,,,,,,,,,,,,,,,,,,,,,,,,,,,,,,,,,,,,,,,,,,,,,,,,,,,,,,,,,,,,,,,,,,,,,,,,,,,,,,,,,,,,,,,,,,,,,,,,,,,,,,,,,,,,,,,,,,,,,,,,,,,,,,,,,,,,,,,,,,,,,,,,,,,,,,,,,,,,,,,,,,,,,,,,,,,,,,,,,,,,,,,,,,,,,,,,,,,,,,,,,,,,,,,,,,,,,,,,
ACSSF,2019m1,nc,000,0037,0000096,,,,,,,,,,,,,,,,,,,,,,,,,,,,,,,,,,,,,,,,,,,,,,,,,,,,,,,,,,,,,,,,,,,,,,,,,,,,,,,,,,,,,,,,,,,,,,,,,,,,,,,,,,,,,,,,,,,,,,,,,,,,,,,,,,,,,,,,,,,,,,,,,,,,,,,,,,,,,,,,,,,,,,,,,,,,,,,,,,,,,,,,,,,,,,,,,,,,,,,,,,,,,,,,,,,,,,,,,,,,,,,,,,,,,,,,,,,,,,,,,,
ACSSF,2019m1,nc,000,0037,0000097,,,,,,,,,,,,,,,,,,,,,,,,,,,,,,,,,,,,,,,,,,,,,,,,,,,,,,,,,,,,,,,,,,,,,,,,,,,,,,,,,,,,,,,,,,,,,,,,,,,,,,,,,,,,,,,,,,,,,,,,,,,,,,,,,,,,,,,,,,,,,,,,,,,,,,,,,,,,,,,,,,,,,,,,,,,,,,,,,,,,,,,,,,,,,,,,,,,,,,,,,,,,,,,,,,,,,,,,,,,,,,,,,,,,,,,,,,,,,,,,,,
ACSSF,2019m1,nc,000,0037,0000098,,,,,,,,,,,,,,,,,,,,,,,,,,,,,,,,,,,,,,,,,,,,,,,,,,,,,,,,,,,,,,,,,,,,,,,,,,,,,,,,,,,,,,,,,,,,,,,,,,,,,,,,,,,,,,,,,,,,,,,,,,,,,,,,,,,,,,,,,,,,,,,,,,,,,,,,,,,,,,,,,,,,,,,,,,,,,,,,,,,,,,,,,,,,,,,,,,,,,,,,,,,,,,,,,,,,,,,,,,,,,,,,,,,,,,,,,,,,,,,,,,
ACSSF,2019m1,nc,000,0037,0000099,,,,,,,,,,,,,,,,,,,,,,,,,,,,,,,,,,,,,,,,,,,,,,,,,,,,,,,,,,,,,,,,,,,,,,,,,,,,,,,,,,,,,,,,,,,,,,,,,,,,,,,,,,,,,,,,,,,,,,,,,,,,,,,,,,,,,,,,,,,,,,,,,,,,,,,,,,,,,,,,,,,,,,,,,,,,,,,,,,,,,,,,,,,,,,,,,,,,,,,,,,,,,,,,,,,,,,,,,,,,,,,,,,,,,,,,,,,,,,,,,,
ACSSF,2019m1,nc,000,0037,0000100,,,,,,,,,,,,,,,,,,,,,,,,,,,,,,,,,,,,,,,,,,,,,,,,,,,,,,,,,,,,,,,,,,,,,,,,,,,,,,,,,,,,,,,,,,,,,,,,,,,,,,,,,,,,,,,,,,,,,,,,,,,,,,,,,,,,,,,,,,,,,,,,,,,,,,,,,,,,,,,,,,,,,,,,,,,,,,,,,,,,,,,,,,,,,,,,,,,,,,,,,,,,,,,,,,,,,,,,,,,,,,,,,,,,,,,,,,,,,,,,,,
ACSSF,2019m1,nc,000,0037,0000101,,,,,,,,,,,,,,,,,,,,,,,,,,,,,,,,,,,,,,,,,,,,,,,,,,,,,,,,,,,,,,,,,,,,,,,,,,,,,,,,,,,,,,,,,,,,,,,,,,,,,,,,,,,,,,,,,,,,,,,,,,,,,,,,,,,,,,,,,,,,,,,,,,,,,,,,,,,,,,,,,,,,,,,,,,,,,,,,,,,,,,,,,,,,,,,,,,,,,,,,,,,,,,,,,,,,,,,,,,,,,,,,,,,,,,,,,,,,,,,,,,
ACSSF,2019m1,nc,000,0037,0000102,,,,,,,,,,,,,,,,,,,,,,,,,,,,,,,,,,,,,,,,,,,,,,,,,,,,,,,,,,,,,,,,,,,,,,,,,,,,,,,,,,,,,,,,,,,,,,,,,,,,,,,,,,,,,,,,,,,,,,,,,,,,,,,,,,,,,,,,,,,,,,,,,,,,,,,,,,,,,,,,,,,,,,,,,,,,,,,,,,,,,,,,,,,,,,,,,,,,,,,,,,,,,,,,,,,,,,,,,,,,,,,,,,,,,,,,,,,,,,,,,,
ACSSF,2019m1,nc,000,0037,0000103,,,,,,,,,,,,,,,,,,,,,,,,,,,,,,,,,,,,,,,,,,,,,,,,,,,,,,,,,,,,,,,,,,,,,,,,,,,,,,,,,,,,,,,,,,,,,,,,,,,,,,,,,,,,,,,,,,,,,,,,,,,,,,,,,,,,,,,,,,,,,,,,,,,,,,,,,,,,,,,,,,,,,,,,,,,,,,,,,,,,,,,,,,,,,,,,,,,,,,,,,,,,,,,,,,,,,,,,,,,,,,,,,,,,,,,,,,,,,,,,,,
ACSSF,2019m1,nc,000,0037,0000104,,,,,,,,,,,,,,,,,,,,,,,,,,,,,,,,,,,,,,,,,,,,,,,,,,,,,,,,,,,,,,,,,,,,,,,,,,,,,,,,,,,,,,,,,,,,,,,,,,,,,,,,,,,,,,,,,,,,,,,,,,,,,,,,,,,,,,,,,,,,,,,,,,,,,,,,,,,,,,,,,,,,,,,,,,,,,,,,,,,,,,,,,,,,,,,,,,,,,,,,,,,,,,,,,,,,,,,,,,,,,,,,,,,,,,,,,,,,,,,,,,
ACSSF,2019m1,nc,000,0037,0000105,,,,,,,,,,,,,,,,,,,,,,,,,,,,,,,,,,,,,,,,,,,,,,,,,,,,,,,,,,,,,,,,,,,,,,,,,,,,,,,,,,,,,,,,,,,,,,,,,,,,,,,,,,,,,,,,,,,,,,,,,,,,,,,,,,,,,,,,,,,,,,,,,,,,,,,,,,,,,,,,,,,,,,,,,,,,,,,,,,,,,,,,,,,,,,,,,,,,,,,,,,,,,,,,,,,,,,,,,,,,,,,,,,,,,,,,,,,,,,,,,,
ACSSF,2019m1,nc,000,0037,0000106,,,,,,,,,,,,,,,,,,,,,,,,,,,,,,,,,,,,,,,,,,,,,,,,,,,,,,,,,,,,,,,,,,,,,,,,,,,,,,,,,,,,,,,,,,,,,,,,,,,,,,,,,,,,,,,,,,,,,,,,,,,,,,,,,,,,,,,,,,,,,,,,,,,,,,,,,,,,,,,,,,,,,,,,,,,,,,,,,,,,,,,,,,,,,,,,,,,,,,,,,,,,,,,,,,,,,,,,,,,,,,,,,,,,,,,,,,,,,,,,,,
ACSSF,2019m1,nc,000,0037,0000107,,,,,,,,,,,,,,,,,,,,,,,,,,,,,,,,,,,,,,,,,,,,,,,,,,,,,,,,,,,,,,,,,,,,,,,,,,,,,,,,,,,,,,,,,,,,,,,,,,,,,,,,,,,,,,,,,,,,,,,,,,,,,,,,,,,,,,,,,,,,,,,,,,,,,,,,,,,,,,,,,,,,,,,,,,,,,,,,,,,,,,,,,,,,,,,,,,,,,,,,,,,,,,,,,,,,,,,,,,,,,,,,,,,,,,,,,,,,,,,,,,
ACSSF,2019m1,nc,000,0037,0000108,,,,,,,,,,,,,,,,,,,,,,,,,,,,,,,,,,,,,,,,,,,,,,,,,,,,,,,,,,,,,,,,,,,,,,,,,,,,,,,,,,,,,,,,,,,,,,,,,,,,,,,,,,,,,,,,,,,,,,,,,,,,,,,,,,,,,,,,,,,,,,,,,,,,,,,,,,,,,,,,,,,,,,,,,,,,,,,,,,,,,,,,,,,,,,,,,,,,,,,,,,,,,,,,,,,,,,,,,,,,,,,,,,,,,,,,,,,,,,,,,,
ACSSF,2019m1,nc,000,0037,0000109,,,,,,,,,,,,,,,,,,,,,,,,,,,,,,,,,,,,,,,,,,,,,,,,,,,,,,,,,,,,,,,,,,,,,,,,,,,,,,,,,,,,,,,,,,,,,,,,,,,,,,,,,,,,,,,,,,,,,,,,,,,,,,,,,,,,,,,,,,,,,,,,,,,,,,,,,,,,,,,,,,,,,,,,,,,,,,,,,,,,,,,,,,,,,,,,,,,,,,,,,,,,,,,,,,,,,,,,,,,,,,,,,,,,,,,,,,,,,,,,,,
ACSSF,2019m1,nc,000,0037,0000110,,,,,,,,,,,,,,,,,,,,,,,,,,,,,,,,,,,,,,,,,,,,,,,,,,,,,,,,,,,,,,,,,,,,,,,,,,,,,,,,,,,,,,,,,,,,,,,,,,,,,,,,,,,,,,,,,,,,,,,,,,,,,,,,,,,,,,,,,,,,,,,,,,,,,,,,,,,,,,,,,,,,,,,,,,,,,,,,,,,,,,,,,,,,,,,,,,,,,,,,,,,,,,,,,,,,,,,,,,,,,,,,,,,,,,,,,,,,,,,,,,
ACSSF,2019m1,nc,000,0037,0000111,,,,,,,,,,,,,,,,,,,,,,,,,,,,,,,,,,,,,,,,,,,,,,,,,,,,,,,,,,,,,,,,,,,,,,,,,,,,,,,,,,,,,,,,,,,,,,,,,,,,,,,,,,,,,,,,,,,,,,,,,,,,,,,,,,,,,,,,,,,,,,,,,,,,,,,,,,,,,,,,,,,,,,,,,,,,,,,,,,,,,,,,,,,,,,,,,,,,,,,,,,,,,,,,,,,,,,,,,,,,,,,,,,,,,,,,,,,,,,,,,,
ACSSF,2019m1,nc,000,0037,0000112,,,,,,,,,,,,,,,,,,,,,,,,,,,,,,,,,,,,,,,,,,,,,,,,,,,,,,,,,,,,,,,,,,,,,,,,,,,,,,,,,,,,,,,,,,,,,,,,,,,,,,,,,,,,,,,,,,,,,,,,,,,,,,,,,,,,,,,,,,,,,,,,,,,,,,,,,,,,,,,,,,,,,,,,,,,,,,,,,,,,,,,,,,,,,,,,,,,,,,,,,,,,,,,,,,,,,,,,,,,,,,,,,,,,,,,,,,,,,,,,,,
ACSSF,2019m1,nc,000,0037,0000113,,,,,,,,,,,,,,,,,,,,,,,,,,,,,,,,,,,,,,,,,,,,,,,,,,,,,,,,,,,,,,,,,,,,,,,,,,,,,,,,,,,,,,,,,,,,,,,,,,,,,,,,,,,,,,,,,,,,,,,,,,,,,,,,,,,,,,,,,,,,,,,,,,,,,,,,,,,,,,,,,,,,,,,,,,,,,,,,,,,,,,,,,,,,,,,,,,,,,,,,,,,,,,,,,,,,,,,,,,,,,,,,,,,,,,,,,,,,,,,,,,
ACSSF,2019m1,nc,000,0037,0000114,,,,,,,,,,,,,,,,,,,,,,,,,,,,,,,,,,,,,,,,,,,,,,,,,,,,,,,,,,,,,,,,,,,,,,,,,,,,,,,,,,,,,,,,,,,,,,,,,,,,,,,,,,,,,,,,,,,,,,,,,,,,,,,,,,,,,,,,,,,,,,,,,,,,,,,,,,,,,,,,,,,,,,,,,,,,,,,,,,,,,,,,,,,,,,,,,,,,,,,,,,,,,,,,,,,,,,,,,,,,,,,,,,,,,,,,,,,,,,,,,,
ACSSF,2019m1,nc,000,0037,0000115,,,,,,,,,,,,,,,,,,,,,,,,,,,,,,,,,,,,,,,,,,,,,,,,,,,,,,,,,,,,,,,,,,,,,,,,,,,,,,,,,,,,,,,,,,,,,,,,,,,,,,,,,,,,,,,,,,,,,,,,,,,,,,,,,,,,,,,,,,,,,,,,,,,,,,,,,,,,,,,,,,,,,,,,,,,,,,,,,,,,,,,,,,,,,,,,,,,,,,,,,,,,,,,,,,,,,,,,,,,,,,,,,,,,,,,,,,,,,,,,,,
ACSSF,2019m1,nc,000,0037,0000116,,,,,,,,,,,,,,,,,,,,,,,,,,,,,,,,,,,,,,,,,,,,,,,,,,,,,,,,,,,,,,,,,,,,,,,,,,,,,,,,,,,,,,,,,,,,,,,,,,,,,,,,,,,,,,,,,,,,,,,,,,,,,,,,,,,,,,,,,,,,,,,,,,,,,,,,,,,,,,,,,,,,,,,,,,,,,,,,,,,,,,,,,,,,,,,,,,,,,,,,,,,,,,,,,,,,,,,,,,,,,,,,,,,,,,,,,,,,,,,,,,
ACSSF,2019m1,nc,000,0037,0000117,,,,,,,,,,,,,,,,,,,,,,,,,,,,,,,,,,,,,,,,,,,,,,,,,,,,,,,,,,,,,,,,,,,,,,,,,,,,,,,,,,,,,,,,,,,,,,,,,,,,,,,,,,,,,,,,,,,,,,,,,,,,,,,,,,,,,,,,,,,,,,,,,,,,,,,,,,,,,,,,,,,,,,,,,,,,,,,,,,,,,,,,,,,,,,,,,,,,,,,,,,,,,,,,,,,,,,,,,,,,,,,,,,,,,,,,,,,,,,,,,,
ACSSF,2019m1,nc,000,0037,0000118,,,,,,,,,,,,,,,,,,,,,,,,,,,,,,,,,,,,,,,,,,,,,,,,,,,,,,,,,,,,,,,,,,,,,,,,,,,,,,,,,,,,,,,,,,,,,,,,,,,,,,,,,,,,,,,,,,,,,,,,,,,,,,,,,,,,,,,,,,,,,,,,,,,,,,,,,,,,,,,,,,,,,,,,,,,,,,,,,,,,,,,,,,,,,,,,,,,,,,,,,,,,,,,,,,,,,,,,,,,,,,,,,,,,,,,,,,,,,,,,,,
ACSSF,2019m1,nc,000,0037,0000119,,,,,,,,,,,,,,,,,,,,,,,,,,,,,,,,,,,,,,,,,,,,,,,,,,,,,,,,,,,,,,,,,,,,,,,,,,,,,,,,,,,,,,,,,,,,,,,,,,,,,,,,,,,,,,,,,,,,,,,,,,,,,,,,,,,,,,,,,,,,,,,,,,,,,,,,,,,,,,,,,,,,,,,,,,,,,,,,,,,,,,,,,,,,,,,,,,,,,,,,,,,,,,,,,,,,,,,,,,,,,,,,,,,,,,,,,,,,,,,,,,
ACSSF,2019m1,nc,000,0037,0000120,,,,,,,,,,,,,,,,,,,,,,,,,,,,,,,,,,,,,,,,,,,,,,,,,,,,,,,,,,,,,,,,,,,,,,,,,,,,,,,,,,,,,,,,,,,,,,,,,,,,,,,,,,,,,,,,,,,,,,,,,,,,,,,,,,,,,,,,,,,,,,,,,,,,,,,,,,,,,,,,,,,,,,,,,,,,,,,,,,,,,,,,,,,,,,,,,,,,,,,,,,,,,,,,,,,,,,,,,,,,,,,,,,,,,,,,,,,,,,,,,,
ACSSF,2019m1,nc,000,0037,0000121,,,,,,,,,,,,,,,,,,,,,,,,,,,,,,,,,,,,,,,,,,,,,,,,,,,,,,,,,,,,,,,,,,,,,,,,,,,,,,,,,,,,,,,,,,,,,,,,,,,,,,,,,,,,,,,,,,,,,,,,,,,,,,,,,,,,,,,,,,,,,,,,,,,,,,,,,,,,,,,,,,,,,,,,,,,,,,,,,,,,,,,,,,,,,,,,,,,,,,,,,,,,,,,,,,,,,,,,,,,,,,,,,,,,,,,,,,,,,,,,,,
ACSSF,2019m1,nc,000,0037,0000122,,,,,,,,,,,,,,,,,,,,,,,,,,,,,,,,,,,,,,,,,,,,,,,,,,,,,,,,,,,,,,,,,,,,,,,,,,,,,,,,,,,,,,,,,,,,,,,,,,,,,,,,,,,,,,,,,,,,,,,,,,,,,,,,,,,,,,,,,,,,,,,,,,,,,,,,,,,,,,,,,,,,,,,,,,,,,,,,,,,,,,,,,,,,,,,,,,,,,,,,,,,,,,,,,,,,,,,,,,,,,,,,,,,,,,,,,,,,,,,,,,
ACSSF,2019m1,nc,000,0037,0000123,,,,,,,,,,,,,,,,,,,,,,,,,,,,,,,,,,,,,,,,,,,,,,,,,,,,,,,,,,,,,,,,,,,,,,,,,,,,,,,,,,,,,,,,,,,,,,,,,,,,,,,,,,,,,,,,,,,,,,,,,,,,,,,,,,,,,,,,,,,,,,,,,,,,,,,,,,,,,,,,,,,,,,,,,,,,,,,,,,,,,,,,,,,,,,,,,,,,,,,,,,,,,,,,,,,,,,,,,,,,,,,,,,,,,,,,,,,,,,,,,,
ACSSF,2019m1,nc,000,0037,0000124,,,,,,,,,,,,,,,,,,,,,,,,,,,,,,,,,,,,,,,,,,,,,,,,,,,,,,,,,,,,,,,,,,,,,,,,,,,,,,,,,,,,,,,,,,,,,,,,,,,,,,,,,,,,,,,,,,,,,,,,,,,,,,,,,,,,,,,,,,,,,,,,,,,,,,,,,,,,,,,,,,,,,,,,,,,,,,,,,,,,,,,,,,,,,,,,,,,,,,,,,,,,,,,,,,,,,,,,,,,,,,,,,,,,,,,,,,,,,,,,,,
ACSSF,2019m1,nc,000,0037,0000125,,,,,,,,,,,,,,,,,,,,,,,,,,,,,,,,,,,,,,,,,,,,,,,,,,,,,,,,,,,,,,,,,,,,,,,,,,,,,,,,,,,,,,,,,,,,,,,,,,,,,,,,,,,,,,,,,,,,,,,,,,,,,,,,,,,,,,,,,,,,,,,,,,,,,,,,,,,,,,,,,,,,,,,,,,,,,,,,,,,,,,,,,,,,,,,,,,,,,,,,,,,,,,,,,,,,,,,,,,,,,,,,,,,,,,,,,,,,,,,,,,
ACSSF,2019m1,nc,000,0037,0000126,,,,,,,,,,,,,,,,,,,,,,,,,,,,,,,,,,,,,,,,,,,,,,,,,,,,,,,,,,,,,,,,,,,,,,,,,,,,,,,,,,,,,,,,,,,,,,,,,,,,,,,,,,,,,,,,,,,,,,,,,,,,,,,,,,,,,,,,,,,,,,,,,,,,,,,,,,,,,,,,,,,,,,,,,,,,,,,,,,,,,,,,,,,,,,,,,,,,,,,,,,,,,,,,,,,,,,,,,,,,,,,,,,,,,,,,,,,,,,,,,,
ACSSF,2019m1,nc,000,0037,0000127,,,,,,,,,,,,,,,,,,,,,,,,,,,,,,,,,,,,,,,,,,,,,,,,,,,,,,,,,,,,,,,,,,,,,,,,,,,,,,,,,,,,,,,,,,,,,,,,,,,,,,,,,,,,,,,,,,,,,,,,,,,,,,,,,,,,,,,,,,,,,,,,,,,,,,,,,,,,,,,,,,,,,,,,,,,,,,,,,,,,,,,,,,,,,,,,,,,,,,,,,,,,,,,,,,,,,,,,,,,,,,,,,,,,,,,,,,,,,,,,,,
ACSSF,2019m1,nc,000,0037,0000128,,,,,,,,,,,,,,,,,,,,,,,,,,,,,,,,,,,,,,,,,,,,,,,,,,,,,,,,,,,,,,,,,,,,,,,,,,,,,,,,,,,,,,,,,,,,,,,,,,,,,,,,,,,,,,,,,,,,,,,,,,,,,,,,,,,,,,,,,,,,,,,,,,,,,,,,,,,,,,,,,,,,,,,,,,,,,,,,,,,,,,,,,,,,,,,,,,,,,,,,,,,,,,,,,,,,,,,,,,,,,,,,,,,,,,,,,,,,,,,,,,
ACSSF,2019m1,nc,000,0037,0000129,,,,,,,,,,,,,,,,,,,,,,,,,,,,,,,,,,,,,,,,,,,,,,,,,,,,,,,,,,,,,,,,,,,,,,,,,,,,,,,,,,,,,,,,,,,,,,,,,,,,,,,,,,,,,,,,,,,,,,,,,,,,,,,,,,,,,,,,,,,,,,,,,,,,,,,,,,,,,,,,,,,,,,,,,,,,,,,,,,,,,,,,,,,,,,,,,,,,,,,,,,,,,,,,,,,,,,,,,,,,,,,,,,,,,,,,,,,,,,,,,,
ACSSF,2019m1,nc,000,0037,0000130,,,,,,,,,,,,,,,,,,,,,,,,,,,,,,,,,,,,,,,,,,,,,,,,,,,,,,,,,,,,,,,,,,,,,,,,,,,,,,,,,,,,,,,,,,,,,,,,,,,,,,,,,,,,,,,,,,,,,,,,,,,,,,,,,,,,,,,,,,,,,,,,,,,,,,,,,,,,,,,,,,,,,,,,,,,,,,,,,,,,,,,,,,,,,,,,,,,,,,,,,,,,,,,,,,,,,,,,,,,,,,,,,,,,,,,,,,,,,,,,,,
ACSSF,2019m1,nc,000,0037,0000131,,,,,,,,,,,,,,,,,,,,,,,,,,,,,,,,,,,,,,,,,,,,,,,,,,,,,,,,,,,,,,,,,,,,,,,,,,,,,,,,,,,,,,,,,,,,,,,,,,,,,,,,,,,,,,,,,,,,,,,,,,,,,,,,,,,,,,,,,,,,,,,,,,,,,,,,,,,,,,,,,,,,,,,,,,,,,,,,,,,,,,,,,,,,,,,,,,,,,,,,,,,,,,,,,,,,,,,,,,,,,,,,,,,,,,,,,,,,,,,,,,
ACSSF,2019m1,nc,000,0037,0000132,,,,,,,,,,,,,,,,,,,,,,,,,,,,,,,,,,,,,,,,,,,,,,,,,,,,,,,,,,,,,,,,,,,,,,,,,,,,,,,,,,,,,,,,,,,,,,,,,,,,,,,,,,,,,,,,,,,,,,,,,,,,,,,,,,,,,,,,,,,,,,,,,,,,,,,,,,,,,,,,,,,,,,,,,,,,,,,,,,,,,,,,,,,,,,,,,,,,,,,,,,,,,,,,,,,,,,,,,,,,,,,,,,,,,,,,,,,,,,,,,,
ACSSF,2019m1,nc,000,0037,0000133,,,,,,,,,,,,,,,,,,,,,,,,,,,,,,,,,,,,,,,,,,,,,,,,,,,,,,,,,,,,,,,,,,,,,,,,,,,,,,,,,,,,,,,,,,,,,,,,,,,,,,,,,,,,,,,,,,,,,,,,,,,,,,,,,,,,,,,,,,,,,,,,,,,,,,,,,,,,,,,,,,,,,,,,,,,,,,,,,,,,,,,,,,,,,,,,,,,,,,,,,,,,,,,,,,,,,,,,,,,,,,,,,,,,,,,,,,,,,,,,,,
ACSSF,2019m1,nc,000,0037,0000134,,,,,,,,,,,,,,,,,,,,,,,,,,,,,,,,,,,,,,,,,,,,,,,,,,,,,,,,,,,,,,,,,,,,,,,,,,,,,,,,,,,,,,,,,,,,,,,,,,,,,,,,,,,,,,,,,,,,,,,,,,,,,,,,,,,,,,,,,,,,,,,,,,,,,,,,,,,,,,,,,,,,,,,,,,,,,,,,,,,,,,,,,,,,,,,,,,,,,,,,,,,,,,,,,,,,,,,,,,,,,,,,,,,,,,,,,,,,,,,,,,
ACSSF,2019m1,nc,000,0037,0000135,,,,,,,,,,,,,,,,,,,,,,,,,,,,,,,,,,,,,,,,,,,,,,,,,,,,,,,,,,,,,,,,,,,,,,,,,,,,,,,,,,,,,,,,,,,,,,,,,,,,,,,,,,,,,,,,,,,,,,,,,,,,,,,,,,,,,,,,,,,,,,,,,,,,,,,,,,,,,,,,,,,,,,,,,,,,,,,,,,,,,,,,,,,,,,,,,,,,,,,,,,,,,,,,,,,,,,,,,,,,,,,,,,,,,,,,,,,,,,,,,,
ACSSF,2019m1,nc,000,0037,0000136,,,,,,,,,,,,,,,,,,,,,,,,,,,,,,,,,,,,,,,,,,,,,,,,,,,,,,,,,,,,,,,,,,,,,,,,,,,,,,,,,,,,,,,,,,,,,,,,,,,,,,,,,,,,,,,,,,,,,,,,,,,,,,,,,,,,,,,,,,,,,,,,,,,,,,,,,,,,,,,,,,,,,,,,,,,,,,,,,,,,,,,,,,,,,,,,,,,,,,,,,,,,,,,,,,,,,,,,,,,,,,,,,,,,,,,,,,,,,,,,,,
ACSSF,2019m1,nc,000,0037,0000137,,,,,,,,,,,,,,,,,,,,,,,,,,,,,,,,,,,,,,,,,,,,,,,,,,,,,,,,,,,,,,,,,,,,,,,,,,,,,,,,,,,,,,,,,,,,,,,,,,,,,,,,,,,,,,,,,,,,,,,,,,,,,,,,,,,,,,,,,,,,,,,,,,,,,,,,,,,,,,,,,,,,,,,,,,,,,,,,,,,,,,,,,,,,,,,,,,,,,,,,,,,,,,,,,,,,,,,,,,,,,,,,,,,,,,,,,,,,,,,,,,
ACSSF,2019m1,nc,000,0037,0000138,,,,,,,,,,,,,,,,,,,,,,,,,,,,,,,,,,,,,,,,,,,,,,,,,,,,,,,,,,,,,,,,,,,,,,,,,,,,,,,,,,,,,,,,,,,,,,,,,,,,,,,,,,,,,,,,,,,,,,,,,,,,,,,,,,,,,,,,,,,,,,,,,,,,,,,,,,,,,,,,,,,,,,,,,,,,,,,,,,,,,,,,,,,,,,,,,,,,,,,,,,,,,,,,,,,,,,,,,,,,,,,,,,,,,,,,,,,,,,,,,,
ACSSF,2019m1,nc,000,0037,0000139,,,,,,,,,,,,,,,,,,,,,,,,,,,,,,,,,,,,,,,,,,,,,,,,,,,,,,,,,,,,,,,,,,,,,,,,,,,,,,,,,,,,,,,,,,,,,,,,,,,,,,,,,,,,,,,,,,,,,,,,,,,,,,,,,,,,,,,,,,,,,,,,,,,,,,,,,,,,,,,,,,,,,,,,,,,,,,,,,,,,,,,,,,,,,,,,,,,,,,,,,,,,,,,,,,,,,,,,,,,,,,,,,,,,,,,,,,,,,,,,,,
ACSSF,2019m1,nc,000,0037,0000140,,,,,,,,,,,,,,,,,,,,,,,,,,,,,,,,,,,,,,,,,,,,,,,,,,,,,,,,,,,,,,,,,,,,,,,,,,,,,,,,,,,,,,,,,,,,,,,,,,,,,,,,,,,,,,,,,,,,,,,,,,,,,,,,,,,,,,,,,,,,,,,,,,,,,,,,,,,,,,,,,,,,,,,,,,,,,,,,,,,,,,,,,,,,,,,,,,,,,,,,,,,,,,,,,,,,,,,,,,,,,,,,,,,,,,,,,,,,,,,,,,
ACSSF,2019m1,nc,000,0037,0000141,,,,,,,,,,,,,,,,,,,,,,,,,,,,,,,,,,,,,,,,,,,,,,,,,,,,,,,,,,,,,,,,,,,,,,,,,,,,,,,,,,,,,,,,,,,,,,,,,,,,,,,,,,,,,,,,,,,,,,,,,,,,,,,,,,,,,,,,,,,,,,,,,,,,,,,,,,,,,,,,,,,,,,,,,,,,,,,,,,,,,,,,,,,,,,,,,,,,,,,,,,,,,,,,,,,,,,,,,,,,,,,,,,,,,,,,,,,,,,,,,,
ACSSF,2019m1,nc,000,0037,0000142,,,,,,,,,,,,,,,,,,,,,,,,,,,,,,,,,,,,,,,,,,,,,,,,,,,,,,,,,,,,,,,,,,,,,,,,,,,,,,,,,,,,,,,,,,,,,,,,,,,,,,,,,,,,,,,,,,,,,,,,,,,,,,,,,,,,,,,,,,,,,,,,,,,,,,,,,,,,,,,,,,,,,,,,,,,,,,,,,,,,,,,,,,,,,,,,,,,,,,,,,,,,,,,,,,,,,,,,,,,,,,,,,,,,,,,,,,,,,,,,,,
ACSSF,2019m1,nc,000,0037,0000143,,,,,,,,,,,,,,,,,,,,,,,,,,,,,,,,,,,,,,,,,,,,,,,,,,,,,,,,,,,,,,,,,,,,,,,,,,,,,,,,,,,,,,,,,,,,,,,,,,,,,,,,,,,,,,,,,,,,,,,,,,,,,,,,,,,,,,,,,,,,,,,,,,,,,,,,,,,,,,,,,,,,,,,,,,,,,,,,,,,,,,,,,,,,,,,,,,,,,,,,,,,,,,,,,,,,,,,,,,,,,,,,,,,,,,,,,,,,,,,,,,
ACSSF,2019m1,nc,000,0037,0000144,,,,,,,,,,,,,,,,,,,,,,,,,,,,,,,,,,,,,,,,,,,,,,,,,,,,,,,,,,,,,,,,,,,,,,,,,,,,,,,,,,,,,,,,,,,,,,,,,,,,,,,,,,,,,,,,,,,,,,,,,,,,,,,,,,,,,,,,,,,,,,,,,,,,,,,,,,,,,,,,,,,,,,,,,,,,,,,,,,,,,,,,,,,,,,,,,,,,,,,,,,,,,,,,,,,,,,,,,,,,,,,,,,,,,,,,,,,,,,,,,,
ACSSF,2019m1,nc,000,0037,0000145,,,,,,,,,,,,,,,,,,,,,,,,,,,,,,,,,,,,,,,,,,,,,,,,,,,,,,,,,,,,,,,,,,,,,,,,,,,,,,,,,,,,,,,,,,,,,,,,,,,,,,,,,,,,,,,,,,,,,,,,,,,,,,,,,,,,,,,,,,,,,,,,,,,,,,,,,,,,,,,,,,,,,,,,,,,,,,,,,,,,,,,,,,,,,,,,,,,,,,,,,,,,,,,,,,,,,,,,,,,,,,,,,,,,,,,,,,,,,,,,,,
ACSSF,2019m1,nc,000,0037,0000146,,,,,,,,,,,,,,,,,,,,,,,,,,,,,,,,,,,,,,,,,,,,,,,,,,,,,,,,,,,,,,,,,,,,,,,,,,,,,,,,,,,,,,,,,,,,,,,,,,,,,,,,,,,,,,,,,,,,,,,,,,,,,,,,,,,,,,,,,,,,,,,,,,,,,,,,,,,,,,,,,,,,,,,,,,,,,,,,,,,,,,,,,,,,,,,,,,,,,,,,,,,,,,,,,,,,,,,,,,,,,,,,,,,,,,,,,,,,,,,,,,
ACSSF,2019m1,nc,000,0037,0000147,,,,,,,,,,,,,,,,,,,,,,,,,,,,,,,,,,,,,,,,,,,,,,,,,,,,,,,,,,,,,,,,,,,,,,,,,,,,,,,,,,,,,,,,,,,,,,,,,,,,,,,,,,,,,,,,,,,,,,,,,,,,,,,,,,,,,,,,,,,,,,,,,,,,,,,,,,,,,,,,,,,,,,,,,,,,,,,,,,,,,,,,,,,,,,,,,,,,,,,,,,,,,,,,,,,,,,,,,,,,,,,,,,,,,,,,,,,,,,,,,,
ACSSF,2019m1,nc,000,0037,0000148,,,,,,,,,,,,,,,,,,,,,,,,,,,,,,,,,,,,,,,,,,,,,,,,,,,,,,,,,,,,,,,,,,,,,,,,,,,,,,,,,,,,,,,,,,,,,,,,,,,,,,,,,,,,,,,,,,,,,,,,,,,,,,,,,,,,,,,,,,,,,,,,,,,,,,,,,,,,,,,,,,,,,,,,,,,,,,,,,,,,,,,,,,,,,,,,,,,,,,,,,,,,,,,,,,,,,,,,,,,,,,,,,,,,,,,,,,,,,,,,,,
ACSSF,2019m1,nc,000,0037,0000149,,,,,,,,,,,,,,,,,,,,,,,,,,,,,,,,,,,,,,,,,,,,,,,,,,,,,,,,,,,,,,,,,,,,,,,,,,,,,,,,,,,,,,,,,,,,,,,,,,,,,,,,,,,,,,,,,,,,,,,,,,,,,,,,,,,,,,,,,,,,,,,,,,,,,,,,,,,,,,,,,,,,,,,,,,,,,,,,,,,,,,,,,,,,,,,,,,,,,,,,,,,,,,,,,,,,,,,,,,,,,,,,,,,,,,,,,,,,,,,,,,
ACSSF,2019m1,nc,000,0037,0000150,,,,,,,,,,,,,,,,,,,,,,,,,,,,,,,,,,,,,,,,,,,,,,,,,,,,,,,,,,,,,,,,,,,,,,,,,,,,,,,,,,,,,,,,,,,,,,,,,,,,,,,,,,,,,,,,,,,,,,,,,,,,,,,,,,,,,,,,,,,,,,,,,,,,,,,,,,,,,,,,,,,,,,,,,,,,,,,,,,,,,,,,,,,,,,,,,,,,,,,,,,,,,,,,,,,,,,,,,,,,,,,,,,,,,,,,,,,,,,,,,,
ACSSF,2019m1,nc,000,0037,0000151,,,,,,,,,,,,,,,,,,,,,,,,,,,,,,,,,,,,,,,,,,,,,,,,,,,,,,,,,,,,,,,,,,,,,,,,,,,,,,,,,,,,,,,,,,,,,,,,,,,,,,,,,,,,,,,,,,,,,,,,,,,,,,,,,,,,,,,,,,,,,,,,,,,,,,,,,,,,,,,,,,,,,,,,,,,,,,,,,,,,,,,,,,,,,,,,,,,,,,,,,,,,,,,,,,,,,,,,,,,,,,,,,,,,,,,,,,,,,,,,,,
ACSSF,2019m1,nc,000,0037,0000152,,,,,,,,,,,,,,,,,,,,,,,,,,,,,,,,,,,,,,,,,,,,,,,,,,,,,,,,,,,,,,,,,,,,,,,,,,,,,,,,,,,,,,,,,,,,,,,,,,,,,,,,,,,,,,,,,,,,,,,,,,,,,,,,,,,,,,,,,,,,,,,,,,,,,,,,,,,,,,,,,,,,,,,,,,,,,,,,,,,,,,,,,,,,,,,,,,,,,,,,,,,,,,,,,,,,,,,,,,,,,,,,,,,,,,,,,,,,,,,,,,
ACSSF,2019m1,nc,000,0037,0000153,,,,,,,,,,,,,,,,,,,,,,,,,,,,,,,,,,,,,,,,,,,,,,,,,,,,,,,,,,,,,,,,,,,,,,,,,,,,,,,,,,,,,,,,,,,,,,,,,,,,,,,,,,,,,,,,,,,,,,,,,,,,,,,,,,,,,,,,,,,,,,,,,,,,,,,,,,,,,,,,,,,,,,,,,,,,,,,,,,,,,,,,,,,,,,,,,,,,,,,,,,,,,,,,,,,,,,,,,,,,,,,,,,,,,,,,,,,,,,,,,,
ACSSF,2019m1,nc,000,0037,0000154,,,,,,,,,,,,,,,,,,,,,,,,,,,,,,,,,,,,,,,,,,,,,,,,,,,,,,,,,,,,,,,,,,,,,,,,,,,,,,,,,,,,,,,,,,,,,,,,,,,,,,,,,,,,,,,,,,,,,,,,,,,,,,,,,,,,,,,,,,,,,,,,,,,,,,,,,,,,,,,,,,,,,,,,,,,,,,,,,,,,,,,,,,,,,,,,,,,,,,,,,,,,,,,,,,,,,,,,,,,,,,,,,,,,,,,,,,,,,,,,,,
ACSSF,2019m1,nc,000,0037,0000155,,,,,,,,,,,,,,,,,,,,,,,,,,,,,,,,,,,,,,,,,,,,,,,,,,,,,,,,,,,,,,,,,,,,,,,,,,,,,,,,,,,,,,,,,,,,,,,,,,,,,,,,,,,,,,,,,,,,,,,,,,,,,,,,,,,,,,,,,,,,,,,,,,,,,,,,,,,,,,,,,,,,,,,,,,,,,,,,,,,,,,,,,,,,,,,,,,,,,,,,,,,,,,,,,,,,,,,,,,,,,,,,,,,,,,,,,,,,,,,,,,
ACSSF,2019m1,nc,000,0037,0000156,,,,,,,,,,,,,,,,,,,,,,,,,,,,,,,,,,,,,,,,,,,,,,,,,,,,,,,,,,,,,,,,,,,,,,,,,,,,,,,,,,,,,,,,,,,,,,,,,,,,,,,,,,,,,,,,,,,,,,,,,,,,,,,,,,,,,,,,,,,,,,,,,,,,,,,,,,,,,,,,,,,,,,,,,,,,,,,,,,,,,,,,,,,,,,,,,,,,,,,,,,,,,,,,,,,,,,,,,,,,,,,,,,,,,,,,,,,,,,,,,,
ACSSF,2019m1,nc,000,0037,0000157,,,,,,,,,,,,,,,,,,,,,,,,,,,,,,,,,,,,,,,,,,,,,,,,,,,,,,,,,,,,,,,,,,,,,,,,,,,,,,,,,,,,,,,,,,,,,,,,,,,,,,,,,,,,,,,,,,,,,,,,,,,,,,,,,,,,,,,,,,,,,,,,,,,,,,,,,,,,,,,,,,,,,,,,,,,,,,,,,,,,,,,,,,,,,,,,,,,,,,,,,,,,,,,,,,,,,,,,,,,,,,,,,,,,,,,,,,,,,,,,,,
ACSSF,2019m1,nc,000,0037,0000158,,,,,,,,,,,,,,,,,,,,,,,,,,,,,,,,,,,,,,,,,,,,,,,,,,,,,,,,,,,,,,,,,,,,,,,,,,,,,,,,,,,,,,,,,,,,,,,,,,,,,,,,,,,,,,,,,,,,,,,,,,,,,,,,,,,,,,,,,,,,,,,,,,,,,,,,,,,,,,,,,,,,,,,,,,,,,,,,,,,,,,,,,,,,,,,,,,,,,,,,,,,,,,,,,,,,,,,,,,,,,,,,,,,,,,,,,,,,,,,,,,
ACSSF,2019m1,nc,000,0037,0000159,,,,,,,,,,,,,,,,,,,,,,,,,,,,,,,,,,,,,,,,,,,,,,,,,,,,,,,,,,,,,,,,,,,,,,,,,,,,,,,,,,,,,,,,,,,,,,,,,,,,,,,,,,,,,,,,,,,,,,,,,,,,,,,,,,,,,,,,,,,,,,,,,,,,,,,,,,,,,,,,,,,,,,,,,,,,,,,,,,,,,,,,,,,,,,,,,,,,,,,,,,,,,,,,,,,,,,,,,,,,,,,,,,,,,,,,,,,,,,,,,,
ACSSF,2019m1,nc,000,0037,0000160,,,,,,,,,,,,,,,,,,,,,,,,,,,,,,,,,,,,,,,,,,,,,,,,,,,,,,,,,,,,,,,,,,,,,,,,,,,,,,,,,,,,,,,,,,,,,,,,,,,,,,,,,,,,,,,,,,,,,,,,,,,,,,,,,,,,,,,,,,,,,,,,,,,,,,,,,,,,,,,,,,,,,,,,,,,,,,,,,,,,,,,,,,,,,,,,,,,,,,,,,,,,,,,,,,,,,,,,,,,,,,,,,,,,,,,,,,,,,,,,,,
ACSSF,2019m1,nc,000,0037,0000161,,,,,,,,,,,,,,,,,,,,,,,,,,,,,,,,,,,,,,,,,,,,,,,,,,,,,,,,,,,,,,,,,,,,,,,,,,,,,,,,,,,,,,,,,,,,,,,,,,,,,,,,,,,,,,,,,,,,,,,,,,,,,,,,,,,,,,,,,,,,,,,,,,,,,,,,,,,,,,,,,,,,,,,,,,,,,,,,,,,,,,,,,,,,,,,,,,,,,,,,,,,,,,,,,,,,,,,,,,,,,,,,,,,,,,,,,,,,,,,,,,
ACSSF,2019m1,nc,000,0037,0000162,,,,,,,,,,,,,,,,,,,,,,,,,,,,,,,,,,,,,,,,,,,,,,,,,,,,,,,,,,,,,,,,,,,,,,,,,,,,,,,,,,,,,,,,,,,,,,,,,,,,,,,,,,,,,,,,,,,,,,,,,,,,,,,,,,,,,,,,,,,,,,,,,,,,,,,,,,,,,,,,,,,,,,,,,,,,,,,,,,,,,,,,,,,,,,,,,,,,,,,,,,,,,,,,,,,,,,,,,,,,,,,,,,,,,,,,,,,,,,,,,,
ACSSF,2019m1,nc,000,0037,0000163,,,,,,,,,,,,,,,,,,,,,,,,,,,,,,,,,,,,,,,,,,,,,,,,,,,,,,,,,,,,,,,,,,,,,,,,,,,,,,,,,,,,,,,,,,,,,,,,,,,,,,,,,,,,,,,,,,,,,,,,,,,,,,,,,,,,,,,,,,,,,,,,,,,,,,,,,,,,,,,,,,,,,,,,,,,,,,,,,,,,,,,,,,,,,,,,,,,,,,,,,,,,,,,,,,,,,,,,,,,,,,,,,,,,,,,,,,,,,,,,,,
ACSSF,2019m1,nc,000,0037,0000164,,,,,,,,,,,,,,,,,,,,,,,,,,,,,,,,,,,,,,,,,,,,,,,,,,,,,,,,,,,,,,,,,,,,,,,,,,,,,,,,,,,,,,,,,,,,,,,,,,,,,,,,,,,,,,,,,,,,,,,,,,,,,,,,,,,,,,,,,,,,,,,,,,,,,,,,,,,,,,,,,,,,,,,,,,,,,,,,,,,,,,,,,,,,,,,,,,,,,,,,,,,,,,,,,,,,,,,,,,,,,,,,,,,,,,,,,,,,,,,,,,
ACSSF,2019m1,nc,000,0037,0000165,,,,,,,,,,,,,,,,,,,,,,,,,,,,,,,,,,,,,,,,,,,,,,,,,,,,,,,,,,,,,,,,,,,,,,,,,,,,,,,,,,,,,,,,,,,,,,,,,,,,,,,,,,,,,,,,,,,,,,,,,,,,,,,,,,,,,,,,,,,,,,,,,,,,,,,,,,,,,,,,,,,,,,,,,,,,,,,,,,,,,,,,,,,,,,,,,,,,,,,,,,,,,,,,,,,,,,,,,,,,,,,,,,,,,,,,,,,,,,,,,,
ACSSF,2019m1,nc,000,0037,0000166,,,,,,,,,,,,,,,,,,,,,,,,,,,,,,,,,,,,,,,,,,,,,,,,,,,,,,,,,,,,,,,,,,,,,,,,,,,,,,,,,,,,,,,,,,,,,,,,,,,,,,,,,,,,,,,,,,,,,,,,,,,,,,,,,,,,,,,,,,,,,,,,,,,,,,,,,,,,,,,,,,,,,,,,,,,,,,,,,,,,,,,,,,,,,,,,,,,,,,,,,,,,,,,,,,,,,,,,,,,,,,,,,,,,,,,,,,,,,,,,,,
ACSSF,2019m1,nc,000,0037,0000167,,,,,,,,,,,,,,,,,,,,,,,,,,,,,,,,,,,,,,,,,,,,,,,,,,,,,,,,,,,,,,,,,,,,,,,,,,,,,,,,,,,,,,,,,,,,,,,,,,,,,,,,,,,,,,,,,,,,,,,,,,,,,,,,,,,,,,,,,,,,,,,,,,,,,,,,,,,,,,,,,,,,,,,,,,,,,,,,,,,,,,,,,,,,,,,,,,,,,,,,,,,,,,,,,,,,,,,,,,,,,,,,,,,,,,,,,,,,,,,,,,
ACSSF,2019m1,nc,000,0037,0000168,,,,,,,,,,,,,,,,,,,,,,,,,,,,,,,,,,,,,,,,,,,,,,,,,,,,,,,,,,,,,,,,,,,,,,,,,,,,,,,,,,,,,,,,,,,,,,,,,,,,,,,,,,,,,,,,,,,,,,,,,,,,,,,,,,,,,,,,,,,,,,,,,,,,,,,,,,,,,,,,,,,,,,,,,,,,,,,,,,,,,,,,,,,,,,,,,,,,,,,,,,,,,,,,,,,,,,,,,,,,,,,,,,,,,,,,,,,,,,,,,,
ACSSF,2019m1,nc,000,0037,0000169,,,,,,,,,,,,,,,,,,,,,,,,,,,,,,,,,,,,,,,,,,,,,,,,,,,,,,,,,,,,,,,,,,,,,,,,,,,,,,,,,,,,,,,,,,,,,,,,,,,,,,,,,,,,,,,,,,,,,,,,,,,,,,,,,,,,,,,,,,,,,,,,,,,,,,,,,,,,,,,,,,,,,,,,,,,,,,,,,,,,,,,,,,,,,,,,,,,,,,,,,,,,,,,,,,,,,,,,,,,,,,,,,,,,,,,,,,,,,,,,,,
ACSSF,2019m1,nc,000,0037,0000170,,,,,,,,,,,,,,,,,,,,,,,,,,,,,,,,,,,,,,,,,,,,,,,,,,,,,,,,,,,,,,,,,,,,,,,,,,,,,,,,,,,,,,,,,,,,,,,,,,,,,,,,,,,,,,,,,,,,,,,,,,,,,,,,,,,,,,,,,,,,,,,,,,,,,,,,,,,,,,,,,,,,,,,,,,,,,,,,,,,,,,,,,,,,,,,,,,,,,,,,,,,,,,,,,,,,,,,,,,,,,,,,,,,,,,,,,,,,,,,,,,
ACSSF,2019m1,nc,000,0037,0000171,,,,,,,,,,,,,,,,,,,,,,,,,,,,,,,,,,,,,,,,,,,,,,,,,,,,,,,,,,,,,,,,,,,,,,,,,,,,,,,,,,,,,,,,,,,,,,,,,,,,,,,,,,,,,,,,,,,,,,,,,,,,,,,,,,,,,,,,,,,,,,,,,,,,,,,,,,,,,,,,,,,,,,,,,,,,,,,,,,,,,,,,,,,,,,,,,,,,,,,,,,,,,,,,,,,,,,,,,,,,,,,,,,,,,,,,,,,,,,,,,,
ACSSF,2019m1,nc,000,0037,0000172,,,,,,,,,,,,,,,,,,,,,,,,,,,,,,,,,,,,,,,,,,,,,,,,,,,,,,,,,,,,,,,,,,,,,,,,,,,,,,,,,,,,,,,,,,,,,,,,,,,,,,,,,,,,,,,,,,,,,,,,,,,,,,,,,,,,,,,,,,,,,,,,,,,,,,,,,,,,,,,,,,,,,,,,,,,,,,,,,,,,,,,,,,,,,,,,,,,,,,,,,,,,,,,,,,,,,,,,,,,,,,,,,,,,,,,,,,,,,,,,,,
ACSSF,2019m1,nc,000,0037,0000173,,,,,,,,,,,,,,,,,,,,,,,,,,,,,,,,,,,,,,,,,,,,,,,,,,,,,,,,,,,,,,,,,,,,,,,,,,,,,,,,,,,,,,,,,,,,,,,,,,,,,,,,,,,,,,,,,,,,,,,,,,,,,,,,,,,,,,,,,,,,,,,,,,,,,,,,,,,,,,,,,,,,,,,,,,,,,,,,,,,,,,,,,,,,,,,,,,,,,,,,,,,,,,,,,,,,,,,,,,,,,,,,,,,,,,,,,,,,,,,,,,
ACSSF,2019m1,nc,000,0037,0000174,,,,,,,,,,,,,,,,,,,,,,,,,,,,,,,,,,,,,,,,,,,,,,,,,,,,,,,,,,,,,,,,,,,,,,,,,,,,,,,,,,,,,,,,,,,,,,,,,,,,,,,,,,,,,,,,,,,,,,,,,,,,,,,,,,,,,,,,,,,,,,,,,,,,,,,,,,,,,,,,,,,,,,,,,,,,,,,,,,,,,,,,,,,,,,,,,,,,,,,,,,,,,,,,,,,,,,,,,,,,,,,,,,,,,,,,,,,,,,,,,,
ACSSF,2019m1,nc,000,0037,0000175,,,,,,,,,,,,,,,,,,,,,,,,,,,,,,,,,,,,,,,,,,,,,,,,,,,,,,,,,,,,,,,,,,,,,,,,,,,,,,,,,,,,,,,,,,,,,,,,,,,,,,,,,,,,,,,,,,,,,,,,,,,,,,,,,,,,,,,,,,,,,,,,,,,,,,,,,,,,,,,,,,,,,,,,,,,,,,,,,,,,,,,,,,,,,,,,,,,,,,,,,,,,,,,,,,,,,,,,,,,,,,,,,,,,,,,,,,,,,,,,,,
ACSSF,2019m1,nc,000,0037,0000176,,,,,,,,,,,,,,,,,,,,,,,,,,,,,,,,,,,,,,,,,,,,,,,,,,,,,,,,,,,,,,,,,,,,,,,,,,,,,,,,,,,,,,,,,,,,,,,,,,,,,,,,,,,,,,,,,,,,,,,,,,,,,,,,,,,,,,,,,,,,,,,,,,,,,,,,,,,,,,,,,,,,,,,,,,,,,,,,,,,,,,,,,,,,,,,,,,,,,,,,,,,,,,,,,,,,,,,,,,,,,,,,,,,,,,,,,,,,,,,,,,
ACSSF,2019m1,nc,000,0037,0000177,,,,,,,,,,,,,,,,,,,,,,,,,,,,,,,,,,,,,,,,,,,,,,,,,,,,,,,,,,,,,,,,,,,,,,,,,,,,,,,,,,,,,,,,,,,,,,,,,,,,,,,,,,,,,,,,,,,,,,,,,,,,,,,,,,,,,,,,,,,,,,,,,,,,,,,,,,,,,,,,,,,,,,,,,,,,,,,,,,,,,,,,,,,,,,,,,,,,,,,,,,,,,,,,,,,,,,,,,,,,,,,,,,,,,,,,,,,,,,,,,,
ACSSF,2019m1,nc,000,0037,0000178,,,,,,,,,,,,,,,,,,,,,,,,,,,,,,,,,,,,,,,,,,,,,,,,,,,,,,,,,,,,,,,,,,,,,,,,,,,,,,,,,,,,,,,,,,,,,,,,,,,,,,,,,,,,,,,,,,,,,,,,,,,,,,,,,,,,,,,,,,,,,,,,,,,,,,,,,,,,,,,,,,,,,,,,,,,,,,,,,,,,,,,,,,,,,,,,,,,,,,,,,,,,,,,,,,,,,,,,,,,,,,,,,,,,,,,,,,,,,,,,,,
ACSSF,2019m1,nc,000,0037,0000179,,,,,,,,,,,,,,,,,,,,,,,,,,,,,,,,,,,,,,,,,,,,,,,,,,,,,,,,,,,,,,,,,,,,,,,,,,,,,,,,,,,,,,,,,,,,,,,,,,,,,,,,,,,,,,,,,,,,,,,,,,,,,,,,,,,,,,,,,,,,,,,,,,,,,,,,,,,,,,,,,,,,,,,,,,,,,,,,,,,,,,,,,,,,,,,,,,,,,,,,,,,,,,,,,,,,,,,,,,,,,,,,,,,,,,,,,,,,,,,,,,
ACSSF,2019m1,nc,000,0037,0000180,,,,,,,,,,,,,,,,,,,,,,,,,,,,,,,,,,,,,,,,,,,,,,,,,,,,,,,,,,,,,,,,,,,,,,,,,,,,,,,,,,,,,,,,,,,,,,,,,,,,,,,,,,,,,,,,,,,,,,,,,,,,,,,,,,,,,,,,,,,,,,,,,,,,,,,,,,,,,,,,,,,,,,,,,,,,,,,,,,,,,,,,,,,,,,,,,,,,,,,,,,,,,,,,,,,,,,,,,,,,,,,,,,,,,,,,,,,,,,,,,,
ACSSF,2019m1,nc,000,0037,0000181,,,,,,,,,,,,,,,,,,,,,,,,,,,,,,,,,,,,,,,,,,,,,,,,,,,,,,,,,,,,,,,,,,,,,,,,,,,,,,,,,,,,,,,,,,,,,,,,,,,,,,,,,,,,,,,,,,,,,,,,,,,,,,,,,,,,,,,,,,,,,,,,,,,,,,,,,,,,,,,,,,,,,,,,,,,,,,,,,,,,,,,,,,,,,,,,,,,,,,,,,,,,,,,,,,,,,,,,,,,,,,,,,,,,,,,,,,,,,,,,,,
ACSSF,2019m1,nc,000,0037,0000182,,,,,,,,,,,,,,,,,,,,,,,,,,,,,,,,,,,,,,,,,,,,,,,,,,,,,,,,,,,,,,,,,,,,,,,,,,,,,,,,,,,,,,,,,,,,,,,,,,,,,,,,,,,,,,,,,,,,,,,,,,,,,,,,,,,,,,,,,,,,,,,,,,,,,,,,,,,,,,,,,,,,,,,,,,,,,,,,,,,,,,,,,,,,,,,,,,,,,,,,,,,,,,,,,,,,,,,,,,,,,,,,,,,,,,,,,,,,,,,,,,
ACSSF,2019m1,nc,000,0037,0000183,,,,,,,,,,,,,,,,,,,,,,,,,,,,,,,,,,,,,,,,,,,,,,,,,,,,,,,,,,,,,,,,,,,,,,,,,,,,,,,,,,,,,,,,,,,,,,,,,,,,,,,,,,,,,,,,,,,,,,,,,,,,,,,,,,,,,,,,,,,,,,,,,,,,,,,,,,,,,,,,,,,,,,,,,,,,,,,,,,,,,,,,,,,,,,,,,,,,,,,,,,,,,,,,,,,,,,,,,,,,,,,,,,,,,,,,,,,,,,,,,,
ACSSF,2019m1,nc,000,0037,0000184,,,,,,,,,,,,,,,,,,,,,,,,,,,,,,,,,,,,,,,,,,,,,,,,,,,,,,,,,,,,,,,,,,,,,,,,,,,,,,,,,,,,,,,,,,,,,,,,,,,,,,,,,,,,,,,,,,,,,,,,,,,,,,,,,,,,,,,,,,,,,,,,,,,,,,,,,,,,,,,,,,,,,,,,,,,,,,,,,,,,,,,,,,,,,,,,,,,,,,,,,,,,,,,,,,,,,,,,,,,,,,,,,,,,,,,,,,,,,,,,,,
ACSSF,2019m1,nc,000,0037,0000185,,,,,,,,,,,,,,,,,,,,,,,,,,,,,,,,,,,,,,,,,,,,,,,,,,,,,,,,,,,,,,,,,,,,,,,,,,,,,,,,,,,,,,,,,,,,,,,,,,,,,,,,,,,,,,,,,,,,,,,,,,,,,,,,,,,,,,,,,,,,,,,,,,,,,,,,,,,,,,,,,,,,,,,,,,,,,,,,,,,,,,,,,,,,,,,,,,,,,,,,,,,,,,,,,,,,,,,,,,,,,,,,,,,,,,,,,,,,,,,,,,
ACSSF,2019m1,nc,000,0037,0000186,,,,,,,,,,,,,,,,,,,,,,,,,,,,,,,,,,,,,,,,,,,,,,,,,,,,,,,,,,,,,,,,,,,,,,,,,,,,,,,,,,,,,,,,,,,,,,,,,,,,,,,,,,,,,,,,,,,,,,,,,,,,,,,,,,,,,,,,,,,,,,,,,,,,,,,,,,,,,,,,,,,,,,,,,,,,,,,,,,,,,,,,,,,,,,,,,,,,,,,,,,,,,,,,,,,,,,,,,,,,,,,,,,,,,,,,,,,,,,,,,,
ACSSF,2019m1,nc,000,0037,0000187,,,,,,,,,,,,,,,,,,,,,,,,,,,,,,,,,,,,,,,,,,,,,,,,,,,,,,,,,,,,,,,,,,,,,,,,,,,,,,,,,,,,,,,,,,,,,,,,,,,,,,,,,,,,,,,,,,,,,,,,,,,,,,,,,,,,,,,,,,,,,,,,,,,,,,,,,,,,,,,,,,,,,,,,,,,,,,,,,,,,,,,,,,,,,,,,,,,,,,,,,,,,,,,,,,,,,,,,,,,,,,,,,,,,,,,,,,,,,,,,,,
ACSSF,2019m1,nc,000,0037,0000188,,,,,,,,,,,,,,,,,,,,,,,,,,,,,,,,,,,,,,,,,,,,,,,,,,,,,,,,,,,,,,,,,,,,,,,,,,,,,,,,,,,,,,,,,,,,,,,,,,,,,,,,,,,,,,,,,,,,,,,,,,,,,,,,,,,,,,,,,,,,,,,,,,,,,,,,,,,,,,,,,,,,,,,,,,,,,,,,,,,,,,,,,,,,,,,,,,,,,,,,,,,,,,,,,,,,,,,,,,,,,,,,,,,,,,,,,,,,,,,,,,
ACSSF,2019m1,nc,000,0037,0000189,,,,,,,,,,,,,,,,,,,,,,,,,,,,,,,,,,,,,,,,,,,,,,,,,,,,,,,,,,,,,,,,,,,,,,,,,,,,,,,,,,,,,,,,,,,,,,,,,,,,,,,,,,,,,,,,,,,,,,,,,,,,,,,,,,,,,,,,,,,,,,,,,,,,,,,,,,,,,,,,,,,,,,,,,,,,,,,,,,,,,,,,,,,,,,,,,,,,,,,,,,,,,,,,,,,,,,,,,,,,,,,,,,,,,,,,,,,,,,,,,,
ACSSF,2019m1,nc,000,0037,0000190,,,,,,,,,,,,,,,,,,,,,,,,,,,,,,,,,,,,,,,,,,,,,,,,,,,,,,,,,,,,,,,,,,,,,,,,,,,,,,,,,,,,,,,,,,,,,,,,,,,,,,,,,,,,,,,,,,,,,,,,,,,,,,,,,,,,,,,,,,,,,,,,,,,,,,,,,,,,,,,,,,,,,,,,,,,,,,,,,,,,,,,,,,,,,,,,,,,,,,,,,,,,,,,,,,,,,,,,,,,,,,,,,,,,,,,,,,,,,,,,,,
ACSSF,2019m1,nc,000,0037,0000191,,,,,,,,,,,,,,,,,,,,,,,,,,,,,,,,,,,,,,,,,,,,,,,,,,,,,,,,,,,,,,,,,,,,,,,,,,,,,,,,,,,,,,,,,,,,,,,,,,,,,,,,,,,,,,,,,,,,,,,,,,,,,,,,,,,,,,,,,,,,,,,,,,,,,,,,,,,,,,,,,,,,,,,,,,,,,,,,,,,,,,,,,,,,,,,,,,,,,,,,,,,,,,,,,,,,,,,,,,,,,,,,,,,,,,,,,,,,,,,,,,
ACSSF,2019m1,nc,000,0037,0000192,,,,,,,,,,,,,,,,,,,,,,,,,,,,,,,,,,,,,,,,,,,,,,,,,,,,,,,,,,,,,,,,,,,,,,,,,,,,,,,,,,,,,,,,,,,,,,,,,,,,,,,,,,,,,,,,,,,,,,,,,,,,,,,,,,,,,,,,,,,,,,,,,,,,,,,,,,,,,,,,,,,,,,,,,,,,,,,,,,,,,,,,,,,,,,,,,,,,,,,,,,,,,,,,,,,,,,,,,,,,,,,,,,,,,,,,,,,,,,,,,,
ACSSF,2019m1,nc,000,0037,0000193,,,,,,,,,,,,,,,,,,,,,,,,,,,,,,,,,,,,,,,,,,,,,,,,,,,,,,,,,,,,,,,,,,,,,,,,,,,,,,,,,,,,,,,,,,,,,,,,,,,,,,,,,,,,,,,,,,,,,,,,,,,,,,,,,,,,,,,,,,,,,,,,,,,,,,,,,,,,,,,,,,,,,,,,,,,,,,,,,,,,,,,,,,,,,,,,,,,,,,,,,,,,,,,,,,,,,,,,,,,,,,,,,,,,,,,,,,,,,,,,,,
ACSSF,2019m1,nc,000,0037,0000194,,,,,,,,,,,,,,,,,,,,,,,,,,,,,,,,,,,,,,,,,,,,,,,,,,,,,,,,,,,,,,,,,,,,,,,,,,,,,,,,,,,,,,,,,,,,,,,,,,,,,,,,,,,,,,,,,,,,,,,,,,,,,,,,,,,,,,,,,,,,,,,,,,,,,,,,,,,,,,,,,,,,,,,,,,,,,,,,,,,,,,,,,,,,,,,,,,,,,,,,,,,,,,,,,,,,,,,,,,,,,,,,,,,,,,,,,,,,,,,,,,
ACSSF,2019m1,nc,000,0037,0000195,,,,,,,,,,,,,,,,,,,,,,,,,,,,,,,,,,,,,,,,,,,,,,,,,,,,,,,,,,,,,,,,,,,,,,,,,,,,,,,,,,,,,,,,,,,,,,,,,,,,,,,,,,,,,,,,,,,,,,,,,,,,,,,,,,,,,,,,,,,,,,,,,,,,,,,,,,,,,,,,,,,,,,,,,,,,,,,,,,,,,,,,,,,,,,,,,,,,,,,,,,,,,,,,,,,,,,,,,,,,,,,,,,,,,,,,,,,,,,,,,,
ACSSF,2019m1,nc,000,0037,0000196,,,,,,,,,,,,,,,,,,,,,,,,,,,,,,,,,,,,,,,,,,,,,,,,,,,,,,,,,,,,,,,,,,,,,,,,,,,,,,,,,,,,,,,,,,,,,,,,,,,,,,,,,,,,,,,,,,,,,,,,,,,,,,,,,,,,,,,,,,,,,,,,,,,,,,,,,,,,,,,,,,,,,,,,,,,,,,,,,,,,,,,,,,,,,,,,,,,,,,,,,,,,,,,,,,,,,,,,,,,,,,,,,,,,,,,,,,,,,,,,,,
ACSSF,2019m1,nc,000,0037,0000197,,,,,,,,,,,,,,,,,,,,,,,,,,,,,,,,,,,,,,,,,,,,,,,,,,,,,,,,,,,,,,,,,,,,,,,,,,,,,,,,,,,,,,,,,,,,,,,,,,,,,,,,,,,,,,,,,,,,,,,,,,,,,,,,,,,,,,,,,,,,,,,,,,,,,,,,,,,,,,,,,,,,,,,,,,,,,,,,,,,,,,,,,,,,,,,,,,,,,,,,,,,,,,,,,,,,,,,,,,,,,,,,,,,,,,,,,,,,,,,,,,
ACSSF,2019m1,nc,000,0037,0000198,,,,,,,,,,,,,,,,,,,,,,,,,,,,,,,,,,,,,,,,,,,,,,,,,,,,,,,,,,,,,,,,,,,,,,,,,,,,,,,,,,,,,,,,,,,,,,,,,,,,,,,,,,,,,,,,,,,,,,,,,,,,,,,,,,,,,,,,,,,,,,,,,,,,,,,,,,,,,,,,,,,,,,,,,,,,,,,,,,,,,,,,,,,,,,,,,,,,,,,,,,,,,,,,,,,,,,,,,,,,,,,,,,,,,,,,,,,,,,,,,,
ACSSF,2019m1,nc,000,0037,0000199,,,,,,,,,,,,,,,,,,,,,,,,,,,,,,,,,,,,,,,,,,,,,,,,,,,,,,,,,,,,,,,,,,,,,,,,,,,,,,,,,,,,,,,,,,,,,,,,,,,,,,,,,,,,,,,,,,,,,,,,,,,,,,,,,,,,,,,,,,,,,,,,,,,,,,,,,,,,,,,,,,,,,,,,,,,,,,,,,,,,,,,,,,,,,,,,,,,,,,,,,,,,,,,,,,,,,,,,,,,,,,,,,,,,,,,,,,,,,,,,,,
ACSSF,2019m1,nc,000,0037,0000200,,,,,,,,,,,,,,,,,,,,,,,,,,,,,,,,,,,,,,,,,,,,,,,,,,,,,,,,,,,,,,,,,,,,,,,,,,,,,,,,,,,,,,,,,,,,,,,,,,,,,,,,,,,,,,,,,,,,,,,,,,,,,,,,,,,,,,,,,,,,,,,,,,,,,,,,,,,,,,,,,,,,,,,,,,,,,,,,,,,,,,,,,,,,,,,,,,,,,,,,,,,,,,,,,,,,,,,,,,,,,,,,,,,,,,,,,,,,,,,,,,
ACSSF,2019m1,nc,000,0037,0000201,,,,,,,,,,,,,,,,,,,,,,,,,,,,,,,,,,,,,,,,,,,,,,,,,,,,,,,,,,,,,,,,,,,,,,,,,,,,,,,,,,,,,,,,,,,,,,,,,,,,,,,,,,,,,,,,,,,,,,,,,,,,,,,,,,,,,,,,,,,,,,,,,,,,,,,,,,,,,,,,,,,,,,,,,,,,,,,,,,,,,,,,,,,,,,,,,,,,,,,,,,,,,,,,,,,,,,,,,,,,,,,,,,,,,,,,,,,,,,,,,,
ACSSF,2019m1,nc,000,0037,0000202,,,,,,,,,,,,,,,,,,,,,,,,,,,,,,,,,,,,,,,,,,,,,,,,,,,,,,,,,,,,,,,,,,,,,,,,,,,,,,,,,,,,,,,,,,,,,,,,,,,,,,,,,,,,,,,,,,,,,,,,,,,,,,,,,,,,,,,,,,,,,,,,,,,,,,,,,,,,,,,,,,,,,,,,,,,,,,,,,,,,,,,,,,,,,,,,,,,,,,,,,,,,,,,,,,,,,,,,,,,,,,,,,,,,,,,,,,,,,,,,,,
ACSSF,2019m1,nc,000,0037,0000203,,,,,,,,,,,,,,,,,,,,,,,,,,,,,,,,,,,,,,,,,,,,,,,,,,,,,,,,,,,,,,,,,,,,,,,,,,,,,,,,,,,,,,,,,,,,,,,,,,,,,,,,,,,,,,,,,,,,,,,,,,,,,,,,,,,,,,,,,,,,,,,,,,,,,,,,,,,,,,,,,,,,,,,,,,,,,,,,,,,,,,,,,,,,,,,,,,,,,,,,,,,,,,,,,,,,,,,,,,,,,,,,,,,,,,,,,,,,,,,,,,
ACSSF,2019m1,nc,000,0037,0000204,,,,,,,,,,,,,,,,,,,,,,,,,,,,,,,,,,,,,,,,,,,,,,,,,,,,,,,,,,,,,,,,,,,,,,,,,,,,,,,,,,,,,,,,,,,,,,,,,,,,,,,,,,,,,,,,,,,,,,,,,,,,,,,,,,,,,,,,,,,,,,,,,,,,,,,,,,,,,,,,,,,,,,,,,,,,,,,,,,,,,,,,,,,,,,,,,,,,,,,,,,,,,,,,,,,,,,,,,,,,,,,,,,,,,,,,,,,,,,,,,,
ACSSF,2019m1,nc,000,0037,0000205,,,,,,,,,,,,,,,,,,,,,,,,,,,,,,,,,,,,,,,,,,,,,,,,,,,,,,,,,,,,,,,,,,,,,,,,,,,,,,,,,,,,,,,,,,,,,,,,,,,,,,,,,,,,,,,,,,,,,,,,,,,,,,,,,,,,,,,,,,,,,,,,,,,,,,,,,,,,,,,,,,,,,,,,,,,,,,,,,,,,,,,,,,,,,,,,,,,,,,,,,,,,,,,,,,,,,,,,,,,,,,,,,,,,,,,,,,,,,,,,,,
ACSSF,2019m1,nc,000,0037,0000206,,,,,,,,,,,,,,,,,,,,,,,,,,,,,,,,,,,,,,,,,,,,,,,,,,,,,,,,,,,,,,,,,,,,,,,,,,,,,,,,,,,,,,,,,,,,,,,,,,,,,,,,,,,,,,,,,,,,,,,,,,,,,,,,,,,,,,,,,,,,,,,,,,,,,,,,,,,,,,,,,,,,,,,,,,,,,,,,,,,,,,,,,,,,,,,,,,,,,,,,,,,,,,,,,,,,,,,,,,,,,,,,,,,,,,,,,,,,,,,,,,
ACSSF,2019m1,nc,000,0037,0000207,,,,,,,,,,,,,,,,,,,,,,,,,,,,,,,,,,,,,,,,,,,,,,,,,,,,,,,,,,,,,,,,,,,,,,,,,,,,,,,,,,,,,,,,,,,,,,,,,,,,,,,,,,,,,,,,,,,,,,,,,,,,,,,,,,,,,,,,,,,,,,,,,,,,,,,,,,,,,,,,,,,,,,,,,,,,,,,,,,,,,,,,,,,,,,,,,,,,,,,,,,,,,,,,,,,,,,,,,,,,,,,,,,,,,,,,,,,,,,,,,,
ACSSF,2019m1,nc,000,0037,0000208,,,,,,,,,,,,,,,,,,,,,,,,,,,,,,,,,,,,,,,,,,,,,,,,,,,,,,,,,,,,,,,,,,,,,,,,,,,,,,,,,,,,,,,,,,,,,,,,,,,,,,,,,,,,,,,,,,,,,,,,,,,,,,,,,,,,,,,,,,,,,,,,,,,,,,,,,,,,,,,,,,,,,,,,,,,,,,,,,,,,,,,,,,,,,,,,,,,,,,,,,,,,,,,,,,,,,,,,,,,,,,,,,,,,,,,,,,,,,,,,,,
ACSSF,2019m1,nc,000,0037,0000209,,,,,,,,,,,,,,,,,,,,,,,,,,,,,,,,,,,,,,,,,,,,,,,,,,,,,,,,,,,,,,,,,,,,,,,,,,,,,,,,,,,,,,,,,,,,,,,,,,,,,,,,,,,,,,,,,,,,,,,,,,,,,,,,,,,,,,,,,,,,,,,,,,,,,,,,,,,,,,,,,,,,,,,,,,,,,,,,,,,,,,,,,,,,,,,,,,,,,,,,,,,,,,,,,,,,,,,,,,,,,,,,,,,,,,,,,,,,,,,,,,
ACSSF,2019m1,nc,000,0037,0000210,,,,,,,,,,,,,,,,,,,,,,,,,,,,,,,,,,,,,,,,,,,,,,,,,,,,,,,,,,,,,,,,,,,,,,,,,,,,,,,,,,,,,,,,,,,,,,,,,,,,,,,,,,,,,,,,,,,,,,,,,,,,,,,,,,,,,,,,,,,,,,,,,,,,,,,,,,,,,,,,,,,,,,,,,,,,,,,,,,,,,,,,,,,,,,,,,,,,,,,,,,,,,,,,,,,,,,,,,,,,,,,,,,,,,,,,,,,,,,,,,,
ACSSF,2019m1,nc,000,0037,0000211,,,,,,,,,,,,,,,,,,,,,,,,,,,,,,,,,,,,,,,,,,,,,,,,,,,,,,,,,,,,,,,,,,,,,,,,,,,,,,,,,,,,,,,,,,,,,,,,,,,,,,,,,,,,,,,,,,,,,,,,,,,,,,,,,,,,,,,,,,,,,,,,,,,,,,,,,,,,,,,,,,,,,,,,,,,,,,,,,,,,,,,,,,,,,,,,,,,,,,,,,,,,,,,,,,,,,,,,,,,,,,,,,,,,,,,,,,,,,,,,,,
ACSSF,2019m1,nc,000,0037,0000212,,,,,,,,,,,,,,,,,,,,,,,,,,,,,,,,,,,,,,,,,,,,,,,,,,,,,,,,,,,,,,,,,,,,,,,,,,,,,,,,,,,,,,,,,,,,,,,,,,,,,,,,,,,,,,,,,,,,,,,,,,,,,,,,,,,,,,,,,,,,,,,,,,,,,,,,,,,,,,,,,,,,,,,,,,,,,,,,,,,,,,,,,,,,,,,,,,,,,,,,,,,,,,,,,,,,,,,,,,,,,,,,,,,,,,,,,,,,,,,,,,
