ACSSF,2019m1,nc,000,0026,0000001,17329,30315,45971,17553,9106,11188,28424,34984,44638,15287,8360,10893,19197,12304,11321,5718,3142,2601,14340,9951,6601,4116,2228,2071,8227,4925,6928,2411,1243,1481,,,,,,,,,,,,,,,,,,,,,,,,,,,,,,,16896,18284,25499,25093,19487,18788,21467,16844,23304,24177,17821,17060,13501,5331,7323,7902,7433,4842,11126,3760,4109,6066,4334,3040,7651,2274,3663,4166,3908,3038,,,,,,,,,,,,,,,,,,,,,,,,,,,,,,,17329,16334,21499,19337,16977,16940,17576,22911,14925,10451,15664,28424,17524,25445,17173,15786,16439,15723,20892,14015,9861,15016,19197,5623,16293,6085,4578,6249,6640,5586,4425,2371,5034,14340,4555,12895,4388,3346,4159,5291,4530,2475,2425,3019,8227,2580,7526,3455,2526,2848,2734,2919,2205,1414,2997,,,,,,,,,,,,,,,,,,,,,,,,,,,,,,,,,,,,,,,,,,,,,,,,,,,,,,,,196,215,710,1348,2564,,,,,
ACSSF,2019m1,nc,000,0026,0000002,,,,,,,,,,,,,,,,,,,,,,,,,,,,,,,,,,,,,,,,,,,,,,,,,,,,,,,,,,,,,,,,,,,,,,,,,,,,,,,,,,,,,,,,,,,,,,,,,,,,,,,,,,,,,,,,,,,,,,,,,,,,,,,,,,,,,,,,,,,,,,,,,,,,,,,,,,,,,,,,,,,,,,,,,,,,,,,,,,,,,,,,,,,,,,,,,,,,,,,,,,,,,,,,,,,,,,,,,,,,,,,,,,,,,,,,,,,,,,,,
ACSSF,2019m1,nc,000,0026,0000003,,,,,,,,,,,,,,,,,,,,,,,,,,,,,,,,,,,,,,,,,,,,,,,,,,,,,,,,,,,,,,,,,,,,,,,,,,,,,,,,,,,,,,,,,,,,,,,,,,,,,,,,,,,,,,,,,,,,,,,,,,,,,,,,,,,,,,,,,,,,,,,,,,,,,,,,,,,,,,,,,,,,,,,,,,,,,,,,,,,,,,,,,,,,,,,,,,,,,,,,,,,,,,,,,,,,,,,,,,,,,,,,,,,,,,,,,,,,,,,,
ACSSF,2019m1,nc,000,0026,0000004,,,,,,,,,,,,,,,,,,,,,,,,,,,,,,,,,,,,,,,,,,,,,,,,,,,,,,,,,,,,,,,,,,,,,,,,,,,,,,,,,,,,,,,,,,,,,,,,,,,,,,,,,,,,,,,,,,,,,,,,,,,,,,,,,,,,,,,,,,,,,,,,,,,,,,,,,,,,,,,,,,,,,,,,,,,,,,,,,,,,,,,,,,,,,,,,,,,,,,,,,,,,,,,,,,,,,,,,,,,,,,,,,,,,,,,,,,,,,,,,
ACSSF,2019m1,nc,000,0026,0000005,,,,,,,,,,,,,,,,,,,,,,,,,,,,,,,,,,,,,,,,,,,,,,,,,,,,,,,,,,,,,,,,,,,,,,,,,,,,,,,,,,,,,,,,,,,,,,,,,,,,,,,,,,,,,,,,,,,,,,,,,,,,,,,,,,,,,,,,,,,,,,,,,,,,,,,,,,,,,,,,,,,,,,,,,,,,,,,,,,,,,,,,,,,,,,,,,,,,,,,,,,,,,,,,,,,,,,,,,,,,,,,,,,,,,,,,,,,,,,,,
ACSSF,2019m1,nc,000,0026,0000006,,,,,,,,,,,,,,,,,,,,,,,,,,,,,,,,,,,,,,,,,,,,,,,,,,,,,,,,,,,,,,,,,,,,,,,,,,,,,,,,,,,,,,,,,,,,,,,,,,,,,,,,,,,,,,,,,,,,,,,,,,,,,,,,,,,,,,,,,,,,,,,,,,,,,,,,,,,,,,,,,,,,,,,,,,,,,,,,,,,,,,,,,,,,,,,,,,,,,,,,,,,,,,,,,,,,,,,,,,,,,,,,,,,,,,,,,,,,,,,,
ACSSF,2019m1,nc,000,0026,0000007,,,,,,,,,,,,,,,,,,,,,,,,,,,,,,,,,,,,,,,,,,,,,,,,,,,,,,,,,,,,,,,,,,,,,,,,,,,,,,,,,,,,,,,,,,,,,,,,,,,,,,,,,,,,,,,,,,,,,,,,,,,,,,,,,,,,,,,,,,,,,,,,,,,,,,,,,,,,,,,,,,,,,,,,,,,,,,,,,,,,,,,,,,,,,,,,,,,,,,,,,,,,,,,,,,,,,,,,,,,,,,,,,,,,,,,,,,,,,,,,
ACSSF,2019m1,nc,000,0026,0000008,,,,,,,,,,,,,,,,,,,,,,,,,,,,,,,,,,,,,,,,,,,,,,,,,,,,,,,,,,,,,,,,,,,,,,,,,,,,,,,,,,,,,,,,,,,,,,,,,,,,,,,,,,,,,,,,,,,,,,,,,,,,,,,,,,,,,,,,,,,,,,,,,,,,,,,,,,,,,,,,,,,,,,,,,,,,,,,,,,,,,,,,,,,,,,,,,,,,,,,,,,,,,,,,,,,,,,,,,,,,,,,,,,,,,,,,,,,,,,,,
ACSSF,2019m1,nc,000,0026,0000009,,,,,,,,,,,,,,,,,,,,,,,,,,,,,,,,,,,,,,,,,,,,,,,,,,,,,,,,,,,,,,,,,,,,,,,,,,,,,,,,,,,,,,,,,,,,,,,,,,,,,,,,,,,,,,,,,,,,,,,,,,,,,,,,,,,,,,,,,,,,,,,,,,,,,,,,,,,,,,,,,,,,,,,,,,,,,,,,,,,,,,,,,,,,,,,,,,,,,,,,,,,,,,,,,,,,,,,,,,,,,,,,,,,,,,,,,,,,,,,,
ACSSF,2019m1,nc,000,0026,0000010,,,,,,,,,,,,,,,,,,,,,,,,,,,,,,,,,,,,,,,,,,,,,,,,,,,,,,,,,,,,,,,,,,,,,,,,,,,,,,,,,,,,,,,,,,,,,,,,,,,,,,,,,,,,,,,,,,,,,,,,,,,,,,,,,,,,,,,,,,,,,,,,,,,,,,,,,,,,,,,,,,,,,,,,,,,,,,,,,,,,,,,,,,,,,,,,,,,,,,,,,,,,,,,,,,,,,,,,,,,,,,,,,,,,,,,,,,,,,,,,
ACSSF,2019m1,nc,000,0026,0000011,,,,,,,,,,,,,,,,,,,,,,,,,,,,,,,,,,,,,,,,,,,,,,,,,,,,,,,,,,,,,,,,,,,,,,,,,,,,,,,,,,,,,,,,,,,,,,,,,,,,,,,,,,,,,,,,,,,,,,,,,,,,,,,,,,,,,,,,,,,,,,,,,,,,,,,,,,,,,,,,,,,,,,,,,,,,,,,,,,,,,,,,,,,,,,,,,,,,,,,,,,,,,,,,,,,,,,,,,,,,,,,,,,,,,,,,,,,,,,,,
ACSSF,2019m1,nc,000,0026,0000012,,,,,,,,,,,,,,,,,,,,,,,,,,,,,,,,,,,,,,,,,,,,,,,,,,,,,,,,,,,,,,,,,,,,,,,,,,,,,,,,,,,,,,,,,,,,,,,,,,,,,,,,,,,,,,,,,,,,,,,,,,,,,,,,,,,,,,,,,,,,,,,,,,,,,,,,,,,,,,,,,,,,,,,,,,,,,,,,,,,,,,,,,,,,,,,,,,,,,,,,,,,,,,,,,,,,,,,,,,,,,,,,,,,,,,,,,,,,,,,,
ACSSF,2019m1,nc,000,0026,0000013,3003,3364,3738,2068,969,1598,3121,3218,3760,1969,951,1457,2233,1498,1272,633,195,402,1983,1432,661,681,203,557,1238,352,1003,99,107,203,,,,,,,,,,,,,,,,,,,,,,,,,,,,,,,2747,2478,2902,2813,2521,1371,2418,2447,2638,2512,2545,1244,1688,451,1297,564,205,488,1572,461,285,1266,244,265,994,203,214,759,346,203,,,,,,,,,,,,,,,,,,,,,,,,,,,,,,,3003,2365,3359,2254,1891,2689,2284,2557,2029,1214,1684,3121,2216,3857,2144,1714,2717,2252,2188,1900,1229,1584,2233,437,2064,1059,605,720,581,763,402,203,297,1983,936,1401,479,649,438,262,636,571,203,213,1238,409,888,186,101,82,115,382,376,100,301,,,,,,,,,,,,,,,,,,,,,,,,,,,,,,,,,,,,,,,,,,,,,,,,,,,,,,,,1624,1605,7511,14794,17568,,,,,
ACSSF,2019m1,nc,000,0026,0000014,2739,2997,3972,2226,1324,1242,2941,2889,4005,2148,1079,1216,1620,936,804,478,663,120,952,581,733,152,70,55,1136,686,816,131,119,97,,,,,,,,,,,,,,,,,,,,,,,,,,,,,,,2637,1445,2512,2943,2085,1539,2625,1457,2327,2742,1927,1490,1561,269,862,1060,251,107,821,175,412,567,394,203,906,134,446,766,207,138,,,,,,,,,,,,,,,,,,,,,,,,,,,,,,,2739,1956,3057,1935,2074,2234,1858,1626,2029,1213,1653,2941,1956,3242,1793,1986,2077,1759,1606,1750,1238,1450,1620,286,1563,591,333,814,233,357,503,111,451,952,310,862,464,259,206,166,245,124,220,434,1136,490,910,201,222,409,334,165,658,71,181,,,,,,,,,,,,,,,,,,,,,,,,,,,,,,,,,,,,,,,,,,,,,,,,,,,,,,,,1657,1661,17186,20993,10529,,,,,
ACSSF,2019m1,nc,000,0026,0000015,3689,5403,6980,3343,1165,1932,3525,4818,6636,3203,1062,1942,2547,1303,1409,1193,312,344,2250,1299,1271,758,97,338,1434,722,979,499,188,293,,,,,,,,,,,,,,,,,,,,,,,,,,,,,,,3438,2359,4020,3812,4189,2425,3533,2197,3776,3556,4171,2348,2235,465,412,1268,1150,880,1703,596,736,931,998,290,1239,319,596,510,790,390,,,,,,,,,,,,,,,,,,,,,,,,,,,,,,,3689,3213,4630,2451,2587,3920,3295,3730,2639,1293,2629,3525,3241,4415,2261,2493,3759,3005,3588,2587,1181,2418,2547,714,2188,606,489,579,1149,1186,304,195,806,2250,761,2034,984,423,738,837,555,322,319,429,1434,216,1420,530,456,424,609,495,172,277,594,,,,,,,,,,,,,,,,,,,,,,,,,,,,,,,,,,,,,,,,,,,,,,,,,,,,,,,,1804,1906,6383,6304,6528,,,,,
ACSSF,2019m1,nc,000,0026,0000016,1846,2672,3483,1378,894,1260,1911,2380,3207,1305,918,1257,1759,1426,959,362,43,289,943,696,647,216,130,208,829,651,247,237,48,203,,,,,,,,,,,,,,,,,,,,,,,,,,,,,,,1892,1633,1846,2287,1513,1336,1821,1415,1657,2253,1247,1224,1598,1237,633,947,89,407,853,276,439,589,212,203,612,224,74,216,572,77,,,,,,,,,,,,,,,,,,,,,,,,,,,,,,,1846,1751,2542,1920,1539,2350,2025,1665,1296,606,819,1911,1488,2535,1764,1483,2095,1998,1715,1252,605,810,1759,768,1223,259,370,937,585,304,245,203,196,943,202,932,401,274,296,503,453,187,11,212,829,181,804,569,168,35,180,565,203,203,77,,,,,,,,,,,,,,,,,,,,,,,,,,,,,,,,,,,,,,,,,,,,,,,,,,,,,,,,1762,1947,11976,14074,35153,,,,,
ACSSF,2019m1,nc,000,0026,0000017,3739,4358,5164,3080,796,1666,3565,3529,5427,2841,766,1569,2693,1641,1631,525,218,339,2268,1679,1205,741,86,369,1179,794,902,355,203,304,,,,,,,,,,,,,,,,,,,,,,,,,,,,,,,3681,2361,3980,3804,3721,2564,2894,2220,3556,3599,3397,2061,2388,662,829,1059,855,1186,1966,325,842,1648,637,365,1176,687,380,446,345,724,,,,,,,,,,,,,,,,,,,,,,,,,,,,,,,3739,2460,4029,3208,2372,3357,2386,3704,2678,1407,2402,3565,2189,4019,2989,2191,3285,2251,3174,2428,1176,2312,2693,903,2236,837,767,632,500,935,1079,264,408,2268,522,2206,959,352,743,483,1101,325,552,853,1179,721,873,303,136,373,107,465,278,83,572,,,,,,,,,,,,,,,,,,,,,,,,,,,,,,,,,,,,,,,,,,,,,,,,,,,,,,,,3620,4440,9736,7980,13755,,,,,
ACSSF,2019m1,nc,000,0026,0000018,2310,2604,3378,2048,584,1437,2986,2550,3277,2020,586,1398,1282,773,832,463,175,254,959,506,731,214,122,209,149,203,203,149,203,203,,,,,,,,,,,,,,,,,,,,,,,,,,,,,,,1734,2404,2107,2497,1548,964,2195,2303,1901,2447,1531,967,1159,469,620,811,173,43,917,460,539,341,132,243,149,203,136,59,203,203,,,,,,,,,,,,,,,,,,,,,,,,,,,,,,,,,,,,,,,,,,,,,,,,,,,,,,,,,,,,,,,,,,,,,,,,,,,,,,,,,,,,,,,,,,,,,,,,,,,,,,,,,,,,,,,,,,,,,,,,,,,,,,,,,,,,,,,,,,,,,2296,2353,8853,7722,.,,,,,
ACSSF,2019m1,nc,000,0026,0000019,1681,1448,2753,1332,635,896,1713,1559,2659,1147,492,877,1417,489,908,443,286,223,1073,389,763,303,300,186,450,417,267,126,127,203,,,,,,,,,,,,,,,,,,,,,,,,,,,,,,,1751,1365,1643,1592,1293,1033,1596,1348,1324,1402,1132,947,1126,273,705,702,323,243,974,226,327,485,257,315,418,203,204,96,355,147,,,,,,,,,,,,,,,,,,,,,,,,,,,,,,,1681,924,1599,1214,1151,1482,1318,1131,867,455,1024,1713,745,1590,1126,1034,1398,1124,1089,865,375,972,1417,421,1304,620,176,380,455,337,207,269,274,1073,343,912,356,260,387,188,268,116,101,198,450,203,450,207,203,47,318,141,203,33,152,,,,,,,,,,,,,,,,,,,,,,,,,,,,,,,,,,,,,,,,,,,,,,,,,,,,,,,,2429,2764,5096,7708,2746,,,,,
ACSSF,2019m1,nc,000,0026,0000020,3197,2890,4539,2418,653,1546,2792,2787,4199,2459,562,1447,1850,881,1484,269,300,278,2303,1380,1069,434,181,433,1315,509,848,203,313,25,,,,,,,,,,,,,,,,,,,,,,,,,,,,,,,2880,2264,3128,3367,2118,1610,2523,1937,2604,3029,1979,1624,1682,895,765,717,604,107,1652,286,490,1377,303,67,1276,390,759,370,90,124,,,,,,,,,,,,,,,,,,,,,,,,,,,,,,,3197,2745,3795,2524,2319,2652,2631,2176,1861,912,1710,2792,2707,3367,2344,2099,2500,2369,2038,1804,872,1683,1850,130,1840,462,404,528,1128,703,352,136,132,2303,684,1899,770,641,451,378,861,295,106,238,1315,406,1206,436,128,322,647,130,81,203,189,,,,,,,,,,,,,,,,,,,,,,,,,,,,,,,,,,,,,,,,,,,,,,,,,,,,,,,,1626,1938,3820,4518,8336,,,,,
ACSSF,2019m1,nc,000,0026,0000021,1904,2868,3477,1651,624,946,1884,2633,3185,1532,614,958,796,175,706,274,203,60,769,663,98,485,78,83,1149,835,773,67,203,203,,,,,,,,,,,,,,,,,,,,,,,,,,,,,,,1841,1780,1915,1920,1904,1665,1749,1799,1952,1870,1884,1740,637,72,181,301,277,245,718,83,565,155,208,404,1062,203,203,735,449,386,,,,,,,,,,,,,,,,,,,,,,,,,,,,,,,,,,,,,,,,,,,,,,,,,,,,,,,,,,,,,,,,,,,,,,,,,,,,,,,,,,,,,,,,,,,,,,,,,,,,,,,,,,,,,,,,,,,,,,,,,,,,,,,,,,,,,,,,,,,,,4126,2890,25435,36572,52675,,,,,
ACSSF,2019m1,nc,000,0026,0000022,1794,2412,2859,2085,1003,1350,1754,2308,2760,2093,827,1249,1225,1002,676,278,433,596,1448,914,802,275,228,203,497,280,152,254,203,175,,,,,,,,,,,,,,,,,,,,,,,,,,,,,,,,,,,,,,,,,,,,,,,,,,,,,,,,,,,,,,,,,,,,,,,,,,,,,,,,,,,,,,,,,,,,,,,,,,,,,,,,,,,,,,,,,,,,,,,,,,,,,,,,,,,,,,,,,,,,,,,,,,,,,,,,,,,,,,,,,,,,,,,,,,,,,,,,,,,,,,,,,,,,,,,,,,,,,,,,,1995,2324,4928,20480,10633,,,,,
ACSSF,2019m1,nc,000,0026,0000023,2726,3185,3878,1746,918,995,2049,2818,3844,1620,651,1025,1469,1044,829,286,613,158,1064,563,702,352,203,17,2026,1181,1039,609,268,188,,,,,,,,,,,,,,,,,,,,,,,,,,,,,,,2004,1623,2101,2213,1480,1073,1662,1594,2066,2194,1349,998,1017,177,826,429,281,288,855,225,545,433,365,225,1421,267,764,752,588,177,,,,,,,,,,,,,,,,,,,,,,,,,,,,,,,2726,1539,2558,2021,1603,1768,1587,1741,1802,923,1606,2049,1412,2249,1737,1319,1797,1472,1573,1641,928,1519,1469,153,1438,391,589,628,755,294,282,106,198,1064,424,923,437,217,285,422,167,351,123,195,2026,602,1758,724,615,424,762,469,287,130,400,,,,,,,,,,,,,,,,,,,,,,,,,,,,,,,,,,,,,,,,,,,,,,,,,,,,,,,,2597,2428,7028,2723,11475,,,,,
ACSSF,2019m1,nc,000,0026,0000024,5085,3969,5491,2485,1136,1689,4244,3864,4456,2183,919,1650,3267,2560,2042,770,506,387,2605,1539,1621,661,382,233,3067,1227,2173,828,289,53,,,,,,,,,,,,,,,,,,,,,,,,,,,,,,,4018,1988,3534,3307,3121,2164,3134,1673,2832,3356,2428,2070,2232,705,1080,1476,721,465,2149,889,986,1289,925,253,2473,329,1434,1121,1185,411,,,,,,,,,,,,,,,,,,,,,,,,,,,,,,,5085,2267,4586,2679,2284,3321,2941,2907,2345,1374,2186,4244,1861,3807,2573,2024,2805,2700,2475,2064,1104,1878,3267,898,2903,1385,908,1078,1179,1039,502,397,635,2605,598,2582,1078,647,805,1073,945,712,442,606,3067,969,2512,903,514,676,690,988,801,213,833,,,,,,,,,,,,,,,,,,,,,,,,,,,,,,,,,,,,,,,,,,,,,,,,,,,,,,,,1041,1343,3120,7855,4910,,,,,
ACSSF,2019m1,nc,000,0026,0000025,2031,2664,4525,2279,1218,2027,1935,3048,4385,2152,1147,1833,1332,1147,859,289,301,442,1419,637,1127,388,216,305,808,236,651,266,204,166,,,,,,,,,,,,,,,,,,,,,,,,,,,,,,,2007,2992,2981,3546,2260,1421,1837,3063,2678,3288,2116,1369,1264,476,748,854,389,156,1143,187,550,596,534,310,756,236,357,392,157,203,,,,,,,,,,,,,,,,,,,,,,,,,,,,,,,2031,2433,2625,2686,1973,2743,2043,2378,1482,1217,1914,1935,2393,2917,2475,1810,2621,1948,2376,1473,1208,1776,1332,254,1335,947,215,516,793,372,265,88,311,1419,639,1139,396,526,333,449,347,336,197,188,808,203,808,538,322,243,208,167,49,203,147,,,,,,,,,,,,,,,,,,,,,,,,,,,,,,,,,,,,,,,,,,,,,,,,,,,,,,,,2296,1443,9888,12561,12566,,,,,
ACSSF,2019m1,nc,000,0026,0000026,5001,5624,6619,3531,1640,1598,5783,5223,6625,3115,1440,1564,4567,3588,2122,1173,672,406,2598,2048,994,574,88,74,1739,1242,1158,488,545,397,,,,,,,,,,,,,,,,,,,,,,,,,,,,,,,3868,3187,3643,3880,4375,4461,4472,2268,3584,3436,3966,3994,3541,1714,1250,2015,1259,1551,1820,857,573,726,843,624,1642,427,581,786,847,1111,,,,,,,,,,,,,,,,,,,,,,,,,,,,,,,5001,3438,5640,3216,3701,3339,3558,3835,2759,2013,3947,5783,3158,6209,2919,2873,2860,3183,3629,2799,1980,3655,4567,880,4370,869,1563,1581,1729,1060,1259,679,1357,2598,671,2328,794,1060,888,545,790,587,355,500,1739,756,1790,660,387,296,394,900,402,494,1100,,,,,,,,,,,,,,,,,,,,,,,,,,,,,,,,,,,,,,,,,,,,,,,,,,,,,,,,1261,2475,3370,10114,7851,,,,,
ACSSF,2019m1,nc,000,0026,0000027,4157,5179,5783,2926,1348,2143,4574,4961,5518,2880,1303,2125,3779,2556,2045,868,754,459,2197,1802,1004,510,381,284,1333,864,836,320,43,61,,,,,,,,,,,,,,,,,,,,,,,,,,,,,,,3457,3060,4585,4786,3740,2949,3700,2693,4391,4190,3638,2740,2672,1273,904,1519,1209,885,1931,418,924,888,815,472,1173,276,225,636,426,654,,,,,,,,,,,,,,,,,,,,,,,,,,,,,,,4157,3917,5083,4526,2611,3603,3027,3824,3076,1430,2864,4574,3779,4554,4334,2642,3388,2590,3683,2970,1359,2655,3779,1581,3042,1160,633,1105,1154,1046,496,687,722,2197,606,2156,863,490,762,665,1016,273,206,465,1333,256,1305,349,160,225,578,344,389,87,497,,,,,,,,,,,,,,,,,,,,,,,,,,,,,,,,,,,,,,,,,,,,,,,,,,,,,,,,2307,2313,5790,4634,16524,,,,,
ACSSF,2019m1,nc,000,0026,0000028,,,,,,,,,,,,,,,,,,,,,,,,,,,,,,,,,,,,,,,,,,,,,,,,,,,,,,,,,,,,,2389,1272,2101,2147,1632,886,2075,1253,1972,2141,1594,736,1076,394,501,429,447,203,1182,172,677,376,214,705,145,203,203,124,93,203,,,,,,,,,,,,,,,,,,,,,,,,,,,,,,,,,,,,,,,,,,,,,,,,,,,,,,,,,,,,,,,,,,,,,,,,,,,,,,,,,,,,,,,,,,,,,,,,,,,,,,,,,,,,,,,,,,,,,,,,,,,,,,,,,,,,,,,,,,,,,3235,3282,34296,9084,29602,,,,,
ACSSF,2019m1,nc,000,0026,0000029,3088,3152,4234,2731,1518,1436,3666,2888,4216,2497,1159,1412,2709,1565,1411,615,829,395,1612,1231,543,542,437,77,1036,614,623,495,94,203,,,,,,,,,,,,,,,,,,,,,,,,,,,,,,,2582,2396,3127,3401,3082,1610,2847,2171,3206,3232,2769,1588,2261,984,1085,961,862,331,1277,650,498,556,827,160,1064,13,271,590,755,209,,,,,,,,,,,,,,,,,,,,,,,,,,,,,,,3088,2287,3373,2816,2112,2605,2054,2381,1846,1315,2314,3666,2300,3807,2420,1961,2383,2084,2118,1859,1025,2034,2709,661,2476,810,791,1157,765,798,541,490,227,1612,470,1505,967,537,385,258,846,269,283,376,1036,299,1042,400,150,247,502,243,183,203,648,,,,,,,,,,,,,,,,,,,,,,,,,,,,,,,,,,,,,,,,,,,,,,,,,,,,,,,,1710,1260,5177,14975,18487,,,,,
ACSSF,2019m1,nc,000,0026,0000030,6357,6509,6907,4124,2036,2578,6076,6214,6155,3877,1811,2546,4746,3202,2556,1469,690,750,3592,2551,1867,1148,549,380,1822,1351,1134,506,203,175,,,,,,,,,,,,,,,,,,,,,,,,,,,,,,,4969,4101,5541,6915,5066,3840,4568,3811,5002,6140,4581,3605,3842,1147,2194,2064,1386,966,3070,879,1677,1394,1090,622,1406,352,344,785,583,474,,,,,,,,,,,,,,,,,,,,,,,,,,,,,,,6357,5163,6764,4621,3566,5028,3862,4591,3155,2576,3559,6076,4869,6371,4412,3042,4287,3677,4173,2969,2373,3165,4746,1392,4157,1247,1070,2155,1592,1503,1061,349,985,3592,1375,2996,1133,1496,1153,743,783,806,645,780,1822,920,1499,562,424,470,491,529,288,255,470,,,,,,,,,,,,,,,,,,,,,,,,,,,,,,,,,,,,,,,,,,,,,,,,,,,,,,,,1559,1468,3498,5557,7023,,,,,
ACSSF,2019m1,nc,000,0026,0000031,2979,3021,3717,2117,638,1089,3231,2920,3570,2076,605,1059,1686,932,908,271,83,53,1333,1028,867,257,203,119,784,407,553,272,125,150,,,,,,,,,,,,,,,,,,,,,,,,,,,,,,,2260,1666,2667,2796,2080,1494,2247,1678,2492,2729,1976,1435,999,111,539,364,321,399,1033,110,390,659,441,301,716,142,136,554,189,214,,,,,,,,,,,,,,,,,,,,,,,,,,,,,,,2979,2560,3036,1551,1648,1790,2180,1717,1372,859,1526,3231,2674,2710,1592,1544,1782,2053,1732,1320,833,1447,1686,790,1115,412,135,247,476,436,385,185,159,1333,457,1122,283,406,220,733,468,200,221,334,784,186,746,158,106,378,357,122,125,203,290,,,,,,,,,,,,,,,,,,,,,,,,,,,,,,,,,,,,,,,,,,,,,,,,,,,,,,,,2561,2250,6084,8748,9912,,,,,
ACSSF,2019m1,nc,000,0026,0000032,2466,2323,4684,2172,932,1214,2297,2289,4305,1943,788,1144,1246,623,653,334,542,255,858,415,752,357,203,101,780,346,598,304,203,139,,,,,,,,,,,,,,,,,,,,,,,,,,,,,,,2486,2210,2482,2684,2052,1464,2226,2217,2287,2694,2009,1339,884,138,459,569,310,203,779,150,286,453,292,341,761,121,288,275,259,438,,,,,,,,,,,,,,,,,,,,,,,,,,,,,,,2466,1513,2922,1859,1714,2686,2071,2413,1677,945,1672,2297,1491,2831,1849,1672,2663,2014,2360,1595,861,1536,1246,213,1209,492,381,574,374,181,251,483,259,858,258,770,353,20,215,308,267,293,143,297,780,162,750,160,110,281,118,113,309,216,237,,,,,,,,,,,,,,,,,,,,,,,,,,,,,,,,,,,,,,,,,,,,,,,,,,,,,,,,2650,2592,5574,10244,39816,,,,,
ACSSF,2019m1,nc,000,0026,0000033,3742,3440,4011,1912,688,1234,3651,3101,4191,1855,568,1124,2555,1205,1357,535,200,319,1783,1241,1043,310,114,99,1502,1349,654,158,214,298,,,,,,,,,,,,,,,,,,,,,,,,,,,,,,,3201,1887,2663,3151,2009,1757,3088,1749,2512,2572,1946,1612,1774,496,1035,824,386,193,1415,147,670,942,326,274,1308,116,511,950,288,275,,,,,,,,,,,,,,,,,,,,,,,,,,,,,,,3742,1927,3796,1813,1861,2180,2686,2573,1917,1184,2016,3651,1693,3715,1608,1757,2132,2463,2188,1761,1121,1936,2555,971,1873,492,639,632,600,342,173,632,340,1783,431,1592,506,517,456,294,669,742,203,311,1502,214,1397,566,348,179,486,813,336,203,55,,,,,,,,,,,,,,,,,,,,,,,,,,,,,,,,,,,,,,,,,,,,,,,,,,,,,,,,965,1390,7854,15066,9153,,,,,
ACSSF,2019m1,nc,000,0026,0000034,4638,4412,6052,3220,1667,1534,3633,3858,5738,3199,1483,1420,1902,436,1467,475,685,336,2625,2150,742,312,467,207,975,501,744,9,47,188,,,,,,,,,,,,,,,,,,,,,,,,,,,,,,,3119,2645,3963,4572,3656,1482,3096,2565,3895,4390,3655,1378,1814,290,874,1352,377,205,1476,453,677,856,316,225,909,62,755,324,376,138,,,,,,,,,,,,,,,,,,,,,,,,,,,,,,,4638,3431,4821,3518,2111,2723,2903,3881,2479,1731,2978,3633,3033,4252,3420,1997,2829,2843,3671,2519,1688,2814,1902,538,1564,442,281,755,134,615,181,189,816,2625,675,2413,998,159,859,784,1154,263,200,435,975,336,829,209,216,435,257,253,170,203,255,,,,,,,,,,,,,,,,,,,,,,,,,,,,,,,,,,,,,,,,,,,,,,,,,,,,,,,,1645,1894,13364,5878,5899,,,,,
ACSSF,2019m1,nc,000,0026,0000035,2063,2001,3501,1829,847,1292,1771,1918,3388,1646,780,1116,1368,719,610,520,394,92,1020,583,444,365,515,22,954,685,77,203,343,528,,,,,,,,,,,,,,,,,,,,,,,,,,,,,,,1848,1292,2184,2545,1716,1183,1664,1238,2160,2231,1623,1104,1083,213,466,521,156,350,904,139,542,589,259,160,689,203,44,628,242,203,,,,,,,,,,,,,,,,,,,,,,,,,,,,,,,,,,,,,,,,,,,,,,,,,,,,,,,,,,,,,,,,,,,,,,,,,,,,,,,,,,,,,,,,,,,,,,,,,,,,,,,,,,,,,,,,,,,,,,,,,,,,,,,,,,,,,,,,,,,,,2360,2268,21671,17281,24325,,,,,
ACSSF,2019m1,nc,000,0026,0000036,9762,10260,11444,5732,2912,2779,8938,9593,10470,4834,2465,2693,7229,5377,4134,1735,1113,596,4660,2744,2742,1223,884,408,5048,2680,3895,1314,304,594,,,,,,,,,,,,,,,,,,,,,,,,,,,,,,,9002,5120,7741,9291,8464,6251,7564,5037,6842,8071,7071,5395,5989,1639,2805,2008,3671,1725,3873,769,2030,1657,1758,981,5017,869,1330,2861,2549,2199,,,,,,,,,,,,,,,,,,,,,,,,,,,,,,,9762,5128,10324,6234,3816,5484,6238,6414,5029,3710,6120,8938,5122,8240,5587,3779,4618,5706,5802,4620,3229,5516,7229,2172,5977,1678,1196,2145,2015,2581,1716,962,2203,4660,1448,4392,1408,982,1357,1814,1124,921,1241,857,5048,1461,4621,1392,1173,1858,1335,1362,1335,790,2122,,,,,,,,,,,,,,,,,,,,,,,,,,,,,,,,,,,,,,,,,,,,,,,,,,,,,,,,609,598,2411,1994,7005,,,,,
ACSSF,2019m1,nc,000,0026,0000037,2161,1946,3517,2422,853,954,2719,2068,3316,2079,829,925,2210,891,1102,1320,105,156,1280,478,1070,415,203,203,586,252,468,189,180,89,,,,,,,,,,,,,,,,,,,,,,,,,,,,,,,2177,1446,2503,2355,2405,1829,2413,1416,2336,2039,2231,1802,1783,140,783,1052,966,288,1176,132,344,1051,92,159,573,203,235,230,272,208,,,,,,,,,,,,,,,,,,,,,,,,,,,,,,,2161,1758,2486,2120,1401,1903,1574,1620,1390,815,2134,2719,1566,2901,2189,1301,1609,1556,1658,1459,815,1981,2210,425,2182,943,577,924,223,252,444,203,549,1280,729,822,320,183,232,220,396,166,203,204,586,108,571,203,203,291,184,184,157,203,371,,,,,,,,,,,,,,,,,,,,,,,,,,,,,,,,,,,,,,,,,,,,,,,,,,,,,,,,2167,3153,7502,15999,27739,,,,,
ACSSF,2019m1,nc,000,0026,0000038,2352,2516,3406,1537,1174,1006,2621,2366,3052,1439,949,979,1766,866,1364,507,598,141,1446,843,885,98,314,145,367,146,345,203,203,203,,,,,,,,,,,,,,,,,,,,,,,,,,,,,,,1722,1836,2910,2125,2058,799,2312,1746,2644,2203,1837,774,1540,281,929,821,553,473,903,264,661,391,349,61,349,99,155,225,73,203,,,,,,,,,,,,,,,,,,,,,,,,,,,,,,,,,,,,,,,,,,,,,,,,,,,,,,,,,,,,,,,,,,,,,,,,,,,,,,,,,,,,,,,,,,,,,,,,,,,,,,,,,,,,,,,,,,,,,,,,,,,,,,,,,,,,,,,,,,,,,1837,2726,7500,8749,88381,,,,,
ACSSF,2019m1,nc,000,0026,0000039,3951,4602,5003,3124,1000,1961,4150,4231,4621,2813,855,1894,2787,1990,1598,588,401,724,1880,1261,1558,387,157,73,1244,734,901,513,205,265,,,,,,,,,,,,,,,,,,,,,,,,,,,,,,,3291,2309,3166,3428,3307,2559,3056,1981,3086,3601,3190,2365,2181,995,935,1117,960,798,1758,292,717,731,961,594,1083,427,408,750,436,280,,,,,,,,,,,,,,,,,,,,,,,,,,,,,,,3951,2871,4241,3318,2590,3135,2773,2498,2141,1312,2277,4150,2634,3765,3060,2381,3003,2556,2607,1922,1278,1971,2787,1062,2552,1064,655,1376,938,833,704,273,571,1880,565,1713,626,462,496,679,699,432,79,646,1244,286,1169,448,499,342,351,495,323,209,216,,,,,,,,,,,,,,,,,,,,,,,,,,,,,,,,,,,,,,,,,,,,,,,,,,,,,,,,1367,3781,2979,8172,7421,,,,,
ACSSF,2019m1,nc,000,0026,0000040,5528,5294,6708,2646,2154,1160,4983,4241,5702,2698,1945,1149,3780,2392,2897,262,671,213,1680,1082,1059,219,269,73,3088,1741,2121,450,296,137,,,,,,,,,,,,,,,,,,,,,,,,,,,,,,,4001,2234,3965,4262,3471,1462,4313,1983,3825,3479,3085,1338,3090,855,1324,1937,926,601,1318,287,764,847,433,94,1833,43,738,1342,697,475,,,,,,,,,,,,,,,,,,,,,,,,,,,,,,,5528,3147,5850,3969,2364,4836,3132,2561,2245,1293,1987,4983,2626,5516,3582,2045,4641,2914,2096,1919,1194,1939,3780,1620,3353,1227,774,1424,1161,1171,813,236,240,1680,407,1600,533,430,535,373,556,607,55,287,3088,759,2743,1263,706,1186,677,776,625,233,328,,,,,,,,,,,,,,,,,,,,,,,,,,,,,,,,,,,,,,,,,,,,,,,,,,,,,,,,1156,1620,2226,7754,3470,,,,,
ACSSF,2019m1,nc,000,0026,0000041,3802,3632,3991,1940,856,896,2959,3055,3941,1572,750,869,2110,1692,1009,486,151,163,2228,1756,1031,623,313,203,854,616,543,112,308,203,,,,,,,,,,,,,,,,,,,,,,,,,,,,,,,3114,1455,2205,1811,2171,2345,2051,1312,1635,1751,1908,2000,1505,439,370,543,1024,567,1837,244,1197,373,627,893,705,203,108,329,198,586,,,,,,,,,,,,,,,,,,,,,,,,,,,,,,,3802,2004,3887,2438,1504,1850,2019,1717,1845,1127,1899,2959,1933,2883,2026,1297,1862,1642,1607,1670,934,1815,2110,706,1873,1303,540,459,789,787,434,107,401,2228,489,2160,691,263,700,1111,359,659,663,430,854,345,747,343,268,135,171,369,193,203,418,,,,,,,,,,,,,,,,,,,,,,,,,,,,,,,,,,,,,,,,,,,,,,,,,,,,,,,,2052,2423,16514,2631,16731,,,,,
ACSSF,2019m1,nc,000,0026,0000042,4029,3990,4678,2398,1196,1294,3575,3705,4349,2283,1101,1204,2656,1737,2012,707,259,309,2196,1450,1045,451,338,374,1285,1024,607,421,16,116,,,,,,,,,,,,,,,,,,,,,,,,,,,,,,,3133,2312,3376,3044,2841,1658,3254,2413,3158,2765,2819,1619,2155,1141,679,1209,823,526,1430,373,772,896,412,154,919,148,384,418,401,401,,,,,,,,,,,,,,,,,,,,,,,,,,,,,,,4029,2824,4183,2749,1871,2312,1859,2739,2085,1173,2091,3575,2821,3473,2299,1634,2072,1554,2321,2042,1087,1930,2656,738,2583,1070,865,894,726,1394,635,516,635,2196,1015,1639,684,414,612,554,281,401,251,268,1285,581,941,565,151,282,268,256,329,234,371,,,,,,,,,,,,,,,,,,,,,,,,,,,,,,,,,,,,,,,,,,,,,,,,,,,,,,,,2627,1972,4357,6581,23170,,,,,
ACSSF,2019m1,nc,000,0026,0000043,2693,3246,3118,1971,1273,1130,2539,2731,3291,1876,972,1139,2602,1650,1351,531,388,575,2060,1615,676,438,468,90,396,193,325,109,203,203,,,,,,,,,,,,,,,,,,,,,,,,,,,,,,,2116,2140,2508,2939,1814,1348,1985,1872,2454,2495,1848,1247,1908,758,911,1112,359,12,1758,452,225,1484,190,344,396,156,180,178,109,51,,,,,,,,,,,,,,,,,,,,,,,,,,,,,,,2693,2259,3179,1999,1746,2272,2193,1908,1927,1022,1268,2539,2190,2761,1978,1349,2277,1435,1873,1993,1011,1162,2602,1060,2135,994,882,903,870,440,364,203,406,2060,380,1915,501,756,306,1513,235,404,102,203,396,174,288,193,203,203,203,190,203,203,51,,,,,,,,,,,,,,,,,,,,,,,,,,,,,,,,,,,,,,,,,,,,,,,,,,,,,,,,1666,2415,4055,11418,45713,,,,,
ACSSF,2019m1,nc,000,0026,0000044,1261,2741,2753,1463,848,884,1404,2447,2690,1451,846,866,1187,755,507,345,263,190,858,669,521,214,152,133,661,584,247,203,203,67,,,,,,,,,,,,,,,,,,,,,,,,,,,,,,,1256,1708,2027,1595,1425,756,1086,1674,1864,1521,1306,673,883,421,611,319,174,276,730,607,161,157,338,59,647,203,519,232,37,212,,,,,,,,,,,,,,,,,,,,,,,,,,,,,,,1261,1668,1787,2072,1393,1652,1535,1350,1087,502,792,1404,1709,1853,1982,1278,1452,1547,1285,1063,502,714,1187,402,979,414,263,416,367,268,308,203,219,858,323,892,412,260,376,395,210,203,203,155,661,59,658,482,184,67,203,337,75,203,231,,,,,,,,,,,,,,,,,,,,,,,,,,,,,,,,,,,,,,,,,,,,,,,,,,,,,,,,1100,1194,6585,4131,47696,,,,,
ACSSF,2019m1,nc,000,0026,0000045,1843,1937,3874,1843,1125,1054,2666,2112,3691,1641,924,1124,2376,1253,698,846,440,296,616,229,358,231,335,126,1027,233,995,138,203,120,,,,,,,,,,,,,,,,,,,,,,,,,,,,,,,1796,1823,2612,2103,1230,965,2131,1646,2314,1999,1240,820,1998,827,1101,824,243,203,602,305,172,214,145,357,1009,170,994,120,203,168,,,,,,,,,,,,,,,,,,,,,,,,,,,,,,,,,,,,,,,,,,,,,,,,,,,,,,,,,,,,,,,,,,,,,,,,,,,,,,,,,,,,,,,,,,,,,,,,,,,,,,,,,,,,,,,,,,,,,,,,,,,,,,,,,,,,,,,,,,,,,1920,2332,4721,27616,5803,,,,,
ACSSF,2019m1,nc,000,0026,0000046,2787,2978,4154,2146,1037,1302,2860,2674,4064,1986,982,1307,2035,1408,1013,528,308,128,1153,1027,558,201,184,242,649,123,589,159,203,162,,,,,,,,,,,,,,,,,,,,,,,,,,,,,,,2395,2325,3003,3165,1655,1430,2548,2203,2952,3217,1507,1389,1785,803,739,686,605,100,866,249,336,412,471,320,614,203,333,323,44,213,,,,,,,,,,,,,,,,,,,,,,,,,,,,,,,2787,2017,3143,2045,1490,2343,2149,2300,1790,825,1738,2860,1860,3058,1981,1525,2045,2020,2165,1766,811,1678,2035,375,1904,720,376,676,799,656,187,101,222,1153,488,1142,489,388,730,179,536,122,69,206,649,203,649,164,177,298,144,203,148,113,279,,,,,,,,,,,,,,,,,,,,,,,,,,,,,,,,,,,,,,,,,,,,,,,,,,,,,,,,1418,2302,5669,6393,23044,,,,,
ACSSF,2019m1,nc,000,0026,0000047,1242,1731,3232,1726,1144,818,2094,1844,3121,1658,1026,797,1772,1119,782,625,395,354,231,137,166,75,203,203,444,359,331,150,139,135,,,,,,,,,,,,,,,,,,,,,,,,,,,,,,,1276,1706,1790,2190,1343,759,1799,1705,1925,2164,1223,751,1131,159,624,810,400,67,186,203,203,13,119,77,405,203,247,261,254,203,,,,,,,,,,,,,,,,,,,,,,,,,,,,,,,,,,,,,,,,,,,,,,,,,,,,,,,,,,,,,,,,,,,,,,,,,,,,,,,,,,,,,,,,,,,,,,,,,,,,,,,,,,,,,,,,,,,,,,,,,,,,,,,,,,,,,,,,,,,,,1783,1778,14399,100981,12939,,,,,
ACSSF,2019m1,nc,000,0026,0000048,,,,,,,,,,,,,,,,,,,,,,,,,,,,,,,,,,,,,,,,,,,,,,,,,,,,,,,,,,,,,1048,1507,1503,1828,1390,639,1273,1487,1455,1802,1414,604,1011,314,486,290,549,122,328,203,159,303,34,203,364,99,203,299,153,101,,,,,,,,,,,,,,,,,,,,,,,,,,,,,,,,,,,,,,,,,,,,,,,,,,,,,,,,,,,,,,,,,,,,,,,,,,,,,,,,,,,,,,,,,,,,,,,,,,,,,,,,,,,,,,,,,,,,,,,,,,,,,,,,,,,,,,,,,,,,,2222,2099,13457,14787,22355,,,,,
ACSSF,2019m1,nc,000,0026,0000049,4620,3319,5829,1972,1168,1522,4239,3203,5210,1777,1098,1465,2652,1832,1503,430,382,288,2476,1495,1225,697,312,170,2047,893,1728,269,145,79,,,,,,,,,,,,,,,,,,,,,,,,,,,,,,,3644,1797,2845,3474,2898,2439,3239,1689,2560,2880,2475,2473,1937,419,1013,1167,747,416,1723,321,625,1300,487,351,1643,193,250,762,839,422,,,,,,,,,,,,,,,,,,,,,,,,,,,,,,,4620,2818,4734,2655,1729,2294,2276,2337,2336,1145,2908,4239,2547,4252,2399,1579,1937,1891,1949,2215,1157,2535,2652,834,2196,885,758,766,813,625,590,378,481,2476,561,2285,787,399,371,777,995,355,189,430,2047,885,1518,794,276,194,269,212,167,75,926,,,,,,,,,,,,,,,,,,,,,,,,,,,,,,,,,,,,,,,,,,,,,,,,,,,,,,,,1476,1351,6333,8253,34777,,,,,
ACSSF,2019m1,nc,000,0026,0000050,8676,8707,11608,6854,3872,2849,8924,7473,11140,5858,3603,2565,7649,5111,4137,2941,982,817,3855,2652,1924,1217,754,714,2801,1599,1803,680,337,217,,,,,,,,,,,,,,,,,,,,,,,,,,,,,,,6491,4437,6505,7750,7713,7284,7107,4112,5815,6908,6553,6797,6514,1878,2447,3434,3229,2897,3045,740,945,1344,1478,1560,2148,876,842,824,878,974,,,,,,,,,,,,,,,,,,,,,,,,,,,,,,,8676,5339,9411,6280,3955,6184,4807,5799,4701,3865,6547,8924,5022,9207,5420,3692,5027,4438,4938,4474,3334,6007,7649,1993,6982,2195,1375,2537,2211,2782,1833,1470,2697,3855,1119,3564,1539,976,1084,1184,1046,754,793,1068,2801,1020,2294,961,273,854,489,607,704,547,973,,,,,,,,,,,,,,,,,,,,,,,,,,,,,,,,,,,,,,,,,,,,,,,,,,,,,,,,776,884,3461,7356,8638,,,,,
ACSSF,2019m1,nc,000,0026,0000051,2489,3186,3711,1892,1223,1328,2898,2981,3562,1755,903,1346,2563,1149,1788,501,540,70,1483,1122,463,478,542,136,1069,472,936,215,203,124,,,,,,,,,,,,,,,,,,,,,,,,,,,,,,,2104,1796,2259,2865,1778,1085,2677,1724,2450,2557,1507,908,2346,969,1155,1124,460,71,1182,58,318,834,304,464,975,203,235,643,625,214,,,,,,,,,,,,,,,,,,,,,,,,,,,,,,,2489,1729,2784,2295,1639,2089,2088,2124,1418,912,1446,2898,1451,2932,2160,1623,1832,1903,2024,1329,701,1378,2563,1006,1883,787,609,747,712,614,337,203,59,1483,307,1470,591,650,441,508,234,578,453,242,1069,327,944,364,124,241,408,378,120,309,319,,,,,,,,,,,,,,,,,,,,,,,,,,,,,,,,,,,,,,,,,,,,,,,,,,,,,,,,2670,2836,5081,16213,13183,,,,,
ACSSF,2019m1,nc,000,0026,0000052,,,,,,,,,,,,,,,,,,,,,,,,,,,,,,,,,,,,,,,,,,,,,,,,,,,,,,,,,,,,,,,,,,,,,,,,,,,,,,,,,,,,,,,,,,,,,,,,,,,,,,,,,,,,,,,,,,,,,,,,,,,,,,,,,,,,,,,,,,,,,,,,,,,,,,,,,,,,,,,,,,,,,,,,,,,,,,,,,,,,,,,,,,,,,,,,,,,,,,,,,,,,,,,,,,,,,,,,,,,,,,,,,,,,,,,1937,1906,14551,30743,48187,,,,,
ACSSF,2019m1,nc,000,0026,0000053,2177,2921,2984,1806,1166,1088,1890,2406,3000,1795,1013,1096,1397,1085,656,252,482,140,1251,1018,574,99,203,23,584,163,278,203,265,86,,,,,,,,,,,,,,,,,,,,,,,,,,,,,,,1770,1858,2126,1911,1338,994,1709,1617,2064,1819,1265,949,1130,722,307,673,129,76,1061,185,826,371,174,281,584,14,315,193,129,203,,,,,,,,,,,,,,,,,,,,,,,,,,,,,,,,,,,,,,,,,,,,,,,,,,,,,,,,,,,,,,,,,,,,,,,,,,,,,,,,,,,,,,,,,,,,,,,,,,,,,,,,,,,,,,,,,,,,,,,,,,,,,,,,,,,,,,,,,,,,,2158,2947,6639,4122,630,,,,,
ACSSF,2019m1,nc,000,0026,0000054,3430,3188,3574,2001,656,980,3241,2967,3283,1461,557,941,1726,991,879,1114,237,163,1251,635,1024,351,203,144,1221,549,830,432,155,247,,,,,,,,,,,,,,,,,,,,,,,,,,,,,,,3213,1715,2140,2467,2482,1508,3247,1706,2022,2275,2435,1470,1723,242,220,1044,1076,508,1100,418,415,332,876,123,986,200,527,388,726,350,,,,,,,,,,,,,,,,,,,,,,,,,,,,,,,3430,1329,3471,1892,1345,1989,1719,2197,1252,670,1440,3241,1287,3406,1739,1304,1884,1800,1952,1281,541,1133,1726,278,1729,430,312,365,1124,1016,203,143,627,1251,387,1187,739,214,287,418,67,89,318,242,1221,172,1195,437,376,325,586,412,150,177,494,,,,,,,,,,,,,,,,,,,,,,,,,,,,,,,,,,,,,,,,,,,,,,,,,,,,,,,,1857,2508,7493,11811,7415,,,,,
ACSSF,2019m1,nc,000,0026,0000055,5100,3226,4079,2411,658,1195,4283,2648,3922,2002,659,1035,2567,1289,1862,778,274,294,1561,1095,731,389,203,362,828,430,655,96,139,99,,,,,,,,,,,,,,,,,,,,,,,,,,,,,,,4790,1195,2493,2911,3232,2685,4164,1129,2417,2269,2711,2536,2109,332,383,1522,1171,921,1050,83,427,401,293,537,736,203,109,214,496,369,,,,,,,,,,,,,,,,,,,,,,,,,,,,,,,5100,2310,4989,1951,1396,2053,1677,2363,1693,1305,2655,4283,2108,4359,1778,1294,1713,1539,2169,1631,929,2498,2567,713,2420,549,464,939,489,1001,617,950,957,1561,628,1284,729,266,449,317,454,299,272,87,828,330,761,348,203,163,308,90,71,317,311,,,,,,,,,,,,,,,,,,,,,,,,,,,,,,,,,,,,,,,,,,,,,,,,,,,,,,,,2688,2210,9478,9124,10426,,,,,
ACSSF,2019m1,nc,000,0026,0000056,10422,10110,10664,5469,2912,2739,9157,9000,9082,4493,2443,2593,6514,4563,3920,1552,1005,570,4471,2376,2730,1154,889,382,4643,2320,3534,1276,209,586,,,,,,,,,,,,,,,,,,,,,,,,,,,,,,,9619,4708,6967,9134,8184,5438,8339,4623,6595,7834,6931,4455,5692,1644,2486,1981,3714,1692,3804,780,1887,1610,1620,981,4540,829,1155,2881,2399,1511,,,,,,,,,,,,,,,,,,,,,,,,,,,,,,,10422,5593,11154,5277,3832,5316,5893,6063,4524,3685,5581,9157,4963,9186,4826,3725,4189,5398,5332,4176,3050,4872,6514,1781,5751,1428,1179,2079,1851,2416,1747,934,1713,4471,1178,4204,1389,918,1249,1642,1116,943,1201,766,4643,1410,4105,1228,1091,1812,1226,1326,1139,679,1905,,,,,,,,,,,,,,,,,,,,,,,,,,,,,,,,,,,,,,,,,,,,,,,,,,,,,,,,750,742,2929,2007,7830,,,,,
ACSSF,2019m1,nc,000,0026,0000057,3413,3176,3189,1982,377,1025,3379,2739,3247,1730,301,853,2144,1557,885,384,218,339,1371,873,936,730,71,130,768,611,386,154,203,265,,,,,,,,,,,,,,,,,,,,,,,,,,,,,,,3281,1575,2207,2333,2180,1989,2642,1510,2022,2008,1735,1686,1781,662,542,740,847,522,1153,178,606,792,566,186,696,62,294,232,57,570,,,,,,,,,,,,,,,,,,,,,,,,,,,,,,,3413,1652,3473,2308,1530,1759,1457,2009,1712,914,1950,3379,1641,3355,2169,1160,1755,1358,1652,1508,837,1644,2144,463,1944,732,748,524,449,875,453,161,382,1371,234,1377,844,271,412,349,443,296,308,820,768,155,715,301,136,265,203,259,250,203,455,,,,,,,,,,,,,,,,,,,,,,,,,,,,,,,,,,,,,,,,,,,,,,,,,,,,,,,,4591,4853,13871,19446,36813,,,,,
ACSSF,2019m1,nc,000,0026,0000058,5089,5528,5840,3099,1425,1501,5390,5029,5823,2737,1148,1506,4102,3354,2035,811,672,406,2445,1908,814,573,88,74,1665,1218,1143,488,545,203,,,,,,,,,,,,,,,,,,,,,,,,,,,,,,,4253,3118,3490,3764,4146,4278,4258,2282,3292,3393,3755,3849,3060,1714,1259,1625,1251,1273,1783,857,497,713,760,621,1546,256,532,781,847,1102,,,,,,,,,,,,,,,,,,,,,,,,,,,,,,,5089,3254,5541,3243,3542,3240,3324,3574,2650,1941,3539,5390,2985,5695,3027,2672,2585,3033,3248,2796,1911,3242,4102,889,3944,870,1540,1609,1727,1062,819,679,1057,2445,652,2189,784,1060,865,485,758,359,355,500,1665,751,1688,573,183,296,394,900,397,494,1102,,,,,,,,,,,,,,,,,,,,,,,,,,,,,,,,,,,,,,,,,,,,,,,,,,,,,,,,1291,2859,3482,10163,6759,,,,,
ACSSF,2019m1,nc,000,0026,0000059,4748,3514,4300,2002,969,1312,3576,3011,3024,1612,801,1201,2762,2076,1748,692,446,367,2301,1330,1569,586,244,192,2148,1053,1631,666,231,203,,,,,,,,,,,,,,,,,,,,,,,,,,,,,,,4225,1689,2911,3034,2635,1727,3187,1241,2353,2551,1858,1549,2039,657,1012,1233,657,269,1864,846,895,1173,615,245,1786,329,745,1019,1127,342,,,,,,,,,,,,,,,,,,,,,,,,,,,,,,,4748,2099,4498,2371,1764,2655,2443,2430,1504,1033,1585,3576,1797,3569,1926,1453,2257,2175,1913,1336,891,1287,2762,633,2631,1229,756,954,1087,898,425,286,444,2301,436,2264,935,547,709,1066,922,412,374,606,2148,756,1842,831,478,468,601,822,512,151,819,,,,,,,,,,,,,,,,,,,,,,,,,,,,,,,,,,,,,,,,,,,,,,,,,,,,,,,,1261,1508,2969,7923,5594,,,,,
ACSSF,2019m1,nc,000,0026,0000060,2800,2167,2796,1237,749,955,2780,2059,2659,999,526,950,1612,1074,847,522,560,101,821,580,345,108,203,203,630,202,326,476,203,203,,,,,,,,,,,,,,,,,,,,,,,,,,,,,,,2724,1391,2259,1728,1615,1109,2493,1206,2220,1613,1392,1102,1387,693,690,599,634,181,533,73,101,414,308,147,553,13,94,504,186,203,,,,,,,,,,,,,,,,,,,,,,,,,,,,,,,,,,,,,,,,,,,,,,,,,,,,,,,,,,,,,,,,,,,,,,,,,,,,,,,,,,,,,,,,,,,,,,,,,,,,,,,,,,,,,,,,,,,,,,,,,,,,,,,,,,,,,,,,,,,,,2109,2087,7139,14620,18526,,,,,
ACSSF,2019m1,nc,000,0026,0000061,5820,5207,5201,2889,1643,1792,4891,5026,4893,2649,1622,1744,3730,2658,1815,986,384,734,2534,1862,1079,852,372,228,1443,1279,714,353,203,194,,,,,,,,,,,,,,,,,,,,,,,,,,,,,,,4903,2976,4419,4217,3908,3092,4135,2957,3835,3729,3422,3020,3039,568,1635,1489,1082,775,2257,360,1596,877,1008,329,959,167,270,769,343,401,,,,,,,,,,,,,,,,,,,,,,,,,,,,,,,5820,4125,6476,3374,3028,3404,3034,3356,2389,1605,2508,4891,3896,5364,3208,2510,2975,2826,3241,2199,1500,2124,3730,1107,3253,992,987,1596,1220,1033,915,270,587,2534,380,2542,1017,1351,718,341,701,553,579,743,1443,893,1121,541,309,274,331,476,230,154,385,,,,,,,,,,,,,,,,,,,,,,,,,,,,,,,,,,,,,,,,,,,,,,,,,,,,,,,,1679,1971,5128,8439,8833,,,,,
ACSSF,2019m1,nc,000,0026,0000062,4096,3490,3220,1564,757,1041,3791,3400,2998,1526,679,952,2469,1889,1443,378,203,315,1534,948,786,428,273,322,1251,1026,607,340,16,116,,,,,,,,,,,,,,,,,,,,,,,,,,,,,,,3624,1385,2469,2165,2252,1414,3196,1340,2119,2007,2119,1302,1897,1088,572,820,572,509,1156,324,751,738,276,59,884,148,355,418,401,401,,,,,,,,,,,,,,,,,,,,,,,,,,,,,,,4096,2458,4029,2237,1290,2190,1563,2261,1357,533,1551,3791,2334,3486,2025,1059,1960,1212,1926,1288,412,1384,2469,686,2366,820,791,714,695,1261,635,188,603,1534,414,1463,657,341,608,479,279,266,251,107,1251,565,923,565,146,235,264,256,329,234,371,,,,,,,,,,,,,,,,,,,,,,,,,,,,,,,,,,,,,,,,,,,,,,,,,,,,,,,,4167,4776,7393,6365,25737,,,,,
ACSSF,2019m1,nc,000,0026,0000063,3291,3080,2720,1587,868,1254,3462,2726,2986,1426,690,1254,2256,1701,1168,669,519,293,1082,843,624,153,40,159,686,350,458,314,203,203,,,,,,,,,,,,,,,,,,,,,,,,,,,,,,,3336,2082,2245,3198,1805,1489,3361,1857,2177,2793,1510,1447,1845,919,888,1310,733,222,689,206,390,304,170,343,636,245,103,224,330,207,,,,,,,,,,,,,,,,,,,,,,,,,,,,,,,3291,1790,3531,1955,1421,2350,2012,2187,1338,738,1296,3462,1694,3503,1887,1366,1871,1812,1885,1157,644,1243,2256,704,1956,549,445,1211,716,832,509,204,333,1082,307,954,432,331,529,364,212,122,242,209,686,203,686,111,268,190,320,104,109,207,163,,,,,,,,,,,,,,,,,,,,,,,,,,,,,,,,,,,,,,,,,,,,,,,,,,,,,,,,2066,2213,5225,4036,5338,,,,,
ACSSF,2019m1,nc,000,0026,0000064,4252,2949,3602,1493,970,500,3092,2220,2934,1472,878,462,2469,1787,1636,114,230,116,875,816,260,124,267,71,2353,1369,1588,354,113,13,,,,,,,,,,,,,,,,,,,,,,,,,,,,,,,3497,1062,2303,2103,1694,799,2925,814,1814,1710,1570,567,1655,764,828,974,420,329,707,266,559,265,278,81,1308,13,650,649,296,462,,,,,,,,,,,,,,,,,,,,,,,,,,,,,,,4252,1316,3999,1749,1592,2467,1611,1900,1254,758,1239,3092,1060,2912,1358,1123,1816,1109,1519,992,674,1231,2469,822,2127,1042,627,906,878,624,533,125,125,875,235,832,360,232,292,156,431,376,203,247,2353,543,2218,609,681,1088,617,692,315,233,242,,,,,,,,,,,,,,,,,,,,,,,,,,,,,,,,,,,,,,,,,,,,,,,,,,,,,,,,1181,1847,2703,14645,2594,,,,,
ACSSF,2019m1,nc,000,0026,0000065,8224,6921,8231,4637,2916,2371,8015,6461,7743,4378,2699,2166,6572,4675,2552,2284,843,666,1997,1611,868,585,599,345,2480,1344,1345,668,220,209,,,,,,,,,,,,,,,,,,,,,,,,,,,,,,,7700,4000,5128,5453,5907,5429,7281,3558,4639,4789,5407,4157,5359,1622,2045,2861,1800,2264,1674,362,611,800,999,590,1982,871,815,640,604,626,,,,,,,,,,,,,,,,,,,,,,,,,,,,,,,8224,4193,7965,4551,2519,4297,3862,4412,4224,2622,4829,8015,3816,7626,4047,2301,3481,3498,3961,3680,2339,4110,6572,1578,5851,2054,1151,2102,1737,2124,1890,560,1957,1997,622,1776,752,546,634,605,757,518,479,452,2480,828,2072,605,208,816,364,428,662,413,522,,,,,,,,,,,,,,,,,,,,,,,,,,,,,,,,,,,,,,,,,,,,,,,,,,,,,,,,1740,2248,4605,5476,10454,,,,,
ACSSF,2019m1,nc,000,0026,0000066,3783,4266,3870,2159,963,1179,3756,3995,3392,1858,830,1033,2495,1935,1341,361,399,608,1781,1169,1536,353,148,71,967,599,579,498,203,203,,,,,,,,,,,,,,,,,,,,,,,,,,,,,,,3728,1818,2362,2674,2523,1987,3127,1714,2326,2372,2182,1944,1903,699,706,1054,753,707,1744,280,721,734,947,578,801,224,401,393,344,277,,,,,,,,,,,,,,,,,,,,,,,,,,,,,,,3783,2261,4425,2084,1856,2718,2005,1872,1587,840,1645,3756,2155,3914,1921,1552,2401,1870,1869,1450,813,1525,2495,954,2187,819,542,1215,643,575,478,127,459,1781,505,1594,541,448,492,671,701,432,203,638,967,164,919,372,366,214,324,478,82,160,128,,,,,,,,,,,,,,,,,,,,,,,,,,,,,,,,,,,,,,,,,,,,,,,,,,,,,,,,2438,2367,3778,9271,8467,,,,,
ACSSF,2019m1,nc,000,0026,0000067,4815,4634,4794,2589,1218,1637,4508,4393,4477,2527,1088,1596,3659,2510,1701,688,604,433,1418,1162,654,410,304,284,1236,703,807,306,43,61,,,,,,,,,,,,,,,,,,,,,,,,,,,,,,,4425,2574,3744,3928,2813,2272,4121,2282,3622,3306,2849,2194,2416,1230,891,1271,820,785,1272,349,498,750,558,421,1008,254,203,581,363,590,,,,,,,,,,,,,,,,,,,,,,,,,,,,,,,4815,3379,5493,3857,2011,2668,2736,3013,2489,1453,1966,4508,3055,4822,3649,1892,2558,2424,2935,2353,1264,1828,3659,1464,2820,1148,530,954,1153,872,318,619,439,1418,509,1335,745,415,537,436,564,227,186,411,1236,224,1196,341,148,225,572,182,308,87,442,,,,,,,,,,,,,,,,,,,,,,,,,,,,,,,,,,,,,,,,,,,,,,,,,,,,,,,,1703,1835,7294,7760,2401,,,,,
ACSSF,2019m1,nc,000,0026,0000068,3430,3188,3574,2001,656,980,3241,2967,3283,1461,557,941,1726,991,879,1114,237,163,1251,635,1024,351,203,144,1221,549,830,432,155,247,,,,,,,,,,,,,,,,,,,,,,,,,,,,,,,3213,1715,2140,2467,2482,1508,3247,1706,2022,2275,2435,1470,1723,242,220,1044,1076,508,1100,418,415,332,876,123,986,200,527,388,726,350,,,,,,,,,,,,,,,,,,,,,,,,,,,,,,,3430,1329,3471,1892,1345,1989,1719,2197,1252,670,1440,3241,1287,3406,1739,1304,1884,1800,1952,1281,541,1133,1726,278,1729,430,312,365,1124,1016,203,143,627,1251,387,1187,739,214,287,418,67,89,318,242,1221,172,1195,437,376,325,586,412,150,177,494,,,,,,,,,,,,,,,,,,,,,,,,,,,,,,,,,,,,,,,,,,,,,,,,,,,,,,,,1857,2508,7493,11811,7415,,,,,
ACSSF,2019m1,nc,000,0026,0000069,10422,10110,10664,5469,2912,2739,9157,9000,9082,4493,2443,2593,6514,4563,3920,1552,1005,570,4471,2376,2730,1154,889,382,4643,2320,3534,1276,209,586,,,,,,,,,,,,,,,,,,,,,,,,,,,,,,,9619,4708,6967,9134,8184,5438,8339,4623,6595,7834,6931,4455,5692,1644,2486,1981,3714,1692,3804,780,1887,1610,1620,981,4540,829,1155,2881,2399,1511,,,,,,,,,,,,,,,,,,,,,,,,,,,,,,,10422,5593,11154,5277,3832,5316,5893,6063,4524,3685,5581,9157,4963,9186,4826,3725,4189,5398,5332,4176,3050,4872,6514,1781,5751,1428,1179,2079,1851,2416,1747,934,1713,4471,1178,4204,1389,918,1249,1642,1116,943,1201,766,4643,1410,4105,1228,1091,1812,1226,1326,1139,679,1905,,,,,,,,,,,,,,,,,,,,,,,,,,,,,,,,,,,,,,,,,,,,,,,,,,,,,,,,750,742,2929,2007,7830,,,,,
ACSSF,2019m1,nc,000,0026,0000070,3413,3176,3189,1982,377,1025,3379,2739,3247,1730,301,853,2144,1557,885,384,218,339,1371,873,936,730,71,130,768,611,386,154,203,265,,,,,,,,,,,,,,,,,,,,,,,,,,,,,,,3281,1575,2207,2333,2180,1989,2642,1510,2022,2008,1735,1686,1781,662,542,740,847,522,1153,178,606,792,566,186,696,62,294,232,57,570,,,,,,,,,,,,,,,,,,,,,,,,,,,,,,,3413,1652,3473,2308,1530,1759,1457,2009,1712,914,1950,3379,1641,3355,2169,1160,1755,1358,1652,1508,837,1644,2144,463,1944,732,748,524,449,875,453,161,382,1371,234,1377,844,271,412,349,443,296,308,820,768,155,715,301,136,265,203,259,250,203,455,,,,,,,,,,,,,,,,,,,,,,,,,,,,,,,,,,,,,,,,,,,,,,,,,,,,,,,,4591,4853,13871,19446,36813,,,,,
ACSSF,2019m1,nc,000,0026,0000071,2800,2167,2796,1237,749,955,2780,2059,2659,999,526,950,1612,1074,847,522,560,101,821,580,345,108,203,203,630,202,326,476,203,203,,,,,,,,,,,,,,,,,,,,,,,,,,,,,,,2724,1391,2259,1728,1615,1109,2493,1206,2220,1613,1392,1102,1387,693,690,599,634,181,533,73,101,414,308,147,553,13,94,504,186,203,,,,,,,,,,,,,,,,,,,,,,,,,,,,,,,,,,,,,,,,,,,,,,,,,,,,,,,,,,,,,,,,,,,,,,,,,,,,,,,,,,,,,,,,,,,,,,,,,,,,,,,,,,,,,,,,,,,,,,,,,,,,,,,,,,,,,,,,,,,,,2109,2087,7139,14620,18526,,,,,
ACSSF,2019m1,nc,000,0026,0000072,5069,5528,5822,3099,1425,1501,5420,5029,5815,2737,1148,1506,4102,3354,2035,811,672,406,2445,1908,814,573,88,74,1665,1218,1143,488,545,203,,,,,,,,,,,,,,,,,,,,,,,,,,,,,,,4213,3118,3491,3764,4146,4309,4262,2282,3290,3393,3755,3903,3060,1714,1259,1625,1251,1273,1783,857,497,713,760,621,1546,256,532,781,847,1102,,,,,,,,,,,,,,,,,,,,,,,,,,,,,,,5069,3243,5554,3243,3488,3240,3324,3574,2650,1944,3514,5420,2965,5731,3027,2643,2585,3033,3248,2796,1919,3218,4102,889,3944,870,1540,1609,1727,1062,819,679,1057,2445,652,2189,784,1060,865,485,758,359,355,500,1665,751,1688,573,183,296,394,900,397,494,1102,,,,,,,,,,,,,,,,,,,,,,,,,,,,,,,,,,,,,,,,,,,,,,,,,,,,,,,,1271,2813,3482,10163,6759,,,,,
ACSSF,2019m1,nc,000,0026,0000073,4748,3514,4300,2002,969,1312,3576,3011,3024,1612,801,1201,2762,2076,1748,692,446,367,2301,1330,1569,586,244,192,2148,1053,1631,666,231,203,,,,,,,,,,,,,,,,,,,,,,,,,,,,,,,4225,1689,2911,3034,2635,1727,3187,1241,2353,2551,1858,1549,2039,657,1012,1233,657,269,1864,846,895,1173,615,245,1786,329,745,1019,1127,342,,,,,,,,,,,,,,,,,,,,,,,,,,,,,,,4748,2099,4498,2371,1764,2655,2443,2430,1504,1033,1585,3576,1797,3569,1926,1453,2257,2175,1913,1336,891,1287,2762,633,2631,1229,756,954,1087,898,425,286,444,2301,436,2264,935,547,709,1066,922,412,374,606,2148,756,1842,831,478,468,601,822,512,151,819,,,,,,,,,,,,,,,,,,,,,,,,,,,,,,,,,,,,,,,,,,,,,,,,,,,,,,,,1261,1508,2969,7923,5594,,,,,
ACSSF,2019m1,nc,000,0026,0000074,5820,5207,5201,2889,1643,1792,4891,5026,4893,2649,1622,1744,3730,2658,1815,986,384,734,2534,1862,1079,852,372,228,1443,1279,714,353,203,194,,,,,,,,,,,,,,,,,,,,,,,,,,,,,,,4903,2976,4419,4217,3908,3092,4135,2957,3835,3729,3422,3020,3039,568,1635,1489,1082,775,2257,360,1596,877,1008,329,959,167,270,769,343,401,,,,,,,,,,,,,,,,,,,,,,,,,,,,,,,5820,4125,6476,3374,3028,3404,3034,3356,2389,1605,2508,4891,3896,5364,3208,2510,2975,2826,3241,2199,1500,2124,3730,1107,3253,992,987,1596,1220,1033,915,270,587,2534,380,2542,1017,1351,718,341,701,553,579,743,1443,893,1121,541,309,274,331,476,230,154,385,,,,,,,,,,,,,,,,,,,,,,,,,,,,,,,,,,,,,,,,,,,,,,,,,,,,,,,,1679,1971,5128,8439,8833,,,,,
ACSSF,2019m1,nc,000,0026,0000075,3371,3128,2696,1528,868,1266,3415,2731,2934,1390,690,1245,2277,1701,1154,669,519,277,1061,814,624,153,40,142,630,350,385,314,203,203,,,,,,,,,,,,,,,,,,,,,,,,,,,,,,,3409,2049,2201,3183,1781,1488,3313,1810,2141,2752,1484,1445,1855,919,877,1310,729,222,686,206,381,304,170,343,577,245,103,180,297,207,,,,,,,,,,,,,,,,,,,,,,,,,,,,,,,3371,1793,3614,1881,1412,2364,1813,2131,1246,732,1204,3415,1679,3469,1829,1358,1872,1611,1829,1036,636,1168,2277,704,1972,535,445,1211,716,836,509,204,320,1061,294,941,420,331,529,354,212,122,242,209,630,203,630,111,268,138,320,104,109,207,102,,,,,,,,,,,,,,,,,,,,,,,,,,,,,,,,,,,,,,,,,,,,,,,,,,,,,,,,2202,2347,4827,3965,6890,,,,,
ACSSF,2019m1,nc,000,0026,0000076,4096,3490,3220,1564,757,1041,3791,3400,2998,1526,679,952,2469,1889,1443,378,203,315,1534,948,786,428,273,322,1251,1026,607,340,16,116,,,,,,,,,,,,,,,,,,,,,,,,,,,,,,,3624,1385,2469,2165,2252,1414,3196,1340,2119,2007,2119,1302,1897,1088,572,820,572,509,1156,324,751,738,276,59,884,148,355,418,401,401,,,,,,,,,,,,,,,,,,,,,,,,,,,,,,,4096,2458,4029,2237,1290,2190,1563,2261,1357,533,1551,3791,2334,3486,2025,1059,1960,1212,1926,1288,412,1384,2469,686,2366,820,791,714,695,1261,635,188,603,1534,414,1463,657,341,608,479,279,266,251,107,1251,565,923,565,146,235,264,256,329,234,371,,,,,,,,,,,,,,,,,,,,,,,,,,,,,,,,,,,,,,,,,,,,,,,,,,,,,,,,4167,4776,7393,6365,25737,,,,,
ACSSF,2019m1,nc,000,0026,0000077,4252,2949,3602,1493,970,500,3092,2220,2934,1472,878,462,2469,1787,1636,114,230,116,875,816,260,124,267,71,2353,1369,1588,354,113,13,,,,,,,,,,,,,,,,,,,,,,,,,,,,,,,3497,1062,2303,2103,1694,799,2925,814,1814,1710,1570,567,1655,764,828,974,420,329,707,266,559,265,278,81,1308,13,650,649,296,462,,,,,,,,,,,,,,,,,,,,,,,,,,,,,,,4252,1316,3999,1749,1592,2467,1611,1900,1254,758,1239,3092,1060,2912,1358,1123,1816,1109,1519,992,674,1231,2469,822,2127,1042,627,906,878,624,533,125,125,875,235,832,360,232,292,156,431,376,203,247,2353,543,2218,609,681,1088,617,692,315,233,242,,,,,,,,,,,,,,,,,,,,,,,,,,,,,,,,,,,,,,,,,,,,,,,,,,,,,,,,1181,1847,2703,14645,2594,,,,,
ACSSF,2019m1,nc,000,0026,0000078,4950,3220,4060,2400,667,1158,4130,2633,3902,1992,661,996,2567,1289,1862,778,274,294,1536,1065,731,379,203,353,828,430,655,96,139,99,,,,,,,,,,,,,,,,,,,,,,,,,,,,,,,4718,1195,2520,2885,3168,2679,4020,1129,2437,2220,2640,2517,2109,332,383,1522,1171,921,1033,83,427,401,285,521,736,203,109,214,496,369,,,,,,,,,,,,,,,,,,,,,,,,,,,,,,,4950,2303,4898,1942,1396,2070,1631,2363,1694,1297,2653,4130,2107,4220,1769,1294,1692,1452,2172,1636,921,2495,2567,713,2420,549,464,939,489,1001,617,950,957,1536,624,1281,729,266,447,317,448,289,272,87,828,330,761,348,203,163,308,90,71,317,311,,,,,,,,,,,,,,,,,,,,,,,,,,,,,,,,,,,,,,,,,,,,,,,,,,,,,,,,2243,2300,9478,10082,10426,,,,,
ACSSF,2019m1,nc,000,0026,0000079,7938,6908,8096,4748,2916,2371,7958,6456,7575,4378,2699,2166,6294,4675,2552,2025,843,666,1997,1611,868,585,599,345,2480,1344,1345,668,220,209,,,,,,,,,,,,,,,,,,,,,,,,,,,,,,,7504,4000,5128,5404,5723,5420,7174,3558,4639,4784,5209,4139,5144,1622,2045,2627,1800,2271,1674,362,611,800,999,590,1982,871,815,640,604,626,,,,,,,,,,,,,,,,,,,,,,,,,,,,,,,7938,4189,7665,4551,2519,4257,3862,4403,4052,2622,4896,7958,3809,7542,4047,2301,3456,3498,3968,3687,2339,4150,6294,1578,5611,2054,1151,2102,1737,2147,1562,560,1957,1997,622,1776,752,546,634,605,757,518,479,452,2480,828,2072,605,208,816,364,428,662,413,522,,,,,,,,,,,,,,,,,,,,,,,,,,,,,,,,,,,,,,,,,,,,,,,,,,,,,,,,1644,2262,4435,5476,10454,,,,,
ACSSF,2019m1,nc,000,0026,0000080,3783,4266,3870,2159,963,1179,3756,3995,3392,1858,830,1033,2495,1935,1341,361,399,608,1781,1169,1536,353,148,71,967,599,579,498,203,203,,,,,,,,,,,,,,,,,,,,,,,,,,,,,,,3728,1818,2362,2674,2523,1987,3127,1714,2326,2372,2182,1944,1903,699,706,1054,753,707,1744,280,721,734,947,578,801,224,401,393,344,277,,,,,,,,,,,,,,,,,,,,,,,,,,,,,,,3783,2261,4425,2084,1856,2718,2005,1872,1587,840,1645,3756,2155,3914,1921,1552,2401,1870,1869,1450,813,1525,2495,954,2187,819,542,1215,643,575,478,127,459,1781,505,1594,541,448,492,671,701,432,203,638,967,164,919,372,366,214,324,478,82,160,128,,,,,,,,,,,,,,,,,,,,,,,,,,,,,,,,,,,,,,,,,,,,,,,,,,,,,,,,2438,2367,3778,9271,8467,,,,,
ACSSF,2019m1,nc,000,0026,0000081,4815,4634,4794,2589,1218,1637,4508,4393,4477,2527,1088,1596,3659,2510,1701,688,604,433,1418,1162,654,410,304,284,1236,703,807,306,43,61,,,,,,,,,,,,,,,,,,,,,,,,,,,,,,,4425,2574,3744,3928,2813,2272,4121,2282,3622,3306,2849,2194,2416,1230,891,1271,820,785,1272,349,498,750,558,421,1008,254,203,581,363,590,,,,,,,,,,,,,,,,,,,,,,,,,,,,,,,4815,3379,5493,3857,2011,2668,2736,3013,2489,1453,1966,4508,3055,4822,3649,1892,2558,2424,2935,2353,1264,1828,3659,1464,2820,1148,530,954,1153,872,318,619,439,1418,509,1335,745,415,537,436,564,227,186,411,1236,224,1196,341,148,225,572,182,308,87,442,,,,,,,,,,,,,,,,,,,,,,,,,,,,,,,,,,,,,,,,,,,,,,,,,,,,,,,,1703,1835,7294,7760,2401,,,,,
ACSSF,2019m1,nc,000,0026,0000082,,,,,,,,,,,,,,,,,,,,,,,,,,,,,,,,,,,,,,,,,,,,,,,,,,,,,,,,,,,,,,,,,,,,,,,,,,,,,,,,,,,,,,,,,,,,,,,,,,,,,,,,,,,,,,,,,,,,,,,,,,,,,,,,,,,,,,,,,,,,,,,,,,,,,,,,,,,,,,,,,,,,,,,,,,,,,,,,,,,,,,,,,,,,,,,,,,,,,,,,,,,,,,,,,,,,,,,,,,,,,,,,,,,,,,,,,,,,,,,,
ACSSF,2019m1,nc,000,0026,0000083,,,,,,,,,,,,,,,,,,,,,,,,,,,,,,,,,,,,,,,,,,,,,,,,,,,,,,,,,,,,,,,,,,,,,,,,,,,,,,,,,,,,,,,,,,,,,,,,,,,,,,,,,,,,,,,,,,,,,,,,,,,,,,,,,,,,,,,,,,,,,,,,,,,,,,,,,,,,,,,,,,,,,,,,,,,,,,,,,,,,,,,,,,,,,,,,,,,,,,,,,,,,,,,,,,,,,,,,,,,,,,,,,,,,,,,,,,,,,,,,
ACSSF,2019m1,nc,000,0026,0000084,,,,,,,,,,,,,,,,,,,,,,,,,,,,,,,,,,,,,,,,,,,,,,,,,,,,,,,,,,,,,,,,,,,,,,,,,,,,,,,,,,,,,,,,,,,,,,,,,,,,,,,,,,,,,,,,,,,,,,,,,,,,,,,,,,,,,,,,,,,,,,,,,,,,,,,,,,,,,,,,,,,,,,,,,,,,,,,,,,,,,,,,,,,,,,,,,,,,,,,,,,,,,,,,,,,,,,,,,,,,,,,,,,,,,,,,,,,,,,,,
ACSSF,2019m1,nc,000,0026,0000085,,,,,,,,,,,,,,,,,,,,,,,,,,,,,,,,,,,,,,,,,,,,,,,,,,,,,,,,,,,,,,,,,,,,,,,,,,,,,,,,,,,,,,,,,,,,,,,,,,,,,,,,,,,,,,,,,,,,,,,,,,,,,,,,,,,,,,,,,,,,,,,,,,,,,,,,,,,,,,,,,,,,,,,,,,,,,,,,,,,,,,,,,,,,,,,,,,,,,,,,,,,,,,,,,,,,,,,,,,,,,,,,,,,,,,,,,,,,,,,,
ACSSF,2019m1,nc,000,0026,0000086,,,,,,,,,,,,,,,,,,,,,,,,,,,,,,,,,,,,,,,,,,,,,,,,,,,,,,,,,,,,,,,,,,,,,,,,,,,,,,,,,,,,,,,,,,,,,,,,,,,,,,,,,,,,,,,,,,,,,,,,,,,,,,,,,,,,,,,,,,,,,,,,,,,,,,,,,,,,,,,,,,,,,,,,,,,,,,,,,,,,,,,,,,,,,,,,,,,,,,,,,,,,,,,,,,,,,,,,,,,,,,,,,,,,,,,,,,,,,,,,
ACSSF,2019m1,nc,000,0026,0000087,,,,,,,,,,,,,,,,,,,,,,,,,,,,,,,,,,,,,,,,,,,,,,,,,,,,,,,,,,,,,,,,,,,,,,,,,,,,,,,,,,,,,,,,,,,,,,,,,,,,,,,,,,,,,,,,,,,,,,,,,,,,,,,,,,,,,,,,,,,,,,,,,,,,,,,,,,,,,,,,,,,,,,,,,,,,,,,,,,,,,,,,,,,,,,,,,,,,,,,,,,,,,,,,,,,,,,,,,,,,,,,,,,,,,,,,,,,,,,,,
ACSSF,2019m1,nc,000,0026,0000088,,,,,,,,,,,,,,,,,,,,,,,,,,,,,,,,,,,,,,,,,,,,,,,,,,,,,,,,,,,,,,,,,,,,,,,,,,,,,,,,,,,,,,,,,,,,,,,,,,,,,,,,,,,,,,,,,,,,,,,,,,,,,,,,,,,,,,,,,,,,,,,,,,,,,,,,,,,,,,,,,,,,,,,,,,,,,,,,,,,,,,,,,,,,,,,,,,,,,,,,,,,,,,,,,,,,,,,,,,,,,,,,,,,,,,,,,,,,,,,,
ACSSF,2019m1,nc,000,0026,0000089,,,,,,,,,,,,,,,,,,,,,,,,,,,,,,,,,,,,,,,,,,,,,,,,,,,,,,,,,,,,,,,,,,,,,,,,,,,,,,,,,,,,,,,,,,,,,,,,,,,,,,,,,,,,,,,,,,,,,,,,,,,,,,,,,,,,,,,,,,,,,,,,,,,,,,,,,,,,,,,,,,,,,,,,,,,,,,,,,,,,,,,,,,,,,,,,,,,,,,,,,,,,,,,,,,,,,,,,,,,,,,,,,,,,,,,,,,,,,,,,
ACSSF,2019m1,nc,000,0026,0000090,,,,,,,,,,,,,,,,,,,,,,,,,,,,,,,,,,,,,,,,,,,,,,,,,,,,,,,,,,,,,,,,,,,,,,,,,,,,,,,,,,,,,,,,,,,,,,,,,,,,,,,,,,,,,,,,,,,,,,,,,,,,,,,,,,,,,,,,,,,,,,,,,,,,,,,,,,,,,,,,,,,,,,,,,,,,,,,,,,,,,,,,,,,,,,,,,,,,,,,,,,,,,,,,,,,,,,,,,,,,,,,,,,,,,,,,,,,,,,,,
ACSSF,2019m1,nc,000,0026,0000091,,,,,,,,,,,,,,,,,,,,,,,,,,,,,,,,,,,,,,,,,,,,,,,,,,,,,,,,,,,,,,,,,,,,,,,,,,,,,,,,,,,,,,,,,,,,,,,,,,,,,,,,,,,,,,,,,,,,,,,,,,,,,,,,,,,,,,,,,,,,,,,,,,,,,,,,,,,,,,,,,,,,,,,,,,,,,,,,,,,,,,,,,,,,,,,,,,,,,,,,,,,,,,,,,,,,,,,,,,,,,,,,,,,,,,,,,,,,,,,,
ACSSF,2019m1,nc,000,0026,0000092,,,,,,,,,,,,,,,,,,,,,,,,,,,,,,,,,,,,,,,,,,,,,,,,,,,,,,,,,,,,,,,,,,,,,,,,,,,,,,,,,,,,,,,,,,,,,,,,,,,,,,,,,,,,,,,,,,,,,,,,,,,,,,,,,,,,,,,,,,,,,,,,,,,,,,,,,,,,,,,,,,,,,,,,,,,,,,,,,,,,,,,,,,,,,,,,,,,,,,,,,,,,,,,,,,,,,,,,,,,,,,,,,,,,,,,,,,,,,,,,
ACSSF,2019m1,nc,000,0026,0000093,,,,,,,,,,,,,,,,,,,,,,,,,,,,,,,,,,,,,,,,,,,,,,,,,,,,,,,,,,,,,,,,,,,,,,,,,,,,,,,,,,,,,,,,,,,,,,,,,,,,,,,,,,,,,,,,,,,,,,,,,,,,,,,,,,,,,,,,,,,,,,,,,,,,,,,,,,,,,,,,,,,,,,,,,,,,,,,,,,,,,,,,,,,,,,,,,,,,,,,,,,,,,,,,,,,,,,,,,,,,,,,,,,,,,,,,,,,,,,,,
ACSSF,2019m1,nc,000,0026,0000094,,,,,,,,,,,,,,,,,,,,,,,,,,,,,,,,,,,,,,,,,,,,,,,,,,,,,,,,,,,,,,,,,,,,,,,,,,,,,,,,,,,,,,,,,,,,,,,,,,,,,,,,,,,,,,,,,,,,,,,,,,,,,,,,,,,,,,,,,,,,,,,,,,,,,,,,,,,,,,,,,,,,,,,,,,,,,,,,,,,,,,,,,,,,,,,,,,,,,,,,,,,,,,,,,,,,,,,,,,,,,,,,,,,,,,,,,,,,,,,,
ACSSF,2019m1,nc,000,0026,0000095,,,,,,,,,,,,,,,,,,,,,,,,,,,,,,,,,,,,,,,,,,,,,,,,,,,,,,,,,,,,,,,,,,,,,,,,,,,,,,,,,,,,,,,,,,,,,,,,,,,,,,,,,,,,,,,,,,,,,,,,,,,,,,,,,,,,,,,,,,,,,,,,,,,,,,,,,,,,,,,,,,,,,,,,,,,,,,,,,,,,,,,,,,,,,,,,,,,,,,,,,,,,,,,,,,,,,,,,,,,,,,,,,,,,,,,,,,,,,,,,
ACSSF,2019m1,nc,000,0026,0000096,,,,,,,,,,,,,,,,,,,,,,,,,,,,,,,,,,,,,,,,,,,,,,,,,,,,,,,,,,,,,,,,,,,,,,,,,,,,,,,,,,,,,,,,,,,,,,,,,,,,,,,,,,,,,,,,,,,,,,,,,,,,,,,,,,,,,,,,,,,,,,,,,,,,,,,,,,,,,,,,,,,,,,,,,,,,,,,,,,,,,,,,,,,,,,,,,,,,,,,,,,,,,,,,,,,,,,,,,,,,,,,,,,,,,,,,,,,,,,,,
ACSSF,2019m1,nc,000,0026,0000097,,,,,,,,,,,,,,,,,,,,,,,,,,,,,,,,,,,,,,,,,,,,,,,,,,,,,,,,,,,,,,,,,,,,,,,,,,,,,,,,,,,,,,,,,,,,,,,,,,,,,,,,,,,,,,,,,,,,,,,,,,,,,,,,,,,,,,,,,,,,,,,,,,,,,,,,,,,,,,,,,,,,,,,,,,,,,,,,,,,,,,,,,,,,,,,,,,,,,,,,,,,,,,,,,,,,,,,,,,,,,,,,,,,,,,,,,,,,,,,,
ACSSF,2019m1,nc,000,0026,0000098,,,,,,,,,,,,,,,,,,,,,,,,,,,,,,,,,,,,,,,,,,,,,,,,,,,,,,,,,,,,,,,,,,,,,,,,,,,,,,,,,,,,,,,,,,,,,,,,,,,,,,,,,,,,,,,,,,,,,,,,,,,,,,,,,,,,,,,,,,,,,,,,,,,,,,,,,,,,,,,,,,,,,,,,,,,,,,,,,,,,,,,,,,,,,,,,,,,,,,,,,,,,,,,,,,,,,,,,,,,,,,,,,,,,,,,,,,,,,,,,
ACSSF,2019m1,nc,000,0026,0000099,,,,,,,,,,,,,,,,,,,,,,,,,,,,,,,,,,,,,,,,,,,,,,,,,,,,,,,,,,,,,,,,,,,,,,,,,,,,,,,,,,,,,,,,,,,,,,,,,,,,,,,,,,,,,,,,,,,,,,,,,,,,,,,,,,,,,,,,,,,,,,,,,,,,,,,,,,,,,,,,,,,,,,,,,,,,,,,,,,,,,,,,,,,,,,,,,,,,,,,,,,,,,,,,,,,,,,,,,,,,,,,,,,,,,,,,,,,,,,,,
ACSSF,2019m1,nc,000,0026,0000100,,,,,,,,,,,,,,,,,,,,,,,,,,,,,,,,,,,,,,,,,,,,,,,,,,,,,,,,,,,,,,,,,,,,,,,,,,,,,,,,,,,,,,,,,,,,,,,,,,,,,,,,,,,,,,,,,,,,,,,,,,,,,,,,,,,,,,,,,,,,,,,,,,,,,,,,,,,,,,,,,,,,,,,,,,,,,,,,,,,,,,,,,,,,,,,,,,,,,,,,,,,,,,,,,,,,,,,,,,,,,,,,,,,,,,,,,,,,,,,,
ACSSF,2019m1,nc,000,0026,0000101,,,,,,,,,,,,,,,,,,,,,,,,,,,,,,,,,,,,,,,,,,,,,,,,,,,,,,,,,,,,,,,,,,,,,,,,,,,,,,,,,,,,,,,,,,,,,,,,,,,,,,,,,,,,,,,,,,,,,,,,,,,,,,,,,,,,,,,,,,,,,,,,,,,,,,,,,,,,,,,,,,,,,,,,,,,,,,,,,,,,,,,,,,,,,,,,,,,,,,,,,,,,,,,,,,,,,,,,,,,,,,,,,,,,,,,,,,,,,,,,
ACSSF,2019m1,nc,000,0026,0000102,,,,,,,,,,,,,,,,,,,,,,,,,,,,,,,,,,,,,,,,,,,,,,,,,,,,,,,,,,,,,,,,,,,,,,,,,,,,,,,,,,,,,,,,,,,,,,,,,,,,,,,,,,,,,,,,,,,,,,,,,,,,,,,,,,,,,,,,,,,,,,,,,,,,,,,,,,,,,,,,,,,,,,,,,,,,,,,,,,,,,,,,,,,,,,,,,,,,,,,,,,,,,,,,,,,,,,,,,,,,,,,,,,,,,,,,,,,,,,,,
ACSSF,2019m1,nc,000,0026,0000103,,,,,,,,,,,,,,,,,,,,,,,,,,,,,,,,,,,,,,,,,,,,,,,,,,,,,,,,,,,,,,,,,,,,,,,,,,,,,,,,,,,,,,,,,,,,,,,,,,,,,,,,,,,,,,,,,,,,,,,,,,,,,,,,,,,,,,,,,,,,,,,,,,,,,,,,,,,,,,,,,,,,,,,,,,,,,,,,,,,,,,,,,,,,,,,,,,,,,,,,,,,,,,,,,,,,,,,,,,,,,,,,,,,,,,,,,,,,,,,,
ACSSF,2019m1,nc,000,0026,0000104,,,,,,,,,,,,,,,,,,,,,,,,,,,,,,,,,,,,,,,,,,,,,,,,,,,,,,,,,,,,,,,,,,,,,,,,,,,,,,,,,,,,,,,,,,,,,,,,,,,,,,,,,,,,,,,,,,,,,,,,,,,,,,,,,,,,,,,,,,,,,,,,,,,,,,,,,,,,,,,,,,,,,,,,,,,,,,,,,,,,,,,,,,,,,,,,,,,,,,,,,,,,,,,,,,,,,,,,,,,,,,,,,,,,,,,,,,,,,,,,
ACSSF,2019m1,nc,000,0026,0000105,,,,,,,,,,,,,,,,,,,,,,,,,,,,,,,,,,,,,,,,,,,,,,,,,,,,,,,,,,,,,,,,,,,,,,,,,,,,,,,,,,,,,,,,,,,,,,,,,,,,,,,,,,,,,,,,,,,,,,,,,,,,,,,,,,,,,,,,,,,,,,,,,,,,,,,,,,,,,,,,,,,,,,,,,,,,,,,,,,,,,,,,,,,,,,,,,,,,,,,,,,,,,,,,,,,,,,,,,,,,,,,,,,,,,,,,,,,,,,,,
ACSSF,2019m1,nc,000,0026,0000106,,,,,,,,,,,,,,,,,,,,,,,,,,,,,,,,,,,,,,,,,,,,,,,,,,,,,,,,,,,,,,,,,,,,,,,,,,,,,,,,,,,,,,,,,,,,,,,,,,,,,,,,,,,,,,,,,,,,,,,,,,,,,,,,,,,,,,,,,,,,,,,,,,,,,,,,,,,,,,,,,,,,,,,,,,,,,,,,,,,,,,,,,,,,,,,,,,,,,,,,,,,,,,,,,,,,,,,,,,,,,,,,,,,,,,,,,,,,,,,,
ACSSF,2019m1,nc,000,0026,0000107,,,,,,,,,,,,,,,,,,,,,,,,,,,,,,,,,,,,,,,,,,,,,,,,,,,,,,,,,,,,,,,,,,,,,,,,,,,,,,,,,,,,,,,,,,,,,,,,,,,,,,,,,,,,,,,,,,,,,,,,,,,,,,,,,,,,,,,,,,,,,,,,,,,,,,,,,,,,,,,,,,,,,,,,,,,,,,,,,,,,,,,,,,,,,,,,,,,,,,,,,,,,,,,,,,,,,,,,,,,,,,,,,,,,,,,,,,,,,,,,
ACSSF,2019m1,nc,000,0026,0000108,,,,,,,,,,,,,,,,,,,,,,,,,,,,,,,,,,,,,,,,,,,,,,,,,,,,,,,,,,,,,,,,,,,,,,,,,,,,,,,,,,,,,,,,,,,,,,,,,,,,,,,,,,,,,,,,,,,,,,,,,,,,,,,,,,,,,,,,,,,,,,,,,,,,,,,,,,,,,,,,,,,,,,,,,,,,,,,,,,,,,,,,,,,,,,,,,,,,,,,,,,,,,,,,,,,,,,,,,,,,,,,,,,,,,,,,,,,,,,,,
ACSSF,2019m1,nc,000,0026,0000109,,,,,,,,,,,,,,,,,,,,,,,,,,,,,,,,,,,,,,,,,,,,,,,,,,,,,,,,,,,,,,,,,,,,,,,,,,,,,,,,,,,,,,,,,,,,,,,,,,,,,,,,,,,,,,,,,,,,,,,,,,,,,,,,,,,,,,,,,,,,,,,,,,,,,,,,,,,,,,,,,,,,,,,,,,,,,,,,,,,,,,,,,,,,,,,,,,,,,,,,,,,,,,,,,,,,,,,,,,,,,,,,,,,,,,,,,,,,,,,,
ACSSF,2019m1,nc,000,0026,0000110,,,,,,,,,,,,,,,,,,,,,,,,,,,,,,,,,,,,,,,,,,,,,,,,,,,,,,,,,,,,,,,,,,,,,,,,,,,,,,,,,,,,,,,,,,,,,,,,,,,,,,,,,,,,,,,,,,,,,,,,,,,,,,,,,,,,,,,,,,,,,,,,,,,,,,,,,,,,,,,,,,,,,,,,,,,,,,,,,,,,,,,,,,,,,,,,,,,,,,,,,,,,,,,,,,,,,,,,,,,,,,,,,,,,,,,,,,,,,,,,
ACSSF,2019m1,nc,000,0026,0000111,,,,,,,,,,,,,,,,,,,,,,,,,,,,,,,,,,,,,,,,,,,,,,,,,,,,,,,,,,,,,,,,,,,,,,,,,,,,,,,,,,,,,,,,,,,,,,,,,,,,,,,,,,,,,,,,,,,,,,,,,,,,,,,,,,,,,,,,,,,,,,,,,,,,,,,,,,,,,,,,,,,,,,,,,,,,,,,,,,,,,,,,,,,,,,,,,,,,,,,,,,,,,,,,,,,,,,,,,,,,,,,,,,,,,,,,,,,,,,,,
ACSSF,2019m1,nc,000,0026,0000112,,,,,,,,,,,,,,,,,,,,,,,,,,,,,,,,,,,,,,,,,,,,,,,,,,,,,,,,,,,,,,,,,,,,,,,,,,,,,,,,,,,,,,,,,,,,,,,,,,,,,,,,,,,,,,,,,,,,,,,,,,,,,,,,,,,,,,,,,,,,,,,,,,,,,,,,,,,,,,,,,,,,,,,,,,,,,,,,,,,,,,,,,,,,,,,,,,,,,,,,,,,,,,,,,,,,,,,,,,,,,,,,,,,,,,,,,,,,,,,,
ACSSF,2019m1,nc,000,0026,0000113,,,,,,,,,,,,,,,,,,,,,,,,,,,,,,,,,,,,,,,,,,,,,,,,,,,,,,,,,,,,,,,,,,,,,,,,,,,,,,,,,,,,,,,,,,,,,,,,,,,,,,,,,,,,,,,,,,,,,,,,,,,,,,,,,,,,,,,,,,,,,,,,,,,,,,,,,,,,,,,,,,,,,,,,,,,,,,,,,,,,,,,,,,,,,,,,,,,,,,,,,,,,,,,,,,,,,,,,,,,,,,,,,,,,,,,,,,,,,,,,
ACSSF,2019m1,nc,000,0026,0000114,,,,,,,,,,,,,,,,,,,,,,,,,,,,,,,,,,,,,,,,,,,,,,,,,,,,,,,,,,,,,,,,,,,,,,,,,,,,,,,,,,,,,,,,,,,,,,,,,,,,,,,,,,,,,,,,,,,,,,,,,,,,,,,,,,,,,,,,,,,,,,,,,,,,,,,,,,,,,,,,,,,,,,,,,,,,,,,,,,,,,,,,,,,,,,,,,,,,,,,,,,,,,,,,,,,,,,,,,,,,,,,,,,,,,,,,,,,,,,,,
ACSSF,2019m1,nc,000,0026,0000115,,,,,,,,,,,,,,,,,,,,,,,,,,,,,,,,,,,,,,,,,,,,,,,,,,,,,,,,,,,,,,,,,,,,,,,,,,,,,,,,,,,,,,,,,,,,,,,,,,,,,,,,,,,,,,,,,,,,,,,,,,,,,,,,,,,,,,,,,,,,,,,,,,,,,,,,,,,,,,,,,,,,,,,,,,,,,,,,,,,,,,,,,,,,,,,,,,,,,,,,,,,,,,,,,,,,,,,,,,,,,,,,,,,,,,,,,,,,,,,,
ACSSF,2019m1,nc,000,0026,0000116,,,,,,,,,,,,,,,,,,,,,,,,,,,,,,,,,,,,,,,,,,,,,,,,,,,,,,,,,,,,,,,,,,,,,,,,,,,,,,,,,,,,,,,,,,,,,,,,,,,,,,,,,,,,,,,,,,,,,,,,,,,,,,,,,,,,,,,,,,,,,,,,,,,,,,,,,,,,,,,,,,,,,,,,,,,,,,,,,,,,,,,,,,,,,,,,,,,,,,,,,,,,,,,,,,,,,,,,,,,,,,,,,,,,,,,,,,,,,,,,
ACSSF,2019m1,nc,000,0026,0000117,,,,,,,,,,,,,,,,,,,,,,,,,,,,,,,,,,,,,,,,,,,,,,,,,,,,,,,,,,,,,,,,,,,,,,,,,,,,,,,,,,,,,,,,,,,,,,,,,,,,,,,,,,,,,,,,,,,,,,,,,,,,,,,,,,,,,,,,,,,,,,,,,,,,,,,,,,,,,,,,,,,,,,,,,,,,,,,,,,,,,,,,,,,,,,,,,,,,,,,,,,,,,,,,,,,,,,,,,,,,,,,,,,,,,,,,,,,,,,,,
ACSSF,2019m1,nc,000,0026,0000118,,,,,,,,,,,,,,,,,,,,,,,,,,,,,,,,,,,,,,,,,,,,,,,,,,,,,,,,,,,,,,,,,,,,,,,,,,,,,,,,,,,,,,,,,,,,,,,,,,,,,,,,,,,,,,,,,,,,,,,,,,,,,,,,,,,,,,,,,,,,,,,,,,,,,,,,,,,,,,,,,,,,,,,,,,,,,,,,,,,,,,,,,,,,,,,,,,,,,,,,,,,,,,,,,,,,,,,,,,,,,,,,,,,,,,,,,,,,,,,,
ACSSF,2019m1,nc,000,0026,0000119,,,,,,,,,,,,,,,,,,,,,,,,,,,,,,,,,,,,,,,,,,,,,,,,,,,,,,,,,,,,,,,,,,,,,,,,,,,,,,,,,,,,,,,,,,,,,,,,,,,,,,,,,,,,,,,,,,,,,,,,,,,,,,,,,,,,,,,,,,,,,,,,,,,,,,,,,,,,,,,,,,,,,,,,,,,,,,,,,,,,,,,,,,,,,,,,,,,,,,,,,,,,,,,,,,,,,,,,,,,,,,,,,,,,,,,,,,,,,,,,
ACSSF,2019m1,nc,000,0026,0000120,,,,,,,,,,,,,,,,,,,,,,,,,,,,,,,,,,,,,,,,,,,,,,,,,,,,,,,,,,,,,,,,,,,,,,,,,,,,,,,,,,,,,,,,,,,,,,,,,,,,,,,,,,,,,,,,,,,,,,,,,,,,,,,,,,,,,,,,,,,,,,,,,,,,,,,,,,,,,,,,,,,,,,,,,,,,,,,,,,,,,,,,,,,,,,,,,,,,,,,,,,,,,,,,,,,,,,,,,,,,,,,,,,,,,,,,,,,,,,,,
ACSSF,2019m1,nc,000,0026,0000121,,,,,,,,,,,,,,,,,,,,,,,,,,,,,,,,,,,,,,,,,,,,,,,,,,,,,,,,,,,,,,,,,,,,,,,,,,,,,,,,,,,,,,,,,,,,,,,,,,,,,,,,,,,,,,,,,,,,,,,,,,,,,,,,,,,,,,,,,,,,,,,,,,,,,,,,,,,,,,,,,,,,,,,,,,,,,,,,,,,,,,,,,,,,,,,,,,,,,,,,,,,,,,,,,,,,,,,,,,,,,,,,,,,,,,,,,,,,,,,,
ACSSF,2019m1,nc,000,0026,0000122,,,,,,,,,,,,,,,,,,,,,,,,,,,,,,,,,,,,,,,,,,,,,,,,,,,,,,,,,,,,,,,,,,,,,,,,,,,,,,,,,,,,,,,,,,,,,,,,,,,,,,,,,,,,,,,,,,,,,,,,,,,,,,,,,,,,,,,,,,,,,,,,,,,,,,,,,,,,,,,,,,,,,,,,,,,,,,,,,,,,,,,,,,,,,,,,,,,,,,,,,,,,,,,,,,,,,,,,,,,,,,,,,,,,,,,,,,,,,,,,
ACSSF,2019m1,nc,000,0026,0000123,,,,,,,,,,,,,,,,,,,,,,,,,,,,,,,,,,,,,,,,,,,,,,,,,,,,,,,,,,,,,,,,,,,,,,,,,,,,,,,,,,,,,,,,,,,,,,,,,,,,,,,,,,,,,,,,,,,,,,,,,,,,,,,,,,,,,,,,,,,,,,,,,,,,,,,,,,,,,,,,,,,,,,,,,,,,,,,,,,,,,,,,,,,,,,,,,,,,,,,,,,,,,,,,,,,,,,,,,,,,,,,,,,,,,,,,,,,,,,,,
ACSSF,2019m1,nc,000,0026,0000124,,,,,,,,,,,,,,,,,,,,,,,,,,,,,,,,,,,,,,,,,,,,,,,,,,,,,,,,,,,,,,,,,,,,,,,,,,,,,,,,,,,,,,,,,,,,,,,,,,,,,,,,,,,,,,,,,,,,,,,,,,,,,,,,,,,,,,,,,,,,,,,,,,,,,,,,,,,,,,,,,,,,,,,,,,,,,,,,,,,,,,,,,,,,,,,,,,,,,,,,,,,,,,,,,,,,,,,,,,,,,,,,,,,,,,,,,,,,,,,,
ACSSF,2019m1,nc,000,0026,0000125,,,,,,,,,,,,,,,,,,,,,,,,,,,,,,,,,,,,,,,,,,,,,,,,,,,,,,,,,,,,,,,,,,,,,,,,,,,,,,,,,,,,,,,,,,,,,,,,,,,,,,,,,,,,,,,,,,,,,,,,,,,,,,,,,,,,,,,,,,,,,,,,,,,,,,,,,,,,,,,,,,,,,,,,,,,,,,,,,,,,,,,,,,,,,,,,,,,,,,,,,,,,,,,,,,,,,,,,,,,,,,,,,,,,,,,,,,,,,,,,
ACSSF,2019m1,nc,000,0026,0000126,,,,,,,,,,,,,,,,,,,,,,,,,,,,,,,,,,,,,,,,,,,,,,,,,,,,,,,,,,,,,,,,,,,,,,,,,,,,,,,,,,,,,,,,,,,,,,,,,,,,,,,,,,,,,,,,,,,,,,,,,,,,,,,,,,,,,,,,,,,,,,,,,,,,,,,,,,,,,,,,,,,,,,,,,,,,,,,,,,,,,,,,,,,,,,,,,,,,,,,,,,,,,,,,,,,,,,,,,,,,,,,,,,,,,,,,,,,,,,,,
ACSSF,2019m1,nc,000,0026,0000127,,,,,,,,,,,,,,,,,,,,,,,,,,,,,,,,,,,,,,,,,,,,,,,,,,,,,,,,,,,,,,,,,,,,,,,,,,,,,,,,,,,,,,,,,,,,,,,,,,,,,,,,,,,,,,,,,,,,,,,,,,,,,,,,,,,,,,,,,,,,,,,,,,,,,,,,,,,,,,,,,,,,,,,,,,,,,,,,,,,,,,,,,,,,,,,,,,,,,,,,,,,,,,,,,,,,,,,,,,,,,,,,,,,,,,,,,,,,,,,,
ACSSF,2019m1,nc,000,0026,0000128,,,,,,,,,,,,,,,,,,,,,,,,,,,,,,,,,,,,,,,,,,,,,,,,,,,,,,,,,,,,,,,,,,,,,,,,,,,,,,,,,,,,,,,,,,,,,,,,,,,,,,,,,,,,,,,,,,,,,,,,,,,,,,,,,,,,,,,,,,,,,,,,,,,,,,,,,,,,,,,,,,,,,,,,,,,,,,,,,,,,,,,,,,,,,,,,,,,,,,,,,,,,,,,,,,,,,,,,,,,,,,,,,,,,,,,,,,,,,,,,
ACSSF,2019m1,nc,000,0026,0000129,,,,,,,,,,,,,,,,,,,,,,,,,,,,,,,,,,,,,,,,,,,,,,,,,,,,,,,,,,,,,,,,,,,,,,,,,,,,,,,,,,,,,,,,,,,,,,,,,,,,,,,,,,,,,,,,,,,,,,,,,,,,,,,,,,,,,,,,,,,,,,,,,,,,,,,,,,,,,,,,,,,,,,,,,,,,,,,,,,,,,,,,,,,,,,,,,,,,,,,,,,,,,,,,,,,,,,,,,,,,,,,,,,,,,,,,,,,,,,,,
ACSSF,2019m1,nc,000,0026,0000130,,,,,,,,,,,,,,,,,,,,,,,,,,,,,,,,,,,,,,,,,,,,,,,,,,,,,,,,,,,,,,,,,,,,,,,,,,,,,,,,,,,,,,,,,,,,,,,,,,,,,,,,,,,,,,,,,,,,,,,,,,,,,,,,,,,,,,,,,,,,,,,,,,,,,,,,,,,,,,,,,,,,,,,,,,,,,,,,,,,,,,,,,,,,,,,,,,,,,,,,,,,,,,,,,,,,,,,,,,,,,,,,,,,,,,,,,,,,,,,,
ACSSF,2019m1,nc,000,0026,0000131,,,,,,,,,,,,,,,,,,,,,,,,,,,,,,,,,,,,,,,,,,,,,,,,,,,,,,,,,,,,,,,,,,,,,,,,,,,,,,,,,,,,,,,,,,,,,,,,,,,,,,,,,,,,,,,,,,,,,,,,,,,,,,,,,,,,,,,,,,,,,,,,,,,,,,,,,,,,,,,,,,,,,,,,,,,,,,,,,,,,,,,,,,,,,,,,,,,,,,,,,,,,,,,,,,,,,,,,,,,,,,,,,,,,,,,,,,,,,,,,
ACSSF,2019m1,nc,000,0026,0000132,,,,,,,,,,,,,,,,,,,,,,,,,,,,,,,,,,,,,,,,,,,,,,,,,,,,,,,,,,,,,,,,,,,,,,,,,,,,,,,,,,,,,,,,,,,,,,,,,,,,,,,,,,,,,,,,,,,,,,,,,,,,,,,,,,,,,,,,,,,,,,,,,,,,,,,,,,,,,,,,,,,,,,,,,,,,,,,,,,,,,,,,,,,,,,,,,,,,,,,,,,,,,,,,,,,,,,,,,,,,,,,,,,,,,,,,,,,,,,,,
ACSSF,2019m1,nc,000,0026,0000133,,,,,,,,,,,,,,,,,,,,,,,,,,,,,,,,,,,,,,,,,,,,,,,,,,,,,,,,,,,,,,,,,,,,,,,,,,,,,,,,,,,,,,,,,,,,,,,,,,,,,,,,,,,,,,,,,,,,,,,,,,,,,,,,,,,,,,,,,,,,,,,,,,,,,,,,,,,,,,,,,,,,,,,,,,,,,,,,,,,,,,,,,,,,,,,,,,,,,,,,,,,,,,,,,,,,,,,,,,,,,,,,,,,,,,,,,,,,,,,,
ACSSF,2019m1,nc,000,0026,0000134,,,,,,,,,,,,,,,,,,,,,,,,,,,,,,,,,,,,,,,,,,,,,,,,,,,,,,,,,,,,,,,,,,,,,,,,,,,,,,,,,,,,,,,,,,,,,,,,,,,,,,,,,,,,,,,,,,,,,,,,,,,,,,,,,,,,,,,,,,,,,,,,,,,,,,,,,,,,,,,,,,,,,,,,,,,,,,,,,,,,,,,,,,,,,,,,,,,,,,,,,,,,,,,,,,,,,,,,,,,,,,,,,,,,,,,,,,,,,,,,
ACSSF,2019m1,nc,000,0026,0000135,,,,,,,,,,,,,,,,,,,,,,,,,,,,,,,,,,,,,,,,,,,,,,,,,,,,,,,,,,,,,,,,,,,,,,,,,,,,,,,,,,,,,,,,,,,,,,,,,,,,,,,,,,,,,,,,,,,,,,,,,,,,,,,,,,,,,,,,,,,,,,,,,,,,,,,,,,,,,,,,,,,,,,,,,,,,,,,,,,,,,,,,,,,,,,,,,,,,,,,,,,,,,,,,,,,,,,,,,,,,,,,,,,,,,,,,,,,,,,,,
ACSSF,2019m1,nc,000,0026,0000136,,,,,,,,,,,,,,,,,,,,,,,,,,,,,,,,,,,,,,,,,,,,,,,,,,,,,,,,,,,,,,,,,,,,,,,,,,,,,,,,,,,,,,,,,,,,,,,,,,,,,,,,,,,,,,,,,,,,,,,,,,,,,,,,,,,,,,,,,,,,,,,,,,,,,,,,,,,,,,,,,,,,,,,,,,,,,,,,,,,,,,,,,,,,,,,,,,,,,,,,,,,,,,,,,,,,,,,,,,,,,,,,,,,,,,,,,,,,,,,,
ACSSF,2019m1,nc,000,0026,0000137,,,,,,,,,,,,,,,,,,,,,,,,,,,,,,,,,,,,,,,,,,,,,,,,,,,,,,,,,,,,,,,,,,,,,,,,,,,,,,,,,,,,,,,,,,,,,,,,,,,,,,,,,,,,,,,,,,,,,,,,,,,,,,,,,,,,,,,,,,,,,,,,,,,,,,,,,,,,,,,,,,,,,,,,,,,,,,,,,,,,,,,,,,,,,,,,,,,,,,,,,,,,,,,,,,,,,,,,,,,,,,,,,,,,,,,,,,,,,,,,
ACSSF,2019m1,nc,000,0026,0000138,,,,,,,,,,,,,,,,,,,,,,,,,,,,,,,,,,,,,,,,,,,,,,,,,,,,,,,,,,,,,,,,,,,,,,,,,,,,,,,,,,,,,,,,,,,,,,,,,,,,,,,,,,,,,,,,,,,,,,,,,,,,,,,,,,,,,,,,,,,,,,,,,,,,,,,,,,,,,,,,,,,,,,,,,,,,,,,,,,,,,,,,,,,,,,,,,,,,,,,,,,,,,,,,,,,,,,,,,,,,,,,,,,,,,,,,,,,,,,,,
ACSSF,2019m1,nc,000,0026,0000139,,,,,,,,,,,,,,,,,,,,,,,,,,,,,,,,,,,,,,,,,,,,,,,,,,,,,,,,,,,,,,,,,,,,,,,,,,,,,,,,,,,,,,,,,,,,,,,,,,,,,,,,,,,,,,,,,,,,,,,,,,,,,,,,,,,,,,,,,,,,,,,,,,,,,,,,,,,,,,,,,,,,,,,,,,,,,,,,,,,,,,,,,,,,,,,,,,,,,,,,,,,,,,,,,,,,,,,,,,,,,,,,,,,,,,,,,,,,,,,,
ACSSF,2019m1,nc,000,0026,0000140,,,,,,,,,,,,,,,,,,,,,,,,,,,,,,,,,,,,,,,,,,,,,,,,,,,,,,,,,,,,,,,,,,,,,,,,,,,,,,,,,,,,,,,,,,,,,,,,,,,,,,,,,,,,,,,,,,,,,,,,,,,,,,,,,,,,,,,,,,,,,,,,,,,,,,,,,,,,,,,,,,,,,,,,,,,,,,,,,,,,,,,,,,,,,,,,,,,,,,,,,,,,,,,,,,,,,,,,,,,,,,,,,,,,,,,,,,,,,,,,
ACSSF,2019m1,nc,000,0026,0000141,,,,,,,,,,,,,,,,,,,,,,,,,,,,,,,,,,,,,,,,,,,,,,,,,,,,,,,,,,,,,,,,,,,,,,,,,,,,,,,,,,,,,,,,,,,,,,,,,,,,,,,,,,,,,,,,,,,,,,,,,,,,,,,,,,,,,,,,,,,,,,,,,,,,,,,,,,,,,,,,,,,,,,,,,,,,,,,,,,,,,,,,,,,,,,,,,,,,,,,,,,,,,,,,,,,,,,,,,,,,,,,,,,,,,,,,,,,,,,,,
ACSSF,2019m1,nc,000,0026,0000142,,,,,,,,,,,,,,,,,,,,,,,,,,,,,,,,,,,,,,,,,,,,,,,,,,,,,,,,,,,,,,,,,,,,,,,,,,,,,,,,,,,,,,,,,,,,,,,,,,,,,,,,,,,,,,,,,,,,,,,,,,,,,,,,,,,,,,,,,,,,,,,,,,,,,,,,,,,,,,,,,,,,,,,,,,,,,,,,,,,,,,,,,,,,,,,,,,,,,,,,,,,,,,,,,,,,,,,,,,,,,,,,,,,,,,,,,,,,,,,,
ACSSF,2019m1,nc,000,0026,0000143,,,,,,,,,,,,,,,,,,,,,,,,,,,,,,,,,,,,,,,,,,,,,,,,,,,,,,,,,,,,,,,,,,,,,,,,,,,,,,,,,,,,,,,,,,,,,,,,,,,,,,,,,,,,,,,,,,,,,,,,,,,,,,,,,,,,,,,,,,,,,,,,,,,,,,,,,,,,,,,,,,,,,,,,,,,,,,,,,,,,,,,,,,,,,,,,,,,,,,,,,,,,,,,,,,,,,,,,,,,,,,,,,,,,,,,,,,,,,,,,
ACSSF,2019m1,nc,000,0026,0000144,,,,,,,,,,,,,,,,,,,,,,,,,,,,,,,,,,,,,,,,,,,,,,,,,,,,,,,,,,,,,,,,,,,,,,,,,,,,,,,,,,,,,,,,,,,,,,,,,,,,,,,,,,,,,,,,,,,,,,,,,,,,,,,,,,,,,,,,,,,,,,,,,,,,,,,,,,,,,,,,,,,,,,,,,,,,,,,,,,,,,,,,,,,,,,,,,,,,,,,,,,,,,,,,,,,,,,,,,,,,,,,,,,,,,,,,,,,,,,,,
ACSSF,2019m1,nc,000,0026,0000145,,,,,,,,,,,,,,,,,,,,,,,,,,,,,,,,,,,,,,,,,,,,,,,,,,,,,,,,,,,,,,,,,,,,,,,,,,,,,,,,,,,,,,,,,,,,,,,,,,,,,,,,,,,,,,,,,,,,,,,,,,,,,,,,,,,,,,,,,,,,,,,,,,,,,,,,,,,,,,,,,,,,,,,,,,,,,,,,,,,,,,,,,,,,,,,,,,,,,,,,,,,,,,,,,,,,,,,,,,,,,,,,,,,,,,,,,,,,,,,,
ACSSF,2019m1,nc,000,0026,0000146,,,,,,,,,,,,,,,,,,,,,,,,,,,,,,,,,,,,,,,,,,,,,,,,,,,,,,,,,,,,,,,,,,,,,,,,,,,,,,,,,,,,,,,,,,,,,,,,,,,,,,,,,,,,,,,,,,,,,,,,,,,,,,,,,,,,,,,,,,,,,,,,,,,,,,,,,,,,,,,,,,,,,,,,,,,,,,,,,,,,,,,,,,,,,,,,,,,,,,,,,,,,,,,,,,,,,,,,,,,,,,,,,,,,,,,,,,,,,,,,
ACSSF,2019m1,nc,000,0026,0000147,,,,,,,,,,,,,,,,,,,,,,,,,,,,,,,,,,,,,,,,,,,,,,,,,,,,,,,,,,,,,,,,,,,,,,,,,,,,,,,,,,,,,,,,,,,,,,,,,,,,,,,,,,,,,,,,,,,,,,,,,,,,,,,,,,,,,,,,,,,,,,,,,,,,,,,,,,,,,,,,,,,,,,,,,,,,,,,,,,,,,,,,,,,,,,,,,,,,,,,,,,,,,,,,,,,,,,,,,,,,,,,,,,,,,,,,,,,,,,,,
ACSSF,2019m1,nc,000,0026,0000148,,,,,,,,,,,,,,,,,,,,,,,,,,,,,,,,,,,,,,,,,,,,,,,,,,,,,,,,,,,,,,,,,,,,,,,,,,,,,,,,,,,,,,,,,,,,,,,,,,,,,,,,,,,,,,,,,,,,,,,,,,,,,,,,,,,,,,,,,,,,,,,,,,,,,,,,,,,,,,,,,,,,,,,,,,,,,,,,,,,,,,,,,,,,,,,,,,,,,,,,,,,,,,,,,,,,,,,,,,,,,,,,,,,,,,,,,,,,,,,,
ACSSF,2019m1,nc,000,0026,0000149,,,,,,,,,,,,,,,,,,,,,,,,,,,,,,,,,,,,,,,,,,,,,,,,,,,,,,,,,,,,,,,,,,,,,,,,,,,,,,,,,,,,,,,,,,,,,,,,,,,,,,,,,,,,,,,,,,,,,,,,,,,,,,,,,,,,,,,,,,,,,,,,,,,,,,,,,,,,,,,,,,,,,,,,,,,,,,,,,,,,,,,,,,,,,,,,,,,,,,,,,,,,,,,,,,,,,,,,,,,,,,,,,,,,,,,,,,,,,,,,
ACSSF,2019m1,nc,000,0026,0000150,,,,,,,,,,,,,,,,,,,,,,,,,,,,,,,,,,,,,,,,,,,,,,,,,,,,,,,,,,,,,,,,,,,,,,,,,,,,,,,,,,,,,,,,,,,,,,,,,,,,,,,,,,,,,,,,,,,,,,,,,,,,,,,,,,,,,,,,,,,,,,,,,,,,,,,,,,,,,,,,,,,,,,,,,,,,,,,,,,,,,,,,,,,,,,,,,,,,,,,,,,,,,,,,,,,,,,,,,,,,,,,,,,,,,,,,,,,,,,,,
ACSSF,2019m1,nc,000,0026,0000151,,,,,,,,,,,,,,,,,,,,,,,,,,,,,,,,,,,,,,,,,,,,,,,,,,,,,,,,,,,,,,,,,,,,,,,,,,,,,,,,,,,,,,,,,,,,,,,,,,,,,,,,,,,,,,,,,,,,,,,,,,,,,,,,,,,,,,,,,,,,,,,,,,,,,,,,,,,,,,,,,,,,,,,,,,,,,,,,,,,,,,,,,,,,,,,,,,,,,,,,,,,,,,,,,,,,,,,,,,,,,,,,,,,,,,,,,,,,,,,,
ACSSF,2019m1,nc,000,0026,0000152,,,,,,,,,,,,,,,,,,,,,,,,,,,,,,,,,,,,,,,,,,,,,,,,,,,,,,,,,,,,,,,,,,,,,,,,,,,,,,,,,,,,,,,,,,,,,,,,,,,,,,,,,,,,,,,,,,,,,,,,,,,,,,,,,,,,,,,,,,,,,,,,,,,,,,,,,,,,,,,,,,,,,,,,,,,,,,,,,,,,,,,,,,,,,,,,,,,,,,,,,,,,,,,,,,,,,,,,,,,,,,,,,,,,,,,,,,,,,,,,
ACSSF,2019m1,nc,000,0026,0000153,,,,,,,,,,,,,,,,,,,,,,,,,,,,,,,,,,,,,,,,,,,,,,,,,,,,,,,,,,,,,,,,,,,,,,,,,,,,,,,,,,,,,,,,,,,,,,,,,,,,,,,,,,,,,,,,,,,,,,,,,,,,,,,,,,,,,,,,,,,,,,,,,,,,,,,,,,,,,,,,,,,,,,,,,,,,,,,,,,,,,,,,,,,,,,,,,,,,,,,,,,,,,,,,,,,,,,,,,,,,,,,,,,,,,,,,,,,,,,,,
ACSSF,2019m1,nc,000,0026,0000154,,,,,,,,,,,,,,,,,,,,,,,,,,,,,,,,,,,,,,,,,,,,,,,,,,,,,,,,,,,,,,,,,,,,,,,,,,,,,,,,,,,,,,,,,,,,,,,,,,,,,,,,,,,,,,,,,,,,,,,,,,,,,,,,,,,,,,,,,,,,,,,,,,,,,,,,,,,,,,,,,,,,,,,,,,,,,,,,,,,,,,,,,,,,,,,,,,,,,,,,,,,,,,,,,,,,,,,,,,,,,,,,,,,,,,,,,,,,,,,,
ACSSF,2019m1,nc,000,0026,0000155,,,,,,,,,,,,,,,,,,,,,,,,,,,,,,,,,,,,,,,,,,,,,,,,,,,,,,,,,,,,,,,,,,,,,,,,,,,,,,,,,,,,,,,,,,,,,,,,,,,,,,,,,,,,,,,,,,,,,,,,,,,,,,,,,,,,,,,,,,,,,,,,,,,,,,,,,,,,,,,,,,,,,,,,,,,,,,,,,,,,,,,,,,,,,,,,,,,,,,,,,,,,,,,,,,,,,,,,,,,,,,,,,,,,,,,,,,,,,,,,
ACSSF,2019m1,nc,000,0026,0000156,,,,,,,,,,,,,,,,,,,,,,,,,,,,,,,,,,,,,,,,,,,,,,,,,,,,,,,,,,,,,,,,,,,,,,,,,,,,,,,,,,,,,,,,,,,,,,,,,,,,,,,,,,,,,,,,,,,,,,,,,,,,,,,,,,,,,,,,,,,,,,,,,,,,,,,,,,,,,,,,,,,,,,,,,,,,,,,,,,,,,,,,,,,,,,,,,,,,,,,,,,,,,,,,,,,,,,,,,,,,,,,,,,,,,,,,,,,,,,,,
ACSSF,2019m1,nc,000,0026,0000157,,,,,,,,,,,,,,,,,,,,,,,,,,,,,,,,,,,,,,,,,,,,,,,,,,,,,,,,,,,,,,,,,,,,,,,,,,,,,,,,,,,,,,,,,,,,,,,,,,,,,,,,,,,,,,,,,,,,,,,,,,,,,,,,,,,,,,,,,,,,,,,,,,,,,,,,,,,,,,,,,,,,,,,,,,,,,,,,,,,,,,,,,,,,,,,,,,,,,,,,,,,,,,,,,,,,,,,,,,,,,,,,,,,,,,,,,,,,,,,,
ACSSF,2019m1,nc,000,0026,0000158,,,,,,,,,,,,,,,,,,,,,,,,,,,,,,,,,,,,,,,,,,,,,,,,,,,,,,,,,,,,,,,,,,,,,,,,,,,,,,,,,,,,,,,,,,,,,,,,,,,,,,,,,,,,,,,,,,,,,,,,,,,,,,,,,,,,,,,,,,,,,,,,,,,,,,,,,,,,,,,,,,,,,,,,,,,,,,,,,,,,,,,,,,,,,,,,,,,,,,,,,,,,,,,,,,,,,,,,,,,,,,,,,,,,,,,,,,,,,,,,
ACSSF,2019m1,nc,000,0026,0000159,,,,,,,,,,,,,,,,,,,,,,,,,,,,,,,,,,,,,,,,,,,,,,,,,,,,,,,,,,,,,,,,,,,,,,,,,,,,,,,,,,,,,,,,,,,,,,,,,,,,,,,,,,,,,,,,,,,,,,,,,,,,,,,,,,,,,,,,,,,,,,,,,,,,,,,,,,,,,,,,,,,,,,,,,,,,,,,,,,,,,,,,,,,,,,,,,,,,,,,,,,,,,,,,,,,,,,,,,,,,,,,,,,,,,,,,,,,,,,,,
ACSSF,2019m1,nc,000,0026,0000160,,,,,,,,,,,,,,,,,,,,,,,,,,,,,,,,,,,,,,,,,,,,,,,,,,,,,,,,,,,,,,,,,,,,,,,,,,,,,,,,,,,,,,,,,,,,,,,,,,,,,,,,,,,,,,,,,,,,,,,,,,,,,,,,,,,,,,,,,,,,,,,,,,,,,,,,,,,,,,,,,,,,,,,,,,,,,,,,,,,,,,,,,,,,,,,,,,,,,,,,,,,,,,,,,,,,,,,,,,,,,,,,,,,,,,,,,,,,,,,,
ACSSF,2019m1,nc,000,0026,0000161,,,,,,,,,,,,,,,,,,,,,,,,,,,,,,,,,,,,,,,,,,,,,,,,,,,,,,,,,,,,,,,,,,,,,,,,,,,,,,,,,,,,,,,,,,,,,,,,,,,,,,,,,,,,,,,,,,,,,,,,,,,,,,,,,,,,,,,,,,,,,,,,,,,,,,,,,,,,,,,,,,,,,,,,,,,,,,,,,,,,,,,,,,,,,,,,,,,,,,,,,,,,,,,,,,,,,,,,,,,,,,,,,,,,,,,,,,,,,,,,
ACSSF,2019m1,nc,000,0026,0000162,,,,,,,,,,,,,,,,,,,,,,,,,,,,,,,,,,,,,,,,,,,,,,,,,,,,,,,,,,,,,,,,,,,,,,,,,,,,,,,,,,,,,,,,,,,,,,,,,,,,,,,,,,,,,,,,,,,,,,,,,,,,,,,,,,,,,,,,,,,,,,,,,,,,,,,,,,,,,,,,,,,,,,,,,,,,,,,,,,,,,,,,,,,,,,,,,,,,,,,,,,,,,,,,,,,,,,,,,,,,,,,,,,,,,,,,,,,,,,,,
ACSSF,2019m1,nc,000,0026,0000163,,,,,,,,,,,,,,,,,,,,,,,,,,,,,,,,,,,,,,,,,,,,,,,,,,,,,,,,,,,,,,,,,,,,,,,,,,,,,,,,,,,,,,,,,,,,,,,,,,,,,,,,,,,,,,,,,,,,,,,,,,,,,,,,,,,,,,,,,,,,,,,,,,,,,,,,,,,,,,,,,,,,,,,,,,,,,,,,,,,,,,,,,,,,,,,,,,,,,,,,,,,,,,,,,,,,,,,,,,,,,,,,,,,,,,,,,,,,,,,,
ACSSF,2019m1,nc,000,0026,0000164,,,,,,,,,,,,,,,,,,,,,,,,,,,,,,,,,,,,,,,,,,,,,,,,,,,,,,,,,,,,,,,,,,,,,,,,,,,,,,,,,,,,,,,,,,,,,,,,,,,,,,,,,,,,,,,,,,,,,,,,,,,,,,,,,,,,,,,,,,,,,,,,,,,,,,,,,,,,,,,,,,,,,,,,,,,,,,,,,,,,,,,,,,,,,,,,,,,,,,,,,,,,,,,,,,,,,,,,,,,,,,,,,,,,,,,,,,,,,,,,
ACSSF,2019m1,nc,000,0026,0000165,,,,,,,,,,,,,,,,,,,,,,,,,,,,,,,,,,,,,,,,,,,,,,,,,,,,,,,,,,,,,,,,,,,,,,,,,,,,,,,,,,,,,,,,,,,,,,,,,,,,,,,,,,,,,,,,,,,,,,,,,,,,,,,,,,,,,,,,,,,,,,,,,,,,,,,,,,,,,,,,,,,,,,,,,,,,,,,,,,,,,,,,,,,,,,,,,,,,,,,,,,,,,,,,,,,,,,,,,,,,,,,,,,,,,,,,,,,,,,,,
ACSSF,2019m1,nc,000,0026,0000166,,,,,,,,,,,,,,,,,,,,,,,,,,,,,,,,,,,,,,,,,,,,,,,,,,,,,,,,,,,,,,,,,,,,,,,,,,,,,,,,,,,,,,,,,,,,,,,,,,,,,,,,,,,,,,,,,,,,,,,,,,,,,,,,,,,,,,,,,,,,,,,,,,,,,,,,,,,,,,,,,,,,,,,,,,,,,,,,,,,,,,,,,,,,,,,,,,,,,,,,,,,,,,,,,,,,,,,,,,,,,,,,,,,,,,,,,,,,,,,,
ACSSF,2019m1,nc,000,0026,0000167,,,,,,,,,,,,,,,,,,,,,,,,,,,,,,,,,,,,,,,,,,,,,,,,,,,,,,,,,,,,,,,,,,,,,,,,,,,,,,,,,,,,,,,,,,,,,,,,,,,,,,,,,,,,,,,,,,,,,,,,,,,,,,,,,,,,,,,,,,,,,,,,,,,,,,,,,,,,,,,,,,,,,,,,,,,,,,,,,,,,,,,,,,,,,,,,,,,,,,,,,,,,,,,,,,,,,,,,,,,,,,,,,,,,,,,,,,,,,,,,
ACSSF,2019m1,nc,000,0026,0000168,,,,,,,,,,,,,,,,,,,,,,,,,,,,,,,,,,,,,,,,,,,,,,,,,,,,,,,,,,,,,,,,,,,,,,,,,,,,,,,,,,,,,,,,,,,,,,,,,,,,,,,,,,,,,,,,,,,,,,,,,,,,,,,,,,,,,,,,,,,,,,,,,,,,,,,,,,,,,,,,,,,,,,,,,,,,,,,,,,,,,,,,,,,,,,,,,,,,,,,,,,,,,,,,,,,,,,,,,,,,,,,,,,,,,,,,,,,,,,,,
ACSSF,2019m1,nc,000,0026,0000169,,,,,,,,,,,,,,,,,,,,,,,,,,,,,,,,,,,,,,,,,,,,,,,,,,,,,,,,,,,,,,,,,,,,,,,,,,,,,,,,,,,,,,,,,,,,,,,,,,,,,,,,,,,,,,,,,,,,,,,,,,,,,,,,,,,,,,,,,,,,,,,,,,,,,,,,,,,,,,,,,,,,,,,,,,,,,,,,,,,,,,,,,,,,,,,,,,,,,,,,,,,,,,,,,,,,,,,,,,,,,,,,,,,,,,,,,,,,,,,,
ACSSF,2019m1,nc,000,0026,0000170,,,,,,,,,,,,,,,,,,,,,,,,,,,,,,,,,,,,,,,,,,,,,,,,,,,,,,,,,,,,,,,,,,,,,,,,,,,,,,,,,,,,,,,,,,,,,,,,,,,,,,,,,,,,,,,,,,,,,,,,,,,,,,,,,,,,,,,,,,,,,,,,,,,,,,,,,,,,,,,,,,,,,,,,,,,,,,,,,,,,,,,,,,,,,,,,,,,,,,,,,,,,,,,,,,,,,,,,,,,,,,,,,,,,,,,,,,,,,,,,
ACSSF,2019m1,nc,000,0026,0000171,,,,,,,,,,,,,,,,,,,,,,,,,,,,,,,,,,,,,,,,,,,,,,,,,,,,,,,,,,,,,,,,,,,,,,,,,,,,,,,,,,,,,,,,,,,,,,,,,,,,,,,,,,,,,,,,,,,,,,,,,,,,,,,,,,,,,,,,,,,,,,,,,,,,,,,,,,,,,,,,,,,,,,,,,,,,,,,,,,,,,,,,,,,,,,,,,,,,,,,,,,,,,,,,,,,,,,,,,,,,,,,,,,,,,,,,,,,,,,,,
ACSSF,2019m1,nc,000,0026,0000172,,,,,,,,,,,,,,,,,,,,,,,,,,,,,,,,,,,,,,,,,,,,,,,,,,,,,,,,,,,,,,,,,,,,,,,,,,,,,,,,,,,,,,,,,,,,,,,,,,,,,,,,,,,,,,,,,,,,,,,,,,,,,,,,,,,,,,,,,,,,,,,,,,,,,,,,,,,,,,,,,,,,,,,,,,,,,,,,,,,,,,,,,,,,,,,,,,,,,,,,,,,,,,,,,,,,,,,,,,,,,,,,,,,,,,,,,,,,,,,,
ACSSF,2019m1,nc,000,0026,0000173,,,,,,,,,,,,,,,,,,,,,,,,,,,,,,,,,,,,,,,,,,,,,,,,,,,,,,,,,,,,,,,,,,,,,,,,,,,,,,,,,,,,,,,,,,,,,,,,,,,,,,,,,,,,,,,,,,,,,,,,,,,,,,,,,,,,,,,,,,,,,,,,,,,,,,,,,,,,,,,,,,,,,,,,,,,,,,,,,,,,,,,,,,,,,,,,,,,,,,,,,,,,,,,,,,,,,,,,,,,,,,,,,,,,,,,,,,,,,,,,
ACSSF,2019m1,nc,000,0026,0000174,,,,,,,,,,,,,,,,,,,,,,,,,,,,,,,,,,,,,,,,,,,,,,,,,,,,,,,,,,,,,,,,,,,,,,,,,,,,,,,,,,,,,,,,,,,,,,,,,,,,,,,,,,,,,,,,,,,,,,,,,,,,,,,,,,,,,,,,,,,,,,,,,,,,,,,,,,,,,,,,,,,,,,,,,,,,,,,,,,,,,,,,,,,,,,,,,,,,,,,,,,,,,,,,,,,,,,,,,,,,,,,,,,,,,,,,,,,,,,,,
ACSSF,2019m1,nc,000,0026,0000175,,,,,,,,,,,,,,,,,,,,,,,,,,,,,,,,,,,,,,,,,,,,,,,,,,,,,,,,,,,,,,,,,,,,,,,,,,,,,,,,,,,,,,,,,,,,,,,,,,,,,,,,,,,,,,,,,,,,,,,,,,,,,,,,,,,,,,,,,,,,,,,,,,,,,,,,,,,,,,,,,,,,,,,,,,,,,,,,,,,,,,,,,,,,,,,,,,,,,,,,,,,,,,,,,,,,,,,,,,,,,,,,,,,,,,,,,,,,,,,,
ACSSF,2019m1,nc,000,0026,0000176,,,,,,,,,,,,,,,,,,,,,,,,,,,,,,,,,,,,,,,,,,,,,,,,,,,,,,,,,,,,,,,,,,,,,,,,,,,,,,,,,,,,,,,,,,,,,,,,,,,,,,,,,,,,,,,,,,,,,,,,,,,,,,,,,,,,,,,,,,,,,,,,,,,,,,,,,,,,,,,,,,,,,,,,,,,,,,,,,,,,,,,,,,,,,,,,,,,,,,,,,,,,,,,,,,,,,,,,,,,,,,,,,,,,,,,,,,,,,,,,
ACSSF,2019m1,nc,000,0026,0000177,,,,,,,,,,,,,,,,,,,,,,,,,,,,,,,,,,,,,,,,,,,,,,,,,,,,,,,,,,,,,,,,,,,,,,,,,,,,,,,,,,,,,,,,,,,,,,,,,,,,,,,,,,,,,,,,,,,,,,,,,,,,,,,,,,,,,,,,,,,,,,,,,,,,,,,,,,,,,,,,,,,,,,,,,,,,,,,,,,,,,,,,,,,,,,,,,,,,,,,,,,,,,,,,,,,,,,,,,,,,,,,,,,,,,,,,,,,,,,,,
ACSSF,2019m1,nc,000,0026,0000178,,,,,,,,,,,,,,,,,,,,,,,,,,,,,,,,,,,,,,,,,,,,,,,,,,,,,,,,,,,,,,,,,,,,,,,,,,,,,,,,,,,,,,,,,,,,,,,,,,,,,,,,,,,,,,,,,,,,,,,,,,,,,,,,,,,,,,,,,,,,,,,,,,,,,,,,,,,,,,,,,,,,,,,,,,,,,,,,,,,,,,,,,,,,,,,,,,,,,,,,,,,,,,,,,,,,,,,,,,,,,,,,,,,,,,,,,,,,,,,,
ACSSF,2019m1,nc,000,0026,0000179,,,,,,,,,,,,,,,,,,,,,,,,,,,,,,,,,,,,,,,,,,,,,,,,,,,,,,,,,,,,,,,,,,,,,,,,,,,,,,,,,,,,,,,,,,,,,,,,,,,,,,,,,,,,,,,,,,,,,,,,,,,,,,,,,,,,,,,,,,,,,,,,,,,,,,,,,,,,,,,,,,,,,,,,,,,,,,,,,,,,,,,,,,,,,,,,,,,,,,,,,,,,,,,,,,,,,,,,,,,,,,,,,,,,,,,,,,,,,,,,
ACSSF,2019m1,nc,000,0026,0000180,,,,,,,,,,,,,,,,,,,,,,,,,,,,,,,,,,,,,,,,,,,,,,,,,,,,,,,,,,,,,,,,,,,,,,,,,,,,,,,,,,,,,,,,,,,,,,,,,,,,,,,,,,,,,,,,,,,,,,,,,,,,,,,,,,,,,,,,,,,,,,,,,,,,,,,,,,,,,,,,,,,,,,,,,,,,,,,,,,,,,,,,,,,,,,,,,,,,,,,,,,,,,,,,,,,,,,,,,,,,,,,,,,,,,,,,,,,,,,,,
ACSSF,2019m1,nc,000,0026,0000181,,,,,,,,,,,,,,,,,,,,,,,,,,,,,,,,,,,,,,,,,,,,,,,,,,,,,,,,,,,,,,,,,,,,,,,,,,,,,,,,,,,,,,,,,,,,,,,,,,,,,,,,,,,,,,,,,,,,,,,,,,,,,,,,,,,,,,,,,,,,,,,,,,,,,,,,,,,,,,,,,,,,,,,,,,,,,,,,,,,,,,,,,,,,,,,,,,,,,,,,,,,,,,,,,,,,,,,,,,,,,,,,,,,,,,,,,,,,,,,,
ACSSF,2019m1,nc,000,0026,0000182,,,,,,,,,,,,,,,,,,,,,,,,,,,,,,,,,,,,,,,,,,,,,,,,,,,,,,,,,,,,,,,,,,,,,,,,,,,,,,,,,,,,,,,,,,,,,,,,,,,,,,,,,,,,,,,,,,,,,,,,,,,,,,,,,,,,,,,,,,,,,,,,,,,,,,,,,,,,,,,,,,,,,,,,,,,,,,,,,,,,,,,,,,,,,,,,,,,,,,,,,,,,,,,,,,,,,,,,,,,,,,,,,,,,,,,,,,,,,,,,
ACSSF,2019m1,nc,000,0026,0000183,,,,,,,,,,,,,,,,,,,,,,,,,,,,,,,,,,,,,,,,,,,,,,,,,,,,,,,,,,,,,,,,,,,,,,,,,,,,,,,,,,,,,,,,,,,,,,,,,,,,,,,,,,,,,,,,,,,,,,,,,,,,,,,,,,,,,,,,,,,,,,,,,,,,,,,,,,,,,,,,,,,,,,,,,,,,,,,,,,,,,,,,,,,,,,,,,,,,,,,,,,,,,,,,,,,,,,,,,,,,,,,,,,,,,,,,,,,,,,,,
ACSSF,2019m1,nc,000,0026,0000184,,,,,,,,,,,,,,,,,,,,,,,,,,,,,,,,,,,,,,,,,,,,,,,,,,,,,,,,,,,,,,,,,,,,,,,,,,,,,,,,,,,,,,,,,,,,,,,,,,,,,,,,,,,,,,,,,,,,,,,,,,,,,,,,,,,,,,,,,,,,,,,,,,,,,,,,,,,,,,,,,,,,,,,,,,,,,,,,,,,,,,,,,,,,,,,,,,,,,,,,,,,,,,,,,,,,,,,,,,,,,,,,,,,,,,,,,,,,,,,,
ACSSF,2019m1,nc,000,0026,0000185,,,,,,,,,,,,,,,,,,,,,,,,,,,,,,,,,,,,,,,,,,,,,,,,,,,,,,,,,,,,,,,,,,,,,,,,,,,,,,,,,,,,,,,,,,,,,,,,,,,,,,,,,,,,,,,,,,,,,,,,,,,,,,,,,,,,,,,,,,,,,,,,,,,,,,,,,,,,,,,,,,,,,,,,,,,,,,,,,,,,,,,,,,,,,,,,,,,,,,,,,,,,,,,,,,,,,,,,,,,,,,,,,,,,,,,,,,,,,,,,
ACSSF,2019m1,nc,000,0026,0000186,,,,,,,,,,,,,,,,,,,,,,,,,,,,,,,,,,,,,,,,,,,,,,,,,,,,,,,,,,,,,,,,,,,,,,,,,,,,,,,,,,,,,,,,,,,,,,,,,,,,,,,,,,,,,,,,,,,,,,,,,,,,,,,,,,,,,,,,,,,,,,,,,,,,,,,,,,,,,,,,,,,,,,,,,,,,,,,,,,,,,,,,,,,,,,,,,,,,,,,,,,,,,,,,,,,,,,,,,,,,,,,,,,,,,,,,,,,,,,,,
ACSSF,2019m1,nc,000,0026,0000187,,,,,,,,,,,,,,,,,,,,,,,,,,,,,,,,,,,,,,,,,,,,,,,,,,,,,,,,,,,,,,,,,,,,,,,,,,,,,,,,,,,,,,,,,,,,,,,,,,,,,,,,,,,,,,,,,,,,,,,,,,,,,,,,,,,,,,,,,,,,,,,,,,,,,,,,,,,,,,,,,,,,,,,,,,,,,,,,,,,,,,,,,,,,,,,,,,,,,,,,,,,,,,,,,,,,,,,,,,,,,,,,,,,,,,,,,,,,,,,,
ACSSF,2019m1,nc,000,0026,0000188,,,,,,,,,,,,,,,,,,,,,,,,,,,,,,,,,,,,,,,,,,,,,,,,,,,,,,,,,,,,,,,,,,,,,,,,,,,,,,,,,,,,,,,,,,,,,,,,,,,,,,,,,,,,,,,,,,,,,,,,,,,,,,,,,,,,,,,,,,,,,,,,,,,,,,,,,,,,,,,,,,,,,,,,,,,,,,,,,,,,,,,,,,,,,,,,,,,,,,,,,,,,,,,,,,,,,,,,,,,,,,,,,,,,,,,,,,,,,,,,
ACSSF,2019m1,nc,000,0026,0000189,,,,,,,,,,,,,,,,,,,,,,,,,,,,,,,,,,,,,,,,,,,,,,,,,,,,,,,,,,,,,,,,,,,,,,,,,,,,,,,,,,,,,,,,,,,,,,,,,,,,,,,,,,,,,,,,,,,,,,,,,,,,,,,,,,,,,,,,,,,,,,,,,,,,,,,,,,,,,,,,,,,,,,,,,,,,,,,,,,,,,,,,,,,,,,,,,,,,,,,,,,,,,,,,,,,,,,,,,,,,,,,,,,,,,,,,,,,,,,,,
ACSSF,2019m1,nc,000,0026,0000190,,,,,,,,,,,,,,,,,,,,,,,,,,,,,,,,,,,,,,,,,,,,,,,,,,,,,,,,,,,,,,,,,,,,,,,,,,,,,,,,,,,,,,,,,,,,,,,,,,,,,,,,,,,,,,,,,,,,,,,,,,,,,,,,,,,,,,,,,,,,,,,,,,,,,,,,,,,,,,,,,,,,,,,,,,,,,,,,,,,,,,,,,,,,,,,,,,,,,,,,,,,,,,,,,,,,,,,,,,,,,,,,,,,,,,,,,,,,,,,,
ACSSF,2019m1,nc,000,0026,0000191,,,,,,,,,,,,,,,,,,,,,,,,,,,,,,,,,,,,,,,,,,,,,,,,,,,,,,,,,,,,,,,,,,,,,,,,,,,,,,,,,,,,,,,,,,,,,,,,,,,,,,,,,,,,,,,,,,,,,,,,,,,,,,,,,,,,,,,,,,,,,,,,,,,,,,,,,,,,,,,,,,,,,,,,,,,,,,,,,,,,,,,,,,,,,,,,,,,,,,,,,,,,,,,,,,,,,,,,,,,,,,,,,,,,,,,,,,,,,,,,
ACSSF,2019m1,nc,000,0026,0000192,,,,,,,,,,,,,,,,,,,,,,,,,,,,,,,,,,,,,,,,,,,,,,,,,,,,,,,,,,,,,,,,,,,,,,,,,,,,,,,,,,,,,,,,,,,,,,,,,,,,,,,,,,,,,,,,,,,,,,,,,,,,,,,,,,,,,,,,,,,,,,,,,,,,,,,,,,,,,,,,,,,,,,,,,,,,,,,,,,,,,,,,,,,,,,,,,,,,,,,,,,,,,,,,,,,,,,,,,,,,,,,,,,,,,,,,,,,,,,,,
ACSSF,2019m1,nc,000,0026,0000193,,,,,,,,,,,,,,,,,,,,,,,,,,,,,,,,,,,,,,,,,,,,,,,,,,,,,,,,,,,,,,,,,,,,,,,,,,,,,,,,,,,,,,,,,,,,,,,,,,,,,,,,,,,,,,,,,,,,,,,,,,,,,,,,,,,,,,,,,,,,,,,,,,,,,,,,,,,,,,,,,,,,,,,,,,,,,,,,,,,,,,,,,,,,,,,,,,,,,,,,,,,,,,,,,,,,,,,,,,,,,,,,,,,,,,,,,,,,,,,,
ACSSF,2019m1,nc,000,0026,0000194,,,,,,,,,,,,,,,,,,,,,,,,,,,,,,,,,,,,,,,,,,,,,,,,,,,,,,,,,,,,,,,,,,,,,,,,,,,,,,,,,,,,,,,,,,,,,,,,,,,,,,,,,,,,,,,,,,,,,,,,,,,,,,,,,,,,,,,,,,,,,,,,,,,,,,,,,,,,,,,,,,,,,,,,,,,,,,,,,,,,,,,,,,,,,,,,,,,,,,,,,,,,,,,,,,,,,,,,,,,,,,,,,,,,,,,,,,,,,,,,
ACSSF,2019m1,nc,000,0026,0000195,,,,,,,,,,,,,,,,,,,,,,,,,,,,,,,,,,,,,,,,,,,,,,,,,,,,,,,,,,,,,,,,,,,,,,,,,,,,,,,,,,,,,,,,,,,,,,,,,,,,,,,,,,,,,,,,,,,,,,,,,,,,,,,,,,,,,,,,,,,,,,,,,,,,,,,,,,,,,,,,,,,,,,,,,,,,,,,,,,,,,,,,,,,,,,,,,,,,,,,,,,,,,,,,,,,,,,,,,,,,,,,,,,,,,,,,,,,,,,,,
ACSSF,2019m1,nc,000,0026,0000196,,,,,,,,,,,,,,,,,,,,,,,,,,,,,,,,,,,,,,,,,,,,,,,,,,,,,,,,,,,,,,,,,,,,,,,,,,,,,,,,,,,,,,,,,,,,,,,,,,,,,,,,,,,,,,,,,,,,,,,,,,,,,,,,,,,,,,,,,,,,,,,,,,,,,,,,,,,,,,,,,,,,,,,,,,,,,,,,,,,,,,,,,,,,,,,,,,,,,,,,,,,,,,,,,,,,,,,,,,,,,,,,,,,,,,,,,,,,,,,,
ACSSF,2019m1,nc,000,0026,0000197,,,,,,,,,,,,,,,,,,,,,,,,,,,,,,,,,,,,,,,,,,,,,,,,,,,,,,,,,,,,,,,,,,,,,,,,,,,,,,,,,,,,,,,,,,,,,,,,,,,,,,,,,,,,,,,,,,,,,,,,,,,,,,,,,,,,,,,,,,,,,,,,,,,,,,,,,,,,,,,,,,,,,,,,,,,,,,,,,,,,,,,,,,,,,,,,,,,,,,,,,,,,,,,,,,,,,,,,,,,,,,,,,,,,,,,,,,,,,,,,
ACSSF,2019m1,nc,000,0026,0000198,,,,,,,,,,,,,,,,,,,,,,,,,,,,,,,,,,,,,,,,,,,,,,,,,,,,,,,,,,,,,,,,,,,,,,,,,,,,,,,,,,,,,,,,,,,,,,,,,,,,,,,,,,,,,,,,,,,,,,,,,,,,,,,,,,,,,,,,,,,,,,,,,,,,,,,,,,,,,,,,,,,,,,,,,,,,,,,,,,,,,,,,,,,,,,,,,,,,,,,,,,,,,,,,,,,,,,,,,,,,,,,,,,,,,,,,,,,,,,,,
ACSSF,2019m1,nc,000,0026,0000199,,,,,,,,,,,,,,,,,,,,,,,,,,,,,,,,,,,,,,,,,,,,,,,,,,,,,,,,,,,,,,,,,,,,,,,,,,,,,,,,,,,,,,,,,,,,,,,,,,,,,,,,,,,,,,,,,,,,,,,,,,,,,,,,,,,,,,,,,,,,,,,,,,,,,,,,,,,,,,,,,,,,,,,,,,,,,,,,,,,,,,,,,,,,,,,,,,,,,,,,,,,,,,,,,,,,,,,,,,,,,,,,,,,,,,,,,,,,,,,,
ACSSF,2019m1,nc,000,0026,0000200,,,,,,,,,,,,,,,,,,,,,,,,,,,,,,,,,,,,,,,,,,,,,,,,,,,,,,,,,,,,,,,,,,,,,,,,,,,,,,,,,,,,,,,,,,,,,,,,,,,,,,,,,,,,,,,,,,,,,,,,,,,,,,,,,,,,,,,,,,,,,,,,,,,,,,,,,,,,,,,,,,,,,,,,,,,,,,,,,,,,,,,,,,,,,,,,,,,,,,,,,,,,,,,,,,,,,,,,,,,,,,,,,,,,,,,,,,,,,,,,
ACSSF,2019m1,nc,000,0026,0000201,,,,,,,,,,,,,,,,,,,,,,,,,,,,,,,,,,,,,,,,,,,,,,,,,,,,,,,,,,,,,,,,,,,,,,,,,,,,,,,,,,,,,,,,,,,,,,,,,,,,,,,,,,,,,,,,,,,,,,,,,,,,,,,,,,,,,,,,,,,,,,,,,,,,,,,,,,,,,,,,,,,,,,,,,,,,,,,,,,,,,,,,,,,,,,,,,,,,,,,,,,,,,,,,,,,,,,,,,,,,,,,,,,,,,,,,,,,,,,,,
ACSSF,2019m1,nc,000,0026,0000202,,,,,,,,,,,,,,,,,,,,,,,,,,,,,,,,,,,,,,,,,,,,,,,,,,,,,,,,,,,,,,,,,,,,,,,,,,,,,,,,,,,,,,,,,,,,,,,,,,,,,,,,,,,,,,,,,,,,,,,,,,,,,,,,,,,,,,,,,,,,,,,,,,,,,,,,,,,,,,,,,,,,,,,,,,,,,,,,,,,,,,,,,,,,,,,,,,,,,,,,,,,,,,,,,,,,,,,,,,,,,,,,,,,,,,,,,,,,,,,,
ACSSF,2019m1,nc,000,0026,0000203,,,,,,,,,,,,,,,,,,,,,,,,,,,,,,,,,,,,,,,,,,,,,,,,,,,,,,,,,,,,,,,,,,,,,,,,,,,,,,,,,,,,,,,,,,,,,,,,,,,,,,,,,,,,,,,,,,,,,,,,,,,,,,,,,,,,,,,,,,,,,,,,,,,,,,,,,,,,,,,,,,,,,,,,,,,,,,,,,,,,,,,,,,,,,,,,,,,,,,,,,,,,,,,,,,,,,,,,,,,,,,,,,,,,,,,,,,,,,,,,
ACSSF,2019m1,nc,000,0026,0000204,,,,,,,,,,,,,,,,,,,,,,,,,,,,,,,,,,,,,,,,,,,,,,,,,,,,,,,,,,,,,,,,,,,,,,,,,,,,,,,,,,,,,,,,,,,,,,,,,,,,,,,,,,,,,,,,,,,,,,,,,,,,,,,,,,,,,,,,,,,,,,,,,,,,,,,,,,,,,,,,,,,,,,,,,,,,,,,,,,,,,,,,,,,,,,,,,,,,,,,,,,,,,,,,,,,,,,,,,,,,,,,,,,,,,,,,,,,,,,,,
ACSSF,2019m1,nc,000,0026,0000205,,,,,,,,,,,,,,,,,,,,,,,,,,,,,,,,,,,,,,,,,,,,,,,,,,,,,,,,,,,,,,,,,,,,,,,,,,,,,,,,,,,,,,,,,,,,,,,,,,,,,,,,,,,,,,,,,,,,,,,,,,,,,,,,,,,,,,,,,,,,,,,,,,,,,,,,,,,,,,,,,,,,,,,,,,,,,,,,,,,,,,,,,,,,,,,,,,,,,,,,,,,,,,,,,,,,,,,,,,,,,,,,,,,,,,,,,,,,,,,,
ACSSF,2019m1,nc,000,0026,0000206,,,,,,,,,,,,,,,,,,,,,,,,,,,,,,,,,,,,,,,,,,,,,,,,,,,,,,,,,,,,,,,,,,,,,,,,,,,,,,,,,,,,,,,,,,,,,,,,,,,,,,,,,,,,,,,,,,,,,,,,,,,,,,,,,,,,,,,,,,,,,,,,,,,,,,,,,,,,,,,,,,,,,,,,,,,,,,,,,,,,,,,,,,,,,,,,,,,,,,,,,,,,,,,,,,,,,,,,,,,,,,,,,,,,,,,,,,,,,,,,
ACSSF,2019m1,nc,000,0026,0000207,,,,,,,,,,,,,,,,,,,,,,,,,,,,,,,,,,,,,,,,,,,,,,,,,,,,,,,,,,,,,,,,,,,,,,,,,,,,,,,,,,,,,,,,,,,,,,,,,,,,,,,,,,,,,,,,,,,,,,,,,,,,,,,,,,,,,,,,,,,,,,,,,,,,,,,,,,,,,,,,,,,,,,,,,,,,,,,,,,,,,,,,,,,,,,,,,,,,,,,,,,,,,,,,,,,,,,,,,,,,,,,,,,,,,,,,,,,,,,,,
ACSSF,2019m1,nc,000,0026,0000208,,,,,,,,,,,,,,,,,,,,,,,,,,,,,,,,,,,,,,,,,,,,,,,,,,,,,,,,,,,,,,,,,,,,,,,,,,,,,,,,,,,,,,,,,,,,,,,,,,,,,,,,,,,,,,,,,,,,,,,,,,,,,,,,,,,,,,,,,,,,,,,,,,,,,,,,,,,,,,,,,,,,,,,,,,,,,,,,,,,,,,,,,,,,,,,,,,,,,,,,,,,,,,,,,,,,,,,,,,,,,,,,,,,,,,,,,,,,,,,,
ACSSF,2019m1,nc,000,0026,0000209,,,,,,,,,,,,,,,,,,,,,,,,,,,,,,,,,,,,,,,,,,,,,,,,,,,,,,,,,,,,,,,,,,,,,,,,,,,,,,,,,,,,,,,,,,,,,,,,,,,,,,,,,,,,,,,,,,,,,,,,,,,,,,,,,,,,,,,,,,,,,,,,,,,,,,,,,,,,,,,,,,,,,,,,,,,,,,,,,,,,,,,,,,,,,,,,,,,,,,,,,,,,,,,,,,,,,,,,,,,,,,,,,,,,,,,,,,,,,,,,
ACSSF,2019m1,nc,000,0026,0000210,,,,,,,,,,,,,,,,,,,,,,,,,,,,,,,,,,,,,,,,,,,,,,,,,,,,,,,,,,,,,,,,,,,,,,,,,,,,,,,,,,,,,,,,,,,,,,,,,,,,,,,,,,,,,,,,,,,,,,,,,,,,,,,,,,,,,,,,,,,,,,,,,,,,,,,,,,,,,,,,,,,,,,,,,,,,,,,,,,,,,,,,,,,,,,,,,,,,,,,,,,,,,,,,,,,,,,,,,,,,,,,,,,,,,,,,,,,,,,,,
ACSSF,2019m1,nc,000,0026,0000211,,,,,,,,,,,,,,,,,,,,,,,,,,,,,,,,,,,,,,,,,,,,,,,,,,,,,,,,,,,,,,,,,,,,,,,,,,,,,,,,,,,,,,,,,,,,,,,,,,,,,,,,,,,,,,,,,,,,,,,,,,,,,,,,,,,,,,,,,,,,,,,,,,,,,,,,,,,,,,,,,,,,,,,,,,,,,,,,,,,,,,,,,,,,,,,,,,,,,,,,,,,,,,,,,,,,,,,,,,,,,,,,,,,,,,,,,,,,,,,,
ACSSF,2019m1,nc,000,0026,0000212,,,,,,,,,,,,,,,,,,,,,,,,,,,,,,,,,,,,,,,,,,,,,,,,,,,,,,,,,,,,,,,,,,,,,,,,,,,,,,,,,,,,,,,,,,,,,,,,,,,,,,,,,,,,,,,,,,,,,,,,,,,,,,,,,,,,,,,,,,,,,,,,,,,,,,,,,,,,,,,,,,,,,,,,,,,,,,,,,,,,,,,,,,,,,,,,,,,,,,,,,,,,,,,,,,,,,,,,,,,,,,,,,,,,,,,,,,,,,,,,
