ACSSF,2019m1,nc,000,0157,0000001,15467,17920,7614,6201,4088,3043,2413,1474,599,15592,8447,6876,9034,11672,7265,5113,8514,4096,3253,4709,6571,4928,8077,16837,9747,10279,5747,3828,2251,1326,583,14828,11070,7239,6018,5624,2360,1651,6087,3956,3015,3598,3076,2008,1852,15467,17920,14921,13167,1598,1664,842,642,4094,11286,10081,917,1094,668,410,3936,14208,13373,844,1295,473,547,5082,9049,8464,835,613,134,563,4547,9691,8938,323,286,103,216,3400,16837,14212,10704,6891,8379,4872,4750,5938,8143,5706,2996,3704,2194,1834,3534,6646,4719,2673,2773,1627,1004,3049,3353,2240,1133,793,565,310,2011,2538,2335,571,451,201,221,1130
ACSSF,2019m1,nc,000,0157,0000002,16804,15873,7249,5566,3275,2562,1682,1343,494,13773,6461,5533,7456,10456,5654,3504,7574,3184,2682,4057,4576,3834,4766,15152,8811,7786,4667,3514,1905,943,490,12530,10043,6629,5449,4536,1832,1396,5437,3508,2940,3209,2621,1650,1394,16804,15873,11719,10504,1559,1630,788,635,2461,9633,8962,821,1081,668,408,2103,11766,10975,799,1238,473,543,2670,6638,6677,778,606,134,562,1716,5775,5774,312,286,103,216,1504,15152,13828,10157,6669,8317,5053,4511,4376,7479,5297,2890,3620,2126,1708,2487,5342,3748,2534,2757,1419,992,1604,2294,1787,1098,790,560,310,801,2120,1801,523,451,201,221,721
ACSSF,2019m1,nc,000,0157,0000003,13991,12925,4898,3265,2697,2319,1917,693,276,11826,4943,4209,5546,5862,5196,4111,7138,2594,2193,2459,3583,3262,6107,9654,5119,4962,3061,1717,1280,781,245,7981,4669,2859,2990,3114,1502,1015,3120,1752,1284,1360,1373,1344,1647,13991,12925,9123,8306,477,169,308,74,3139,6433,5640,360,199,216,20,3252,7008,6891,237,197,10,13,4659,5625,5297,288,20,216,24,3968,7376,6077,124,13,216,216,3105,9654,7325,4438,1855,2252,1346,1132,4679,3920,2889,716,489,427,489,2327,3646,2704,417,284,424,83,2609,2099,1101,364,100,48,216,1800,1953,1625,119,216,216,216,971
ACSSF,2019m1,nc,000,0157,0000004,14639,17353,7392,5997,3971,2878,2298,1437,599,15260,8312,6840,8706,11281,6934,4642,8384,3779,3139,4371,6171,4903,7378,16202,10068,10020,5604,3764,2176,1299,583,14450,10618,7166,5778,5241,2253,1621,6202,4045,3038,3450,2976,1853,1793,14639,17353,14499,12555,1598,1664,840,637,4079,10692,9616,822,913,657,410,3587,13709,12838,852,1282,473,543,4620,8612,8259,835,606,134,562,4111,8704,8187,323,286,103,216,3112,16202,13789,10767,6717,8323,4922,4737,5426,7828,5597,2875,3728,2207,1832,3376,6298,4559,2609,2781,1512,968,2877,3156,2315,1121,795,497,168,1517,2459,2316,562,445,201,221,1125
ACSSF,2019m1,nc,000,0157,0000005,12988,14812,6710,5615,3794,2767,2210,1404,562,13758,7962,6413,7726,10538,6629,4175,7285,3443,2956,4292,5306,4483,6612,14214,8799,8749,5235,3897,1989,1260,435,12754,9886,6409,5794,4700,1845,1585,5911,4053,2667,3205,2937,1639,1585,12988,14812,13038,11442,1556,1587,767,637,3457,10267,9463,808,879,652,408,2915,12283,11916,781,1251,473,543,3976,7746,7597,745,616,134,545,3457,7769,7353,323,286,103,216,2705,14214,12419,10054,6021,7798,4831,4670,5348,8072,5613,2747,3604,2123,1804,3336,5670,4099,2340,2637,1281,974,2284,2760,1976,932,795,497,168,1274,2278,2059,498,397,201,221,1120
ACSSF,2019m1,nc,000,0157,0000006,10579,10586,5146,4115,2152,1907,1056,679,332,7677,4623,3453,4960,7068,3604,2133,5452,1858,1709,2409,3022,2913,3775,10472,7476,7505,3761,3060,1395,869,165,7582,7054,5200,3850,3473,1398,1033,4607,3116,1748,2332,2010,990,1117,10579,10586,7974,6923,1263,1269,684,596,1233,6111,5783,528,720,443,379,700,7580,7120,633,989,353,584,1244,4175,3875,537,494,115,541,812,4159,4142,217,251,97,216,526,10472,10617,7441,5261,7840,4578,3886,2289,5904,3853,2380,3441,1585,1545,1306,4433,2878,1893,2395,986,857,664,1785,1393,741,629,481,156,343,1582,1308,477,385,201,190,485
ACSSF,2019m1,nc,000,0157,0000007,12141,12025,5171,4022,3257,2282,1756,1236,438,10569,6070,5482,5763,7923,5642,3895,7764,2889,2609,3309,4991,3449,5587,10924,6907,6288,3609,2493,1424,919,403,9772,7063,3725,4440,3156,1245,1305,3752,2573,1692,2042,2004,1393,1406,12141,12025,9974,9223,1030,834,271,233,3237,8037,7328,514,570,431,131,2907,10034,9366,522,716,307,203,3903,6363,6345,485,205,69,73,3347,6987,6427,222,120,38,216,2659,10924,9285,6109,3137,4078,2544,2570,4861,5454,3821,1809,1357,1294,906,2975,4048,3007,1429,1362,841,415,2271,1962,1281,465,410,70,60,1307,1948,1759,159,108,216,119,991
ACSSF,2019m1,nc,000,0157,0000008,5751,6770,2581,1761,1468,1315,946,438,111,5427,2601,2130,3571,4142,2854,1918,3418,1305,1147,1388,2271,2171,3208,6516,4209,3852,1739,1303,513,327,242,4584,3131,2520,2175,1679,1166,607,2823,1609,881,1415,1227,841,648,5751,6770,4160,3793,493,351,295,30,1919,4057,3373,131,187,78,21,2104,4766,4374,272,591,216,216,2316,3631,2971,339,51,216,117,1772,4015,3865,166,216,216,216,1689,6516,5986,3578,3268,2520,1170,1110,3104,3012,2160,1562,695,498,398,1329,2148,1202,931,685,601,285,1581,1355,1093,646,162,49,216,708,856,765,169,201,216,216,287
ACSSF,2019m1,nc,000,0157,0000009,4946,3526,1159,817,727,421,690,216,94,3032,1211,1171,1549,1475,1342,856,2166,571,472,1003,1245,821,1498,4671,3088,2740,1028,1137,102,216,134,3291,2194,1388,1612,1023,651,243,2067,1294,804,1026,959,683,315,4946,3526,1936,1747,454,293,292,216,452,1884,1820,44,178,78,216,65,1944,1799,263,343,216,216,256,1449,1436,154,216,216,216,178,1742,1763,133,216,216,216,190,4671,4227,2353,2355,2096,1038,973,575,2293,1428,1364,462,448,397,533,1294,689,773,603,531,286,404,892,722,592,141,216,216,56,427,322,216,179,216,216,175
ACSSF,2019m1,nc,000,0157,0000010,6283,6271,2474,1700,1223,1209,668,438,72,4891,2371,1694,2920,4015,2433,1641,2942,1236,959,1121,2012,1977,2845,5500,3261,2874,1390,866,498,327,197,4132,2721,2082,1621,1501,931,524,2009,992,485,837,1038,578,622,6283,6271,3788,3523,186,173,55,30,1870,3373,2643,122,90,216,21,2114,4554,3872,81,509,216,216,2323,3062,2561,298,51,216,117,1779,3480,3225,92,216,216,216,1696,5500,4726,3061,1770,1331,597,440,3051,1990,1629,646,556,176,66,1270,1702,1072,591,335,312,64,1497,1059,772,202,77,49,216,708,725,687,169,82,216,216,224
ACSSF,2019m1,nc,000,0157,0000011,5188,5162,1747,1059,930,959,635,235,41,4072,1827,1171,2314,2862,2452,1791,2906,1196,834,1246,1666,1779,2586,4191,2625,2166,1231,834,451,259,216,3034,1823,1395,1476,1231,968,379,1726,609,752,930,694,674,753,5188,5162,2947,2225,178,11,12,74,1720,2658,2326,367,449,103,16,1292,3453,3012,171,144,10,13,1957,3128,2281,216,20,216,11,1910,3135,2912,15,13,216,216,923,4191,3439,2340,1288,761,476,255,2019,2042,1522,522,287,76,304,1083,1410,970,474,147,350,102,1048,1223,409,187,110,180,255,1009,870,740,85,26,216,216,350
ACSSF,2019m1,nc,000,0157,0000012,8383,8824,2811,2029,1771,1583,1153,510,107,7204,3308,2508,3978,5199,4067,2866,4260,1780,1291,1989,2993,2884,4413,7559,4827,4536,2151,1439,684,405,242,5649,3875,2718,2679,2069,1391,703,3041,1693,1058,1796,1323,1189,1022,8383,8824,5379,4672,500,351,296,63,2545,4258,3737,390,480,131,24,2421,6204,5572,322,611,10,13,3049,4797,3705,339,54,216,118,2562,5464,5127,168,13,216,216,2012,7559,6340,4157,3383,2706,1196,1118,3146,3980,2713,1739,750,511,530,1671,2638,1551,979,674,759,304,1837,1793,1127,623,198,189,255,1252,1265,1020,209,204,216,216,454
ACSSF,2019m1,nc,000,0157,0000013,1763,1892,996,694,659,443,161,220,216,1782,806,1043,1365,1485,855,685,1089,338,504,514,790,670,1029,2027,1319,1230,521,392,104,216,216,1613,1255,770,535,975,363,400,774,460,298,461,302,101,89,,,,,,,,,,,,,,,,,,,,,,,,,,,,,,,,,,,,,,,,,,,,,,,,,,,,,,,,,,,,,,,,,,,,,,,,,
ACSSF,2019m1,nc,000,0157,0000014,2550,2335,979,379,770,284,96,216,216,1807,1025,1163,1137,1263,771,433,1053,791,760,850,1053,634,618,1430,1049,852,507,339,111,216,216,904,485,530,456,439,216,216,591,442,279,261,136,216,218,,,,,,,,,,,,,,,,,,,,,,,,,,,,,,,,,,,,,,,,,,,,,,,,,,,,,,,,,,,,,,,,,,,,,,,,,
ACSSF,2019m1,nc,000,0157,0000015,3462,3077,971,667,655,388,275,176,248,2151,1278,1317,1349,1656,1189,830,1605,636,709,698,994,914,1376,2840,1810,1960,856,808,127,121,216,2178,1446,1364,1137,1154,170,177,1384,823,418,602,724,240,248,,,,,,,,,,,,,,,,,,,,,,,,,,,,,,,,,,,,,,,,,,,,,,,,,,,,,,,,,,,,,,,,,,,,,,,,,
ACSSF,2019m1,nc,000,0157,0000016,1496,1563,677,592,346,132,252,216,125,1338,1046,498,801,867,1034,736,760,364,225,228,739,713,1029,1470,883,708,590,214,196,216,106,1261,1015,465,446,506,78,107,514,200,305,60,207,220,210,,,,,,,,,,,,,,,,,,,,,,,,,,,,,,,,,,,,,,,,,,,,,,,,,,,,,,,,,,,,,,,,,,,,,,,,,
ACSSF,2019m1,nc,000,0157,0000017,1914,2536,1203,972,637,427,226,268,94,2263,1044,1022,1268,2081,1114,732,1144,332,476,388,860,555,804,2267,1645,1106,1438,240,518,216,216,1386,980,1082,789,346,136,123,891,508,406,343,257,142,267,,,,,,,,,,,,,,,,,,,,,,,,,,,,,,,,,,,,,,,,,,,,,,,,,,,,,,,,,,,,,,,,,,,,,,,,,
ACSSF,2019m1,nc,000,0157,0000018,1464,1589,707,555,394,219,213,194,216,1385,784,613,449,1238,1124,785,951,368,166,300,485,644,878,1491,614,527,286,115,216,216,216,1206,987,251,777,530,311,194,710,236,65,341,340,70,511,,,,,,,,,,,,,,,,,,,,,,,,,,,,,,,,,,,,,,,,,,,,,,,,,,,,,,,,,,,,,,,,,,,,,,,,,
ACSSF,2019m1,nc,000,0157,0000019,1649,1327,435,289,296,149,325,74,216,1031,398,331,400,779,447,306,668,470,279,638,616,451,531,1391,764,636,437,101,104,216,216,1085,735,560,373,308,33,216,550,410,115,114,313,87,169,,,,,,,,,,,,,,,,,,,,,,,,,,,,,,,,,,,,,,,,,,,,,,,,,,,,,,,,,,,,,,,,,,,,,,,,,
ACSSF,2019m1,nc,000,0157,0000020,1772,2082,1114,750,507,200,406,623,216,1460,1172,668,853,1628,1054,660,1214,569,306,419,867,697,1033,1827,1392,1084,647,721,273,291,216,1481,822,662,935,721,142,123,717,470,304,304,336,265,124,,,,,,,,,,,,,,,,,,,,,,,,,,,,,,,,,,,,,,,,,,,,,,,,,,,,,,,,,,,,,,,,,,,,,,,,,
ACSSF,2019m1,nc,000,0157,0000021,947,1539,615,500,59,194,454,216,216,1084,846,581,804,856,876,455,993,409,463,535,516,672,742,1272,1137,1298,757,342,73,216,216,1158,529,537,651,277,37,571,641,341,139,326,408,293,164,,,,,,,,,,,,,,,,,,,,,,,,,,,,,,,,,,,,,,,,,,,,,,,,,,,,,,,,,,,,,,,,,,,,,,,,,
ACSSF,2019m1,nc,000,0157,0000022,1728,1760,547,427,172,120,155,61,216,1369,353,420,879,897,764,608,1119,330,54,336,484,520,854,1502,815,787,290,108,216,216,216,1190,738,732,948,353,92,216,588,402,152,295,142,122,176,,,,,,,,,,,,,,,,,,,,,,,,,,,,,,,,,,,,,,,,,,,,,,,,,,,,,,,,,,,,,,,,,,,,,,,,,
ACSSF,2019m1,nc,000,0157,0000023,1600,1745,1131,935,384,487,362,216,216,1371,948,697,729,1094,844,445,743,411,770,388,843,735,752,1798,1397,1372,489,733,460,216,216,1294,1124,326,440,457,194,216,748,566,315,313,317,216,216,,,,,,,,,,,,,,,,,,,,,,,,,,,,,,,,,,,,,,,,,,,,,,,,,,,,,,,,,,,,,,,,,,,,,,,,,
ACSSF,2019m1,nc,000,0157,0000024,2243,2494,1024,878,816,329,349,243,89,1973,1044,873,944,1446,921,585,1377,393,285,345,738,828,1314,2618,1871,1798,749,435,217,215,78,2276,1814,1130,1121,627,235,180,971,726,340,435,401,319,196,,,,,,,,,,,,,,,,,,,,,,,,,,,,,,,,,,,,,,,,,,,,,,,,,,,,,,,,,,,,,,,,,,,,,,,,,
ACSSF,2019m1,nc,000,0157,0000025,1667,2036,1039,770,845,517,209,99,216,1986,1057,675,1003,1618,1489,542,1148,507,396,389,1023,675,1053,2281,1478,1481,711,274,330,205,216,1904,1204,745,800,1053,157,92,853,635,253,399,393,165,192,,,,,,,,,,,,,,,,,,,,,,,,,,,,,,,,,,,,,,,,,,,,,,,,,,,,,,,,,,,,,,,,,,,,,,,,,
ACSSF,2019m1,nc,000,0157,0000026,2711,3805,1546,1153,891,435,185,485,131,3031,1461,1711,1935,1840,953,767,1475,592,597,885,1035,1066,1302,4015,2651,2595,1231,1090,268,576,216,2718,1933,1665,1603,1271,433,152,1428,791,572,492,382,499,618,,,,,,,,,,,,,,,,,,,,,,,,,,,,,,,,,,,,,,,,,,,,,,,,,,,,,,,,,,,,,,,,,,,,,,,,,
ACSSF,2019m1,nc,000,0157,0000027,2664,3453,1362,1288,674,691,273,127,99,2871,1641,1039,1432,2043,1259,905,1688,513,640,823,1065,860,1557,3300,2109,1753,1295,1071,262,110,216,2787,2066,1376,1347,986,495,244,1153,736,538,812,683,269,344,2664,3453,2423,2280,222,519,96,216,592,1700,1616,185,216,216,216,261,2374,2321,159,84,54,216,449,1558,1506,95,212,216,216,343,1746,1744,216,216,216,216,44,3300,2901,1976,1129,2127,1085,1005,513,1731,1175,483,1166,651,273,545,1156,1020,350,391,365,277,96,569,316,53,111,112,216,467,409,409,128,127,216,216,216
ACSSF,2019m1,nc,000,0157,0000028,1244,1727,729,506,239,352,417,216,216,1359,785,807,720,933,621,578,617,265,491,463,467,468,712,1666,1236,846,487,651,216,391,216,1352,548,876,506,794,108,216,403,184,123,159,158,216,208,,,,,,,,,,,,,,,,,,,,,,,,,,,,,,,,,,,,,,,,,,,,,,,,,,,,,,,,,,,,,,,,,,,,,,,,,
ACSSF,2019m1,nc,000,0157,0000029,1578,2550,1047,836,658,390,410,58,112,1748,1023,707,1004,1154,957,716,1200,392,410,558,806,843,1065,2314,1351,1280,643,493,186,180,278,1808,1246,945,995,877,61,444,1043,602,499,571,527,451,158,,,,,,,,,,,,,,,,,,,,,,,,,,,,,,,,,,,,,,,,,,,,,,,,,,,,,,,,,,,,,,,,,,,,,,,,,
ACSSF,2019m1,nc,000,0157,0000030,3305,3805,1589,1271,774,491,356,130,216,3236,1483,1290,1910,2706,1311,897,1992,765,770,768,1202,1122,1695,4706,3041,2929,1052,1376,702,85,147,3389,2740,1884,1737,1555,599,875,1590,954,798,782,675,571,293,3305,3805,2244,2162,350,252,124,201,383,2033,2046,59,270,219,79,369,3019,2850,105,524,64,216,476,1613,1664,157,392,216,216,386,1760,1702,102,112,216,216,474,4706,4151,2747,1373,3075,1303,953,1334,2526,1503,1132,886,240,600,1037,1773,1249,450,1110,66,331,178,866,723,369,263,216,216,216,923,712,98,227,201,71,398
ACSSF,2019m1,nc,000,0157,0000031,1461,1917,896,730,495,250,199,125,216,1436,673,771,807,977,683,469,923,310,365,240,459,615,656,1918,1039,1016,296,86,114,216,216,1485,1117,807,623,668,356,65,691,211,218,157,293,489,78,,,,,,,,,,,,,,,,,,,,,,,,,,,,,,,,,,,,,,,,,,,,,,,,,,,,,,,,,,,,,,,,,,,,,,,,,
ACSSF,2019m1,nc,000,0157,0000032,1508,2221,1111,1000,522,266,211,216,216,1542,885,794,1265,1093,684,676,1113,785,604,646,869,836,754,1834,1353,1276,270,491,216,223,216,1712,1452,841,859,475,45,236,943,456,463,411,366,362,55,,,,,,,,,,,,,,,,,,,,,,,,,,,,,,,,,,,,,,,,,,,,,,,,,,,,,,,,,,,,,,,,,,,,,,,,,
ACSSF,2019m1,nc,000,0157,0000033,1701,1964,971,712,580,340,286,216,216,1492,1194,947,815,1276,832,684,1021,298,208,624,725,554,1142,1847,1284,1157,367,450,318,305,216,1378,1030,730,568,615,123,126,754,595,275,332,389,216,319,,,,,,,,,,,,,,,,,,,,,,,,,,,,,,,,,,,,,,,,,,,,,,,,,,,,,,,,,,,,,,,,,,,,,,,,,
ACSSF,2019m1,nc,000,0157,0000034,1982,2770,1255,1153,313,761,452,54,216,2374,1247,1219,1857,2195,1523,789,1164,765,343,682,1077,936,1031,2415,1384,1086,897,625,178,216,216,1724,1320,741,832,1000,477,77,1239,854,414,333,661,383,265,,,,,,,,,,,,,,,,,,,,,,,,,,,,,,,,,,,,,,,,,,,,,,,,,,,,,,,,,,,,,,,,,,,,,,,,,
ACSSF,2019m1,nc,000,0157,0000035,1246,1917,769,348,472,663,314,216,216,1650,817,582,832,1074,644,758,583,495,270,272,602,413,711,1859,883,586,562,264,324,216,216,1667,1127,533,898,838,274,72,510,354,177,132,103,216,268,,,,,,,,,,,,,,,,,,,,,,,,,,,,,,,,,,,,,,,,,,,,,,,,,,,,,,,,,,,,,,,,,,,,,,,,,
ACSSF,2019m1,nc,000,0157,0000036,4517,4907,2679,2042,1281,1004,613,598,140,4349,2549,2619,2821,3796,2079,1118,2228,1039,684,1113,1552,1404,1685,5150,3953,3452,1753,1422,737,216,216,4354,3670,2243,2230,1513,605,406,1877,1203,1021,1121,1080,185,301,4517,4907,4297,4052,315,658,621,472,224,3143,2963,149,189,454,364,656,4016,3894,411,547,302,298,382,2279,2165,286,211,77,545,537,2111,2057,90,216,65,216,158,5150,5447,3956,1815,3818,2425,2672,1068,2931,2178,799,1551,1098,910,576,2027,1395,642,745,581,472,786,583,550,114,280,80,216,216,455,438,86,122,216,144,216
ACSSF,2019m1,nc,000,0157,0000037,1339,1566,1010,818,626,409,547,216,216,1232,644,678,993,1107,778,675,875,585,148,586,989,861,717,1571,960,895,491,116,196,73,216,1147,868,376,574,444,86,216,893,567,187,475,619,142,56,,,,,,,,,,,,,,,,,,,,,,,,,,,,,,,,,,,,,,,,,,,,,,,,,,,,,,,,,,,,,,,,,,,,,,,,,
ACSSF,2019m1,nc,000,0157,0000038,1750,1748,892,678,262,591,363,216,216,1347,957,436,553,1043,940,410,771,591,95,626,738,639,672,1892,1278,1133,804,202,287,409,216,1768,1247,571,834,505,364,80,628,176,381,458,292,253,129,,,,,,,,,,,,,,,,,,,,,,,,,,,,,,,,,,,,,,,,,,,,,,,,,,,,,,,,,,,,,,,,,,,,,,,,,
ACSSF,2019m1,nc,000,0157,0000039,2499,2294,1220,1183,675,576,161,216,216,1853,1452,1022,1237,1615,1214,632,1606,561,533,1053,1234,743,1286,2839,2023,1962,597,379,147,216,216,2280,1795,874,1145,721,100,68,1490,1062,388,560,718,233,409,,,,,,,,,,,,,,,,,,,,,,,,,,,,,,,,,,,,,,,,,,,,,,,,,,,,,,,,,,,,,,,,,,,,,,,,,
ACSSF,2019m1,nc,000,0157,0000040,2606,2758,2037,1894,901,338,116,216,216,2033,913,930,1128,1524,821,662,965,211,149,561,885,356,1080,2514,2152,2355,1116,796,240,216,216,1757,1444,1061,1274,417,224,21,727,531,406,101,230,79,209,,,,,,,,,,,,,,,,,,,,,,,,,,,,,,,,,,,,,,,,,,,,,,,,,,,,,,,,,,,,,,,,,,,,,,,,,
ACSSF,2019m1,nc,000,0157,0000041,1600,1554,734,672,397,246,84,216,216,1482,1025,500,1001,1229,787,450,1032,280,384,485,915,598,738,1918,1652,1641,410,309,242,216,216,1382,1318,991,683,444,174,216,686,598,33,346,514,118,257,,,,,,,,,,,,,,,,,,,,,,,,,,,,,,,,,,,,,,,,,,,,,,,,,,,,,,,,,,,,,,,,,,,,,,,,,
ACSSF,2019m1,nc,000,0157,0000042,2307,2323,1011,650,396,601,403,152,216,1755,688,997,903,1325,792,785,1171,483,215,416,872,667,992,2959,1836,2020,1185,679,229,211,216,2073,2036,1465,1148,924,250,268,1148,514,329,769,553,203,343,,,,,,,,,,,,,,,,,,,,,,,,,,,,,,,,,,,,,,,,,,,,,,,,,,,,,,,,,,,,,,,,,,,,,,,,,
ACSSF,2019m1,nc,000,0157,0000043,1793,2125,1189,829,618,611,174,444,216,1732,523,832,1086,1465,1014,700,927,358,609,468,718,635,1043,2002,1220,1101,619,482,571,216,216,1433,914,822,562,718,95,81,927,518,324,518,169,182,216,,,,,,,,,,,,,,,,,,,,,,,,,,,,,,,,,,,,,,,,,,,,,,,,,,,,,,,,,,,,,,,,,,,,,,,,,
ACSSF,2019m1,nc,000,0157,0000044,863,1266,720,274,479,405,149,214,64,1219,522,470,650,862,599,609,743,341,256,254,447,547,723,1173,768,622,400,200,194,159,134,878,552,445,400,463,187,157,599,318,320,197,189,314,185,,,,,,,,,,,,,,,,,,,,,,,,,,,,,,,,,,,,,,,,,,,,,,,,,,,,,,,,,,,,,,,,,,,,,,,,,
ACSSF,2019m1,nc,000,0157,0000045,1483,1655,668,597,449,105,193,216,216,1296,668,730,816,923,1091,723,932,257,286,237,469,609,1042,1505,717,684,271,135,266,287,216,1137,1153,519,658,655,164,570,992,378,524,282,514,102,273,,,,,,,,,,,,,,,,,,,,,,,,,,,,,,,,,,,,,,,,,,,,,,,,,,,,,,,,,,,,,,,,,,,,,,,,,
ACSSF,2019m1,nc,000,0157,0000046,1463,1524,1059,700,827,360,841,216,216,1333,781,711,785,1161,1042,738,1070,218,186,482,608,775,942,1815,1187,979,576,904,179,120,216,1139,899,630,791,636,96,342,1012,455,323,568,190,551,470,,,,,,,,,,,,,,,,,,,,,,,,,,,,,,,,,,,,,,,,,,,,,,,,,,,,,,,,,,,,,,,,,,,,,,,,,
ACSSF,2019m1,nc,000,0157,0000047,1392,1857,570,638,493,265,216,216,216,1485,605,479,667,1172,961,466,858,387,259,333,769,625,1057,1421,911,826,534,143,216,216,216,1110,845,368,677,137,216,111,550,335,343,120,243,98,216,,,,,,,,,,,,,,,,,,,,,,,,,,,,,,,,,,,,,,,,,,,,,,,,,,,,,,,,,,,,,,,,,,,,,,,,,
ACSSF,2019m1,nc,000,0157,0000048,1215,1217,627,538,265,154,112,101,94,1073,517,510,585,857,508,509,593,286,170,219,366,431,574,1173,738,620,404,208,188,216,216,939,587,551,395,199,169,233,524,307,137,348,163,128,90,,,,,,,,,,,,,,,,,,,,,,,,,,,,,,,,,,,,,,,,,,,,,,,,,,,,,,,,,,,,,,,,,,,,,,,,,
ACSSF,2019m1,nc,000,0157,0000049,1511,1953,939,717,479,331,116,138,216,1855,1418,1296,1244,2126,955,667,1122,472,644,625,700,517,795,1737,947,780,547,271,216,216,236,1470,891,717,641,604,188,396,712,336,381,499,182,264,216,,,,,,,,,,,,,,,,,,,,,,,,,,,,,,,,,,,,,,,,,,,,,,,,,,,,,,,,,,,,,,,,,,,,,,,,,
ACSSF,2019m1,nc,000,0157,0000050,3766,5076,2555,2249,1390,1280,755,489,216,4632,3070,2354,3051,4531,2327,989,2099,1118,1056,1447,1438,1441,1909,5256,3133,2898,1743,1376,572,511,216,4682,3884,2824,2114,1753,678,517,2133,1631,1084,962,1020,429,532,3766,5076,4088,3998,257,644,230,106,899,3952,3708,204,325,257,83,831,4940,4764,177,361,119,249,1114,2562,2509,161,144,216,216,572,2039,2016,190,216,216,216,434,5256,5941,3407,1827,3483,2856,2498,979,2636,1894,715,1302,956,779,479,2151,1144,1051,1134,609,358,486,1015,647,146,249,488,131,328,721,497,251,250,216,55,420
ACSSF,2019m1,nc,000,0157,0000051,1541,1784,1065,807,544,527,216,216,216,1433,700,614,683,1157,1043,537,1027,371,236,355,688,796,999,1895,1420,1424,763,365,216,216,216,1629,1258,840,662,494,243,216,850,290,476,283,380,417,204,,,,,,,,,,,,,,,,,,,,,,,,,,,,,,,,,,,,,,,,,,,,,,,,,,,,,,,,,,,,,,,,,,,,,,,,,
ACSSF,2019m1,nc,000,0157,0000052,1523,1708,768,479,292,588,133,269,216,1370,621,776,751,1029,531,473,791,373,448,527,512,371,692,1391,814,630,221,422,216,176,216,1146,1049,486,320,351,435,147,496,415,216,255,248,195,216,,,,,,,,,,,,,,,,,,,,,,,,,,,,,,,,,,,,,,,,,,,,,,,,,,,,,,,,,,,,,,,,,,,,,,,,,
ACSSF,2019m1,nc,000,0157,0000053,1354,1472,469,263,387,86,216,17,33,1380,457,763,742,933,855,382,964,201,344,387,581,450,628,1579,1064,1034,490,216,216,216,216,1420,1087,683,1010,557,157,59,686,377,291,448,620,191,228,,,,,,,,,,,,,,,,,,,,,,,,,,,,,,,,,,,,,,,,,,,,,,,,,,,,,,,,,,,,,,,,,,,,,,,,,
ACSSF,2019m1,nc,000,0157,0000054,2223,1764,652,367,420,227,216,216,248,1143,590,645,521,733,433,252,1195,339,479,449,454,374,806,2150,1516,1595,618,340,216,216,216,1639,1353,813,493,969,170,90,1106,681,300,593,515,101,89,,,,,,,,,,,,,,,,,,,,,,,,,,,,,,,,,,,,,,,,,,,,,,,,,,,,,,,,,,,,,,,,,,,,,,,,,
ACSSF,2019m1,nc,000,0157,0000055,1796,2291,786,543,341,354,221,54,216,1904,945,842,1100,1642,724,228,1233,366,500,431,590,525,507,2118,1591,1482,368,135,431,216,216,1550,1423,601,516,483,85,84,762,292,206,299,620,216,69,,,,,,,,,,,,,,,,,,,,,,,,,,,,,,,,,,,,,,,,,,,,,,,,,,,,,,,,,,,,,,,,,,,,,,,,,
ACSSF,2019m1,nc,000,0157,0000056,5660,4725,2481,1966,914,930,613,598,140,3699,2286,2131,2223,3358,1980,1087,2127,650,573,981,1375,1250,1593,5310,4123,3664,1720,1382,702,216,216,4106,3386,2068,1975,1352,605,406,1759,1150,826,999,934,185,275,5660,4725,3594,3496,277,491,562,458,130,2553,2429,149,175,157,364,570,3665,3665,411,530,254,250,375,2188,2103,283,154,77,541,267,1968,1948,90,216,65,216,216,5310,5354,3656,1844,3677,2224,2468,409,2647,1946,787,1409,901,904,210,1801,1390,620,728,452,465,439,583,550,114,280,80,216,216,430,438,86,103,216,88,216
ACSSF,2019m1,nc,000,0157,0000057,1703,1726,845,494,545,295,216,216,216,1575,955,566,915,1271,675,316,820,271,229,221,598,263,481,1580,915,843,244,165,216,216,216,1188,907,734,644,300,216,216,790,484,406,256,168,80,42,,,,,,,,,,,,,,,,,,,,,,,,,,,,,,,,,,,,,,,,,,,,,,,,,,,,,,,,,,,,,,,,,,,,,,,,,
ACSSF,2019m1,nc,000,0157,0000058,2575,3519,1384,1113,891,398,185,127,131,2797,1370,1655,1821,1652,864,621,1642,556,600,660,928,986,1098,4111,2658,2569,1210,1090,236,576,216,2867,1904,1649,1499,1245,414,152,1426,821,548,492,382,499,618,,,,,,,,,,,,,,,,,,,,,,,,,,,,,,,,,,,,,,,,,,,,,,,,,,,,,,,,,,,,,,,,,,,,,,,,,
ACSSF,2019m1,nc,000,0157,0000059,2440,2169,999,701,702,158,285,194,89,1642,801,541,668,996,648,504,1223,337,221,303,467,566,988,2220,1619,1621,625,405,157,148,78,1768,1499,790,830,437,107,155,866,526,290,402,359,305,184,,,,,,,,,,,,,,,,,,,,,,,,,,,,,,,,,,,,,,,,,,,,,,,,,,,,,,,,,,,,,,,,,,,,,,,,,
ACSSF,2019m1,nc,000,0157,0000060,1550,1278,472,262,420,189,226,216,216,1096,498,520,585,795,431,264,857,246,143,162,495,522,508,1420,1081,1086,392,331,216,216,216,1202,862,649,547,632,216,113,611,362,137,421,256,286,99,,,,,,,,,,,,,,,,,,,,,,,,,,,,,,,,,,,,,,,,,,,,,,,,,,,,,,,,,,,,,,,,,,,,,,,,,
ACSSF,2019m1,nc,000,0157,0000061,3763,3060,1231,1005,464,396,264,130,216,2411,1169,702,1363,1756,1112,567,1858,520,375,639,751,779,1313,3961,2634,2523,817,1227,677,65,147,2824,2543,1344,1393,931,551,814,1297,800,612,757,515,495,232,,,,,,,,,,,,,,,,,,,,,,,,,,,,,,,,,,,,,,,,,,,,,,,,,,,,,,,,,,,,,,,,,,,,,,,,,
ACSSF,2019m1,nc,000,0157,0000062,2164,1404,669,503,242,379,216,152,216,1096,457,643,743,780,354,528,950,398,174,210,708,470,408,2387,1891,1813,1063,150,115,211,216,1647,1536,896,1092,737,131,216,826,438,313,541,462,133,343,,,,,,,,,,,,,,,,,,,,,,,,,,,,,,,,,,,,,,,,,,,,,,,,,,,,,,,,,,,,,,,,,,,,,,,,,
ACSSF,2019m1,nc,000,0157,0000063,2252,2164,689,606,387,215,216,216,216,1532,530,514,996,996,689,254,1325,327,293,449,533,477,800,2248,1599,1363,530,349,125,56,216,1501,1004,820,689,752,123,119,757,482,219,343,271,98,138,,,,,,,,,,,,,,,,,,,,,,,,,,,,,,,,,,,,,,,,,,,,,,,,,,,,,,,,,,,,,,,,,,,,,,,,,
ACSSF,2019m1,nc,000,0157,0000064,,,,,,,,,,,,,,,,,,,,,,,,,,,,,,,,,,,,,,,,,,,,,,,,,,,,,,,,,,,,,,,,,,,,,,,,,,,,,,,,,,,,,,,,,,,,,,,,,,,,,,,,,,,,,,,,,,,,,,
ACSSF,2019m1,nc,000,0157,0000065,4255,4784,2098,1605,1011,1026,669,216,216,3749,1905,1345,1790,3309,1341,495,1996,573,522,800,1157,862,1289,4533,3027,3009,1387,1039,85,480,216,3645,2677,2186,1780,1372,668,265,1725,1301,664,853,834,229,338,,,,,,,,,,,,,,,,,,,,,,,,,,,,,,,,,,,,,,,,,,,,,,,,,,,,,,,,,,,,,,,,,,,,,,,,,
ACSSF,2019m1,nc,000,0157,0000066,2348,1959,792,693,227,424,216,216,216,1440,935,525,486,1115,767,522,1202,423,395,797,715,369,838,2365,1800,1784,636,312,147,216,216,1810,1428,682,941,683,216,216,1260,967,303,526,590,161,405,,,,,,,,,,,,,,,,,,,,,,,,,,,,,,,,,,,,,,,,,,,,,,,,,,,,,,,,,,,,,,,,,,,,,,,,,
ACSSF,2019m1,nc,000,0157,0000067,3056,3177,1233,1145,392,425,224,216,216,2325,1209,685,985,1614,906,507,1731,338,282,587,900,674,1284,2842,2093,1723,1272,969,262,216,216,2528,1873,1303,1296,952,116,216,896,617,519,505,414,239,328,,,,,,,,,,,,,,,,,,,,,,,,,,,,,,,,,,,,,,,,,,,,,,,,,,,,,,,,,,,,,,,,,,,,,,,,,
ACSSF,2019m1,nc,000,0157,0000068,2223,1764,652,367,420,227,216,216,248,1143,590,645,521,733,433,252,1195,339,479,449,454,374,806,2150,1516,1595,618,340,216,216,216,1639,1353,813,493,969,170,90,1106,681,300,593,515,101,89,,,,,,,,,,,,,,,,,,,,,,,,,,,,,,,,,,,,,,,,,,,,,,,,,,,,,,,,,,,,,,,,,,,,,,,,,
ACSSF,2019m1,nc,000,0157,0000069,5660,4725,2481,1966,914,930,613,598,140,3699,2286,2131,2223,3358,1980,1087,2127,650,573,981,1375,1250,1593,5310,4123,3664,1720,1382,702,216,216,4106,3386,2068,1975,1352,605,406,1759,1150,826,999,934,185,275,5660,4725,3594,3496,277,491,562,458,130,2553,2429,149,175,157,364,570,3665,3665,411,530,254,250,375,2188,2103,283,154,77,541,267,1968,1948,90,216,65,216,216,5310,5354,3656,1844,3677,2224,2468,409,2647,1946,787,1409,901,904,210,1801,1390,620,728,452,465,439,583,550,114,280,80,216,216,430,438,86,103,216,88,216
ACSSF,2019m1,nc,000,0157,0000070,1703,1726,845,494,545,295,216,216,216,1575,955,566,915,1271,675,316,820,271,229,221,598,263,481,1580,915,843,244,165,216,216,216,1188,907,734,644,300,216,216,790,484,406,256,168,80,42,,,,,,,,,,,,,,,,,,,,,,,,,,,,,,,,,,,,,,,,,,,,,,,,,,,,,,,,,,,,,,,,,,,,,,,,,
ACSSF,2019m1,nc,000,0157,0000071,1550,1278,472,262,420,189,226,216,216,1096,498,520,585,795,431,264,857,246,143,162,495,522,508,1420,1081,1086,392,331,216,216,216,1202,862,649,547,632,216,113,611,362,137,421,256,286,99,,,,,,,,,,,,,,,,,,,,,,,,,,,,,,,,,,,,,,,,,,,,,,,,,,,,,,,,,,,,,,,,,,,,,,,,,
ACSSF,2019m1,nc,000,0157,0000072,2564,3540,1392,1093,901,398,185,127,131,2797,1370,1655,1821,1652,864,621,1642,556,600,660,928,986,1098,4111,2658,2569,1210,1090,236,576,216,2867,1904,1649,1499,1245,414,152,1426,821,548,492,382,499,618,,,,,,,,,,,,,,,,,,,,,,,,,,,,,,,,,,,,,,,,,,,,,,,,,,,,,,,,,,,,,,,,,,,,,,,,,
ACSSF,2019m1,nc,000,0157,0000073,2440,2169,999,701,702,158,285,194,89,1642,801,541,668,996,648,504,1223,337,221,303,467,566,988,2220,1619,1621,625,405,157,148,78,1768,1499,790,830,437,107,155,866,526,290,402,359,305,184,,,,,,,,,,,,,,,,,,,,,,,,,,,,,,,,,,,,,,,,,,,,,,,,,,,,,,,,,,,,,,,,,,,,,,,,,
ACSSF,2019m1,nc,000,0157,0000074,3763,3060,1231,1005,464,396,264,130,216,2411,1169,702,1363,1756,1112,567,1858,520,375,639,751,779,1313,3961,2634,2523,817,1227,677,65,147,2824,2543,1344,1393,931,551,814,1297,800,612,757,515,495,232,,,,,,,,,,,,,,,,,,,,,,,,,,,,,,,,,,,,,,,,,,,,,,,,,,,,,,,,,,,,,,,,,,,,,,,,,
ACSSF,2019m1,nc,000,0157,0000075,2206,2159,670,586,387,215,216,216,216,1513,493,487,1000,887,659,254,1294,327,293,449,524,477,800,2205,1532,1300,530,349,125,56,216,1492,1004,820,684,752,123,119,757,482,219,343,271,98,138,,,,,,,,,,,,,,,,,,,,,,,,,,,,,,,,,,,,,,,,,,,,,,,,,,,,,,,,,,,,,,,,,,,,,,,,,
ACSSF,2019m1,nc,000,0157,0000076,2164,1404,669,503,242,379,216,152,216,1096,457,643,743,780,354,528,950,398,174,210,708,470,408,2387,1891,1813,1063,150,115,211,216,1647,1536,896,1092,737,131,216,826,438,313,541,462,133,343,,,,,,,,,,,,,,,,,,,,,,,,,,,,,,,,,,,,,,,,,,,,,,,,,,,,,,,,,,,,,,,,,,,,,,,,,
ACSSF,2019m1,nc,000,0157,0000077,,,,,,,,,,,,,,,,,,,,,,,,,,,,,,,,,,,,,,,,,,,,,,,,,,,,,,,,,,,,,,,,,,,,,,,,,,,,,,,,,,,,,,,,,,,,,,,,,,,,,,,,,,,,,,,,,,,,,,
ACSSF,2019m1,nc,000,0157,0000078,1823,2245,786,543,341,354,221,54,216,1861,971,854,1106,1639,724,228,1115,319,413,395,557,525,507,2117,1591,1482,368,135,431,216,216,1545,1417,601,516,483,85,84,770,292,206,288,620,216,69,,,,,,,,,,,,,,,,,,,,,,,,,,,,,,,,,,,,,,,,,,,,,,,,,,,,,,,,,,,,,,,,,,,,,,,,,
ACSSF,2019m1,nc,000,0157,0000079,4242,4808,2079,1602,1011,1026,669,216,216,3790,1905,1355,1791,3309,1341,495,1972,557,522,757,1157,862,1289,4523,3028,3012,1387,1039,85,480,216,3645,2677,2186,1780,1372,668,265,1725,1301,664,853,834,229,338,,,,,,,,,,,,,,,,,,,,,,,,,,,,,,,,,,,,,,,,,,,,,,,,,,,,,,,,,,,,,,,,,,,,,,,,,
ACSSF,2019m1,nc,000,0157,0000080,2348,1959,792,693,227,424,216,216,216,1440,935,525,486,1115,767,522,1202,423,395,797,715,369,838,2365,1800,1784,636,312,147,216,216,1810,1428,682,941,683,216,216,1260,967,303,526,590,161,405,,,,,,,,,,,,,,,,,,,,,,,,,,,,,,,,,,,,,,,,,,,,,,,,,,,,,,,,,,,,,,,,,,,,,,,,,
ACSSF,2019m1,nc,000,0157,0000081,3056,3177,1233,1145,392,425,224,216,216,2325,1209,685,985,1614,906,507,1731,338,282,587,900,674,1284,2842,2093,1723,1272,969,262,216,216,2528,1873,1303,1296,952,116,216,896,617,519,505,414,239,328,,,,,,,,,,,,,,,,,,,,,,,,,,,,,,,,,,,,,,,,,,,,,,,,,,,,,,,,,,,,,,,,,,,,,,,,,
ACSSF,2019m1,nc,000,0157,0000082,5451,5872,1904,1492,1055,639,568,487,297,4806,2068,1838,2533,3027,2010,1528,2649,809,974,981,1726,1852,2313,5693,4220,3787,2299,1560,627,617,196,3865,3305,2542,2093,1762,846,220,2025,1249,775,1174,1000,566,796,5451,5872,3356,3107,801,374,47,72,1362,2794,2698,345,116,71,216,1086,3624,3234,68,308,190,463,1647,2745,2264,423,95,216,216,1251,2647,2567,70,136,216,216,734,5693,5428,3072,2282,3696,1864,1454,2027,2874,2159,1299,1515,409,443,1136,2358,1302,1147,1089,585,405,929,1280,788,623,87,22,80,561,876,779,328,179,216,134,242
ACSSF,2019m1,nc,000,0157,0000083,5249,5430,2569,2220,991,1282,791,174,216,4305,2671,2420,2833,3922,2613,1146,2702,1270,1036,1477,1840,1493,1903,4278,2360,2182,1401,937,513,576,216,3589,3118,1994,1437,1508,587,229,1911,1351,1185,772,899,653,389,,,,,,,,,,,,,,,,,,,,,,,,,,,,,,,,,,,,,,,,,,,,,,,,,,,,,,,,,,,,,,,,,,,,,,,,,
ACSSF,2019m1,nc,000,0157,0000084,4687,4841,3157,2577,1313,1058,583,188,216,3551,1913,2022,2217,3098,1903,1179,2834,1029,1105,1256,1998,1699,2309,4952,3645,3744,1807,1240,562,216,216,3386,2588,1940,1803,1464,805,372,1941,1113,810,989,674,947,689,4687,4841,4093,4367,646,472,81,40,1526,2712,2446,70,159,103,21,1075,3733,3565,375,389,216,216,1730,2658,2100,216,162,216,121,1369,2757,2764,22,191,216,216,925,4952,4532,3616,1346,2781,859,716,2389,2373,1476,833,1108,542,246,1380,1793,1083,631,674,252,40,1004,1250,947,494,96,44,216,546,815,677,148,216,216,216,347
ACSSF,2019m1,nc,000,0157,0000085,5764,5529,2392,1908,1197,1035,725,415,216,4629,2613,1771,2585,3970,1904,704,2613,818,948,1061,1575,1228,1486,5731,3729,3722,1715,1181,499,511,216,4529,3591,2588,2100,1816,684,475,2102,1312,723,974,1108,257,611,5764,5529,3996,3662,491,711,351,155,707,2837,2913,204,325,322,144,795,4430,4189,177,434,119,249,934,2271,2168,239,161,216,216,621,1587,1610,143,216,216,216,333,5731,5358,3238,1785,3693,2700,2447,941,2669,1885,746,1263,942,897,293,2354,1444,1012,1147,690,127,605,851,636,171,249,480,131,216,757,517,316,231,216,55,420
ACSSF,2019m1,nc,000,0157,0000086,4533,4886,2203,1766,894,1211,501,495,137,3977,2198,1989,2274,3263,2275,1654,2499,1035,918,1255,1725,1574,2282,5142,2993,2645,1558,1080,514,214,216,3685,2677,1956,1586,1233,720,380,1728,1057,648,1054,878,385,677,4533,4886,3372,3313,319,510,98,16,1125,2813,2635,359,84,216,16,882,3839,3376,218,90,56,13,1122,3067,2672,160,212,216,11,1371,2996,2780,15,13,216,216,1148,5142,4103,2779,1570,2328,1379,1150,1310,1870,1345,581,1163,678,414,651,1515,1266,472,458,428,284,824,886,522,130,111,112,216,652,822,814,136,131,216,216,216
ACSSF,2019m1,nc,000,0157,0000087,4785,4849,2165,1635,1149,923,746,530,216,4550,2069,1836,2425,3169,2162,1601,2837,818,1154,1197,1943,1509,2469,5054,2846,2351,1345,945,689,288,216,4375,2969,1991,1475,1931,783,926,1856,1198,982,930,1117,610,556,4785,4849,3184,3038,334,421,216,216,1321,3152,2801,168,482,182,216,838,3486,3602,99,277,216,216,1587,2408,2072,146,216,216,216,1576,2959,2770,99,216,216,216,1000,5054,4986,2899,1833,3035,1127,844,2253,1892,1484,1074,579,382,564,870,2176,1298,939,1284,549,286,1129,944,600,410,387,216,216,540,1089,864,216,227,201,216,589
ACSSF,2019m1,nc,000,0157,0000088,4738,5129,2233,1661,1365,1247,439,202,216,3962,2354,1916,2453,2900,2489,1483,2965,1441,1069,1518,1893,1585,2132,4671,3761,3244,1435,890,509,247,216,3281,2587,1593,1852,1271,618,354,2031,1310,972,791,929,667,595,4738,5129,4446,3546,209,736,187,126,1779,3100,2782,219,232,97,54,1323,3556,3521,184,152,211,47,1768,2891,2476,203,105,216,216,1656,2637,2550,216,216,216,216,999,4671,4164,2775,1855,1914,1666,1272,1929,2230,1610,837,643,753,400,1126,1851,1207,718,428,133,89,955,956,543,280,249,179,255,750,742,636,48,216,216,216,325
ACSSF,2019m1,nc,000,0157,0000089,4602,4402,2266,1753,1336,859,1165,393,130,3854,1602,1520,1839,3015,2166,1650,2380,875,689,1004,1762,1360,1939,4721,3123,2793,1896,1255,604,322,31,3463,2707,1677,1748,993,453,470,1668,933,623,1067,897,527,409,4602,4402,2623,2565,165,410,75,216,953,2124,2052,216,244,73,216,1050,3539,3348,469,220,216,216,1267,2408,2113,216,216,83,216,1074,2508,2412,216,98,69,216,1013,4721,4338,3106,1576,2210,1133,478,1487,2458,1593,1217,568,471,406,791,1346,1061,727,232,344,150,639,727,662,154,205,216,216,314,615,585,216,216,216,216,190
ACSSF,2019m1,nc,000,0157,0000090,3881,3538,1924,1430,1056,616,233,272,64,3710,1997,1871,2308,2683,2047,1450,2264,836,927,988,1607,1561,1947,3666,2208,1946,960,691,383,161,290,3054,2618,1317,1293,1048,684,533,1770,976,933,978,761,377,450,3881,3538,3344,3090,161,418,189,247,939,2673,2718,112,77,157,172,898,3137,3039,169,548,101,200,1132,2445,1995,266,76,77,216,1179,2648,2351,64,216,65,216,824,3666,3311,2326,934,1521,947,1288,1582,1716,1161,602,812,720,418,833,1300,888,441,444,395,433,434,782,443,232,161,83,216,563,687,597,25,167,216,216,350
ACSSF,2019m1,nc,000,0157,0000091,4231,4445,1901,1314,1291,831,593,489,276,3394,1972,1693,2242,2481,1936,1502,2495,1185,772,1141,1740,1758,2173,4150,3093,2715,1498,1099,473,363,278,3292,2508,1659,2267,1466,388,479,1917,1264,738,899,860,584,365,4231,4445,3369,2955,434,425,71,204,1259,2727,2151,201,130,216,68,1176,2852,2954,174,500,72,216,1157,2748,2510,75,182,216,216,1149,2501,2305,68,216,216,216,935,4150,4042,2533,2006,2497,965,778,1456,2497,1560,937,773,351,449,1388,1885,1270,750,655,334,515,658,761,391,200,307,133,216,529,686,675,216,105,216,58,70
ACSSF,2019m1,nc,000,0157,0000092,5133,4964,2332,1973,1136,890,716,458,125,4194,2325,1979,2804,2643,2310,2033,2833,1400,1057,1208,1999,1910,2881,5184,2973,2871,1181,1040,332,279,202,3821,2685,1840,1932,1798,457,418,1932,1121,840,778,809,495,589,5133,4964,4092,4024,287,223,254,111,1447,3239,2659,363,617,78,92,1373,3092,2839,272,247,216,106,1816,3093,2914,524,83,216,216,1334,3623,3304,184,216,38,216,1185,5184,4360,2652,2129,1912,715,983,2604,2281,1610,830,647,294,315,1117,2048,1428,478,592,103,103,1049,642,455,420,216,32,60,427,731,664,93,216,216,216,321
ACSSF,2019m1,nc,000,0157,0000093,4885,4522,2412,1870,1081,970,610,598,140,4260,2332,2549,2203,3113,1820,987,2234,914,516,968,1207,1107,1572,4734,3888,3509,1736,1416,702,216,216,4242,3498,2232,2126,1535,489,379,1691,1026,750,905,986,191,303,4885,4522,3630,3414,255,646,590,421,224,2412,2302,125,199,423,345,656,3288,3247,382,473,272,219,382,2119,2081,121,196,216,545,540,1900,1875,90,216,216,216,103,4734,5069,3785,1755,3637,2564,2481,846,2757,2042,799,1470,866,859,335,1949,1342,591,745,512,216,786,485,439,216,280,216,216,216,442,417,86,103,216,144,216
ACSSF,2019m1,nc,000,0157,0000094,4848,4540,1945,1499,1290,785,562,168,216,3877,2087,1498,2237,3251,2525,1130,2617,1054,743,1250,1612,1404,2203,4921,3077,2889,1272,1511,856,407,147,3963,2781,1842,2016,1534,394,775,1758,1158,751,991,797,503,654,4848,4540,3070,2966,368,288,124,201,1018,2558,2463,59,312,122,79,862,3964,3588,225,558,179,52,1054,2877,2756,157,399,69,216,984,2514,2441,102,112,216,216,618,4921,4323,3021,1506,3117,1718,975,1555,2863,1657,1206,886,426,683,1427,1910,1404,426,828,108,302,907,753,696,216,187,216,216,286,971,718,118,216,216,71,586
ACSSF,2019m1,nc,000,0157,0000095,2851,1838,595,487,151,637,195,28,216,1463,921,661,1050,967,922,622,1232,572,373,387,842,662,1031,2416,1740,1579,483,427,201,216,216,1290,1027,540,566,498,161,174,720,239,198,485,349,193,472,,,,,,,,,,,,,,,,,,,,,,,,,,,,,,,,,,,,,,,,,,,,,,,,,,,,,,,,,,,,,,,,,,,,,,,,,
ACSSF,2019m1,nc,000,0157,0000096,2114,2452,1125,752,429,621,181,330,94,1985,876,991,978,1474,912,706,1148,490,486,590,680,612,1079,1791,1057,839,486,473,248,176,216,1517,1262,774,494,442,469,271,791,549,137,409,371,258,90,,,,,,,,,,,,,,,,,,,,,,,,,,,,,,,,,,,,,,,,,,,,,,,,,,,,,,,,,,,,,,,,,,,,,,,,,
ACSSF,2019m1,nc,000,0157,0000097,1757,1917,898,751,539,153,248,216,216,1531,847,1098,1125,1242,1515,1107,946,282,286,401,661,870,1040,1872,1003,887,409,219,378,287,216,1436,1302,783,672,658,164,570,1180,394,582,284,599,102,447,,,,,,,,,,,,,,,,,,,,,,,,,,,,,,,,,,,,,,,,,,,,,,,,,,,,,,,,,,,,,,,,,,,,,,,,,
ACSSF,2019m1,nc,000,0157,0000098,1866,2102,910,680,348,422,469,144,270,1644,754,612,630,1321,911,697,1175,275,503,341,901,682,1069,1657,1072,712,732,713,216,15,216,1469,1303,377,764,430,93,269,674,203,102,287,556,246,315,,,,,,,,,,,,,,,,,,,,,,,,,,,,,,,,,,,,,,,,,,,,,,,,,,,,,,,,,,,,,,,,,,,,,,,,,
ACSSF,2019m1,nc,000,0157,0000099,1951,2454,902,523,393,409,491,216,216,2008,1034,843,979,1076,858,659,1277,277,491,536,818,708,1125,2095,1648,1221,549,778,216,391,216,1894,1079,1151,711,1042,427,49,624,239,141,214,469,109,265,,,,,,,,,,,,,,,,,,,,,,,,,,,,,,,,,,,,,,,,,,,,,,,,,,,,,,,,,,,,,,,,,,,,,,,,,
ACSSF,2019m1,nc,000,0157,0000100,1604,1663,506,374,305,93,49,37,216,1500,615,331,959,947,961,522,877,175,231,198,651,537,770,1326,1076,898,314,641,234,216,196,1097,644,679,535,461,471,140,639,381,250,328,239,163,144,,,,,,,,,,,,,,,,,,,,,,,,,,,,,,,,,,,,,,,,,,,,,,,,,,,,,,,,,,,,,,,,,,,,,,,,,
ACSSF,2019m1,nc,000,0157,0000101,1559,1869,1010,1031,264,460,216,216,216,1551,612,544,878,1607,806,547,1032,424,391,508,827,661,814,2079,1062,973,711,85,216,216,216,1442,742,751,747,597,351,187,929,450,278,417,63,867,481,,,,,,,,,,,,,,,,,,,,,,,,,,,,,,,,,,,,,,,,,,,,,,,,,,,,,,,,,,,,,,,,,,,,,,,,,
ACSSF,2019m1,nc,000,0157,0000102,2485,2430,741,404,420,318,325,216,41,1761,860,586,1018,1299,814,705,1739,476,374,435,1049,770,1182,2089,920,604,182,512,174,216,216,1522,962,455,928,657,396,96,871,349,143,569,302,264,224,,,,,,,,,,,,,,,,,,,,,,,,,,,,,,,,,,,,,,,,,,,,,,,,,,,,,,,,,,,,,,,,,,,,,,,,,
ACSSF,2019m1,nc,000,0157,0000103,2190,2032,1044,788,286,686,363,216,216,1638,1129,655,697,1210,942,553,1098,778,191,637,934,732,946,2305,1653,1235,1188,202,615,409,216,1823,1353,616,1057,727,431,84,916,226,501,588,445,265,166,,,,,,,,,,,,,,,,,,,,,,,,,,,,,,,,,,,,,,,,,,,,,,,,,,,,,,,,,,,,,,,,,,,,,,,,,
ACSSF,2019m1,nc,000,0157,0000104,1565,1527,511,298,424,171,216,17,33,1448,528,765,801,992,907,381,1166,246,347,409,614,493,768,1696,1065,1049,499,189,216,216,216,1569,1214,848,1020,568,251,59,741,379,291,462,620,191,364,,,,,,,,,,,,,,,,,,,,,,,,,,,,,,,,,,,,,,,,,,,,,,,,,,,,,,,,,,,,,,,,,,,,,,,,,
ACSSF,2019m1,nc,000,0157,0000105,1982,2770,1255,1153,313,761,452,54,216,2374,1247,1219,1857,2195,1523,789,1164,765,343,682,1077,936,1031,2415,1384,1086,897,625,178,216,216,1724,1320,741,832,1000,477,77,1239,854,414,333,661,383,265,,,,,,,,,,,,,,,,,,,,,,,,,,,,,,,,,,,,,,,,,,,,,,,,,,,,,,,,,,,,,,,,,,,,,,,,,
ACSSF,2019m1,nc,000,0157,0000106,3275,2130,1128,960,625,320,139,216,216,1435,784,414,659,925,734,273,1210,447,184,204,441,371,875,2978,2358,2119,898,455,85,216,216,2118,1508,1058,928,785,557,127,1164,397,439,410,672,132,331,,,,,,,,,,,,,,,,,,,,,,,,,,,,,,,,,,,,,,,,,,,,,,,,,,,,,,,,,,,,,,,,,,,,,,,,,
ACSSF,2019m1,nc,000,0157,0000107,3017,2461,1010,539,555,561,205,216,216,1937,871,531,899,1458,934,311,1333,245,211,361,731,595,926,2332,1820,1531,702,609,216,511,216,2054,1588,1168,698,741,346,216,1006,613,576,662,290,184,86,,,,,,,,,,,,,,,,,,,,,,,,,,,,,,,,,,,,,,,,,,,,,,,,,,,,,,,,,,,,,,,,,,,,,,,,,
ACSSF,2019m1,nc,000,0157,0000108,3206,3128,1102,741,443,536,578,216,78,2905,1539,955,1293,1991,781,345,1331,632,264,654,714,441,484,2598,1331,1053,458,193,337,216,216,1956,1542,1156,854,573,126,199,1275,1116,328,238,100,216,372,,,,,,,,,,,,,,,,,,,,,,,,,,,,,,,,,,,,,,,,,,,,,,,,,,,,,,,,,,,,,,,,,,,,,,,,,
ACSSF,2019m1,nc,000,0157,0000109,3301,2975,1419,1226,684,394,131,216,205,2668,985,1242,1469,2247,1126,443,1387,531,725,484,553,598,1029,2015,1589,1389,179,740,245,216,216,1631,1545,769,900,697,216,216,728,543,472,237,186,147,71,,,,,,,,,,,,,,,,,,,,,,,,,,,,,,,,,,,,,,,,,,,,,,,,,,,,,,,,,,,,,,,,,,,,,,,,,
ACSSF,2019m1,nc,000,0157,0000110,3087,2659,1044,819,439,466,206,216,216,2222,1236,918,1239,1242,953,631,1478,398,315,506,773,503,957,2123,1311,1184,183,675,216,216,216,1619,1183,844,857,107,53,91,600,434,371,108,130,117,216,,,,,,,,,,,,,,,,,,,,,,,,,,,,,,,,,,,,,,,,,,,,,,,,,,,,,,,,,,,,,,,,,,,,,,,,,
ACSSF,2019m1,nc,000,0157,0000111,2619,2419,878,518,568,461,154,216,216,2355,1018,669,1056,1623,775,370,1037,234,304,504,662,483,420,2238,1216,1154,490,101,216,216,216,2006,1710,662,804,454,216,216,739,542,156,127,504,216,80,,,,,,,,,,,,,,,,,,,,,,,,,,,,,,,,,,,,,,,,,,,,,,,,,,,,,,,,,,,,,,,,,,,,,,,,,
ACSSF,2019m1,nc,000,0157,0000112,2289,2172,694,428,265,316,221,54,216,1750,563,748,1003,1452,757,249,1158,250,289,360,625,542,610,2009,1725,1578,590,170,431,216,216,1664,1333,612,379,792,85,84,886,471,253,359,609,216,69,,,,,,,,,,,,,,,,,,,,,,,,,,,,,,,,,,,,,,,,,,,,,,,,,,,,,,,,,,,,,,,,,,,,,,,,,
ACSSF,2019m1,nc,000,0157,0000113,2156,1934,1081,798,601,391,216,485,216,1671,1188,1029,1258,1456,669,220,1098,455,320,502,468,448,630,1578,867,646,610,216,216,216,216,1357,1106,767,369,246,216,420,651,365,415,226,216,324,216,,,,,,,,,,,,,,,,,,,,,,,,,,,,,,,,,,,,,,,,,,,,,,,,,,,,,,,,,,,,,,,,,,,,,,,,,
ACSSF,2019m1,nc,000,0157,0000114,3342,2617,1210,1038,687,343,130,70,131,2314,1138,1231,1524,1368,577,411,1469,510,517,714,572,656,966,3500,2331,2163,523,502,128,216,216,2317,1781,578,1427,1108,79,152,1054,688,370,356,351,145,362,,,,,,,,,,,,,,,,,,,,,,,,,,,,,,,,,,,,,,,,,,,,,,,,,,,,,,,,,,,,,,,,,,,,,,,,,
ACSSF,2019m1,nc,000,0157,0000115,3392,2577,911,561,559,253,130,476,216,2233,888,1191,1081,1332,670,687,1403,410,409,548,851,766,1001,3035,1771,1643,1001,972,240,576,216,2067,975,1511,778,804,418,216,862,314,398,311,214,479,573,,,,,,,,,,,,,,,,,,,,,,,,,,,,,,,,,,,,,,,,,,,,,,,,,,,,,,,,,,,,,,,,,,,,,,,,,
ACSSF,2019m1,nc,000,0157,0000116,1599,1551,734,672,397,246,84,216,216,1479,1024,500,1001,1229,787,450,1032,280,384,485,915,598,738,1918,1652,1641,410,309,242,216,216,1382,1318,991,683,444,174,216,686,598,33,346,514,118,257,,,,,,,,,,,,,,,,,,,,,,,,,,,,,,,,,,,,,,,,,,,,,,,,,,,,,,,,,,,,,,,,,,,,,,,,,
ACSSF,2019m1,nc,000,0157,0000117,1317,2018,810,663,218,390,454,109,216,1678,1034,751,1136,1161,1271,589,1169,432,477,574,736,747,930,1992,1389,1512,880,432,73,216,216,1717,873,742,810,588,263,576,859,535,167,346,549,338,164,,,,,,,,,,,,,,,,,,,,,,,,,,,,,,,,,,,,,,,,,,,,,,,,,,,,,,,,,,,,,,,,,,,,,,,,,
ACSSF,2019m1,nc,000,0157,0000118,1777,1910,996,694,659,443,161,220,216,1782,805,1043,1365,1485,855,685,1110,338,504,514,790,682,1029,2027,1319,1230,521,392,104,216,216,1613,1255,770,535,975,363,400,774,460,298,461,302,101,89,,,,,,,,,,,,,,,,,,,,,,,,,,,,,,,,,,,,,,,,,,,,,,,,,,,,,,,,,,,,,,,,,,,,,,,,,
ACSSF,2019m1,nc,000,0157,0000119,3317,2338,906,803,305,152,145,216,216,1913,1056,548,868,1158,852,400,1532,361,335,446,646,583,890,2945,1739,1593,516,821,182,65,147,1893,1393,879,963,733,228,431,1095,652,536,579,203,239,126,,,,,,,,,,,,,,,,,,,,,,,,,,,,,,,,,,,,,,,,,,,,,,,,,,,,,,,,,,,,,,,,,,,,,,,,,
ACSSF,2019m1,nc,000,0157,0000120,2887,1916,690,390,268,347,170,130,216,1792,551,414,753,1079,803,419,1039,356,101,358,421,377,853,2606,1951,1701,549,985,654,216,216,2250,1766,1017,1243,473,276,643,733,433,233,323,482,185,194,,,,,,,,,,,,,,,,,,,,,,,,,,,,,,,,,,,,,,,,,,,,,,,,,,,,,,,,,,,,,,,,,,,,,,,,,
ACSSF,2019m1,nc,000,0157,0000121,2830,2565,760,588,334,216,297,216,216,2272,1075,841,1135,1693,800,366,1527,415,536,454,882,645,870,2208,1197,1120,147,19,163,216,216,1835,1308,969,491,1018,505,215,665,57,515,402,105,386,49,,,,,,,,,,,,,,,,,,,,,,,,,,,,,,,,,,,,,,,,,,,,,,,,,,,,,,,,,,,,,,,,,,,,,,,,,
ACSSF,2019m1,nc,000,0157,0000122,2896,2409,831,636,579,266,216,216,216,2008,585,619,1042,1624,863,483,1416,381,309,490,580,667,883,2906,1721,1426,594,402,125,56,216,2092,1589,839,735,759,123,119,859,509,292,372,345,219,186,,,,,,,,,,,,,,,,,,,,,,,,,,,,,,,,,,,,,,,,,,,,,,,,,,,,,,,,,,,,,,,,,,,,,,,,,
ACSSF,2019m1,nc,000,0157,0000123,2790,1988,615,589,207,160,216,216,216,1406,668,701,569,748,666,441,1213,155,117,476,751,449,1100,2568,1775,1637,612,565,216,216,216,1794,1445,842,883,758,82,63,778,454,329,477,350,234,290,,,,,,,,,,,,,,,,,,,,,,,,,,,,,,,,,,,,,,,,,,,,,,,,,,,,,,,,,,,,,,,,,,,,,,,,,
ACSSF,2019m1,nc,000,0157,0000124,2530,2461,1064,1024,322,408,224,216,216,2041,930,400,757,1528,694,439,1216,404,253,283,461,479,840,2118,1865,1404,1224,879,262,216,216,1756,1340,928,1105,556,216,196,571,347,354,317,174,53,142,,,,,,,,,,,,,,,,,,,,,,,,,,,,,,,,,,,,,,,,,,,,,,,,,,,,,,,,,,,,,,,,,,,,,,,,,
ACSSF,2019m1,nc,000,0157,0000125,2085,2158,901,583,514,498,123,127,99,1622,1055,775,863,1136,931,612,1381,357,681,643,683,587,1075,1779,939,721,210,545,216,110,216,1289,993,373,504,426,487,104,790,436,219,508,497,120,75,,,,,,,,,,,,,,,,,,,,,,,,,,,,,,,,,,,,,,,,,,,,,,,,,,,,,,,,,,,,,,,,,,,,,,,,,
ACSSF,2019m1,nc,000,0157,0000126,1664,1700,685,531,302,356,364,216,216,1406,983,579,652,1437,915,579,1119,379,292,346,710,817,1068,1331,799,452,329,469,384,216,216,864,611,543,238,533,83,216,602,311,281,299,185,216,142,,,,,,,,,,,,,,,,,,,,,,,,,,,,,,,,,,,,,,,,,,,,,,,,,,,,,,,,,,,,,,,,,,,,,,,,,
ACSSF,2019m1,nc,000,0157,0000127,1734,1830,1008,849,405,276,247,194,216,1575,842,709,706,1515,1312,981,1167,373,185,398,665,776,1097,1694,961,942,441,151,216,216,216,1351,1009,377,836,601,311,194,736,288,81,341,351,70,504,,,,,,,,,,,,,,,,,,,,,,,,,,,,,,,,,,,,,,,,,,,,,,,,,,,,,,,,,,,,,,,,,,,,,,,,,
ACSSF,2019m1,nc,000,0157,0000128,2056,2015,921,770,393,284,271,216,125,1627,1236,723,997,1155,1210,883,994,441,271,295,867,781,1116,2045,1164,922,701,346,196,216,106,1463,1242,568,484,542,305,114,780,618,370,81,239,226,283,,,,,,,,,,,,,,,,,,,,,,,,,,,,,,,,,,,,,,,,,,,,,,,,,,,,,,,,,,,,,,,,,,,,,,,,,
ACSSF,2019m1,nc,000,0157,0000129,2940,2226,719,398,503,245,216,216,248,1720,914,882,661,1029,618,358,1404,432,527,465,554,645,1062,2446,1668,1655,675,622,216,121,216,1767,1382,827,844,1080,170,90,1230,801,356,586,531,101,89,,,,,,,,,,,,,,,,,,,,,,,,,,,,,,,,,,,,,,,,,,,,,,,,,,,,,,,,,,,,,,,,,,,,,,,,,
ACSSF,2019m1,nc,000,0157,0000130,2526,2252,782,515,403,281,275,176,216,1873,962,984,1217,1308,1116,748,1464,424,494,506,753,634,1157,2063,1171,1148,520,502,127,216,216,1610,829,1015,763,417,216,151,816,366,184,444,503,216,226,,,,,,,,,,,,,,,,,,,,,,,,,,,,,,,,,,,,,,,,,,,,,,,,,,,,,,,,,,,,,,,,,,,,,,,,,
ACSSF,2019m1,nc,000,0157,0000131,2210,2183,1007,733,358,509,389,345,216,1951,777,355,736,1222,1029,693,1238,432,517,449,832,713,948,1825,1212,1053,384,449,231,151,170,1236,784,579,378,780,216,97,753,532,358,386,111,196,143,,,,,,,,,,,,,,,,,,,,,,,,,,,,,,,,,,,,,,,,,,,,,,,,,,,,,,,,,,,,,,,,,,,,,,,,,
ACSSF,2019m1,nc,000,0157,0000132,2515,2046,786,554,317,279,511,142,216,1414,816,765,911,1234,630,654,1225,781,504,569,793,856,951,2234,1614,1485,541,54,216,87,216,1426,1059,674,436,645,98,236,536,298,182,449,48,65,195,,,,,,,,,,,,,,,,,,,,,,,,,,,,,,,,,,,,,,,,,,,,,,,,,,,,,,,,,,,,,,,,,,,,,,,,,
ACSSF,2019m1,nc,000,0157,0000133,1952,2664,1446,1050,674,410,211,59,216,1903,1047,1033,1398,1229,668,749,1382,888,631,669,1102,921,970,2161,1719,1538,270,687,216,223,216,1776,1484,876,872,568,45,236,1154,521,604,453,393,379,55,,,,,,,,,,,,,,,,,,,,,,,,,,,,,,,,,,,,,,,,,,,,,,,,,,,,,,,,,,,,,,,,,,,,,,,,,
ACSSF,2019m1,nc,000,0157,0000134,1973,2397,728,741,502,272,74,61,216,1976,741,664,899,1380,1093,660,1280,535,330,608,828,824,1352,1728,1122,922,622,169,216,216,216,1298,983,503,1043,425,90,111,828,535,375,274,265,98,193,,,,,,,,,,,,,,,,,,,,,,,,,,,,,,,,,,,,,,,,,,,,,,,,,,,,,,,,,,,,,,,,,,,,,,,,,
ACSSF,2019m1,nc,000,0157,0000135,2001,2451,859,394,494,673,325,216,216,2024,855,637,1061,1329,964,883,1089,522,275,379,708,551,1001,2126,1146,909,573,283,324,216,216,2000,1219,795,1096,967,272,72,625,432,180,247,126,122,281,,,,,,,,,,,,,,,,,,,,,,,,,,,,,,,,,,,,,,,,,,,,,,,,,,,,,,,,,,,,,,,,,,,,,,,,,
ACSSF,2019m1,nc,000,0157,0000136,1778,2074,1114,750,507,200,406,623,216,1446,1172,668,853,1612,1060,660,1214,569,306,419,867,697,1033,1827,1392,1084,647,721,273,291,216,1481,822,662,935,721,142,123,717,470,304,304,336,265,124,,,,,,,,,,,,,,,,,,,,,,,,,,,,,,,,,,,,,,,,,,,,,,,,,,,,,,,,,,,,,,,,,,,,,,,,,
ACSSF,2019m1,nc,000,0157,0000137,1808,1879,982,684,566,336,286,216,216,1524,1143,923,768,1210,792,632,1060,298,174,618,653,424,1041,1927,1329,1163,353,237,134,324,216,1394,1056,708,543,514,123,126,742,584,274,332,389,216,304,,,,,,,,,,,,,,,,,,,,,,,,,,,,,,,,,,,,,,,,,,,,,,,,,,,,,,,,,,,,,,,,,,,,,,,,,
ACSSF,2019m1,nc,000,0157,0000138,1657,2081,754,434,532,296,215,216,112,1556,676,507,566,798,855,648,1179,293,374,438,576,581,799,1520,1014,883,446,333,84,180,216,1214,883,596,633,469,64,427,729,434,472,312,155,260,105,,,,,,,,,,,,,,,,,,,,,,,,,,,,,,,,,,,,,,,,,,,,,,,,,,,,,,,,,,,,,,,,,,,,,,,,,
ACSSF,2019m1,nc,000,0157,0000139,1750,1819,853,657,390,296,349,58,216,1415,792,572,744,941,562,365,1024,246,169,334,587,582,681,1717,1081,1037,432,339,174,216,278,1447,966,672,789,810,52,113,777,399,169,453,488,362,99,,,,,,,,,,,,,,,,,,,,,,,,,,,,,,,,,,,,,,,,,,,,,,,,,,,,,,,,,,,,,,,,,,,,,,,,,
ACSSF,2019m1,nc,000,0157,0000140,3044,1653,813,452,390,306,337,216,216,1388,543,510,717,789,858,239,662,187,152,299,297,301,486,2877,2202,1786,870,585,510,216,216,2123,1884,705,789,423,365,105,796,456,247,525,312,122,181,,,,,,,,,,,,,,,,,,,,,,,,,,,,,,,,,,,,,,,,,,,,,,,,,,,,,,,,,,,,,,,,,,,,,,,,,
ACSSF,2019m1,nc,000,0157,0000141,2682,2145,784,449,215,365,194,487,216,2088,581,501,905,1478,659,524,1052,249,163,325,446,734,916,2362,1520,1083,866,709,216,216,216,1778,1419,1139,1132,534,127,320,699,384,298,342,293,134,116,,,,,,,,,,,,,,,,,,,,,,,,,,,,,,,,,,,,,,,,,,,,,,,,,,,,,,,,,,,,,,,,,,,,,,,,,
ACSSF,2019m1,nc,000,0157,0000142,2937,1772,714,576,296,367,318,216,216,1661,643,938,773,1098,898,487,986,150,85,387,382,442,541,2831,1892,1608,491,577,477,216,216,2322,1613,1187,790,749,216,216,822,500,401,338,344,52,216,,,,,,,,,,,,,,,,,,,,,,,,,,,,,,,,,,,,,,,,,,,,,,,,,,,,,,,,,,,,,,,,,,,,,,,,,
ACSSF,2019m1,nc,000,0157,0000143,3158,2309,998,866,382,419,216,216,216,1895,999,822,1278,1408,648,460,1310,331,417,578,748,841,642,2630,1754,1690,679,116,216,216,216,1825,1631,723,654,526,189,216,987,703,195,537,559,55,143,,,,,,,,,,,,,,,,,,,,,,,,,,,,,,,,,,,,,,,,,,,,,,,,,,,,,,,,,,,,,,,,,,,,,,,,,
ACSSF,2019m1,nc,000,0157,0000144,2677,2123,867,656,330,277,89,91,140,1617,742,798,683,1063,515,576,1093,162,197,162,419,363,958,2470,1822,1642,652,358,216,216,216,1886,1360,1054,893,401,205,218,833,310,532,410,533,216,144,,,,,,,,,,,,,,,,,,,,,,,,,,,,,,,,,,,,,,,,,,,,,,,,,,,,,,,,,,,,,,,,,,,,,,,,,
ACSSF,2019m1,nc,000,0157,0000145,2897,2556,952,680,272,512,265,216,216,2220,1216,1173,1103,1695,839,121,1476,512,320,542,654,768,746,2391,1389,1370,273,307,216,216,216,1784,1494,726,546,765,216,216,998,468,349,610,471,216,216,,,,,,,,,,,,,,,,,,,,,,,,,,,,,,,,,,,,,,,,,,,,,,,,,,,,,,,,,,,,,,,,,,,,,,,,,
ACSSF,2019m1,nc,000,0157,0000146,2634,2649,1306,809,865,314,137,341,216,2084,955,957,1207,1311,915,357,1368,473,157,328,814,616,728,2248,1742,1710,490,140,216,216,216,1484,1265,709,900,358,216,216,492,444,207,70,142,216,61,,,,,,,,,,,,,,,,,,,,,,,,,,,,,,,,,,,,,,,,,,,,,,,,,,,,,,,,,,,,,,,,,,,,,,,,,
ACSSF,2019m1,nc,000,0157,0000147,2783,2510,1053,919,387,380,216,216,216,2073,1022,1000,1093,1547,545,198,1093,457,329,260,768,348,364,2203,1289,1097,390,412,262,216,216,1972,1368,465,921,677,293,216,726,366,604,293,139,216,119,,,,,,,,,,,,,,,,,,,,,,,,,,,,,,,,,,,,,,,,,,,,,,,,,,,,,,,,,,,,,,,,,,,,,,,,,
ACSSF,2019m1,nc,000,0157,0000148,2012,2194,1065,924,625,411,76,216,216,1942,825,886,1128,1842,1044,721,938,209,384,325,631,406,734,1935,1198,882,504,218,518,216,216,1389,993,1082,759,345,100,123,891,508,406,343,257,142,267,,,,,,,,,,,,,,,,,,,,,,,,,,,,,,,,,,,,,,,,,,,,,,,,,,,,,,,,,,,,,,,,,,,,,,,,,
ACSSF,2019m1,nc,000,0157,0000149,2005,2075,709,461,435,425,239,268,94,1634,862,667,851,1009,804,511,1119,274,498,323,698,453,822,1981,1696,1056,1563,623,216,207,31,874,560,375,428,274,347,282,595,400,172,478,183,62,216,,,,,,,,,,,,,,,,,,,,,,,,,,,,,,,,,,,,,,,,,,,,,,,,,,,,,,,,,,,,,,,,,,,,,,,,,
ACSSF,2019m1,nc,000,0157,0000150,1467,1524,1059,700,827,360,841,216,216,1333,781,711,785,1161,1042,738,1070,218,186,482,608,775,942,1806,1186,979,576,904,179,216,216,1139,899,630,791,636,96,342,1012,455,323,568,190,551,470,,,,,,,,,,,,,,,,,,,,,,,,,,,,,,,,,,,,,,,,,,,,,,,,,,,,,,,,,,,,,,,,,,,,,,,,,
ACSSF,2019m1,nc,000,0157,0000151,1667,2036,1039,770,845,517,209,99,216,1986,1057,675,1003,1618,1489,542,1148,507,396,389,1023,675,1053,2281,1478,1481,711,274,330,205,216,1904,1204,745,800,1053,157,92,853,635,253,399,393,165,192,,,,,,,,,,,,,,,,,,,,,,,,,,,,,,,,,,,,,,,,,,,,,,,,,,,,,,,,,,,,,,,,,,,,,,,,,
ACSSF,2019m1,nc,000,0157,0000152,1793,2125,1189,829,618,611,174,444,216,1732,523,832,1086,1465,1014,700,927,358,609,468,718,635,1043,2002,1220,1101,619,482,571,216,216,1433,914,822,562,718,95,81,927,518,324,518,169,182,216,,,,,,,,,,,,,,,,,,,,,,,,,,,,,,,,,,,,,,,,,,,,,,,,,,,,,,,,,,,,,,,,,,,,,,,,,
ACSSF,2019m1,nc,000,0157,0000153,1720,1756,1029,867,674,428,567,97,216,1512,691,739,1100,1236,943,847,1015,585,211,686,1048,870,890,1788,1150,1036,570,116,220,73,216,1313,1017,580,595,468,86,216,966,585,203,502,673,179,204,,,,,,,,,,,,,,,,,,,,,,,,,,,,,,,,,,,,,,,,,,,,,,,,,,,,,,,,,,,,,,,,,,,,,,,,,
ACSSF,2019m1,nc,000,0157,0000154,1461,1917,896,730,495,250,199,125,216,1436,673,771,807,977,683,469,923,310,365,240,459,615,656,1918,1039,1016,296,86,114,216,216,1485,1117,807,623,668,356,65,691,211,218,157,293,489,78,,,,,,,,,,,,,,,,,,,,,,,,,,,,,,,,,,,,,,,,,,,,,,,,,,,,,,,,,,,,,,,,,,,,,,,,,
ACSSF,2019m1,nc,000,0157,0000155,2140,2169,948,600,297,603,320,180,216,1723,847,346,1061,1274,1127,843,964,375,359,442,550,706,929,1682,1333,924,447,348,352,247,216,1322,647,883,881,382,321,244,704,319,472,129,295,290,154,,,,,,,,,,,,,,,,,,,,,,,,,,,,,,,,,,,,,,,,,,,,,,,,,,,,,,,,,,,,,,,,,,,,,,,,,
ACSSF,2019m1,nc,000,0157,0000156,1551,1778,1065,807,544,527,216,216,216,1433,700,614,683,1157,1043,537,1030,371,236,355,688,796,1004,1895,1420,1424,763,365,216,216,216,1629,1258,840,662,494,243,216,850,290,476,283,380,417,204,,,,,,,,,,,,,,,,,,,,,,,,,,,,,,,,,,,,,,,,,,,,,,,,,,,,,,,,,,,,,,,,,,,,,,,,,
ACSSF,2019m1,nc,000,0157,0000157,2336,2110,935,819,625,235,100,216,216,1586,772,581,627,1121,583,817,1085,215,99,392,790,754,750,2447,1705,1504,1103,155,216,216,216,1469,1058,683,699,743,499,97,776,569,423,384,181,195,129,,,,,,,,,,,,,,,,,,,,,,,,,,,,,,,,,,,,,,,,,,,,,,,,,,,,,,,,,,,,,,,,,,,,,,,,,
ACSSF,2019m1,nc,000,0157,0000158,2307,2323,1011,650,396,601,403,152,216,1755,688,997,903,1325,792,785,1171,483,215,416,872,667,992,2959,1836,2020,1185,679,229,211,216,2073,2036,1465,1148,924,250,268,1148,514,329,769,553,203,343,,,,,,,,,,,,,,,,,,,,,,,,,,,,,,,,,,,,,,,,,,,,,,,,,,,,,,,,,,,,,,,,,,,,,,,,,
ACSSF,2019m1,nc,000,0157,0000159,1600,1745,1131,935,384,487,362,216,216,1371,948,697,729,1094,844,445,743,411,770,388,843,735,752,1798,1397,1372,489,733,460,216,216,1294,1124,326,440,457,194,216,748,566,315,313,317,216,216,,,,,,,,,,,,,,,,,,,,,,,,,,,,,,,,,,,,,,,,,,,,,,,,,,,,,,,,,,,,,,,,,,,,,,,,,
ACSSF,2019m1,nc,000,0157,0000160,2059,2151,614,326,295,439,351,98,216,1795,942,970,741,1300,846,588,1066,609,388,800,887,683,846,1887,1134,1032,469,170,104,216,216,1482,831,722,821,485,33,136,781,426,325,283,483,165,169,,,,,,,,,,,,,,,,,,,,,,,,,,,,,,,,,,,,,,,,,,,,,,,,,,,,,,,,,,,,,,,,,,,,,,,,,
ACSSF,2019m1,nc,000,0157,0000161,2632,2657,1869,1703,812,327,116,216,216,1871,760,841,1015,1171,740,287,948,211,149,450,486,289,1039,2631,2294,2231,620,796,240,216,216,1694,1330,952,1171,417,129,216,726,529,406,101,230,79,209,,,,,,,,,,,,,,,,,,,,,,,,,,,,,,,,,,,,,,,,,,,,,,,,,,,,,,,,,,,,,,,,,,,,,,,,,
ACSSF,2019m1,nc,000,0157,0000162,2247,2100,776,605,514,427,226,216,216,2126,915,858,1046,1413,1033,332,1643,251,483,678,1110,643,1045,2048,1192,1155,181,187,263,216,216,1617,1229,412,746,480,103,213,622,533,277,129,114,63,216,,,,,,,,,,,,,,,,,,,,,,,,,,,,,,,,,,,,,,,,,,,,,,,,,,,,,,,,,,,,,,,,,,,,,,,,,
ACSSF,2019m1,nc,000,0157,0000163,2485,2063,1062,999,582,424,216,216,216,1683,1262,808,783,1316,928,586,1459,526,486,862,893,632,968,2788,1922,1880,636,345,147,216,216,2094,1667,891,973,694,216,216,1364,971,326,550,718,233,409,,,,,,,,,,,,,,,,,,,,,,,,,,,,,,,,,,,,,,,,,,,,,,,,,,,,,,,,,,,,,,,,,,,,,,,,,
ACSSF,2019m1,nc,000,0157,0000164,2550,2335,979,379,770,284,96,216,216,1807,1025,1163,1137,1263,771,433,1053,791,760,850,1053,634,618,1430,1049,852,507,339,111,216,216,904,485,530,456,439,216,216,591,442,279,261,136,216,218,,,,,,,,,,,,,,,,,,,,,,,,,,,,,,,,,,,,,,,,,,,,,,,,,,,,,,,,,,,,,,,,,,,,,,,,,
ACSSF,2019m1,nc,000,0157,0000165,1656,1695,777,497,475,269,163,60,216,1473,626,481,708,891,1121,773,931,159,175,453,637,927,803,1601,1112,700,749,396,216,216,216,1063,580,522,553,540,474,188,743,237,521,385,230,215,309,,,,,,,,,,,,,,,,,,,,,,,,,,,,,,,,,,,,,,,,,,,,,,,,,,,,,,,,,,,,,,,,,,,,,,,,,
ACSSF,2019m1,nc,000,0157,0000166,1851,1460,643,476,446,109,177,216,89,1070,505,384,443,650,427,454,962,226,221,276,418,462,733,1716,1439,1385,501,308,157,216,78,1396,1043,550,704,397,55,136,621,435,207,242,275,221,83,,,,,,,,,,,,,,,,,,,,,,,,,,,,,,,,,,,,,,,,,,,,,,,,,,,,,,,,,,,,,,,,,,,,,,,,,
ACSSF,2019m1,nc,000,0157,0000167,1945,1634,655,497,533,244,181,216,216,1406,717,539,828,852,481,279,1042,137,148,178,575,525,859,1729,1197,1004,497,134,98,158,216,1253,1128,682,533,443,247,92,461,376,185,202,214,23,146,,,,,,,,,,,,,,,,,,,,,,,,,,,,,,,,,,,,,,,,,,,,,,,,,,,,,,,,,,,,,,,,,,,,,,,,,
ACSSF,2019m1,nc,000,0157,0000168,1723,1737,839,594,431,200,217,243,216,1331,699,539,584,904,610,334,926,275,103,165,393,565,821,1552,995,961,257,292,74,148,216,1396,1052,609,657,358,94,71,534,440,162,195,179,228,216,,,,,,,,,,,,,,,,,,,,,,,,,,,,,,,,,,,,,,,,,,,,,,,,,,,,,,,,,,,,,,,,,,,,,,,,,
ACSSF,2019m1,nc,000,0157,0000169,832,1204,668,274,463,338,130,214,64,1189,502,444,656,786,613,600,810,346,256,270,403,542,728,1072,694,519,373,183,194,159,134,850,559,443,329,411,187,157,588,286,320,197,189,314,185,,,,,,,,,,,,,,,,,,,,,,,,,,,,,,,,,,,,,,,,,,,,,,,,,,,,,,,,,,,,,,,,,,,,,,,,,
ACSSF,2019m1,nc,000,0157,0000170,1636,1685,789,650,308,331,328,107,216,1769,721,479,1013,1286,863,511,965,422,385,270,580,602,910,1791,1201,928,655,142,121,216,216,1459,1047,549,620,651,250,125,790,306,107,575,278,173,123,,,,,,,,,,,,,,,,,,,,,,,,,,,,,,,,,,,,,,,,,,,,,,,,,,,,,,,,,,,,,,,,,,,,,,,,,
ACSSF,2019m1,nc,000,0157,0000171,1988,1923,592,390,401,228,216,216,216,1783,616,632,685,1235,925,724,1002,155,379,191,488,492,849,1813,1150,729,615,482,85,17,236,1361,978,501,604,551,201,436,853,237,388,555,288,264,108,,,,,,,,,,,,,,,,,,,,,,,,,,,,,,,,,,,,,,,,,,,,,,,,,,,,,,,,,,,,,,,,,,,,,,,,,
ACSSF,2019m1,nc,000,0157,0000172,1944,1953,692,607,306,263,116,138,216,1787,1283,1205,1105,1866,570,253,917,428,528,596,655,280,452,1099,432,403,118,153,216,216,216,913,486,458,312,433,216,216,368,296,189,125,102,216,216,,,,,,,,,,,,,,,,,,,,,,,,,,,,,,,,,,,,,,,,,,,,,,,,,,,,,,,,,,,,,,,,,,,,,,,,,
ACSSF,2019m1,nc,000,0157,0000173,2368,2494,1024,878,816,329,349,243,89,1973,1044,873,944,1446,921,585,1377,393,285,345,738,828,1314,2639,1840,1822,694,435,217,215,78,2293,1823,1130,1117,627,235,180,971,726,340,435,401,319,196,,,,,,,,,,,,,,,,,,,,,,,,,,,,,,,,,,,,,,,,,,,,,,,,,,,,,,,,,,,,,,,,,,,,,,,,,
ACSSF,2019m1,nc,000,0157,0000174,2307,2323,1011,650,396,601,403,152,216,1755,688,997,903,1325,792,785,1171,483,215,416,872,667,992,2959,1836,2020,1185,679,229,211,216,2073,2036,1465,1148,924,250,268,1148,514,329,769,553,203,343,,,,,,,,,,,,,,,,,,,,,,,,,,,,,,,,,,,,,,,,,,,,,,,,,,,,,,,,,,,,,,,,,,,,,,,,,
ACSSF,2019m1,nc,000,0157,0000175,1763,1892,996,694,659,443,161,220,216,1782,806,1043,1365,1485,855,685,1089,338,504,514,790,670,1029,2027,1319,1230,521,392,104,216,216,1613,1255,770,535,975,363,400,774,460,298,461,302,101,89,,,,,,,,,,,,,,,,,,,,,,,,,,,,,,,,,,,,,,,,,,,,,,,,,,,,,,,,,,,,,,,,,,,,,,,,,
ACSSF,2019m1,nc,000,0157,0000176,2550,2335,979,379,770,284,96,216,216,1807,1025,1163,1137,1263,771,433,1053,791,760,850,1053,634,618,1430,1049,852,507,339,111,216,216,904,485,530,456,439,216,216,591,442,279,261,136,216,218,,,,,,,,,,,,,,,,,,,,,,,,,,,,,,,,,,,,,,,,,,,,,,,,,,,,,,,,,,,,,,,,,,,,,,,,,
ACSSF,2019m1,nc,000,0157,0000177,3331,2809,893,606,551,336,275,176,248,2103,1209,1261,1298,1571,1153,796,1547,552,589,660,982,856,1323,2535,1627,1680,805,722,127,121,216,2182,1555,1219,1124,651,143,151,1288,822,387,547,688,240,226,,,,,,,,,,,,,,,,,,,,,,,,,,,,,,,,,,,,,,,,,,,,,,,,,,,,,,,,,,,,,,,,,,,,,,,,,
ACSSF,2019m1,nc,000,0157,0000178,1496,1563,677,592,346,132,252,216,125,1338,1046,498,801,867,1034,736,760,364,225,228,739,713,1029,1470,883,708,590,214,196,216,106,1261,1015,465,446,506,78,107,514,200,305,60,207,220,210,,,,,,,,,,,,,,,,,,,,,,,,,,,,,,,,,,,,,,,,,,,,,,,,,,,,,,,,,,,,,,,,,,,,,,,,,
ACSSF,2019m1,nc,000,0157,0000179,1939,2488,1220,759,631,325,208,268,94,2213,1057,1027,1246,2049,1022,709,1115,332,477,375,878,493,738,2223,1618,1092,1510,211,216,216,216,1233,982,956,724,299,94,216,792,490,406,266,240,80,255,,,,,,,,,,,,,,,,,,,,,,,,,,,,,,,,,,,,,,,,,,,,,,,,,,,,,,,,,,,,,,,,,,,,,,,,,
ACSSF,2019m1,nc,000,0157,0000180,1464,1589,707,555,394,219,213,194,216,1385,784,613,449,1238,1124,785,951,368,166,300,485,644,878,1491,614,527,286,115,216,216,216,1206,987,251,777,530,311,194,710,236,65,341,340,70,511,,,,,,,,,,,,,,,,,,,,,,,,,,,,,,,,,,,,,,,,,,,,,,,,,,,,,,,,,,,,,,,,,,,,,,,,,
ACSSF,2019m1,nc,000,0157,0000181,1649,1327,435,289,296,149,325,74,216,1031,398,331,400,779,447,306,668,470,279,638,616,451,531,1391,764,636,437,101,104,216,216,1085,735,560,373,308,33,216,550,410,115,114,313,87,169,,,,,,,,,,,,,,,,,,,,,,,,,,,,,,,,,,,,,,,,,,,,,,,,,,,,,,,,,,,,,,,,,,,,,,,,,
ACSSF,2019m1,nc,000,0157,0000182,2040,2034,1069,690,507,175,358,623,216,1576,1052,554,876,1321,1002,539,1231,514,194,414,792,659,972,1407,929,549,609,611,216,291,216,1058,750,453,709,387,216,112,571,422,146,222,215,177,124,,,,,,,,,,,,,,,,,,,,,,,,,,,,,,,,,,,,,,,,,,,,,,,,,,,,,,,,,,,,,,,,,,,,,,,,,
ACSSF,2019m1,nc,000,0157,0000183,1958,1360,515,491,178,217,216,216,216,1258,692,410,689,1000,595,85,981,262,278,188,554,571,653,1874,1544,1572,272,309,242,216,216,1229,1067,727,559,321,174,216,561,253,216,275,367,42,257,,,,,,,,,,,,,,,,,,,,,,,,,,,,,,,,,,,,,,,,,,,,,,,,,,,,,,,,,,,,,,,,,,,,,,,,,
ACSSF,2019m1,nc,000,0157,0000184,947,1539,615,500,59,194,454,216,216,1084,846,581,804,856,876,455,993,409,463,535,516,672,742,1272,1137,1298,757,342,73,216,216,1158,529,537,651,277,37,571,641,341,139,326,408,293,164,,,,,,,,,,,,,,,,,,,,,,,,,,,,,,,,,,,,,,,,,,,,,,,,,,,,,,,,,,,,,,,,,,,,,,,,,
ACSSF,2019m1,nc,000,0157,0000185,1728,1760,547,427,172,120,155,61,216,1369,353,420,879,897,764,608,1119,330,54,336,484,520,854,1502,815,787,290,108,216,216,216,1190,738,732,948,353,92,216,588,402,152,295,142,122,176,,,,,,,,,,,,,,,,,,,,,,,,,,,,,,,,,,,,,,,,,,,,,,,,,,,,,,,,,,,,,,,,,,,,,,,,,
ACSSF,2019m1,nc,000,0157,0000186,2007,1882,964,709,841,500,209,99,216,1973,1100,589,979,1490,1255,406,933,345,258,389,830,526,912,2112,1377,1407,223,41,330,205,216,1551,883,507,719,991,157,216,560,365,149,255,345,165,110,,,,,,,,,,,,,,,,,,,,,,,,,,,,,,,,,,,,,,,,,,,,,,,,,,,,,,,,,,,,,,,,,,,,,,,,,
ACSSF,2019m1,nc,000,0157,0000187,2711,3805,1546,1153,891,435,185,485,131,3031,1461,1711,1935,1840,953,767,1475,592,597,885,1035,1066,1302,4015,2651,2595,1231,1090,268,576,216,2718,1933,1665,1603,1271,433,152,1428,791,572,492,382,499,618,,,,,,,,,,,,,,,,,,,,,,,,,,,,,,,,,,,,,,,,,,,,,,,,,,,,,,,,,,,,,,,,,,,,,,,,,
ACSSF,2019m1,nc,000,0157,0000188,2664,3453,1362,1288,674,691,273,127,99,2871,1641,1039,1432,2043,1259,905,1688,513,640,823,1065,860,1557,3300,2109,1753,1295,1071,262,110,216,2787,2066,1376,1347,986,495,244,1153,736,538,812,683,269,344,2664,3453,2423,2280,222,519,96,216,592,1700,1616,185,216,216,216,261,2374,2321,159,84,54,216,449,1558,1506,95,212,216,216,343,1746,1744,216,216,216,216,44,3300,2901,1976,1129,2127,1085,1005,513,1731,1175,483,1166,651,273,545,1156,1020,350,391,365,277,96,569,316,53,111,112,216,467,409,409,128,127,216,216,216
ACSSF,2019m1,nc,000,0157,0000189,1244,1727,729,506,239,352,417,216,216,1359,785,807,720,933,621,578,617,265,491,463,467,468,712,1666,1236,846,487,651,216,391,216,1352,548,876,506,794,108,216,403,184,123,159,158,216,208,,,,,,,,,,,,,,,,,,,,,,,,,,,,,,,,,,,,,,,,,,,,,,,,,,,,,,,,,,,,,,,,,,,,,,,,,
ACSSF,2019m1,nc,000,0157,0000190,1578,2550,1047,836,658,390,410,58,112,1748,1023,707,1004,1154,957,716,1200,392,410,558,806,843,1065,2314,1351,1280,643,493,186,180,278,1808,1246,945,995,877,61,444,1043,602,499,571,527,451,158,,,,,,,,,,,,,,,,,,,,,,,,,,,,,,,,,,,,,,,,,,,,,,,,,,,,,,,,,,,,,,,,,,,,,,,,,
ACSSF,2019m1,nc,000,0157,0000191,3305,3805,1589,1271,774,491,356,130,216,3236,1483,1290,1910,2706,1311,897,1992,765,770,768,1202,1122,1695,4706,3041,2929,1052,1376,702,85,147,3389,2740,1884,1737,1555,599,875,1590,954,798,782,675,571,293,3305,3805,2244,2162,350,252,124,201,383,2033,2046,59,270,219,79,369,3019,2850,105,524,64,216,476,1613,1664,157,392,216,216,386,1760,1702,102,112,216,216,474,4706,4151,2747,1373,3075,1303,953,1334,2526,1503,1132,886,240,600,1037,1773,1249,450,1110,66,331,178,866,723,369,263,216,216,216,923,712,98,227,201,71,398
ACSSF,2019m1,nc,000,0157,0000192,1461,1917,896,730,495,250,199,125,216,1436,673,771,807,977,683,469,923,310,365,240,459,615,656,1918,1039,1016,296,86,114,216,216,1485,1117,807,623,668,356,65,691,211,218,157,293,489,78,,,,,,,,,,,,,,,,,,,,,,,,,,,,,,,,,,,,,,,,,,,,,,,,,,,,,,,,,,,,,,,,,,,,,,,,,
ACSSF,2019m1,nc,000,0157,0000193,1508,2221,1111,1000,522,266,211,216,216,1542,885,794,1265,1093,684,676,1113,785,604,646,869,836,754,1834,1353,1276,270,491,216,223,216,1712,1452,841,859,475,45,236,943,456,463,411,366,362,55,,,,,,,,,,,,,,,,,,,,,,,,,,,,,,,,,,,,,,,,,,,,,,,,,,,,,,,,,,,,,,,,,,,,,,,,,
ACSSF,2019m1,nc,000,0157,0000194,1663,1964,834,681,473,288,286,216,216,1685,1102,949,787,1278,862,577,1041,298,192,572,699,562,1096,1805,1213,1096,367,433,318,305,216,1244,899,686,534,520,123,106,732,582,79,332,389,216,304,,,,,,,,,,,,,,,,,,,,,,,,,,,,,,,,,,,,,,,,,,,,,,,,,,,,,,,,,,,,,,,,,,,,,,,,,
ACSSF,2019m1,nc,000,0157,0000195,1982,2770,1255,1153,313,761,452,54,216,2374,1247,1219,1857,2195,1523,789,1164,765,343,682,1077,936,1031,2415,1384,1086,897,625,178,216,216,1724,1320,741,832,1000,477,77,1239,854,414,333,661,383,265,,,,,,,,,,,,,,,,,,,,,,,,,,,,,,,,,,,,,,,,,,,,,,,,,,,,,,,,,,,,,,,,,,,,,,,,,
ACSSF,2019m1,nc,000,0157,0000196,1246,1917,769,348,472,663,314,216,216,1650,817,582,832,1074,644,758,583,495,270,272,602,413,711,1859,883,586,562,264,324,216,216,1667,1127,533,898,838,274,72,510,354,177,132,103,216,268,,,,,,,,,,,,,,,,,,,,,,,,,,,,,,,,,,,,,,,,,,,,,,,,,,,,,,,,,,,,,,,,,,,,,,,,,
ACSSF,2019m1,nc,000,0157,0000197,4517,4907,2679,2042,1281,1004,613,598,140,4349,2549,2619,2821,3796,2079,1118,2228,1039,684,1113,1552,1404,1685,5150,3953,3452,1753,1422,737,216,216,4354,3670,2243,2230,1513,605,406,1877,1203,1021,1121,1080,185,301,4517,4907,4297,4052,315,658,621,472,224,3143,2963,149,189,454,364,656,4016,3894,411,547,302,298,382,2279,2165,286,211,77,545,537,2111,2057,90,216,65,216,158,5150,5447,3956,1815,3818,2425,2672,1068,2931,2178,799,1551,1098,910,576,2027,1395,642,745,581,472,786,583,550,114,280,80,216,216,455,438,86,122,216,144,216
ACSSF,2019m1,nc,000,0157,0000198,1339,1566,1010,818,626,409,547,216,216,1232,644,678,993,1107,778,675,875,585,148,586,989,861,717,1571,960,895,491,116,196,73,216,1147,868,376,574,444,86,216,893,567,187,475,619,142,56,,,,,,,,,,,,,,,,,,,,,,,,,,,,,,,,,,,,,,,,,,,,,,,,,,,,,,,,,,,,,,,,,,,,,,,,,
ACSSF,2019m1,nc,000,0157,0000199,2088,1808,892,678,262,591,363,216,216,1395,957,443,544,1102,937,456,858,603,95,626,752,651,754,2198,1555,1273,803,202,615,409,216,1735,1266,592,806,581,409,80,665,176,381,469,300,253,129,,,,,,,,,,,,,,,,,,,,,,,,,,,,,,,,,,,,,,,,,,,,,,,,,,,,,,,,,,,,,,,,,,,,,,,,,
ACSSF,2019m1,nc,000,0157,0000200,1600,1745,1131,935,384,487,362,216,216,1371,948,697,729,1094,844,445,743,411,770,388,843,735,752,1798,1397,1372,489,733,460,216,216,1294,1124,326,440,457,194,216,748,566,315,313,317,216,216,,,,,,,,,,,,,,,,,,,,,,,,,,,,,,,,,,,,,,,,,,,,,,,,,,,,,,,,,,,,,,,,,,,,,,,,,
ACSSF,2019m1,nc,000,0157,0000201,2499,2294,1220,1183,675,576,161,216,216,1853,1452,1022,1237,1615,1214,632,1606,561,533,1053,1234,743,1286,2839,2023,1962,597,379,147,216,216,2280,1795,874,1145,721,100,68,1490,1062,388,560,718,233,409,,,,,,,,,,,,,,,,,,,,,,,,,,,,,,,,,,,,,,,,,,,,,,,,,,,,,,,,,,,,,,,,,,,,,,,,,
ACSSF,2019m1,nc,000,0157,0000202,2522,2755,2035,1889,901,338,116,216,216,2033,913,930,1128,1524,821,662,965,211,149,561,885,356,1080,2476,1949,2181,979,790,240,216,216,1881,1445,1061,1290,417,224,21,727,531,406,101,230,79,209,,,,,,,,,,,,,,,,,,,,,,,,,,,,,,,,,,,,,,,,,,,,,,,,,,,,,,,,,,,,,,,,,,,,,,,,,
ACSSF,2019m1,nc,000,0157,0000203,1854,2123,1113,764,613,584,112,444,216,1749,499,837,1025,1453,982,688,1101,348,545,417,554,617,1046,1719,1103,773,570,477,571,216,216,1160,907,690,359,517,216,81,842,463,285,524,169,120,216,,,,,,,,,,,,,,,,,,,,,,,,,,,,,,,,,,,,,,,,,,,,,,,,,,,,,,,,,,,,,,,,,,,,,,,,,
ACSSF,2019m1,nc,000,0157,0000204,863,1266,720,274,479,405,149,214,64,1219,522,470,650,862,599,609,743,341,256,254,447,547,723,1173,768,622,400,200,194,159,134,878,552,445,400,463,187,157,599,318,320,197,189,314,185,,,,,,,,,,,,,,,,,,,,,,,,,,,,,,,,,,,,,,,,,,,,,,,,,,,,,,,,,,,,,,,,,,,,,,,,,
ACSSF,2019m1,nc,000,0157,0000205,1483,1655,668,597,449,105,193,216,216,1296,668,730,816,923,1091,723,932,257,286,237,469,609,1042,1505,717,684,271,135,266,287,216,1137,1153,519,658,655,164,570,992,378,524,282,514,102,273,,,,,,,,,,,,,,,,,,,,,,,,,,,,,,,,,,,,,,,,,,,,,,,,,,,,,,,,,,,,,,,,,,,,,,,,,
ACSSF,2019m1,nc,000,0157,0000206,1594,1780,1169,667,827,360,782,216,216,1374,736,711,785,1149,1042,738,1041,218,186,482,601,748,925,1869,1159,931,576,904,179,120,216,1198,940,513,756,471,96,319,997,455,323,568,190,551,451,,,,,,,,,,,,,,,,,,,,,,,,,,,,,,,,,,,,,,,,,,,,,,,,,,,,,,,,,,,,,,,,,,,,,,,,,
ACSSF,2019m1,nc,000,0157,0000207,1392,1857,570,638,493,265,216,216,216,1485,605,479,667,1172,961,466,858,387,259,333,769,625,1057,1421,911,826,534,143,216,216,216,1110,845,368,677,137,216,111,550,335,343,120,243,98,216,,,,,,,,,,,,,,,,,,,,,,,,,,,,,,,,,,,,,,,,,,,,,,,,,,,,,,,,,,,,,,,,,,,,,,,,,
ACSSF,2019m1,nc,000,0157,0000208,1511,1953,939,717,479,331,116,138,216,1855,1418,1296,1244,2126,955,667,1122,472,644,625,700,517,795,1737,947,780,547,271,216,216,236,1470,891,717,641,604,188,396,712,336,381,499,182,264,216,,,,,,,,,,,,,,,,,,,,,,,,,,,,,,,,,,,,,,,,,,,,,,,,,,,,,,,,,,,,,,,,,,,,,,,,,
ACSSF,2019m1,nc,000,0157,0000209,3766,5076,2555,2249,1390,1280,755,489,216,4632,3070,2354,3051,4531,2327,989,2099,1118,1056,1447,1438,1441,1909,5256,3133,2898,1743,1376,572,511,216,4682,3884,2824,2114,1753,678,517,2133,1631,1084,962,1020,429,532,3766,5076,4088,3998,257,644,230,106,899,3952,3708,204,325,257,83,831,4940,4764,177,361,119,249,1114,2562,2509,161,144,216,216,572,2039,2016,190,216,216,216,434,5256,5941,3407,1827,3483,2856,2498,979,2636,1894,715,1302,956,779,479,2151,1144,1051,1134,609,358,486,1015,647,146,249,488,131,328,721,497,251,250,216,55,420
ACSSF,2019m1,nc,000,0157,0000210,1541,1784,1065,807,544,527,216,216,216,1433,700,614,683,1157,1043,537,1027,371,236,355,688,796,999,1895,1420,1424,763,365,216,216,216,1629,1258,840,662,494,243,216,850,290,476,283,380,417,204,,,,,,,,,,,,,,,,,,,,,,,,,,,,,,,,,,,,,,,,,,,,,,,,,,,,,,,,,,,,,,,,,,,,,,,,,
ACSSF,2019m1,nc,000,0157,0000211,1523,1708,768,479,292,588,133,269,216,1370,621,776,751,1029,531,473,791,373,448,527,512,371,692,1391,814,630,221,422,216,176,216,1146,1049,486,320,351,435,147,496,415,216,255,248,195,216,,,,,,,,,,,,,,,,,,,,,,,,,,,,,,,,,,,,,,,,,,,,,,,,,,,,,,,,,,,,,,,,,,,,,,,,,
ACSSF,2019m1,nc,000,0157,0000212,1354,1472,469,263,387,86,216,17,33,1380,457,763,742,933,855,382,964,201,344,387,581,450,628,1579,1064,1034,490,216,216,216,216,1420,1087,683,1010,557,157,59,686,377,291,448,620,191,228,,,,,,,,,,,,,,,,,,,,,,,,,,,,,,,,,,,,,,,,,,,,,,,,,,,,,,,,,,,,,,,,,,,,,,,,,
