ACSSF,2019m1,nc,000,0003,0000001,0,17909,14903,4966,7205,2124,16572,17994,4408,16761,,,,,,,,,,,,,,,,,,,,,,,,,,,,,,,,,,,,,,,,,,,,,,,,,,,,,,,,,,,,,,,,,,,,,,,,20882,8372,9171,5936,3451,17591,,,,,,,,,,,,,,,,,,,,,,,,,,,,,,,,,,,,,,,,,,,,,,,,,,,,,,,,7205,6614,2139,1518,1959,1896,4563,4151,3062,1368,2347,4063,1934,93,893,1995,138,3497,1065,1054,1498,5462,398,2001,1226,,,,,,,,,,,,,0,17994,17909,14903,4966,7205,2124,16572,17994,4408,16761,16160,10137,3278,5840,5526,5612,4844,976,4966,4398,2060,392,582,317,4048,171,4258,7205,6614,4562,4151,2347,4063,5462,7395,2124,1878,710,616,601
ACSSF,2019m1,nc,000,0003,0000002,32584,32226,19780,4447,8146,1317,15634,15916,3567,15439,,,,,,,,,,,,,,,,,,,,,,,,,,,,,,,,,,,,,,,,,,,,,,,,,,,,,,,,,,,,,,,,,,,,,,,,32551,17464,8672,6668,2601,17109,,,,,,,,,,,,,,,,,,,,,,,,,,,,,,,,,,,,,,,,,,,,,,,,,,,,,,,,,,,,,,,,,,,,,,,,,,,,,,,,,,,,,,,,,,,,,32584,37555,32226,19780,4447,8146,1317,15634,15916,3567,15439,14416,9395,2987,5355,5106,4534,4537,405,4447,3587,1670,336,565,310,3677,31,3309,8146,6406,4481,4052,2142,3392,5478,7083,1317,981,649,570,577
ACSSF,2019m1,nc,000,0003,0000003,32584,28694,17783,4837,6032,1642,8912,7214,3001,5932,,,,,,,,,,,,,,,,,,,,,,,,,,,,,,,,,,,,,,,,,,,,,,,,,,,,,,,,,,,,,,,,,,,,,,,,30566,18224,6862,6710,2143,9169,,,,,,,,,,,,,,,,,,,,,,,,,,,,,,,,,,,,,,,,,,,,,,,,,,,,,,,,,,,,,,,,,,,,,,,,,,,,,,,,,,,,,,,,,,,,,32584,31209,28694,17783,4837,6032,1642,8912,7214,3001,5932,6765,3430,3070,2170,1892,3172,2014,851,4837,4109,1763,213,178,106,3561,167,2919,6032,2708,1235,2371,612,2375,1062,3310,1642,1605,293,228,155
ACSSF,2019m1,nc,000,0003,0000004,3698,18282,14991,4996,6853,2140,16107,17755,4267,16530,,,,,,,,,,,,,,,,,,,,,,,,,,,,,,,,,,,,,,,,,,,,,,,,,,,,,,,,,,,,,,,,,,,,,,,,21110,8479,8887,5170,3401,17374,,,,,,,,,,,,,,,,,,,,,,,,,,,,,,,,,,,,,,,,,,,,,,,,,,,,,,,,,,,,,,,,,,,,,,,,,,,,,,,,,,,,,,,,,,,,,3698,18002,18282,14991,4996,6853,2140,16107,17755,4267,16530,16017,10338,3431,5866,5158,5345,4767,963,4996,4424,2179,392,600,316,4059,167,4301,6853,6527,4536,4201,2303,4068,5482,7348,2140,1880,710,599,592
ACSSF,2019m1,nc,000,0003,0000005,2195,16848,14200,3984,6535,1995,15332,16568,4077,15383,,,,,,,,,,,,,,,,,,,,,,,,,,,,,,,,,,,,,,,,,,,,,,,,,,,,,,,,,,,,,,,,,,,,,,,,19928,7409,8406,4589,3264,16753,,,,,,,,,,,,,,,,,,,,,,,,,,,,,,,,,,,,,,,,,,,,,,,,,,,,,,,,,,,,,,,,,,,,,,,,,,,,,,,,,,,,,,,,,,,,,2195,16927,16848,14200,3984,6535,1995,15332,16568,4077,15383,14892,9997,3232,5445,4828,5154,4471,953,3984,3290,1663,361,600,310,3183,165,3547,6535,6483,4521,4198,2214,4021,5483,7103,1995,1792,690,576,578
ACSSF,2019m1,nc,000,0003,0000006,5379,21134,17415,3143,6968,473,13312,11911,2600,10809,,,,,,,,,,,,,,,,,,,,,,,,,,,,,,,,,,,,,,,,,,,,,,,,,,,,,,,,,,,,,,,,,,,,,,,,20829,15796,6581,6776,1209,14600,,,,,,,,,,,,,,,,,,,,,,,,,,,,,,,,,,,,,,,,,,,,,,,,,,,,,,,,,,,,,,,,,,,,,,,,,,,,,,,,,,,,,,,,,,,,,5379,13698,21134,17415,3143,6968,473,13312,11911,2600,10809,10833,6543,2303,4489,4041,3239,3580,173,3143,2544,1070,131,431,340,2499,31,2135,6968,5781,4186,3219,1904,3421,4814,5443,473,266,229,514,552
ACSSF,2019m1,nc,000,0003,0000007,5835,19150,18731,3400,5842,1976,10133,10504,3100,10019,,,,,,,,,,,,,,,,,,,,,,,,,,,,,,,,,,,,,,,,,,,,,,,,,,,,,,,,,,,,,,,,,,,,,,,,21296,16322,6220,7037,2923,10999,,,,,,,,,,,,,,,,,,,,,,,,,,,,,,,,,,,,,,,,,,,,,,,,,,,,,,,,,,,,,,,,,,,,,,,,,,,,,,,,,,,,,,,,,,,,,5835,12341,19150,18731,3400,5842,1976,10133,10504,3100,10019,9903,6834,3030,3165,2653,3814,2896,930,3400,2291,1144,337,405,199,2044,161,2924,5842,4538,2758,2692,1097,2465,3032,4964,1976,1772,664,245,232
ACSSF,2019m1,nc,000,0003,0000008,3075,5821,4728,2226,2041,602,4086,3681,1240,3394,,,,,,,,,,,,,,,,,,,,,,,,,,,,,,,,,,,,,,,,,,,,,,,,,,,,,,,,,,,,,,,,,,,,,,,,6170,4109,3160,2234,1033,4285,,,,,,,,,,,,,,,,,,,,,,,,,,,,,,,,,,,,,,,,,,,,,,,,,,,,,,,,,,,,,,,,,,,,,,,,,,,,,,,,,,,,,,,,,,,,,3075,4892,5821,4728,2226,2041,602,4086,3681,1240,3394,3524,1991,1910,1347,1421,1319,1042,190,,,,,,,,,,2041,674,581,1068,519,365,558,1647,,,,,
ACSSF,2019m1,nc,000,0003,0000009,9929,9611,7190,1975,1168,326,3010,1951,800,1733,,,,,,,,,,,,,,,,,,,,,,,,,,,,,,,,,,,,,,,,,,,,,,,,,,,,,,,,,,,,,,,,,,,,,,,,9996,7306,2422,1369,847,3219,,,,,,,,,,,,,,,,,,,,,,,,,,,,,,,,,,,,,,,,,,,,,,,,,,,,,,,,,,,,,,,,,,,,,,,,,,,,,,,,,,,,,,,,,,,,,9929,9498,9611,7190,1975,1168,326,3010,1951,800,1733,1792,815,731,684,869,891,679,130,,,,,,,,,,,,,,,,,,,,,,
ACSSF,2019m1,nc,000,0003,0000010,10816,10635,7573,2559,1789,517,4042,3033,907,2824,,,,,,,,,,,,,,,,,,,,,,,,,,,,,,,,,,,,,,,,,,,,,,,,,,,,,,,,,,,,,,,,,,,,,,,,10864,7609,2974,1914,624,4220,,,,,,,,,,,,,,,,,,,,,,,,,,,,,,,,,,,,,,,,,,,,,,,,,,,,,,,,,,,,,,,,,,,,,,,,,,,,,,,,,,,,,,,,,,,,,10816,10559,10635,7573,2559,1789,517,4042,3033,907,2824,3035,1791,1787,1180,966,931,771,136,,,,,,,,,,1789,597,370,401,242,327,338,1657,,,,,
ACSSF,2019m1,nc,000,0003,0000011,3698,5042,3243,1270,1645,228,3227,2560,907,2366,,,,,,,,,,,,,,,,,,,,,,,,,,,,,,,,,,,,,,,,,,,,,,,,,,,,,,,,,,,,,,,,,,,,,,,,5053,3481,2230,1666,636,3193,,,,,,,,,,,,,,,,,,,,,,,,,,,,,,,,,,,,,,,,,,,,,,,,,,,,,,,,,,,,,,,,,,,,,,,,,,,,,,,,,,,,,,,,,,,,,3698,4416,5042,3243,1270,1645,228,3227,2560,907,2366,2471,1343,648,323,1614,1001,705,224,,,,,,,,,,1645,722,361,360,435,961,195,1033,,,,,
ACSSF,2019m1,nc,000,0003,0000012,2195,6316,5531,2431,2613,623,5045,4758,1635,4338,,,,,,,,,,,,,,,,,,,,,,,,,,,,,,,,,,,,,,,,,,,,,,,,,,,,,,,,,,,,,,,,,,,,,,,,6540,5045,3783,2944,1221,5277,,,,,,,,,,,,,,,,,,,,,,,,,,,,,,,,,,,,,,,,,,,,,,,,,,,,,,,,,,,,,,,,,,,,,,,,,,,,,,,,,,,,,,,,,,,,,2195,5367,6316,5531,2431,2613,623,5045,4758,1635,4338,4583,2413,1911,1383,2095,1725,1265,297,,,,,,,,,,2613,1120,719,1053,711,1069,569,1826,,,,,
ACSSF,2019m1,nc,000,0003,0000013,0,3019,2007,1663,470,132,3152,2047,215,2034,,,,,,,,,,,,,,,,,,,,,,,,,,,,,,,,,,,,,,,,,,,,,,,,,,,,,,,,,,,,,,,,,,,,,,,,3828,707,1767,355,,3150,,,,,,,,,,,,,,,,,,,,,,,,,,,,,,,,,,,,,,,,,,,,,,,,,,,,,,,,,,,,,,,,,,,,,,,,,,,,,,,,,,,,,,,,,,,,,0,2047,3019,2007,1663,470,132,3152,2047,215,2034,2018,1796,150,307,534,233,195,272,,,,,,,,,,,,,,,,,,,,,,
ACSSF,2019m1,nc,000,0003,0000014,0,1640,2031,677,388,32,1646,2313,413,2265,,,,,,,,,,,,,,,,,,,,,,,,,,,,,,,,,,,,,,,,,,,,,,,,,,,,,,,,,,,,,,,,,,,,,,,,2550,440,1961,216,,1640,,,,,,,,,,,,,,,,,,,,,,,,,,,,,,,,,,,,,,,,,,,,,,,,,,,,,,,,,,,,,,,,,,,,,,,,,,,,,,,,,,,,,,,,,,,,,0,2313,1640,2031,677,388,32,1646,2313,413,2265,1698,1457,677,388,686,418,1584,216,,,,,,,,,,,,,,,,,,,,,,
ACSSF,2019m1,nc,000,0003,0000015,0,2525,1172,743,597,107,2234,1634,734,1322,,,,,,,,,,,,,,,,,,,,,,,,,,,,,,,,,,,,,,,,,,,,,,,,,,,,,,,,,,,,,,,,,,,,,,,,2503,178,795,104,,2526,,,,,,,,,,,,,,,,,,,,,,,,,,,,,,,,,,,,,,,,,,,,,,,,,,,,,,,,,,,,,,,,,,,,,,,,,,,,,,,,,,,,,,,,,,,,,0,1634,2525,1172,743,597,107,2234,1634,734,1322,1642,902,743,600,782,745,112,216,,,,,,,,,,,,,,,,,,,,,,
ACSSF,2019m1,nc,000,0003,0000016,0,1027,1145,1031,236,553,2599,1182,273,1114,,,,,,,,,,,,,,,,,,,,,,,,,,,,,,,,,,,,,,,,,,,,,,,,,,,,,,,,,,,,,,,,,,,,,,,,1526,1831,1091,216,,2534,,,,,,,,,,,,,,,,,,,,,,,,,,,,,,,,,,,,,,,,,,,,,,,,,,,,,,,,,,,,,,,,,,,,,,,,,,,,,,,,,,,,,,,,,,,,,0,1182,1027,1145,1031,236,553,2599,1182,273,1114,1182,995,306,198,216,273,216,216,,,,,,,,,,,,,,,,,,,,,,
ACSSF,2019m1,nc,000,0003,0000017,0,4916,2750,261,1028,216,4770,3354,654,3156,,,,,,,,,,,,,,,,,,,,,,,,,,,,,,,,,,,,,,,,,,,,,,,,,,,,,,,,,,,,,,,,,,,,,,,,5698,994,674,942,,4889,,,,,,,,,,,,,,,,,,,,,,,,,,,,,,,,,,,,,,,,,,,,,,,,,,,,,,,,,,,,,,,,,,,,,,,,,,,,,,,,,,,,,,,,,,,,,0,3354,4916,2750,261,1028,216,4770,3354,654,3156,3251,2847,358,1339,216,674,596,216,,,,,,,,,,,,,,,,,,,,,,
ACSSF,2019m1,nc,000,0003,0000018,0,878,1002,216,199,216,1034,919,266,854,,,,,,,,,,,,,,,,,,,,,,,,,,,,,,,,,,,,,,,,,,,,,,,,,,,,,,,,,,,,,,,,,,,,,,,,1134,685,,659,,982,,,,,,,,,,,,,,,,,,,,,,,,,,,,,,,,,,,,,,,,,,,,,,,,,,,,,,,,,,,,,,,,,,,,,,,,,,,,,,,,,,,,,,,,,,,,,,,,,,,,,,,,,,,,,,,,,,,,,,,,,,,,,,,,,,,,,
ACSSF,2019m1,nc,000,0003,0000019,0,611,403,178,251,216,548,737,390,548,,,,,,,,,,,,,,,,,,,,,,,,,,,,,,,,,,,,,,,,,,,,,,,,,,,,,,,,,,,,,,,,,,,,,,,,731,576,185,90,,663,,,,,,,,,,,,,,,,,,,,,,,,,,,,,,,,,,,,,,,,,,,,,,,,,,,,,,,,,,,,,,,,,,,,,,,,,,,,,,,,,,,,,,,,,,,,,0,737,611,403,178,251,216,548,737,390,548,729,459,178,251,155,390,52,90,,,,,,,,,,,,,,,,,,,,,,
ACSSF,2019m1,nc,000,0003,0000020,0,2054,1284,501,280,216,2546,1705,1347,1334,,,,,,,,,,,,,,,,,,,,,,,,,,,,,,,,,,,,,,,,,,,,,,,,,,,,,,,,,,,,,,,,,,,,,,,,2361,282,1459,216,,1976,,,,,,,,,,,,,,,,,,,,,,,,,,,,,,,,,,,,,,,,,,,,,,,,,,,,,,,,,,,,,,,,,,,,,,,,,,,,,,,,,,,,,,,,,,,,,,,,,,,,,,,,,,,,,,,,,,,,,,,,,,,,,,,,,,,,,
ACSSF,2019m1,nc,000,0003,0000021,0,3039,1297,71,324,216,3061,1333,116,1334,,,,,,,,,,,,,,,,,,,,,,,,,,,,,,,,,,,,,,,,,,,,,,,,,,,,,,,,,,,,,,,,,,,,,,,,3333,116,,149,,3055,,,,,,,,,,,,,,,,,,,,,,,,,,,,,,,,,,,,,,,,,,,,,,,,,,,,,,,,,,,,,,,,,,,,,,,,,,,,,,,,,,,,,,,,,,,,,0,1333,3039,1297,71,324,216,3061,1333,116,1334,1306,1265,116,286,216,128,293,216,,,,,,,,,,,,,,,,,,,,,,
ACSSF,2019m1,nc,000,0003,0000022,0,1087,1797,1012,1330,216,1087,604,216,604,,,,,,,,,,,,,,,,,,,,,,,,,,,,,,,,,,,,,,,,,,,,,,,,,,,,,,,,,,,,,,,,,,,,,,,,1297,1749,,,,1087,,,,,,,,,,,,,,,,,,,,,,,,,,,,,,,,,,,,,,,,,,,,,,,,,,,,,,,,,,,,,,,,,,,,,,,,,,,,,,,,,,,,,,,,,,,,,,,,,,,,,,,,,,,,,,,,,,,,,,,,,,,,,,,,,,,,,
ACSSF,2019m1,nc,000,0003,0000023,0,1017,706,177,1210,77,876,1516,288,1495,,,,,,,,,,,,,,,,,,,,,,,,,,,,,,,,,,,,,,,,,,,,,,,,,,,,,,,,,,,,,,,,,,,,,,,,1629,228,339,287,,950,,,,,,,,,,,,,,,,,,,,,,,,,,,,,,,,,,,,,,,,,,,,,,,,,,,,,,,,,,,,,,,,,,,,,,,,,,,,,,,,,,,,,,,,,,,,,,,,,,,,,,,,,,,,,,,,,,,,,,,,,,,,,,,,,,,,,
ACSSF,2019m1,nc,000,0003,0000024,0,2545,2932,703,756,229,2538,3237,1020,2941,,,,,,,,,,,,,,,,,,,,,,,,,,,,,,,,,,,,,,,,,,,,,,,,,,,,,,,,,,,,,,,,,,,,,,,,3179,2406,1242,798,798,2738,,,,,,,,,,,,,,,,,,,,,,,,,,,,,,,,,,,,,,,,,,,,,,,,,,,,,,,,,,,,,,,,,,,,,,,,,,,,,,,,,,,,,,,,,,,,,0,3237,2545,2932,703,756,229,2538,3237,1020,2941,3097,1943,574,796,1012,1223,1227,75,,,,,,,,,,756,984,594,1236,321,928,845,1057,,,,,
ACSSF,2019m1,nc,000,0003,0000025,0,910,775,478,542,177,723,809,226,834,,,,,,,,,,,,,,,,,,,,,,,,,,,,,,,,,,,,,,,,,,,,,,,,,,,,,,,,,,,,,,,,,,,,,,,,1184,432,721,105,,763,,,,,,,,,,,,,,,,,,,,,,,,,,,,,,,,,,,,,,,,,,,,,,,,,,,,,,,,,,,,,,,,,,,,,,,,,,,,,,,,,,,,,,,,,,,,,,,,,,,,,,,,,,,,,,,,,,,,,,,,,,,,,,,,,,,,,
ACSSF,2019m1,nc,000,0003,0000026,0,3497,2520,337,1594,250,3528,2550,759,2448,,,,,,,,,,,,,,,,,,,,,,,,,,,,,,,,,,,,,,,,,,,,,,,,,,,,,,,,,,,,,,,,,,,,,,,,3893,952,1419,1803,566,3585,,,,,,,,,,,,,,,,,,,,,,,,,,,,,,,,,,,,,,,,,,,,,,,,,,,,,,,,,,,,,,,,,,,,,,,,,,,,,,,,,,,,,,,,,,,,,0,2550,3497,2520,337,1594,250,3528,2550,759,2448,2402,2021,338,1080,906,859,840,216,,,,,,,,,,1594,1505,1068,1488,398,2458,1036,548,,,,,
ACSSF,2019m1,nc,000,0003,0000027,0,3227,3309,469,780,153,2637,3097,1280,2517,,,,,,,,,,,,,,,,,,,,,,,,,,,,,,,,,,,,,,,,,,,,,,,,,,,,,,,,,,,,,,,,,,,,,,,,3894,2180,545,794,208,2906,,,,,,,,,,,,,,,,,,,,,,,,,,,,,,,,,,,,,,,,,,,,,,,,,,,,,,,,,,,,,,,,,,,,,,,,,,,,,,,,,,,,,,,,,,,,,0,3097,3227,3309,469,780,153,2637,3097,1280,2517,2938,2304,251,740,243,1283,761,216,,,,,,,,,,780,1058,1381,559,242,591,412,608,,,,,
ACSSF,2019m1,nc,000,0003,0000028,0,1812,1442,199,309,216,1699,1536,486,1419,,,,,,,,,,,,,,,,,,,,,,,,,,,,,,,,,,,,,,,,,,,,,,,,,,,,,,,,,,,,,,,,,,,,,,,,2425,894,147,845,,1786,,,,,,,,,,,,,,,,,,,,,,,,,,,,,,,,,,,,,,,,,,,,,,,,,,,,,,,,,,,,,,,,,,,,,,,,,,,,,,,,,,,,,,,,,,,,,,,,,,,,,,,,,,,,,,,,,,,,,,,,,,,,,,,,,,,,,
ACSSF,2019m1,nc,000,0003,0000029,0,2019,1458,599,554,642,1907,1443,494,1425,,,,,,,,,,,,,,,,,,,,,,,,,,,,,,,,,,,,,,,,,,,,,,,,,,,,,,,,,,,,,,,,,,,,,,,,2300,657,222,514,,1979,,,,,,,,,,,,,,,,,,,,,,,,,,,,,,,,,,,,,,,,,,,,,,,,,,,,,,,,,,,,,,,,,,,,,,,,,,,,,,,,,,,,,,,,,,,,,0,1443,2019,1458,599,554,642,1907,1443,494,1425,1432,1125,551,540,216,658,85,216,,,,,,,,,,,,,,,,,,,,,,
ACSSF,2019m1,nc,000,0003,0000030,0,3883,4122,991,1248,222,3861,5360,1636,5032,,,,,,,,,,,,,,,,,,,,,,,,,,,,,,,,,,,,,,,,,,,,,,,,,,,,,,,,,,,,,,,,,,,,,,,,5553,1861,3525,764,332,3821,,,,,,,,,,,,,,,,,,,,,,,,,,,,,,,,,,,,,,,,,,,,,,,,,,,,,,,,,,,,,,,,,,,,,,,,,,,,,,,,,,,,,,,,,,,,,0,5360,3883,4122,991,1248,222,3861,5360,1636,5032,5156,2385,714,1248,3310,1775,788,216,,,,,,,,,,1248,2088,1075,902,730,629,2267,2466,,,,,
ACSSF,2019m1,nc,000,0003,0000031,0,2345,1652,464,1231,1559,2281,1163,440,1074,,,,,,,,,,,,,,,,,,,,,,,,,,,,,,,,,,,,,,,,,,,,,,,,,,,,,,,,,,,,,,,,,,,,,,,,2650,1469,361,1356,,2437,,,,,,,,,,,,,,,,,,,,,,,,,,,,,,,,,,,,,,,,,,,,,,,,,,,,,,,,,,,,,,,,,,,,,,,,,,,,,,,,,,,,,,,,,,,,,0,1163,2345,1652,464,1231,1559,2281,1163,440,1074,1105,832,463,364,67,620,432,216,,,,,,,,,,,,,,,,,,,,,,
ACSSF,2019m1,nc,000,0003,0000032,0,2327,804,420,555,216,2333,1005,216,1005,,,,,,,,,,,,,,,,,,,,,,,,,,,,,,,,,,,,,,,,,,,,,,,,,,,,,,,,,,,,,,,,,,,,,,,,2712,447,531,216,,2333,,,,,,,,,,,,,,,,,,,,,,,,,,,,,,,,,,,,,,,,,,,,,,,,,,,,,,,,,,,,,,,,,,,,,,,,,,,,,,,,,,,,,,,,,,,,,,,,,,,,,,,,,,,,,,,,,,,,,,,,,,,,,,,,,,,,,
ACSSF,2019m1,nc,000,0003,0000033,0,2348,2282,340,452,216,1876,2332,368,2299,,,,,,,,,,,,,,,,,,,,,,,,,,,,,,,,,,,,,,,,,,,,,,,,,,,,,,,,,,,,,,,,,,,,,,,,2827,1395,1757,289,,1969,,,,,,,,,,,,,,,,,,,,,,,,,,,,,,,,,,,,,,,,,,,,,,,,,,,,,,,,,,,,,,,,,,,,,,,,,,,,,,,,,,,,,,,,,,,,,0,2332,2348,2282,340,452,216,1876,2332,368,2299,1886,1080,1223,431,494,368,1130,216,,,,,,,,,,452,1065,477,130,338,402,209,993,,,,,
ACSSF,2019m1,nc,000,0003,0000034,0,3681,1509,607,335,216,3624,1385,547,1284,,,,,,,,,,,,,,,,,,,,,,,,,,,,,,,,,,,,,,,,,,,,,,,,,,,,,,,,,,,,,,,,,,,,,,,,3820,1016,689,173,,3670,,,,,,,,,,,,,,,,,,,,,,,,,,,,,,,,,,,,,,,,,,,,,,,,,,,,,,,,,,,,,,,,,,,,,,,,,,,,,,,,,,,,,,,,,,,,,0,1385,3681,1509,607,335,216,3624,1385,547,1284,1374,1214,267,362,230,547,216,121,,,,,,,,,,,,,,,,,,,,,,
ACSSF,2019m1,nc,000,0003,0000035,0,535,721,460,131,129,403,580,216,580,,,,,,,,,,,,,,,,,,,,,,,,,,,,,,,,,,,,,,,,,,,,,,,,,,,,,,,,,,,,,,,,,,,,,,,,786,473,,91,,403,,,,,,,,,,,,,,,,,,,,,,,,,,,,,,,,,,,,,,,,,,,,,,,,,,,,,,,,,,,,,,,,,,,,,,,,,,,,,,,,,,,,,,,,,,,,,,,,,,,,,,,,,,,,,,,,,,,,,,,,,,,,,,,,,,,,,
ACSSF,2019m1,nc,000,0003,0000036,0,7455,4850,1867,2631,229,7898,5817,1170,5464,,,,,,,,,,,,,,,,,,,,,,,,,,,,,,,,,,,,,,,,,,,,,,,,,,,,,,,,,,,,,,,,,,,,,,,,9314,2548,3280,1151,825,8595,,,,,,,,,,,,,,,,,,,,,,,,,,,,,,,,,,,,,,,,,,,,,,,,,,,,,,,,,,,,,,,,,,,,,,,,,,,,,,,,,,,,,,,,,,,,,0,5817,7455,4850,1867,2631,229,7898,5817,1170,5464,4691,2915,1309,2329,1730,1831,3088,91,,,,,,,,,,2631,3832,2032,1379,1150,901,3001,3197,,,,,
ACSSF,2019m1,nc,000,0003,0000037,0,1235,1023,640,403,326,1234,687,144,669,,,,,,,,,,,,,,,,,,,,,,,,,,,,,,,,,,,,,,,,,,,,,,,,,,,,,,,,,,,,,,,,,,,,,,,,1482,918,829,216,,1243,,,,,,,,,,,,,,,,,,,,,,,,,,,,,,,,,,,,,,,,,,,,,,,,,,,,,,,,,,,,,,,,,,,,,,,,,,,,,,,,,,,,,,,,,,,,,0,687,1235,1023,640,403,326,1234,687,144,669,687,578,290,403,216,144,216,216,,,,,,,,,,,,,,,,,,,,,,
ACSSF,2019m1,nc,000,0003,0000038,0,819,1113,268,247,216,1080,1346,636,1087,,,,,,,,,,,,,,,,,,,,,,,,,,,,,,,,,,,,,,,,,,,,,,,,,,,,,,,,,,,,,,,,,,,,,,,,1625,750,611,569,,927,,,,,,,,,,,,,,,,,,,,,,,,,,,,,,,,,,,,,,,,,,,,,,,,,,,,,,,,,,,,,,,,,,,,,,,,,,,,,,,,,,,,,,,,,,,,,,,,,,,,,,,,,,,,,,,,,,,,,,,,,,,,,,,,,,,,,
ACSSF,2019m1,nc,000,0003,0000039,0,2139,1886,402,497,222,2025,2107,678,1946,,,,,,,,,,,,,,,,,,,,,,,,,,,,,,,,,,,,,,,,,,,,,,,,,,,,,,,,,,,,,,,,,,,,,,,,2408,430,452,650,337,2137,,,,,,,,,,,,,,,,,,,,,,,,,,,,,,,,,,,,,,,,,,,,,,,,,,,,,,,,,,,,,,,,,,,,,,,,,,,,,,,,,,,,,,,,,,,,,0,2107,2139,1886,402,497,222,2025,2107,678,1946,2076,1738,402,472,376,945,196,216,,,,,,,,,,,,,,,,,,,,,,
ACSSF,2019m1,nc,000,0003,0000040,0,2269,2533,615,501,48,1094,2663,1260,2433,,,,,,,,,,,,,,,,,,,,,,,,,,,,,,,,,,,,,,,,,,,,,,,,,,,,,,,,,,,,,,,,,,,,,,,,2849,1719,1318,1190,968,1613,,,,,,,,,,,,,,,,,,,,,,,,,,,,,,,,,,,,,,,,,,,,,,,,,,,,,,,,,,,,,,,,,,,,,,,,,,,,,,,,,,,,,,,,,,,,,0,2663,2269,2533,615,501,48,1094,2663,1260,2433,2544,2224,562,515,216,1352,1887,45,,,,,,,,,,501,218,615,528,313,440,204,314,,,,,
ACSSF,2019m1,nc,000,0003,0000041,0,928,1421,312,607,17,1183,1344,309,1323,,,,,,,,,,,,,,,,,,,,,,,,,,,,,,,,,,,,,,,,,,,,,,,,,,,,,,,,,,,,,,,,,,,,,,,,1610,1317,1277,216,,1185,,,,,,,,,,,,,,,,,,,,,,,,,,,,,,,,,,,,,,,,,,,,,,,,,,,,,,,,,,,,,,,,,,,,,,,,,,,,,,,,,,,,,,,,,,,,,,,,,,,,,,,,,,,,,,,,,,,,,,,,,607,1216,1733,216,730,540,728,1484,,,,,
ACSSF,2019m1,nc,000,0003,0000042,0,1862,2383,428,1030,344,1884,2445,848,2500,,,,,,,,,,,,,,,,,,,,,,,,,,,,,,,,,,,,,,,,,,,,,,,,,,,,,,,,,,,,,,,,,,,,,,,,3073,902,906,228,,2207,,,,,,,,,,,,,,,,,,,,,,,,,,,,,,,,,,,,,,,,,,,,,,,,,,,,,,,,,,,,,,,,,,,,,,,,,,,,,,,,,,,,,,,,,,,,,,,,,,,,,,,,,,,,,,,,,,,,,,,,,,,,,,,,,,,,,
ACSSF,2019m1,nc,000,0003,0000043,0,2696,1909,374,1458,216,2726,1263,103,1256,,,,,,,,,,,,,,,,,,,,,,,,,,,,,,,,,,,,,,,,,,,,,,,,,,,,,,,,,,,,,,,,,,,,,,,,3002,1442,135,1463,,2723,,,,,,,,,,,,,,,,,,,,,,,,,,,,,,,,,,,,,,,,,,,,,,,,,,,,,,,,,,,,,,,,,,,,,,,,,,,,,,,,,,,,,,,,,,,,,0,1263,2696,1909,374,1458,216,2726,1263,103,1256,1267,1194,374,50,216,103,135,216,,,,,,,,,,,,,,,,,,,,,,
ACSSF,2019m1,nc,000,0003,0000044,0,1607,451,881,372,95,1635,867,76,857,,,,,,,,,,,,,,,,,,,,,,,,,,,,,,,,,,,,,,,,,,,,,,,,,,,,,,,,,,,,,,,,,,,,,,,,1849,608,498,83,,1630,,,,,,,,,,,,,,,,,,,,,,,,,,,,,,,,,,,,,,,,,,,,,,,,,,,,,,,,,,,,,,,,,,,,,,,,,,,,,,,,,,,,,,,,,,,,,0,867,1607,451,881,372,95,1635,867,76,857,663,339,411,372,212,179,518,216,,,,,,,,,,,,,,,,,,,,,,
ACSSF,2019m1,nc,000,0003,0000045,,,,,,,,,,,,,,,,,,,,,,,,,,,,,,,,,,,,,,,,,,,,,,,,,,,,,,,,,,,,,,,,,,,,,,,,,,,,,,,,,,1440,1318,1794,,,,,,,,,,,,,,,,,,,,,,,,,,,,,,,,,,,,,,,,,,,,,,,,,,,,,,,,,,,,,,,,,,,,,,,,,,,,,,,,,,,,,,,,,,,,,,,,,,,,,,,,,,,,,,,,,,,,,,,,,,,,,,,,,,,,,,,,
ACSSF,2019m1,nc,000,0003,0000046,0,1572,1594,380,523,216,1977,1757,707,1618,,,,,,,,,,,,,,,,,,,,,,,,,,,,,,,,,,,,,,,,,,,,,,,,,,,,,,,,,,,,,,,,,,,,,,,,1771,1201,1256,191,,2046,,,,,,,,,,,,,,,,,,,,,,,,,,,,,,,,,,,,,,,,,,,,,,,,,,,,,,,,,,,,,,,,,,,,,,,,,,,,,,,,,,,,,,,,,,,,,0,1757,1572,1594,380,523,216,1977,1757,707,1618,1625,928,199,357,855,707,534,216,,,,,,,,,,,,,,,,,,,,,,
ACSSF,2019m1,nc,000,0003,0000047,0,617,863,84,135,216,325,914,531,795,,,,,,,,,,,,,,,,,,,,,,,,,,,,,,,,,,,,,,,,,,,,,,,,,,,,,,,,,,,,,,,,,,,,,,,,813,370,,216,,,,,,,,,,,,,,,,,,,,,,,,,,,,,,,,,,,,,,,,,,,,,,,,,,,,,,,,,,,,,,,,,,,,,,,,,,,,,,,,,,,,,,,,,,,,,,,,,,,,,,,,,,,,,,,,,,,,,,,,,,,,,,,,,,,,,,,
ACSSF,2019m1,nc,000,0003,0000048,0,1319,826,347,84,216,1262,777,323,751,,,,,,,,,,,,,,,,,,,,,,,,,,,,,,,,,,,,,,,,,,,,,,,,,,,,,,,,,,,,,,,,,,,,,,,,1536,931,936,216,,1244,,,,,,,,,,,,,,,,,,,,,,,,,,,,,,,,,,,,,,,,,,,,,,,,,,,,,,,,,,,,,,,,,,,,,,,,,,,,,,,,,,,,,,,,,,,,,0,777,1319,826,347,84,216,1262,777,323,751,777,34,748,84,152,323,216,216,,,,,,,,,,,,,,,,,,,,,,
ACSSF,2019m1,nc,000,0003,0000049,0,2838,1525,445,757,246,2612,2023,498,1982,,,,,,,,,,,,,,,,,,,,,,,,,,,,,,,,,,,,,,,,,,,,,,,,,,,,,,,,,,,,,,,,,,,,,,,,3003,978,770,348,,2861,,,,,,,,,,,,,,,,,,,,,,,,,,,,,,,,,,,,,,,,,,,,,,,,,,,,,,,,,,,,,,,,,,,,,,,,,,,,,,,,,,,,,,,,,,,,,0,2023,2838,1525,445,757,246,2612,2023,498,1982,1714,1136,445,725,23,740,755,216,,,,,,,,,,,,,,,,,,,,,,
ACSSF,2019m1,nc,000,0003,0000050,0,6451,4626,1855,1734,224,6323,5200,1236,5090,,,,,,,,,,,,,,,,,,,,,,,,,,,,,,,,,,,,,,,,,,,,,,,,,,,,,,,,,,,,,,,,,,,,,,,,6425,3244,2101,2187,516,6438,,,,,,,,,,,,,,,,,,,,,,,,,,,,,,,,,,,,,,,,,,,,,,,,,,,,,,,,,,,,,,,,,,,,,,,,,,,,,,,,,,,,,,,,,,,,,0,5200,6451,4626,1855,1734,224,6323,5200,1236,5090,4923,3370,920,1654,288,2180,1185,216,,,,,,,,,,1734,4148,2568,1920,801,1932,1995,3837,,,,,
ACSSF,2019m1,nc,000,0003,0000051,0,1134,872,224,426,12,1009,1131,360,1068,,,,,,,,,,,,,,,,,,,,,,,,,,,,,,,,,,,,,,,,,,,,,,,,,,,,,,,,,,,,,,,,,,,,,,,,1251,414,248,530,,1092,,,,,,,,,,,,,,,,,,,,,,,,,,,,,,,,,,,,,,,,,,,,,,,,,,,,,,,,,,,,,,,,,,,,,,,,,,,,,,,,,,,,,,,,,,,,,0,1131,1134,872,224,426,12,1009,1131,360,1068,1076,642,224,387,216,682,251,81,,,,,,,,,,,,,,,,,,,,,,
ACSSF,2019m1,nc,000,0003,0000052,,,,,,,,,,,,,,,,,,,,,,,,,,,,,,,,,,,,,,,,,,,,,,,,,,,,,,,,,,,,,,,,,,,,,,,,,,,,,,,,,,1114,697,,,,975,,,,,,,,,,,,,,,,,,,,,,,,,,,,,,,,,,,,,,,,,,,,,,,,,,,,,,,,,,,,,,,,,,,,,,,,,,,,,,,,,,,,,,,,,,,,,,,,,,,,,,,,,,,,,,,,,,,,,,,,,,,,,,,,,,,,,
ACSSF,2019m1,nc,000,0003,0000053,0,1702,652,153,681,216,1732,886,358,806,,,,,,,,,,,,,,,,,,,,,,,,,,,,,,,,,,,,,,,,,,,,,,,,,,,,,,,,,,,,,,,,,,,,,,,,1832,509,,216,387,1929,,,,,,,,,,,,,,,,,,,,,,,,,,,,,,,,,,,,,,,,,,,,,,,,,,,,,,,,,,,,,,,,,,,,,,,,,,,,,,,,,,,,,,,,,,,,,,,,,,,,,,,,,,,,,,,,,,,,,,,,,,,,,,,,,,,,,
ACSSF,2019m1,nc,000,0003,0000054,40,2484,2376,765,832,216,494,985,637,699,,,,,,,,,,,,,,,,,,,,,,,,,,,,,,,,,,,,,,,,,,,,,,,,,,,,,,,,,,,,,,,,,,,,,,,,2465,2366,686,830,,910,,,,,,,,,,,,,,,,,,,,,,,,,,,,,,,,,,,,,,,,,,,,,,,,,,,,,,,,,,,,,,,,,,,,,,,,,,,,,,,,,,,,,,,,,,,,,,,,,,,,,,,,,,,,,,,,,,,,,,,,,,,,,,,,,,,,,
ACSSF,2019m1,nc,000,0003,0000055,888,4552,3630,494,3697,98,2206,1421,607,1375,,,,,,,,,,,,,,,,,,,,,,,,,,,,,,,,,,,,,,,,,,,,,,,,,,,,,,,,,,,,,,,,,,,,,,,,4727,3769,996,3628,134,2193,,,,,,,,,,,,,,,,,,,,,,,,,,,,,,,,,,,,,,,,,,,,,,,,,,,,,,,,,,,,,,,,,,,,,,,,,,,,,,,,,,,,,,,,,,,,,888,1538,4552,3630,494,3697,98,2206,1421,607,1375,1344,581,390,893,216,623,755,216,,,,,,,,,,3697,3560,1876,1163,173,1123,936,2030,,,,,
ACSSF,2019m1,nc,000,0003,0000056,49,8936,6793,1848,3308,220,7861,5718,1065,5370,,,,,,,,,,,,,,,,,,,,,,,,,,,,,,,,,,,,,,,,,,,,,,,,,,,,,,,,,,,,,,,,,,,,,,,,10178,5587,3541,2775,472,8560,,,,,,,,,,,,,,,,,,,,,,,,,,,,,,,,,,,,,,,,,,,,,,,,,,,,,,,,,,,,,,,,,,,,,,,,,,,,,,,,,,,,,,,,,,,,,49,5719,8936,6793,1848,3308,220,7861,5718,1065,5370,4467,2706,1226,2333,1716,1756,2814,91,,,,,,,,,,3308,3559,2010,1348,1150,695,2938,3058,,,,,
ACSSF,2019m1,nc,000,0003,0000057,27,5452,3891,261,1510,216,4933,1466,614,1300,,,,,,,,,,,,,,,,,,,,,,,,,,,,,,,,,,,,,,,,,,,,,,,,,,,,,,,,,,,,,,,,,,,,,,,,5656,3966,684,1629,,5008,,,,,,,,,,,,,,,,,,,,,,,,,,,,,,,,,,,,,,,,,,,,,,,,,,,,,,,,,,,,,,,,,,,,,,,,,,,,,,,,,,,,,,,,,,,,,,,,,,,,,,,,,,,,,,,,,,,,,,,,,,,,,,,,,,,,,
ACSSF,2019m1,nc,000,0003,0000058,452,4338,3317,337,1319,250,3376,2394,327,2405,,,,,,,,,,,,,,,,,,,,,,,,,,,,,,,,,,,,,,,,,,,,,,,,,,,,,,,,,,,,,,,,,,,,,,,,4472,2749,1411,1372,,3366,,,,,,,,,,,,,,,,,,,,,,,,,,,,,,,,,,,,,,,,,,,,,,,,,,,,,,,,,,,,,,,,,,,,,,,,,,,,,,,,,,,,,,,,,,,,,452,2474,4338,3317,337,1319,250,3376,2394,327,2405,2286,2025,338,1080,901,333,815,216,,,,,,,,,,1319,1363,1024,1442,398,2458,1036,548,,,,,
ACSSF,2019m1,nc,000,0003,0000059,59,3852,3860,895,1372,403,2063,2622,759,2507,,,,,,,,,,,,,,,,,,,,,,,,,,,,,,,,,,,,,,,,,,,,,,,,,,,,,,,,,,,,,,,,,,,,,,,,4030,3717,1225,1438,745,2146,,,,,,,,,,,,,,,,,,,,,,,,,,,,,,,,,,,,,,,,,,,,,,,,,,,,,,,,,,,,,,,,,,,,,,,,,,,,,,,,,,,,,,,,,,,,,59,2628,3852,3860,895,1372,403,2063,2622,759,2507,2469,1696,439,449,808,975,709,63,,,,,,,,,,1372,990,575,802,164,595,813,1053,,,,,
ACSSF,2019m1,nc,000,0003,0000060,35,3279,3012,296,829,216,1893,1181,431,1113,,,,,,,,,,,,,,,,,,,,,,,,,,,,,,,,,,,,,,,,,,,,,,,,,,,,,,,,,,,,,,,,,,,,,,,,3285,2698,,1110,,1956,,,,,,,,,,,,,,,,,,,,,,,,,,,,,,,,,,,,,,,,,,,,,,,,,,,,,,,,,,,,,,,,,,,,,,,,,,,,,,,,,,,,,,,,,,,,,,,,,,,,,,,,,,,,,,,,,,,,,,,,,,,,,,,,,,,,,
ACSSF,2019m1,nc,000,0003,0000061,72,6016,6691,1274,2115,192,3253,4217,465,4189,,,,,,,,,,,,,,,,,,,,,,,,,,,,,,,,,,,,,,,,,,,,,,,,,,,,,,,,,,,,,,,,,,,,,,,,6903,6028,3154,2273,,3322,,,,,,,,,,,,,,,,,,,,,,,,,,,,,,,,,,,,,,,,,,,,,,,,,,,,,,,,,,,,,,,,,,,,,,,,,,,,,,,,,,,,,,,,,,,,,72,4220,6016,6691,1274,2115,192,3253,4217,465,4189,4031,2153,695,1107,2827,882,731,216,,,,,,,,,,2115,1700,679,894,636,508,2142,1924,,,,,
ACSSF,2019m1,nc,000,0003,0000062,37,2910,3328,216,1060,216,786,2231,154,2186,,,,,,,,,,,,,,,,,,,,,,,,,,,,,,,,,,,,,,,,,,,,,,,,,,,,,,,,,,,,,,,,,,,,,,,,3263,2876,,958,,803,,,,,,,,,,,,,,,,,,,,,,,,,,,,,,,,,,,,,,,,,,,,,,,,,,,,,,,,,,,,,,,,,,,,,,,,,,,,,,,,,,,,,,,,,,,,,,,,,,,,,,,,,,,,,,,,,,,,,,,,,,,,,,,,,,,,,
ACSSF,2019m1,nc,000,0003,0000063,1311,5152,4706,1158,2060,105,1051,2070,1565,1361,,,,,,,,,,,,,,,,,,,,,,,,,,,,,,,,,,,,,,,,,,,,,,,,,,,,,,,,,,,,,,,,,,,,,,,,5049,4927,1258,2075,,1725,,,,,,,,,,,,,,,,,,,,,,,,,,,,,,,,,,,,,,,,,,,,,,,,,,,,,,,,,,,,,,,,,,,,,,,,,,,,,,,,,,,,,,,,,,,,,,,,,,,,,,,,,,,,,,,,,,,,,,,,,,,,,,,,,,,,,
ACSSF,2019m1,nc,000,0003,0000064,22,3478,3088,310,786,48,480,1952,464,1930,,,,,,,,,,,,,,,,,,,,,,,,,,,,,,,,,,,,,,,,,,,,,,,,,,,,,,,,,,,,,,,,,,,,,,,,3270,3326,1310,1174,318,830,,,,,,,,,,,,,,,,,,,,,,,,,,,,,,,,,,,,,,,,,,,,,,,,,,,,,,,,,,,,,,,,,,,,,,,,,,,,,,,,,,,,,,,,,,,,,22,1953,3478,3088,310,786,48,480,1952,464,1930,1665,1531,316,579,216,528,1299,45,,,,,,,,,,,,,,,,,,,,,,
ACSSF,2019m1,nc,000,0003,0000065,769,9243,8100,1937,3533,113,6458,2783,1105,2435,,,,,,,,,,,,,,,,,,,,,,,,,,,,,,,,,,,,,,,,,,,,,,,,,,,,,,,,,,,,,,,,,,,,,,,,9019,8017,2122,4094,234,6845,,,,,,,,,,,,,,,,,,,,,,,,,,,,,,,,,,,,,,,,,,,,,,,,,,,,,,,,,,,,,,,,,,,,,,,,,,,,,,,,,,,,,,,,,,,,,769,2752,9243,8100,1937,3533,113,6458,2783,1105,2435,2519,1945,745,851,233,1149,603,216,,,,,,,,,,3533,2576,1371,1162,385,1392,1526,1441,,,,,
ACSSF,2019m1,nc,000,0003,0000066,62,2918,2595,344,542,178,1393,1511,678,1286,,,,,,,,,,,,,,,,,,,,,,,,,,,,,,,,,,,,,,,,,,,,,,,,,,,,,,,,,,,,,,,,,,,,,,,,2848,2598,499,938,,1686,,,,,,,,,,,,,,,,,,,,,,,,,,,,,,,,,,,,,,,,,,,,,,,,,,,,,,,,,,,,,,,,,,,,,,,,,,,,,,,,,,,,,,,,,,,,,62,1510,2918,2595,344,542,178,1393,1511,678,1286,1503,924,224,662,325,706,88,216,,,,,,,,,,,,,,,,,,,,,,
ACSSF,2019m1,nc,000,0003,0000067,38,4769,4365,465,1139,216,2516,2865,1120,2277,,,,,,,,,,,,,,,,,,,,,,,,,,,,,,,,,,,,,,,,,,,,,,,,,,,,,,,,,,,,,,,,,,,,,,,,5088,3624,526,1439,,2814,,,,,,,,,,,,,,,,,,,,,,,,,,,,,,,,,,,,,,,,,,,,,,,,,,,,,,,,,,,,,,,,,,,,,,,,,,,,,,,,,,,,,,,,,,,,,38,2865,4769,4365,465,1139,216,2516,2865,1120,2277,2747,2163,108,601,183,1118,761,216,,,,,,,,,,1139,729,986,296,242,216,352,579,,,,,
ACSSF,2019m1,nc,000,0003,0000068,40,2484,2376,765,832,216,494,985,637,699,,,,,,,,,,,,,,,,,,,,,,,,,,,,,,,,,,,,,,,,,,,,,,,,,,,,,,,,,,,,,,,,,,,,,,,,2465,2366,686,830,,910,,,,,,,,,,,,,,,,,,,,,,,,,,,,,,,,,,,,,,,,,,,,,,,,,,,,,,,,,,,,,,,,,,,,,,,,,,,,,,,,,,,,,,,,,,,,,,,,,,,,,,,,,,,,,,,,,,,,,,,,,,,,,,,,,,,,,
ACSSF,2019m1,nc,000,0003,0000069,49,8936,6793,1848,3308,220,7861,5718,1065,5370,,,,,,,,,,,,,,,,,,,,,,,,,,,,,,,,,,,,,,,,,,,,,,,,,,,,,,,,,,,,,,,,,,,,,,,,10178,5587,3541,2775,472,8560,,,,,,,,,,,,,,,,,,,,,,,,,,,,,,,,,,,,,,,,,,,,,,,,,,,,,,,,,,,,,,,,,,,,,,,,,,,,,,,,,,,,,,,,,,,,,49,5719,8936,6793,1848,3308,220,7861,5718,1065,5370,4467,2706,1226,2333,1716,1756,2814,91,,,,,,,,,,3308,3559,2010,1348,1150,695,2938,3058,,,,,
ACSSF,2019m1,nc,000,0003,0000070,27,5452,3891,261,1510,216,4933,1466,614,1300,,,,,,,,,,,,,,,,,,,,,,,,,,,,,,,,,,,,,,,,,,,,,,,,,,,,,,,,,,,,,,,,,,,,,,,,5656,3966,684,1629,,5008,,,,,,,,,,,,,,,,,,,,,,,,,,,,,,,,,,,,,,,,,,,,,,,,,,,,,,,,,,,,,,,,,,,,,,,,,,,,,,,,,,,,,,,,,,,,,,,,,,,,,,,,,,,,,,,,,,,,,,,,,,,,,,,,,,,,,
ACSSF,2019m1,nc,000,0003,0000071,35,3279,3012,296,829,216,1893,1181,431,1113,,,,,,,,,,,,,,,,,,,,,,,,,,,,,,,,,,,,,,,,,,,,,,,,,,,,,,,,,,,,,,,,,,,,,,,,3285,2698,,1110,,1956,,,,,,,,,,,,,,,,,,,,,,,,,,,,,,,,,,,,,,,,,,,,,,,,,,,,,,,,,,,,,,,,,,,,,,,,,,,,,,,,,,,,,,,,,,,,,,,,,,,,,,,,,,,,,,,,,,,,,,,,,,,,,,,,,,,,,
ACSSF,2019m1,nc,000,0003,0000072,43,4322,3317,337,1562,250,3376,2394,327,2405,,,,,,,,,,,,,,,,,,,,,,,,,,,,,,,,,,,,,,,,,,,,,,,,,,,,,,,,,,,,,,,,,,,,,,,,4447,2749,1411,1765,,3366,,,,,,,,,,,,,,,,,,,,,,,,,,,,,,,,,,,,,,,,,,,,,,,,,,,,,,,,,,,,,,,,,,,,,,,,,,,,,,,,,,,,,,,,,,,,,43,2394,4322,3317,337,1562,250,3376,2394,327,2405,2286,2025,338,1080,901,333,815,216,,,,,,,,,,1562,1505,1024,1442,398,2458,1036,548,,,,,
ACSSF,2019m1,nc,000,0003,0000073,59,3852,3860,895,1372,403,2063,2622,759,2507,,,,,,,,,,,,,,,,,,,,,,,,,,,,,,,,,,,,,,,,,,,,,,,,,,,,,,,,,,,,,,,,,,,,,,,,4030,3717,1225,1438,745,2146,,,,,,,,,,,,,,,,,,,,,,,,,,,,,,,,,,,,,,,,,,,,,,,,,,,,,,,,,,,,,,,,,,,,,,,,,,,,,,,,,,,,,,,,,,,,,59,2628,3852,3860,895,1372,403,2063,2622,759,2507,2469,1696,439,449,808,975,709,63,,,,,,,,,,1372,990,575,802,164,595,813,1053,,,,,
ACSSF,2019m1,nc,000,0003,0000074,72,6016,6691,1274,2115,192,3253,4217,465,4189,,,,,,,,,,,,,,,,,,,,,,,,,,,,,,,,,,,,,,,,,,,,,,,,,,,,,,,,,,,,,,,,,,,,,,,,6903,6028,3154,2273,,3322,,,,,,,,,,,,,,,,,,,,,,,,,,,,,,,,,,,,,,,,,,,,,,,,,,,,,,,,,,,,,,,,,,,,,,,,,,,,,,,,,,,,,,,,,,,,,72,4220,6016,6691,1274,2115,192,3253,4217,465,4189,4031,2153,695,1107,2827,882,731,216,,,,,,,,,,2115,1700,679,894,636,508,2142,1924,,,,,
ACSSF,2019m1,nc,000,0003,0000075,48,4955,4760,1151,2060,105,1051,2050,1565,1327,,,,,,,,,,,,,,,,,,,,,,,,,,,,,,,,,,,,,,,,,,,,,,,,,,,,,,,,,,,,,,,,,,,,,,,,4836,4881,1206,2075,,1725,,,,,,,,,,,,,,,,,,,,,,,,,,,,,,,,,,,,,,,,,,,,,,,,,,,,,,,,,,,,,,,,,,,,,,,,,,,,,,,,,,,,,,,,,,,,,,,,,,,,,,,,,,,,,,,,,,,,,,,,,,,,,,,,,,,,,
ACSSF,2019m1,nc,000,0003,0000076,37,2910,3328,216,1060,216,786,2231,154,2186,,,,,,,,,,,,,,,,,,,,,,,,,,,,,,,,,,,,,,,,,,,,,,,,,,,,,,,,,,,,,,,,,,,,,,,,3263,2876,,958,,803,,,,,,,,,,,,,,,,,,,,,,,,,,,,,,,,,,,,,,,,,,,,,,,,,,,,,,,,,,,,,,,,,,,,,,,,,,,,,,,,,,,,,,,,,,,,,,,,,,,,,,,,,,,,,,,,,,,,,,,,,,,,,,,,,,,,,
ACSSF,2019m1,nc,000,0003,0000077,22,3478,3088,310,786,48,480,1952,464,1930,,,,,,,,,,,,,,,,,,,,,,,,,,,,,,,,,,,,,,,,,,,,,,,,,,,,,,,,,,,,,,,,,,,,,,,,3270,3326,1310,1174,318,830,,,,,,,,,,,,,,,,,,,,,,,,,,,,,,,,,,,,,,,,,,,,,,,,,,,,,,,,,,,,,,,,,,,,,,,,,,,,,,,,,,,,,,,,,,,,,22,1953,3478,3088,310,786,48,480,1952,464,1930,1665,1531,316,579,216,528,1299,45,,,,,,,,,,,,,,,,,,,,,,
ACSSF,2019m1,nc,000,0003,0000078,56,4492,3618,494,3697,98,2206,1469,607,1380,,,,,,,,,,,,,,,,,,,,,,,,,,,,,,,,,,,,,,,,,,,,,,,,,,,,,,,,,,,,,,,,,,,,,,,,4563,3773,976,3628,134,2193,,,,,,,,,,,,,,,,,,,,,,,,,,,,,,,,,,,,,,,,,,,,,,,,,,,,,,,,,,,,,,,,,,,,,,,,,,,,,,,,,,,,,,,,,,,,,56,1465,4492,3618,494,3697,98,2206,1469,607,1380,1344,581,390,893,216,623,695,216,,,,,,,,,,3697,3560,1876,1163,173,1123,936,2030,,,,,
ACSSF,2019m1,nc,000,0003,0000079,73,9250,8099,1937,3464,113,6458,2701,791,2435,,,,,,,,,,,,,,,,,,,,,,,,,,,,,,,,,,,,,,,,,,,,,,,,,,,,,,,,,,,,,,,,,,,,,,,,9041,8005,2122,3843,234,6717,,,,,,,,,,,,,,,,,,,,,,,,,,,,,,,,,,,,,,,,,,,,,,,,,,,,,,,,,,,,,,,,,,,,,,,,,,,,,,,,,,,,,,,,,,,,,73,2687,9250,8099,1937,3464,113,6458,2701,791,2435,2442,1945,745,851,233,877,603,216,,,,,,,,,,3464,2576,1371,1037,385,1392,1526,1441,,,,,
ACSSF,2019m1,nc,000,0003,0000080,62,2918,2595,344,542,178,1393,1511,678,1286,,,,,,,,,,,,,,,,,,,,,,,,,,,,,,,,,,,,,,,,,,,,,,,,,,,,,,,,,,,,,,,,,,,,,,,,2848,2598,499,938,,1686,,,,,,,,,,,,,,,,,,,,,,,,,,,,,,,,,,,,,,,,,,,,,,,,,,,,,,,,,,,,,,,,,,,,,,,,,,,,,,,,,,,,,,,,,,,,,62,1510,2918,2595,344,542,178,1393,1511,678,1286,1503,924,224,662,325,706,88,216,,,,,,,,,,,,,,,,,,,,,,
ACSSF,2019m1,nc,000,0003,0000081,38,4769,4365,465,1139,216,2516,2865,1120,2277,,,,,,,,,,,,,,,,,,,,,,,,,,,,,,,,,,,,,,,,,,,,,,,,,,,,,,,,,,,,,,,,,,,,,,,,5088,3624,526,1439,,2814,,,,,,,,,,,,,,,,,,,,,,,,,,,,,,,,,,,,,,,,,,,,,,,,,,,,,,,,,,,,,,,,,,,,,,,,,,,,,,,,,,,,,,,,,,,,,38,2865,4769,4365,465,1139,216,2516,2865,1120,2277,2747,2163,108,601,183,1118,761,216,,,,,,,,,,1139,729,986,296,242,216,352,579,,,,,
ACSSF,2019m1,nc,000,0003,0000082,7648,6193,7143,691,3463,377,4000,4160,773,4122,,,,,,,,,,,,,,,,,,,,,,,,,,,,,,,,,,,,,,,,,,,,,,,,,,,,,,,,,,,,,,,,,,,,,,,,7483,6447,2127,3867,840,3918,,,,,,,,,,,,,,,,,,,,,,,,,,,,,,,,,,,,,,,,,,,,,,,,,,,,,,,,,,,,,,,,,,,,,,,,,,,,,,,,,,,,,,,,,,,,,7648,8081,6193,7143,691,3463,377,4000,4160,773,4122,4123,3117,967,1045,1458,1049,1192,61,,,,,,,,,,3463,1590,1055,1731,395,818,1045,617,,,,,
ACSSF,2019m1,nc,000,0003,0000083,10987,10916,8415,1096,3756,1567,5925,4005,1169,3653,,,,,,,,,,,,,,,,,,,,,,,,,,,,,,,,,,,,,,,,,,,,,,,,,,,,,,,,,,,,,,,,,,,,,,,,10782,8193,1824,4598,1620,6160,,,,,,,,,,,,,,,,,,,,,,,,,,,,,,,,,,,,,,,,,,,,,,,,,,,,,,,,,,,,,,,,,,,,,,,,,,,,,,,,,,,,,,,,,,,,,10987,12097,10916,8415,1096,3756,1567,5925,4005,1169,3653,3781,2033,1148,1672,361,2469,1195,286,,,,,,,,,,3756,2522,1221,1610,211,741,1134,2132,,,,,
ACSSF,2019m1,nc,000,0003,0000084,5503,5838,5522,864,2002,416,2955,3966,1667,3859,,,,,,,,,,,,,,,,,,,,,,,,,,,,,,,,,,,,,,,,,,,,,,,,,,,,,,,,,,,,,,,,,,,,,,,,6392,5610,1913,2000,1496,3333,,,,,,,,,,,,,,,,,,,,,,,,,,,,,,,,,,,,,,,,,,,,,,,,,,,,,,,,,,,,,,,,,,,,,,,,,,,,,,,,,,,,,,,,,,,,,5503,6903,5838,5522,864,2002,416,2955,3966,1667,3859,3752,2789,1191,1819,935,1729,2200,95,,,,,,,,,,2002,396,792,1693,400,493,254,1190,,,,,
ACSSF,2019m1,nc,000,0003,0000085,10713,9995,8212,1934,4557,161,7027,4559,1353,4153,,,,,,,,,,,,,,,,,,,,,,,,,,,,,,,,,,,,,,,,,,,,,,,,,,,,,,,,,,,,,,,,,,,,,,,,10277,8429,2514,4405,287,7350,,,,,,,,,,,,,,,,,,,,,,,,,,,,,,,,,,,,,,,,,,,,,,,,,,,,,,,,,,,,,,,,,,,,,,,,,,,,,,,,,,,,,,,,,,,,,10713,10773,9995,8212,1934,4557,161,7027,4559,1353,4153,4259,3172,1478,1393,275,1382,1178,216,,,,,,,,,,4557,4232,2738,1527,1052,2977,1870,3527,,,,,
ACSSF,2019m1,nc,000,0003,0000086,1723,3966,3636,910,1502,506,2989,3239,1288,2832,,,,,,,,,,,,,,,,,,,,,,,,,,,,,,,,,,,,,,,,,,,,,,,,,,,,,,,,,,,,,,,,,,,,,,,,4899,2944,1551,1565,662,3092,,,,,,,,,,,,,,,,,,,,,,,,,,,,,,,,,,,,,,,,,,,,,,,,,,,,,,,,,,,,,,,,,,,,,,,,,,,,,,,,,,,,,,,,,,,,,1723,3792,3966,3636,910,1502,506,2989,3239,1288,2832,3189,2623,1270,927,270,1322,791,216,,,,,,,,,,1502,1063,1402,582,683,602,487,1056,,,,,
ACSSF,2019m1,nc,000,0003,0000087,9694,8283,9607,2760,2978,300,5676,5199,832,5197,,,,,,,,,,,,,,,,,,,,,,,,,,,,,,,,,,,,,,,,,,,,,,,,,,,,,,,,,,,,,,,,,,,,,,,,9491,9052,4432,2831,563,5767,,,,,,,,,,,,,,,,,,,,,,,,,,,,,,,,,,,,,,,,,,,,,,,,,,,,,,,,,,,,,,,,,,,,,,,,,,,,,,,,,,,,,,,,,,,,,9694,10675,8283,9607,2760,2978,300,5676,5199,832,5197,5020,3337,550,754,3397,1005,1021,292,,,,,,,,,,2978,1606,920,1040,558,514,1628,1538,,,,,
ACSSF,2019m1,nc,000,0003,0000088,6685,7645,5414,1090,1343,323,3586,4122,946,4080,,,,,,,,,,,,,,,,,,,,,,,,,,,,,,,,,,,,,,,,,,,,,,,,,,,,,,,,,,,,,,,,,,,,,,,,8179,4297,3005,1473,719,3834,,,,,,,,,,,,,,,,,,,,,,,,,,,,,,,,,,,,,,,,,,,,,,,,,,,,,,,,,,,,,,,,,,,,,,,,,,,,,,,,,,,,,,,,,,,,,6685,7524,7645,5414,1090,1343,323,3586,4122,946,4080,3673,2632,920,765,2052,1355,1647,220,,,,,,,,,,1343,997,743,435,181,1188,205,345,,,,,
ACSSF,2019m1,nc,000,0003,0000089,5694,7621,5863,2117,1811,405,6121,5833,1256,5568,,,,,,,,,,,,,,,,,,,,,,,,,,,,,,,,,,,,,,,,,,,,,,,,,,,,,,,,,,,,,,,,,,,,,,,,8470,4558,3387,1798,1316,6326,,,,,,,,,,,,,,,,,,,,,,,,,,,,,,,,,,,,,,,,,,,,,,,,,,,,,,,,,,,,,,,,,,,,,,,,,,,,,,,,,,,,,,,,,,,,,5694,8120,7621,5863,2117,1811,405,6121,5833,1256,5568,5069,3856,1721,1525,1006,1372,1603,838,,,,,,,,,,1811,2263,1483,1363,319,1506,1193,1809,,,,,
ACSSF,2019m1,nc,000,0003,0000090,9544,9600,6181,1684,3504,322,4696,3538,842,3502,,,,,,,,,,,,,,,,,,,,,,,,,,,,,,,,,,,,,,,,,,,,,,,,,,,,,,,,,,,,,,,,,,,,,,,,9660,5882,1853,4317,874,4790,,,,,,,,,,,,,,,,,,,,,,,,,,,,,,,,,,,,,,,,,,,,,,,,,,,,,,,,,,,,,,,,,,,,,,,,,,,,,,,,,,,,,,,,,,,,,9544,10279,9600,6181,1684,3504,322,4696,3538,842,3502,3462,1506,1700,2154,520,1333,1305,216,,,,,,,,,,3504,2974,1261,1140,1121,1591,1568,1019,,,,,
ACSSF,2019m1,nc,000,0003,0000091,6318,7258,3873,1350,2081,658,3581,3029,1627,2639,,,,,,,,,,,,,,,,,,,,,,,,,,,,,,,,,,,,,,,,,,,,,,,,,,,,,,,,,,,,,,,,,,,,,,,,8017,3281,2252,2059,,3212,,,,,,,,,,,,,,,,,,,,,,,,,,,,,,,,,,,,,,,,,,,,,,,,,,,,,,,,,,,,,,,,,,,,,,,,,,,,,,,,,,,,,,,,,,,,,6318,6148,7258,3873,1350,2081,658,3581,3029,1627,2639,3013,2017,1426,845,98,1774,163,216,,,,,,,,,,2081,489,564,884,321,300,476,2001,,,,,
ACSSF,2019m1,nc,000,0003,0000092,5595,6868,2967,1613,1271,577,4774,2130,947,1913,,,,,,,,,,,,,,,,,,,,,,,,,,,,,,,,,,,,,,,,,,,,,,,,,,,,,,,,,,,,,,,,,,,,,,,,7334,3455,1781,1406,,4795,,,,,,,,,,,,,,,,,,,,,,,,,,,,,,,,,,,,,,,,,,,,,,,,,,,,,,,,,,,,,,,,,,,,,,,,,,,,,,,,,,,,,,,,,,,,,5595,5807,6868,2967,1613,1271,577,4774,2130,947,1913,2185,1570,1024,993,796,970,602,216,,,,,,,,,,1271,988,609,741,524,623,572,818,,,,,
ACSSF,2019m1,nc,000,0003,0000093,8784,10854,5383,1856,4070,229,8025,5173,1057,4785,,,,,,,,,,,,,,,,,,,,,,,,,,,,,,,,,,,,,,,,,,,,,,,,,,,,,,,,,,,,,,,,,,,,,,,,11731,4308,3287,4089,841,8729,,,,,,,,,,,,,,,,,,,,,,,,,,,,,,,,,,,,,,,,,,,,,,,,,,,,,,,,,,,,,,,,,,,,,,,,,,,,,,,,,,,,,,,,,,,,,8784,9715,10854,5383,1856,4070,229,8025,5173,1057,4785,3834,2736,1324,1635,1730,1756,2977,91,,,,,,,,,,4070,3619,1914,1165,263,744,2915,3238,,,,,
ACSSF,2019m1,nc,000,0003,0000094,11045,7575,7634,1271,2490,200,3213,4297,1789,3834,,,,,,,,,,,,,,,,,,,,,,,,,,,,,,,,,,,,,,,,,,,,,,,,,,,,,,,,,,,,,,,,,,,,,,,,9068,7970,2181,2441,323,3551,,,,,,,,,,,,,,,,,,,,,,,,,,,,,,,,,,,,,,,,,,,,,,,,,,,,,,,,,,,,,,,,,,,,,,,,,,,,,,,,,,,,,,,,,,,,,11045,10384,7575,7634,1271,2490,200,3213,4297,1789,3834,3885,2325,1490,1510,866,1817,1374,216,,,,,,,,,,2490,2315,1096,553,517,780,2461,3068,,,,,
ACSSF,2019m1,nc,000,0003,0000095,1513,1761,600,389,604,86,929,700,488,490,,,,,,,,,,,,,,,,,,,,,,,,,,,,,,,,,,,,,,,,,,,,,,,,,,,,,,,,,,,,,,,,,,,,,,,,1757,727,552,560,,948,,,,,,,,,,,,,,,,,,,,,,,,,,,,,,,,,,,,,,,,,,,,,,,,,,,,,,,,,,,,,,,,,,,,,,,,,,,,,,,,,,,,,,,,,,,,,1513,1563,1761,600,389,604,86,929,700,488,490,687,420,351,274,216,569,80,216,,,,,,,,,,,,,,,,,,,,,,
ACSSF,2019m1,nc,000,0003,0000096,1513,2438,1260,368,191,488,1530,1080,331,1069,,,,,,,,,,,,,,,,,,,,,,,,,,,,,,,,,,,,,,,,,,,,,,,,,,,,,,,,,,,,,,,,,,,,,,,,2872,1160,1014,433,,1516,,,,,,,,,,,,,,,,,,,,,,,,,,,,,,,,,,,,,,,,,,,,,,,,,,,,,,,,,,,,,,,,,,,,,,,,,,,,,,,,,,,,,,,,,,,,,1513,1579,2438,1260,368,191,488,1530,1080,331,1069,1128,756,773,402,152,331,327,216,,,,,,,,,,,,,,,,,,,,,,
ACSSF,2019m1,nc,000,0003,0000097,0,1409,1815,1882,346,210,1247,1312,287,1275,,,,,,,,,,,,,,,,,,,,,,,,,,,,,,,,,,,,,,,,,,,,,,,,,,,,,,,,,,,,,,,,,,,,,,,,1706,1565,1992,507,,1306,,,,,,,,,,,,,,,,,,,,,,,,,,,,,,,,,,,,,,,,,,,,,,,,,,,,,,,,,,,,,,,,,,,,,,,,,,,,,,,,,,,,,,,,,,,,,,,,,,,,,,,,,,,,,,,,,,,,,,,,,,,,,,,,,,,,,
ACSSF,2019m1,nc,000,0003,0000098,113,2217,1969,981,705,243,1912,1502,986,1139,,,,,,,,,,,,,,,,,,,,,,,,,,,,,,,,,,,,,,,,,,,,,,,,,,,,,,,,,,,,,,,,,,,,,,,,2781,2075,1480,944,333,1706,,,,,,,,,,,,,,,,,,,,,,,,,,,,,,,,,,,,,,,,,,,,,,,,,,,,,,,,,,,,,,,,,,,,,,,,,,,,,,,,,,,,,,,,,,,,,113,1514,2217,1969,981,705,243,1912,1502,986,1139,1400,594,480,99,668,1032,846,216,,,,,,,,,,,,,,,,,,,,,,
ACSSF,2019m1,nc,000,0003,0000099,1299,2268,2541,519,350,216,1962,1874,516,1762,,,,,,,,,,,,,,,,,,,,,,,,,,,,,,,,,,,,,,,,,,,,,,,,,,,,,,,,,,,,,,,,,,,,,,,,2887,2191,812,905,,1985,,,,,,,,,,,,,,,,,,,,,,,,,,,,,,,,,,,,,,,,,,,,,,,,,,,,,,,,,,,,,,,,,,,,,,,,,,,,,,,,,,,,,,,,,,,,,1299,2362,2268,2541,519,350,216,1962,1874,516,1762,1843,1363,582,708,39,560,287,216,,,,,,,,,,,,,,,,,,,,,,
ACSSF,2019m1,nc,000,0003,0000100,1299,1621,1757,318,839,72,708,937,300,851,,,,,,,,,,,,,,,,,,,,,,,,,,,,,,,,,,,,,,,,,,,,,,,,,,,,,,,,,,,,,,,,,,,,,,,,1677,1750,808,857,,775,,,,,,,,,,,,,,,,,,,,,,,,,,,,,,,,,,,,,,,,,,,,,,,,,,,,,,,,,,,,,,,,,,,,,,,,,,,,,,,,,,,,,,,,,,,,,,,,,,,,,,,,,,,,,,,,,,,,,,,,,,,,,,,,,,,,,
ACSSF,2019m1,nc,000,0003,0000101,2043,1874,1868,107,702,146,395,1241,216,1241,,,,,,,,,,,,,,,,,,,,,,,,,,,,,,,,,,,,,,,,,,,,,,,,,,,,,,,,,,,,,,,,,,,,,,,,2026,2323,859,1174,,,,,,,,,,,,,,,,,,,,,,,,,,,,,,,,,,,,,,,,,,,,,,,,,,,,,,,,,,,,,,,,,,,,,,,,,,,,,,,,,,,,,,,,,,,,,,,,,,,,,,,,,,,,,,,,,,,,,,,,,,,,,,,,,,,,,,,
ACSSF,2019m1,nc,000,0003,0000102,1539,3056,2518,410,334,98,1156,608,549,300,,,,,,,,,,,,,,,,,,,,,,,,,,,,,,,,,,,,,,,,,,,,,,,,,,,,,,,,,,,,,,,,,,,,,,,,3158,2513,462,333,,1165,,,,,,,,,,,,,,,,,,,,,,,,,,,,,,,,,,,,,,,,,,,,,,,,,,,,,,,,,,,,,,,,,,,,,,,,,,,,,,,,,,,,,,,,,,,,,,,,,,,,,,,,,,,,,,,,,,,,,,,,,,,,,,,,,,,,,
ACSSF,2019m1,nc,000,0003,0000103,0,992,1470,268,302,93,1210,1725,636,1442,,,,,,,,,,,,,,,,,,,,,,,,,,,,,,,,,,,,,,,,,,,,,,,,,,,,,,,,,,,,,,,,,,,,,,,,1946,1009,720,645,,1072,,,,,,,,,,,,,,,,,,,,,,,,,,,,,,,,,,,,,,,,,,,,,,,,,,,,,,,,,,,,,,,,,,,,,,,,,,,,,,,,,,,,,,,,,,,,,0,1725,992,1470,268,302,93,1210,1725,636,1442,1641,1023,477,567,141,712,241,216,,,,,,,,,,,,,,,,,,,,,,
ACSSF,2019m1,nc,000,0003,0000104,1973,2324,1768,226,681,70,1734,903,372,834,,,,,,,,,,,,,,,,,,,,,,,,,,,,,,,,,,,,,,,,,,,,,,,,,,,,,,,,,,,,,,,,,,,,,,,,2522,1721,537,216,393,1939,,,,,,,,,,,,,,,,,,,,,,,,,,,,,,,,,,,,,,,,,,,,,,,,,,,,,,,,,,,,,,,,,,,,,,,,,,,,,,,,,,,,,,,,,,,,,1973,2158,2324,1768,226,681,70,1734,903,372,834,816,438,32,681,280,412,275,216,,,,,,,,,,,,,,,,,,,,,,
ACSSF,2019m1,nc,000,0003,0000105,0,3681,1509,607,335,216,3624,1385,547,1284,,,,,,,,,,,,,,,,,,,,,,,,,,,,,,,,,,,,,,,,,,,,,,,,,,,,,,,,,,,,,,,,,,,,,,,,3820,1016,689,173,,3670,,,,,,,,,,,,,,,,,,,,,,,,,,,,,,,,,,,,,,,,,,,,,,,,,,,,,,,,,,,,,,,,,,,,,,,,,,,,,,,,,,,,,,,,,,,,,0,1385,3681,1509,607,335,216,3624,1385,547,1284,1374,1214,267,362,230,547,216,121,,,,,,,,,,,,,,,,,,,,,,
ACSSF,2019m1,nc,000,0003,0000106,9562,6525,5849,577,1857,216,1920,1199,286,1182,,,,,,,,,,,,,,,,,,,,,,,,,,,,,,,,,,,,,,,,,,,,,,,,,,,,,,,,,,,,,,,,,,,,,,,,6331,5961,668,1905,,1936,,,,,,,,,,,,,,,,,,,,,,,,,,,,,,,,,,,,,,,,,,,,,,,,,,,,,,,,,,,,,,,,,,,,,,,,,,,,,,,,,,,,,,,,,,,,,9562,9596,6525,5849,577,1857,216,1920,1199,286,1182,1200,1040,178,450,89,298,80,216,,,,,,,,,,,,,,,,,,,,,,
ACSSF,2019m1,nc,000,0003,0000107,9502,7186,5645,583,2011,216,5267,1570,496,1381,,,,,,,,,,,,,,,,,,,,,,,,,,,,,,,,,,,,,,,,,,,,,,,,,,,,,,,,,,,,,,,,,,,,,,,,7119,5758,691,2317,,5433,,,,,,,,,,,,,,,,,,,,,,,,,,,,,,,,,,,,,,,,,,,,,,,,,,,,,,,,,,,,,,,,,,,,,,,,,,,,,,,,,,,,,,,,,,,,,9502,9463,7186,5645,583,2011,216,5267,1570,496,1381,1371,991,333,535,216,559,399,216,,,,,,,,,,,,,,,,,,,,,,
ACSSF,2019m1,nc,000,0003,0000108,9516,7755,5740,1537,1373,216,3315,1435,513,1276,,,,,,,,,,,,,,,,,,,,,,,,,,,,,,,,,,,,,,,,,,,,,,,,,,,,,,,,,,,,,,,,,,,,,,,,7800,5894,,1828,,3389,,,,,,,,,,,,,,,,,,,,,,,,,,,,,,,,,,,,,,,,,,,,,,,,,,,,,,,,,,,,,,,,,,,,,,,,,,,,,,,,,,,,,,,,,,,,,9516,9588,7755,5740,1537,1373,216,3315,1435,513,1276,1435,817,692,862,216,513,216,216,,,,,,,,,,,,,,,,,,,,,,
ACSSF,2019m1,nc,000,0003,0000109,10941,7302,9089,137,2455,193,4441,2192,638,2357,,,,,,,,,,,,,,,,,,,,,,,,,,,,,,,,,,,,,,,,,,,,,,,,,,,,,,,,,,,,,,,,,,,,,,,,7285,9136,,3125,,4438,,,,,,,,,,,,,,,,,,,,,,,,,,,,,,,,,,,,,,,,,,,,,,,,,,,,,,,,,,,,,,,,,,,,,,,,,,,,,,,,,,,,,,,,,,,,,,,,,,,,,,,,,,,,,,,,,,,,,,,,,,,,,,,,,,,,,
ACSSF,2019m1,nc,000,0003,0000110,7124,7640,6252,1359,2754,216,1589,1144,316,1054,,,,,,,,,,,,,,,,,,,,,,,,,,,,,,,,,,,,,,,,,,,,,,,,,,,,,,,,,,,,,,,,,,,,,,,,7716,6221,1332,2850,,1720,,,,,,,,,,,,,,,,,,,,,,,,,,,,,,,,,,,,,,,,,,,,,,,,,,,,,,,,,,,,,,,,,,,,,,,,,,,,,,,,,,,,,,,,,,,,,7124,7071,7640,6252,1359,2754,216,1589,1144,316,1054,1016,717,456,297,216,398,226,216,,,,,,,,,,,,,,,,,,,,,,
ACSSF,2019m1,nc,000,0003,0000111,6815,6841,3007,399,4044,216,361,2521,369,2482,,,,,,,,,,,,,,,,,,,,,,,,,,,,,,,,,,,,,,,,,,,,,,,,,,,,,,,,,,,,,,,,,,,,,,,,7103,3367,603,3942,,508,,,,,,,,,,,,,,,,,,,,,,,,,,,,,,,,,,,,,,,,,,,,,,,,,,,,,,,,,,,,,,,,,,,,,,,,,,,,,,,,,,,,,,,,,,,,,,,,,,,,,,,,,,,,,,,,,,,,,,,,,4044,3636,1332,774,613,780,452,1294,,,,,
ACSSF,2019m1,nc,000,0003,0000112,6342,5465,3212,439,2971,98,2619,1383,503,1353,,,,,,,,,,,,,,,,,,,,,,,,,,,,,,,,,,,,,,,,,,,,,,,,,,,,,,,,,,,,,,,,,,,,,,,,5618,3464,1002,3058,134,2632,,,,,,,,,,,,,,,,,,,,,,,,,,,,,,,,,,,,,,,,,,,,,,,,,,,,,,,,,,,,,,,,,,,,,,,,,,,,,,,,,,,,,,,,,,,,,6342,6060,5465,3212,439,2971,98,2619,1383,503,1353,1208,579,458,792,216,503,652,216,,,,,,,,,,2971,2189,1623,321,173,536,1065,1177,,,,,
ACSSF,2019m1,nc,000,0003,0000113,4715,5891,3865,134,3055,59,2054,1117,534,944,,,,,,,,,,,,,,,,,,,,,,,,,,,,,,,,,,,,,,,,,,,,,,,,,,,,,,,,,,,,,,,,,,,,,,,,5861,3998,461,3143,,2118,,,,,,,,,,,,,,,,,,,,,,,,,,,,,,,,,,,,,,,,,,,,,,,,,,,,,,,,,,,,,,,,,,,,,,,,,,,,,,,,,,,,,,,,,,,,,,,,,,,,,,,,,,,,,,,,,,,,,,,,,3055,2206,1286,1065,117,936,532,1703,,,,,
ACSSF,2019m1,nc,000,0003,0000114,7684,5944,6527,340,1793,216,2829,1812,692,1727,,,,,,,,,,,,,,,,,,,,,,,,,,,,,,,,,,,,,,,,,,,,,,,,,,,,,,,,,,,,,,,,,,,,,,,,6323,6346,1496,1687,,2824,,,,,,,,,,,,,,,,,,,,,,,,,,,,,,,,,,,,,,,,,,,,,,,,,,,,,,,,,,,,,,,,,,,,,,,,,,,,,,,,,,,,,,,,,,,,,7684,7737,5944,6527,340,1793,216,2829,1812,692,1727,1586,504,618,901,736,763,753,216,,,,,,,,,,1793,1332,995,1402,398,2450,1022,345,,,,,
ACSSF,2019m1,nc,000,0003,0000115,7684,5767,5758,126,1203,250,2732,2208,293,2198,,,,,,,,,,,,,,,,,,,,,,,,,,,,,,,,,,,,,,,,,,,,,,,,,,,,,,,,,,,,,,,,,,,,,,,,6011,6065,813,1448,566,2754,,,,,,,,,,,,,,,,,,,,,,,,,,,,,,,,,,,,,,,,,,,,,,,,,,,,,,,,,,,,,,,,,,,,,,,,,,,,,,,,,,,,,,,,,,,,,7684,7566,5767,5758,126,1203,250,2732,2208,293,2198,2176,1992,623,484,510,398,396,216,,,,,,,,,,,,,,,,,,,,,,
ACSSF,2019m1,nc,000,0003,0000116,22,929,1421,312,607,17,1183,1344,309,1323,,,,,,,,,,,,,,,,,,,,,,,,,,,,,,,,,,,,,,,,,,,,,,,,,,,,,,,,,,,,,,,,,,,,,,,,1611,1317,1277,216,,1185,,,,,,,,,,,,,,,,,,,,,,,,,,,,,,,,,,,,,,,,,,,,,,,,,,,,,,,,,,,,,,,,,,,,,,,,,,,,,,,,,,,,,,,,,,,,,,,,,,,,,,,,,,,,,,,,,,,,,,,,,607,1216,1733,216,730,540,728,1484,,,,,
ACSSF,2019m1,nc,000,0003,0000117,0,3529,2530,111,521,216,3140,1628,206,1615,,,,,,,,,,,,,,,,,,,,,,,,,,,,,,,,,,,,,,,,,,,,,,,,,,,,,,,,,,,,,,,,,,,,,,,,3735,2112,457,450,,3161,,,,,,,,,,,,,,,,,,,,,,,,,,,,,,,,,,,,,,,,,,,,,,,,,,,,,,,,,,,,,,,,,,,,,,,,,,,,,,,,,,,,,,,,,,,,,0,1628,3529,2530,111,521,216,3140,1628,206,1615,1618,1486,244,286,19,220,293,137,,,,,,,,,,,,,,,,,,,,,,
ACSSF,2019m1,nc,000,0003,0000118,115,3018,2007,1663,470,132,3152,2047,215,2034,,,,,,,,,,,,,,,,,,,,,,,,,,,,,,,,,,,,,,,,,,,,,,,,,,,,,,,,,,,,,,,,,,,,,,,,3827,707,1767,355,,3150,,,,,,,,,,,,,,,,,,,,,,,,,,,,,,,,,,,,,,,,,,,,,,,,,,,,,,,,,,,,,,,,,,,,,,,,,,,,,,,,,,,,,,,,,,,,,115,2052,3018,2007,1663,470,132,3152,2047,215,2034,2018,1796,150,307,534,233,195,272,,,,,,,,,,,,,,,,,,,,,,
ACSSF,2019m1,nc,000,0003,0000119,8037,5243,6487,1056,1915,192,1925,3454,232,3431,,,,,,,,,,,,,,,,,,,,,,,,,,,,,,,,,,,,,,,,,,,,,,,,,,,,,,,,,,,,,,,,,,,,,,,,5496,6484,,2202,,1988,,,,,,,,,,,,,,,,,,,,,,,,,,,,,,,,,,,,,,,,,,,,,,,,,,,,,,,,,,,,,,,,,,,,,,,,,,,,,,,,,,,,,,,,,,,,,8037,8096,5243,6487,1056,1915,192,1925,3454,232,3431,3454,849,68,992,2820,785,216,216,,,,,,,,,,,,,,,,,,,,,,
ACSSF,2019m1,nc,000,0003,0000120,8168,4907,6232,858,2206,216,2171,2135,432,2063,,,,,,,,,,,,,,,,,,,,,,,,,,,,,,,,,,,,,,,,,,,,,,,,,,,,,,,,,,,,,,,,,,,,,,,,5712,6557,1016,2160,,2296,,,,,,,,,,,,,,,,,,,,,,,,,,,,,,,,,,,,,,,,,,,,,,,,,,,,,,,,,,,,,,,,,,,,,,,,,,,,,,,,,,,,,,,,,,,,,8168,7624,4907,6232,858,2206,216,2171,2135,432,2063,2058,1778,602,365,190,482,641,216,,,,,,,,,,2206,1550,356,308,216,89,1935,1911,,,,,
ACSSF,2019m1,nc,000,0003,0000121,9159,5621,7535,269,1961,216,2459,1936,216,1936,,,,,,,,,,,,,,,,,,,,,,,,,,,,,,,,,,,,,,,,,,,,,,,,,,,,,,,,,,,,,,,,,,,,,,,,5877,7314,,2018,,2459,,,,,,,,,,,,,,,,,,,,,,,,,,,,,,,,,,,,,,,,,,,,,,,,,,,,,,,,,,,,,,,,,,,,,,,,,,,,,,,,,,,,,,,,,,,,,,,,,,,,,,,,,,,,,,,,,,,,,,,,,,,,,,,,,,,,,
ACSSF,2019m1,nc,000,0003,0000122,5315,5606,4989,1120,2092,105,1497,2170,1565,1481,,,,,,,,,,,,,,,,,,,,,,,,,,,,,,,,,,,,,,,,,,,,,,,,,,,,,,,,,,,,,,,,,,,,,,,,5796,5233,1181,2199,,1685,,,,,,,,,,,,,,,,,,,,,,,,,,,,,,,,,,,,,,,,,,,,,,,,,,,,,,,,,,,,,,,,,,,,,,,,,,,,,,,,,,,,,,,,,,,,,5315,5650,5606,4989,1120,2092,105,1497,2170,1565,1481,2114,1130,199,601,107,1563,271,216,,,,,,,,,,,,,,,,,,,,,,
ACSSF,2019m1,nc,000,0003,0000123,5956,5183,4208,122,844,216,1077,688,627,402,,,,,,,,,,,,,,,,,,,,,,,,,,,,,,,,,,,,,,,,,,,,,,,,,,,,,,,,,,,,,,,,,,,,,,,,5282,4200,167,922,,1256,,,,,,,,,,,,,,,,,,,,,,,,,,,,,,,,,,,,,,,,,,,,,,,,,,,,,,,,,,,,,,,,,,,,,,,,,,,,,,,,,,,,,,,,,,,,,,,,,,,,,,,,,,,,,,,,,,,,,,,,,,,,,,,,,,,,,
ACSSF,2019m1,nc,000,0003,0000124,6983,7510,5188,453,1135,216,2054,2878,1142,2288,,,,,,,,,,,,,,,,,,,,,,,,,,,,,,,,,,,,,,,,,,,,,,,,,,,,,,,,,,,,,,,,,,,,,,,,7896,4884,459,1485,,2269,,,,,,,,,,,,,,,,,,,,,,,,,,,,,,,,,,,,,,,,,,,,,,,,,,,,,,,,,,,,,,,,,,,,,,,,,,,,,,,,,,,,,,,,,,,,,6983,7194,7510,5188,453,1135,216,2054,2878,1142,2288,2786,2162,108,592,183,1142,736,216,,,,,,,,,,1135,494,877,296,44,216,352,442,,,,,
ACSSF,2019m1,nc,000,0003,0000125,4281,4939,3148,625,1261,153,1893,813,370,726,,,,,,,,,,,,,,,,,,,,,,,,,,,,,,,,,,,,,,,,,,,,,,,,,,,,,,,,,,,,,,,,,,,,,,,,5114,3154,704,1219,,1975,,,,,,,,,,,,,,,,,,,,,,,,,,,,,,,,,,,,,,,,,,,,,,,,,,,,,,,,,,,,,,,,,,,,,,,,,,,,,,,,,,,,,,,,,,,,,4281,4244,4939,3148,625,1261,153,1893,813,370,726,810,346,231,532,159,370,193,216,,,,,,,,,,,,,,,,,,,,,,
ACSSF,2019m1,nc,000,0003,0000126,3799,3741,1490,97,358,216,548,1031,121,1029,,,,,,,,,,,,,,,,,,,,,,,,,,,,,,,,,,,,,,,,,,,,,,,,,,,,,,,,,,,,,,,,,,,,,,,,3873,1850,1199,444,,567,,,,,,,,,,,,,,,,,,,,,,,,,,,,,,,,,,,,,,,,,,,,,,,,,,,,,,,,,,,,,,,,,,,,,,,,,,,,,,,,,,,,,,,,,,,,,,,,,,,,,,,,,,,,,,,,,,,,,,,,,,,,,,,,,,,,,
ACSSF,2019m1,nc,000,0003,0000127,0,863,1191,216,607,216,1013,1096,266,1041,,,,,,,,,,,,,,,,,,,,,,,,,,,,,,,,,,,,,,,,,,,,,,,,,,,,,,,,,,,,,,,,,,,,,,,,1244,925,,911,,959,,,,,,,,,,,,,,,,,,,,,,,,,,,,,,,,,,,,,,,,,,,,,,,,,,,,,,,,,,,,,,,,,,,,,,,,,,,,,,,,,,,,,,,,,,,,,,,,,,,,,,,,,,,,,,,,,,,,,,,,,,,,,,,,,,,,,
ACSSF,2019m1,nc,000,0003,0000128,474,1427,1292,1027,320,553,2760,1238,273,1194,,,,,,,,,,,,,,,,,,,,,,,,,,,,,,,,,,,,,,,,,,,,,,,,,,,,,,,,,,,,,,,,,,,,,,,,1894,1890,1113,202,,2708,,,,,,,,,,,,,,,,,,,,,,,,,,,,,,,,,,,,,,,,,,,,,,,,,,,,,,,,,,,,,,,,,,,,,,,,,,,,,,,,,,,,,,,,,,,,,474,1214,1427,1292,1027,320,553,2760,1238,273,1194,1238,1068,454,198,216,273,216,216,,,,,,,,,,,,,,,,,,,,,,
ACSSF,2019m1,nc,000,0003,0000129,4967,5178,1883,746,899,216,534,1248,637,1013,,,,,,,,,,,,,,,,,,,,,,,,,,,,,,,,,,,,,,,,,,,,,,,,,,,,,,,,,,,,,,,,,,,,,,,,5315,1485,604,972,,937,,,,,,,,,,,,,,,,,,,,,,,,,,,,,,,,,,,,,,,,,,,,,,,,,,,,,,,,,,,,,,,,,,,,,,,,,,,,,,,,,,,,,,,,,,,,,4967,5043,5178,1883,746,899,216,534,1248,637,1013,1257,749,563,617,216,637,111,216,,,,,,,,,,,,,,,,,,,,,,
ACSSF,2019m1,nc,000,0003,0000130,4967,5451,1449,97,833,107,2223,914,319,841,,,,,,,,,,,,,,,,,,,,,,,,,,,,,,,,,,,,,,,,,,,,,,,,,,,,,,,,,,,,,,,,,,,,,,,,5282,1479,707,963,,2325,,,,,,,,,,,,,,,,,,,,,,,,,,,,,,,,,,,,,,,,,,,,,,,,,,,,,,,,,,,,,,,,,,,,,,,,,,,,,,,,,,,,,,,,,,,,,,,,,,,,,,,,,,,,,,,,,,,,,,,,,,,,,,,,,,,,,
ACSSF,2019m1,nc,000,0003,0000131,3087,3203,571,1211,585,75,1045,1277,723,966,,,,,,,,,,,,,,,,,,,,,,,,,,,,,,,,,,,,,,,,,,,,,,,,,,,,,,,,,,,,,,,,,,,,,,,,3184,733,1399,585,,1577,,,,,,,,,,,,,,,,,,,,,,,,,,,,,,,,,,,,,,,,,,,,,,,,,,,,,,,,,,,,,,,,,,,,,,,,,,,,,,,,,,,,,,,,,,,,,3087,3124,3203,571,1211,585,75,1045,1277,723,966,1279,703,527,216,101,723,54,216,,,,,,,,,,,,,,,,,,,,,,
ACSSF,2019m1,nc,000,0003,0000132,3087,2798,807,912,474,85,905,539,132,516,,,,,,,,,,,,,,,,,,,,,,,,,,,,,,,,,,,,,,,,,,,,,,,,,,,,,,,,,,,,,,,,,,,,,,,,2799,835,1075,487,,913,,,,,,,,,,,,,,,,,,,,,,,,,,,,,,,,,,,,,,,,,,,,,,,,,,,,,,,,,,,,,,,,,,,,,,,,,,,,,,,,,,,,,,,,,,,,,,,,,,,,,,,,,,,,,,,,,,,,,,,,,,,,,,,,,,,,,
ACSSF,2019m1,nc,000,0003,0000133,30,2557,1275,420,555,216,2333,1083,216,1083,,,,,,,,,,,,,,,,,,,,,,,,,,,,,,,,,,,,,,,,,,,,,,,,,,,,,,,,,,,,,,,,,,,,,,,,3015,1006,558,281,,2333,,,,,,,,,,,,,,,,,,,,,,,,,,,,,,,,,,,,,,,,,,,,,,,,,,,,,,,,,,,,,,,,,,,,,,,,,,,,,,,,,,,,,,,,,,,,,,,,,,,,,,,,,,,,,,,,,,,,,,,,,,,,,,,,,,,,,
ACSSF,2019m1,nc,000,0003,0000134,4526,3864,3201,1147,320,216,693,1063,531,967,,,,,,,,,,,,,,,,,,,,,,,,,,,,,,,,,,,,,,,,,,,,,,,,,,,,,,,,,,,,,,,,,,,,,,,,3842,2994,1205,371,,924,,,,,,,,,,,,,,,,,,,,,,,,,,,,,,,,,,,,,,,,,,,,,,,,,,,,,,,,,,,,,,,,,,,,,,,,,,,,,,,,,,,,,,,,,,,,,,,,,,,,,,,,,,,,,,,,,,,,,,,,,,,,,,,,,,,,,
ACSSF,2019m1,nc,000,0003,0000135,4498,3868,2836,460,1352,129,1414,780,216,780,,,,,,,,,,,,,,,,,,,,,,,,,,,,,,,,,,,,,,,,,,,,,,,,,,,,,,,,,,,,,,,,,,,,,,,,3831,2923,,1397,,1414,,,,,,,,,,,,,,,,,,,,,,,,,,,,,,,,,,,,,,,,,,,,,,,,,,,,,,,,,,,,,,,,,,,,,,,,,,,,,,,,,,,,,,,,,,,,,,,,,,,,,,,,,,,,,,,,,,,,,,,,,,,,,,,,,,,,,
ACSSF,2019m1,nc,000,0003,0000136,538,2107,1319,489,280,216,2546,1705,1347,1334,,,,,,,,,,,,,,,,,,,,,,,,,,,,,,,,,,,,,,,,,,,,,,,,,,,,,,,,,,,,,,,,,,,,,,,,2393,274,1468,216,,1976,,,,,,,,,,,,,,,,,,,,,,,,,,,,,,,,,,,,,,,,,,,,,,,,,,,,,,,,,,,,,,,,,,,,,,,,,,,,,,,,,,,,,,,,,,,,,,,,,,,,,,,,,,,,,,,,,,,,,,,,,,,,,,,,,,,,,
ACSSF,2019m1,nc,000,0003,0000137,3811,3922,2653,340,625,216,1906,2242,368,2199,,,,,,,,,,,,,,,,,,,,,,,,,,,,,,,,,,,,,,,,,,,,,,,,,,,,,,,,,,,,,,,,,,,,,,,,4420,2047,1696,460,,2001,,,,,,,,,,,,,,,,,,,,,,,,,,,,,,,,,,,,,,,,,,,,,,,,,,,,,,,,,,,,,,,,,,,,,,,,,,,,,,,,,,,,,,,,,,,,,3811,4155,3922,2653,340,625,216,1906,2242,368,2199,1861,1064,1217,431,494,368,1130,216,,,,,,,,,,,,,,,,,,,,,,
ACSSF,2019m1,nc,000,0003,0000138,4037,4034,2553,578,984,642,384,811,240,795,,,,,,,,,,,,,,,,,,,,,,,,,,,,,,,,,,,,,,,,,,,,,,,,,,,,,,,,,,,,,,,,,,,,,,,,3885,2700,384,955,,547,,,,,,,,,,,,,,,,,,,,,,,,,,,,,,,,,,,,,,,,,,,,,,,,,,,,,,,,,,,,,,,,,,,,,,,,,,,,,,,,,,,,,,,,,,,,,4037,4202,4034,2553,578,984,642,384,811,240,795,797,522,564,140,216,240,85,216,,,,,,,,,,,,,,,,,,,,,,
ACSSF,2019m1,nc,000,0003,0000139,4042,4407,2984,296,825,216,1914,1206,431,1140,,,,,,,,,,,,,,,,,,,,,,,,,,,,,,,,,,,,,,,,,,,,,,,,,,,,,,,,,,,,,,,,,,,,,,,,4447,2777,,1119,,1972,,,,,,,,,,,,,,,,,,,,,,,,,,,,,,,,,,,,,,,,,,,,,,,,,,,,,,,,,,,,,,,,,,,,,,,,,,,,,,,,,,,,,,,,,,,,,4042,4015,4407,2984,296,825,216,1914,1206,431,1140,1206,901,186,538,216,619,216,216,,,,,,,,,,,,,,,,,,,,,,
ACSSF,2019m1,nc,000,0003,0000140,7321,3810,6100,1829,2557,229,4026,1709,644,1555,,,,,,,,,,,,,,,,,,,,,,,,,,,,,,,,,,,,,,,,,,,,,,,,,,,,,,,,,,,,,,,,,,,,,,,,4265,6334,2128,2776,,4235,,,,,,,,,,,,,,,,,,,,,,,,,,,,,,,,,,,,,,,,,,,,,,,,,,,,,,,,,,,,,,,,,,,,,,,,,,,,,,,,,,,,,,,,,,,,,7321,7054,3810,6100,1829,2557,229,4026,1709,644,1555,1451,610,352,447,106,1264,904,216,,,,,,,,,,2557,518,1495,239,216,123,1284,1785,,,,,
ACSSF,2019m1,nc,000,0003,0000141,9496,2869,8952,195,1949,110,4133,1665,257,1665,,,,,,,,,,,,,,,,,,,,,,,,,,,,,,,,,,,,,,,,,,,,,,,,,,,,,,,,,,,,,,,,,,,,,,,,3351,8851,1251,2123,,4176,,,,,,,,,,,,,,,,,,,,,,,,,,,,,,,,,,,,,,,,,,,,,,,,,,,,,,,,,,,,,,,,,,,,,,,,,,,,,,,,,,,,,,,,,,,,,9496,9538,2869,8952,195,1949,110,4133,1665,257,1665,1558,993,93,419,1101,288,527,91,,,,,,,,,,,,,,,,,,,,,,
ACSSF,2019m1,nc,000,0003,0000142,10420,3934,8018,370,3093,183,6198,2229,250,2247,,,,,,,,,,,,,,,,,,,,,,,,,,,,,,,,,,,,,,,,,,,,,,,,,,,,,,,,,,,,,,,,,,,,,,,,4220,8165,1840,3240,,6148,,,,,,,,,,,,,,,,,,,,,,,,,,,,,,,,,,,,,,,,,,,,,,,,,,,,,,,,,,,,,,,,,,,,,,,,,,,,,,,,,,,,,,,,,,,,,,,,,,,,,,,,,,,,,,,,,,,,,,,,,3093,2126,266,220,216,111,1683,1927,,,,,
ACSSF,2019m1,nc,000,0003,0000143,8568,7798,3173,207,2541,216,2599,2904,121,2908,,,,,,,,,,,,,,,,,,,,,,,,,,,,,,,,,,,,,,,,,,,,,,,,,,,,,,,,,,,,,,,,,,,,,,,,7825,3805,,3217,,2583,,,,,,,,,,,,,,,,,,,,,,,,,,,,,,,,,,,,,,,,,,,,,,,,,,,,,,,,,,,,,,,,,,,,,,,,,,,,,,,,,,,,,,,,,,,,,,,,,,,,,,,,,,,,,,,,,,,,,,,,,2541,2043,969,660,1121,274,400,627,,,,,
ACSSF,2019m1,nc,000,0003,0000144,9397,7397,6049,282,1680,216,1484,1251,478,1116,,,,,,,,,,,,,,,,,,,,,,,,,,,,,,,,,,,,,,,,,,,,,,,,,,,,,,,,,,,,,,,,,,,,,,,,7326,5996,751,1714,,1565,,,,,,,,,,,,,,,,,,,,,,,,,,,,,,,,,,,,,,,,,,,,,,,,,,,,,,,,,,,,,,,,,,,,,,,,,,,,,,,,,,,,,,,,,,,,,9397,9568,7397,6049,282,1680,216,1484,1251,478,1116,1079,612,445,348,50,519,463,216,,,,,,,,,,,,,,,,,,,,,,
ACSSF,2019m1,nc,000,0003,0000145,7361,5317,6788,154,1252,26,3046,1065,62,1063,,,,,,,,,,,,,,,,,,,,,,,,,,,,,,,,,,,,,,,,,,,,,,,,,,,,,,,,,,,,,,,,,,,,,,,,5307,6838,330,1495,,3056,,,,,,,,,,,,,,,,,,,,,,,,,,,,,,,,,,,,,,,,,,,,,,,,,,,,,,,,,,,,,,,,,,,,,,,,,,,,,,,,,,,,,,,,,,,,,,,,,,,,,,,,,,,,,,,,,,,,,,,,,1252,919,506,347,216,460,55,664,,,,,
ACSSF,2019m1,nc,000,0003,0000146,7404,4959,6772,470,2610,216,4073,2967,353,2742,,,,,,,,,,,,,,,,,,,,,,,,,,,,,,,,,,,,,,,,,,,,,,,,,,,,,,,,,,,,,,,,,,,,,,,,5753,7145,859,2723,,4707,,,,,,,,,,,,,,,,,,,,,,,,,,,,,,,,,,,,,,,,,,,,,,,,,,,,,,,,,,,,,,,,,,,,,,,,,,,,,,,,,,,,,,,,,,,,,7404,7066,4959,6772,470,2610,216,4073,2967,353,2742,1738,1527,600,343,216,516,2138,216,,,,,,,,,,2610,1618,240,164,216,464,1565,879,,,,,
ACSSF,2019m1,nc,000,0003,0000147,9891,6494,7878,59,3320,81,2236,1453,405,1384,,,,,,,,,,,,,,,,,,,,,,,,,,,,,,,,,,,,,,,,,,,,,,,,,,,,,,,,,,,,,,,,,,,,,,,,6575,8050,1112,3354,,2278,,,,,,,,,,,,,,,,,,,,,,,,,,,,,,,,,,,,,,,,,,,,,,,,,,,,,,,,,,,,,,,,,,,,,,,,,,,,,,,,,,,,,,,,,,,,,9891,9842,6494,7878,59,3320,81,2236,1453,405,1384,1371,936,909,610,270,641,762,216,,,,,,,,,,3320,2753,748,875,263,515,2178,658,,,,,
ACSSF,2019m1,nc,000,0003,0000148,5608,5737,3618,261,1396,216,4605,2661,654,2523,,,,,,,,,,,,,,,,,,,,,,,,,,,,,,,,,,,,,,,,,,,,,,,,,,,,,,,,,,,,,,,,,,,,,,,,6390,4306,674,1349,,4618,,,,,,,,,,,,,,,,,,,,,,,,,,,,,,,,,,,,,,,,,,,,,,,,,,,,,,,,,,,,,,,,,,,,,,,,,,,,,,,,,,,,,,,,,,,,,,,,,,,,,,,,,,,,,,,,,,,,,,,,,,,,,,,,,,,,,
ACSSF,2019m1,nc,000,0003,0000149,5608,4349,4314,1128,1315,152,1527,1999,243,1983,,,,,,,,,,,,,,,,,,,,,,,,,,,,,,,,,,,,,,,,,,,,,,,,,,,,,,,,,,,,,,,,,,,,,,,,4690,4377,1646,1585,279,1457,,,,,,,,,,,,,,,,,,,,,,,,,,,,,,,,,,,,,,,,,,,,,,,,,,,,,,,,,,,,,,,,,,,,,,,,,,,,,,,,,,,,,,,,,,,,,,,,,,,,,,,,,,,,,,,,,,,,,,,,,,,,,,,,,,,,,
ACSSF,2019m1,nc,000,0003,0000150,120,1603,1594,380,523,216,1977,1757,707,1618,,,,,,,,,,,,,,,,,,,,,,,,,,,,,,,,,,,,,,,,,,,,,,,,,,,,,,,,,,,,,,,,,,,,,,,,1801,1201,1256,191,,2046,,,,,,,,,,,,,,,,,,,,,,,,,,,,,,,,,,,,,,,,,,,,,,,,,,,,,,,,,,,,,,,,,,,,,,,,,,,,,,,,,,,,,,,,,,,,,120,1754,1603,1594,380,523,216,1977,1757,707,1618,1625,928,199,357,855,707,534,216,,,,,,,,,,,,,,,,,,,,,,
ACSSF,2019m1,nc,000,0003,0000151,0,910,775,478,542,177,723,809,226,834,,,,,,,,,,,,,,,,,,,,,,,,,,,,,,,,,,,,,,,,,,,,,,,,,,,,,,,,,,,,,,,,,,,,,,,,1184,432,721,105,,763,,,,,,,,,,,,,,,,,,,,,,,,,,,,,,,,,,,,,,,,,,,,,,,,,,,,,,,,,,,,,,,,,,,,,,,,,,,,,,,,,,,,,,,,,,,,,,,,,,,,,,,,,,,,,,,,,,,,,,,,,,,,,,,,,,,,,
ACSSF,2019m1,nc,000,0003,0000152,0,2696,1909,374,1458,216,2726,1263,103,1256,,,,,,,,,,,,,,,,,,,,,,,,,,,,,,,,,,,,,,,,,,,,,,,,,,,,,,,,,,,,,,,,,,,,,,,,3002,1442,135,1463,,2723,,,,,,,,,,,,,,,,,,,,,,,,,,,,,,,,,,,,,,,,,,,,,,,,,,,,,,,,,,,,,,,,,,,,,,,,,,,,,,,,,,,,,,,,,,,,,0,1263,2696,1909,374,1458,216,2726,1263,103,1256,1267,1194,374,50,216,103,135,216,,,,,,,,,,,,,,,,,,,,,,
ACSSF,2019m1,nc,000,0003,0000153,0,1558,1340,637,1146,326,1549,861,144,848,,,,,,,,,,,,,,,,,,,,,,,,,,,,,,,,,,,,,,,,,,,,,,,,,,,,,,,,,,,,,,,,,,,,,,,,1860,1385,820,1116,,1565,,,,,,,,,,,,,,,,,,,,,,,,,,,,,,,,,,,,,,,,,,,,,,,,,,,,,,,,,,,,,,,,,,,,,,,,,,,,,,,,,,,,,,,,,,,,,0,861,1558,1340,637,1146,326,1549,861,144,848,861,782,335,403,216,144,216,216,,,,,,,,,,,,,,,,,,,,,,
ACSSF,2019m1,nc,000,0003,0000154,0,2345,1652,464,1231,1559,2281,1163,440,1074,,,,,,,,,,,,,,,,,,,,,,,,,,,,,,,,,,,,,,,,,,,,,,,,,,,,,,,,,,,,,,,,,,,,,,,,2650,1469,361,1356,,2437,,,,,,,,,,,,,,,,,,,,,,,,,,,,,,,,,,,,,,,,,,,,,,,,,,,,,,,,,,,,,,,,,,,,,,,,,,,,,,,,,,,,,,,,,,,,,0,1163,2345,1652,464,1231,1559,2281,1163,440,1074,1105,832,463,364,67,620,432,216,,,,,,,,,,,,,,,,,,,,,,
ACSSF,2019m1,nc,000,0003,0000155,0,2266,1736,672,849,128,2179,1131,141,1127,,,,,,,,,,,,,,,,,,,,,,,,,,,,,,,,,,,,,,,,,,,,,,,,,,,,,,,,,,,,,,,,,,,,,,,,2460,1179,696,863,,2182,,,,,,,,,,,,,,,,,,,,,,,,,,,,,,,,,,,,,,,,,,,,,,,,,,,,,,,,,,,,,,,,,,,,,,,,,,,,,,,,,,,,,,,,,,,,,0,1131,2266,1736,672,849,128,2179,1131,141,1127,1014,663,306,173,153,547,157,224,,,,,,,,,,,,,,,,,,,,,,
ACSSF,2019m1,nc,000,0003,0000156,132,1127,872,224,426,12,1009,1131,360,1068,,,,,,,,,,,,,,,,,,,,,,,,,,,,,,,,,,,,,,,,,,,,,,,,,,,,,,,,,,,,,,,,,,,,,,,,1239,414,248,530,,1092,,,,,,,,,,,,,,,,,,,,,,,,,,,,,,,,,,,,,,,,,,,,,,,,,,,,,,,,,,,,,,,,,,,,,,,,,,,,,,,,,,,,,,,,,,,,,132,1142,1127,872,224,426,12,1009,1131,360,1068,1076,642,224,387,216,682,251,81,,,,,,,,,,,,,,,,,,,,,,
ACSSF,2019m1,nc,000,0003,0000157,6738,6843,2871,262,440,216,722,2057,1275,1623,,,,,,,,,,,,,,,,,,,,,,,,,,,,,,,,,,,,,,,,,,,,,,,,,,,,,,,,,,,,,,,,,,,,,,,,6940,2839,1229,1239,,1498,,,,,,,,,,,,,,,,,,,,,,,,,,,,,,,,,,,,,,,,,,,,,,,,,,,,,,,,,,,,,,,,,,,,,,,,,,,,,,,,,,,,,,,,,,,,,,,,,,,,,,,,,,,,,,,,,,,,,,,,,,,,,,,,,,,,,
ACSSF,2019m1,nc,000,0003,0000158,0,1862,2383,428,1030,344,1884,2445,848,2500,,,,,,,,,,,,,,,,,,,,,,,,,,,,,,,,,,,,,,,,,,,,,,,,,,,,,,,,,,,,,,,,,,,,,,,,3073,902,906,228,,2207,,,,,,,,,,,,,,,,,,,,,,,,,,,,,,,,,,,,,,,,,,,,,,,,,,,,,,,,,,,,,,,,,,,,,,,,,,,,,,,,,,,,,,,,,,,,,,,,,,,,,,,,,,,,,,,,,,,,,,,,,,,,,,,,,,,,,
ACSSF,2019m1,nc,000,0003,0000159,0,1017,706,177,1210,77,876,1516,288,1495,,,,,,,,,,,,,,,,,,,,,,,,,,,,,,,,,,,,,,,,,,,,,,,,,,,,,,,,,,,,,,,,,,,,,,,,1629,228,339,287,,950,,,,,,,,,,,,,,,,,,,,,,,,,,,,,,,,,,,,,,,,,,,,,,,,,,,,,,,,,,,,,,,,,,,,,,,,,,,,,,,,,,,,,,,,,,,,,,,,,,,,,,,,,,,,,,,,,,,,,,,,,,,,,,,,,,,,,
ACSSF,2019m1,nc,000,0003,0000160,1469,1857,1534,226,273,42,1039,759,390,606,,,,,,,,,,,,,,,,,,,,,,,,,,,,,,,,,,,,,,,,,,,,,,,,,,,,,,,,,,,,,,,,,,,,,,,,1903,1556,231,190,,1110,,,,,,,,,,,,,,,,,,,,,,,,,,,,,,,,,,,,,,,,,,,,,,,,,,,,,,,,,,,,,,,,,,,,,,,,,,,,,,,,,,,,,,,,,,,,,1469,1709,1857,1534,226,273,42,1039,759,390,606,758,498,179,283,155,390,52,90,,,,,,,,,,,,,,,,,,,,,,
ACSSF,2019m1,nc,000,0003,0000161,6636,7062,2689,602,655,48,1092,2627,464,2642,,,,,,,,,,,,,,,,,,,,,,,,,,,,,,,,,,,,,,,,,,,,,,,,,,,,,,,,,,,,,,,,,,,,,,,,7282,2204,1382,1613,968,1260,,,,,,,,,,,,,,,,,,,,,,,,,,,,,,,,,,,,,,,,,,,,,,,,,,,,,,,,,,,,,,,,,,,,,,,,,,,,,,,,,,,,,,,,,,,,,6636,6796,7062,2689,602,655,48,1092,2627,464,2642,2321,2150,564,676,216,565,1878,45,,,,,,,,,,655,218,671,543,292,320,204,314,,,,,
ACSSF,2019m1,nc,000,0003,0000162,4688,4745,1888,293,681,200,976,1775,216,1775,,,,,,,,,,,,,,,,,,,,,,,,,,,,,,,,,,,,,,,,,,,,,,,,,,,,,,,,,,,,,,,,,,,,,,,,4677,2492,924,972,,976,,,,,,,,,,,,,,,,,,,,,,,,,,,,,,,,,,,,,,,,,,,,,,,,,,,,,,,,,,,,,,,,,,,,,,,,,,,,,,,,,,,,,,,,,,,,,4688,5011,4745,1888,293,681,200,976,1775,216,1775,1812,1517,205,369,890,602,180,216,,,,,,,,,,,,,,,,,,,,,,
ACSSF,2019m1,nc,000,0003,0000163,4688,4450,2522,361,606,222,2027,1562,678,1333,,,,,,,,,,,,,,,,,,,,,,,,,,,,,,,,,,,,,,,,,,,,,,,,,,,,,,,,,,,,,,,,,,,,,,,,4818,2509,489,689,337,2140,,,,,,,,,,,,,,,,,,,,,,,,,,,,,,,,,,,,,,,,,,,,,,,,,,,,,,,,,,,,,,,,,,,,,,,,,,,,,,,,,,,,,,,,,,,,,4688,4617,4450,2522,361,606,222,2027,1562,678,1333,1517,1107,402,472,376,729,196,216,,,,,,,,,,,,,,,,,,,,,,
ACSSF,2019m1,nc,000,0003,0000164,0,1640,2031,677,388,32,1646,2313,413,2265,,,,,,,,,,,,,,,,,,,,,,,,,,,,,,,,,,,,,,,,,,,,,,,,,,,,,,,,,,,,,,,,,,,,,,,,2550,440,1961,216,,1640,,,,,,,,,,,,,,,,,,,,,,,,,,,,,,,,,,,,,,,,,,,,,,,,,,,,,,,,,,,,,,,,,,,,,,,,,,,,,,,,,,,,,,,,,,,,,0,2313,1640,2031,677,388,32,1646,2313,413,2265,1698,1457,677,388,686,418,1584,216,,,,,,,,,,,,,,,,,,,,,,
ACSSF,2019m1,nc,000,0003,0000165,2275,1539,2375,1627,685,216,1682,1769,85,1775,,,,,,,,,,,,,,,,,,,,,,,,,,,,,,,,,,,,,,,,,,,,,,,,,,,,,,,,,,,,,,,,,,,,,,,,1663,2014,2274,718,,1684,,,,,,,,,,,,,,,,,,,,,,,,,,,,,,,,,,,,,,,,,,,,,,,,,,,,,,,,,,,,,,,,,,,,,,,,,,,,,,,,,,,,,,,,,,,,,,,,,,,,,,,,,,,,,,,,,,,,,,,,,,,,,,,,,,,,,
ACSSF,2019m1,nc,000,0003,0000166,4526,3565,3947,541,1255,454,1527,2070,317,2042,,,,,,,,,,,,,,,,,,,,,,,,,,,,,,,,,,,,,,,,,,,,,,,,,,,,,,,,,,,,,,,,,,,,,,,,3995,3784,1101,1455,762,1456,,,,,,,,,,,,,,,,,,,,,,,,,,,,,,,,,,,,,,,,,,,,,,,,,,,,,,,,,,,,,,,,,,,,,,,,,,,,,,,,,,,,,,,,,,,,,4526,4400,3565,3947,541,1255,454,1527,2070,317,2042,1901,1264,344,437,849,698,624,63,,,,,,,,,,1255,155,452,750,164,505,794,752,,,,,
ACSSF,2019m1,nc,000,0003,0000167,5257,4040,4072,937,747,457,1291,1355,250,1348,,,,,,,,,,,,,,,,,,,,,,,,,,,,,,,,,,,,,,,,,,,,,,,,,,,,,,,,,,,,,,,,,,,,,,,,4487,4092,1034,1093,670,1414,,,,,,,,,,,,,,,,,,,,,,,,,,,,,,,,,,,,,,,,,,,,,,,,,,,,,,,,,,,,,,,,,,,,,,,,,,,,,,,,,,,,,,,,,,,,,5257,5148,4040,4072,937,747,457,1291,1355,250,1348,1179,1032,340,580,203,396,1016,40,,,,,,,,,,,,,,,,,,,,,,
ACSSF,2019m1,nc,000,0003,0000168,6370,4554,3829,960,1252,308,1556,2005,958,1653,,,,,,,,,,,,,,,,,,,,,,,,,,,,,,,,,,,,,,,,,,,,,,,,,,,,,,,,,,,,,,,,,,,,,,,,4600,4188,1167,1475,394,1864,,,,,,,,,,,,,,,,,,,,,,,,,,,,,,,,,,,,,,,,,,,,,,,,,,,,,,,,,,,,,,,,,,,,,,,,,,,,,,,,,,,,,,,,,,,,,6370,6357,4554,3829,960,1252,308,1556,2005,958,1653,1941,1067,317,336,658,1060,343,216,,,,,,,,,,,,,,,,,,,,,,
ACSSF,2019m1,nc,000,0003,0000169,2275,2007,1598,1723,372,95,1644,859,76,852,,,,,,,,,,,,,,,,,,,,,,,,,,,,,,,,,,,,,,,,,,,,,,,,,,,,,,,,,,,,,,,,,,,,,,,,2219,1705,1652,83,,1637,,,,,,,,,,,,,,,,,,,,,,,,,,,,,,,,,,,,,,,,,,,,,,,,,,,,,,,,,,,,,,,,,,,,,,,,,,,,,,,,,,,,,,,,,,,,,2275,2301,2007,1598,1723,372,95,1644,859,76,852,643,339,327,372,212,179,518,216,,,,,,,,,,,,,,,,,,,,,,
ACSSF,2019m1,nc,000,0003,0000170,0,1429,2155,927,603,216,1273,2303,583,2272,,,,,,,,,,,,,,,,,,,,,,,,,,,,,,,,,,,,,,,,,,,,,,,,,,,,,,,,,,,,,,,,,,,,,,,,2470,1022,1063,1220,,1404,,,,,,,,,,,,,,,,,,,,,,,,,,,,,,,,,,,,,,,,,,,,,,,,,,,,,,,,,,,,,,,,,,,,,,,,,,,,,,,,,,,,,,,,,,,,,0,2303,1429,2155,927,603,216,1273,2303,583,2272,1503,610,893,359,394,683,956,835,,,,,,,,,,,,,,,,,,,,,,
ACSSF,2019m1,nc,000,0003,0000171,4772,4808,3019,500,1326,49,2192,1413,270,1391,,,,,,,,,,,,,,,,,,,,,,,,,,,,,,,,,,,,,,,,,,,,,,,,,,,,,,,,,,,,,,,,,,,,,,,,4761,2791,895,1561,,2265,,,,,,,,,,,,,,,,,,,,,,,,,,,,,,,,,,,,,,,,,,,,,,,,,,,,,,,,,,,,,,,,,,,,,,,,,,,,,,,,,,,,,,,,,,,,,4772,5132,4808,3019,500,1326,49,2192,1413,270,1391,1217,1116,354,280,23,373,727,216,,,,,,,,,,,,,,,,,,,,,,
ACSSF,2019m1,nc,000,0003,0000172,4772,4937,2253,249,817,246,2237,1145,464,1149,,,,,,,,,,,,,,,,,,,,,,,,,,,,,,,,,,,,,,,,,,,,,,,,,,,,,,,,,,,,,,,,,,,,,,,,4969,2242,598,509,,2438,,,,,,,,,,,,,,,,,,,,,,,,,,,,,,,,,,,,,,,,,,,,,,,,,,,,,,,,,,,,,,,,,,,,,,,,,,,,,,,,,,,,,,,,,,,,,4772,4884,4937,2253,249,817,246,2237,1145,464,1149,1086,284,455,616,216,683,185,216,,,,,,,,,,,,,,,,,,,,,,
ACSSF,2019m1,nc,000,0003,0000173,3506,3887,3071,703,791,229,2504,3219,968,2887,,,,,,,,,,,,,,,,,,,,,,,,,,,,,,,,,,,,,,,,,,,,,,,,,,,,,,,,,,,,,,,,,,,,,,,,4263,2611,1231,1040,727,2711,,,,,,,,,,,,,,,,,,,,,,,,,,,,,,,,,,,,,,,,,,,,,,,,,,,,,,,,,,,,,,,,,,,,,,,,,,,,,,,,,,,,,,,,,,,,,3506,4613,3887,3071,703,791,229,2504,3219,968,2887,3096,1845,554,738,1012,1240,1176,63,,,,,,,,,,791,989,594,1235,321,931,828,1057,,,,,
ACSSF,2019m1,nc,000,0003,0000174,0,1862,2383,428,1030,344,1884,2445,848,2500,,,,,,,,,,,,,,,,,,,,,,,,,,,,,,,,,,,,,,,,,,,,,,,,,,,,,,,,,,,,,,,,,,,,,,,,3073,902,906,228,,2207,,,,,,,,,,,,,,,,,,,,,,,,,,,,,,,,,,,,,,,,,,,,,,,,,,,,,,,,,,,,,,,,,,,,,,,,,,,,,,,,,,,,,,,,,,,,,,,,,,,,,,,,,,,,,,,,,,,,,,,,,,,,,,,,,,,,,
ACSSF,2019m1,nc,000,0003,0000175,0,3019,2007,1663,470,132,3152,2047,215,2034,,,,,,,,,,,,,,,,,,,,,,,,,,,,,,,,,,,,,,,,,,,,,,,,,,,,,,,,,,,,,,,,,,,,,,,,3828,707,1767,355,,3150,,,,,,,,,,,,,,,,,,,,,,,,,,,,,,,,,,,,,,,,,,,,,,,,,,,,,,,,,,,,,,,,,,,,,,,,,,,,,,,,,,,,,,,,,,,,,0,2047,3019,2007,1663,470,132,3152,2047,215,2034,2018,1796,150,307,534,233,195,272,,,,,,,,,,,,,,,,,,,,,,
ACSSF,2019m1,nc,000,0003,0000176,0,1640,2031,677,388,32,1646,2313,413,2265,,,,,,,,,,,,,,,,,,,,,,,,,,,,,,,,,,,,,,,,,,,,,,,,,,,,,,,,,,,,,,,,,,,,,,,,2550,440,1961,216,,1640,,,,,,,,,,,,,,,,,,,,,,,,,,,,,,,,,,,,,,,,,,,,,,,,,,,,,,,,,,,,,,,,,,,,,,,,,,,,,,,,,,,,,,,,,,,,,0,2313,1640,2031,677,388,32,1646,2313,413,2265,1698,1457,677,388,686,418,1584,216,,,,,,,,,,,,,,,,,,,,,,
ACSSF,2019m1,nc,000,0003,0000177,3842,3761,2311,733,763,107,2240,1487,734,1197,,,,,,,,,,,,,,,,,,,,,,,,,,,,,,,,,,,,,,,,,,,,,,,,,,,,,,,,,,,,,,,,,,,,,,,,3909,2399,844,708,,2532,,,,,,,,,,,,,,,,,,,,,,,,,,,,,,,,,,,,,,,,,,,,,,,,,,,,,,,,,,,,,,,,,,,,,,,,,,,,,,,,,,,,,,,,,,,,,3842,3917,3761,2311,733,763,107,2240,1487,734,1197,1492,847,676,397,782,745,92,216,,,,,,,,,,,,,,,,,,,,,,
ACSSF,2019m1,nc,000,0003,0000178,0,1027,1145,1031,236,553,2599,1182,273,1114,,,,,,,,,,,,,,,,,,,,,,,,,,,,,,,,,,,,,,,,,,,,,,,,,,,,,,,,,,,,,,,,,,,,,,,,1526,1831,1091,216,,2534,,,,,,,,,,,,,,,,,,,,,,,,,,,,,,,,,,,,,,,,,,,,,,,,,,,,,,,,,,,,,,,,,,,,,,,,,,,,,,,,,,,,,,,,,,,,,0,1182,1027,1145,1031,236,553,2599,1182,273,1114,1182,995,306,198,216,273,216,216,,,,,,,,,,,,,,,,,,,,,,
ACSSF,2019m1,nc,000,0003,0000179,3171,5618,4425,261,1017,216,4752,3327,654,3129,,,,,,,,,,,,,,,,,,,,,,,,,,,,,,,,,,,,,,,,,,,,,,,,,,,,,,,,,,,,,,,,,,,,,,,,6357,3492,684,977,,4871,,,,,,,,,,,,,,,,,,,,,,,,,,,,,,,,,,,,,,,,,,,,,,,,,,,,,,,,,,,,,,,,,,,,,,,,,,,,,,,,,,,,,,,,,,,,,3171,4681,5618,4425,261,1017,216,4752,3327,654,3129,3221,2816,352,1339,216,674,596,216,,,,,,,,,,,,,,,,,,,,,,
ACSSF,2019m1,nc,000,0003,0000180,0,878,1002,216,199,216,1034,919,266,854,,,,,,,,,,,,,,,,,,,,,,,,,,,,,,,,,,,,,,,,,,,,,,,,,,,,,,,,,,,,,,,,,,,,,,,,1134,685,,659,,982,,,,,,,,,,,,,,,,,,,,,,,,,,,,,,,,,,,,,,,,,,,,,,,,,,,,,,,,,,,,,,,,,,,,,,,,,,,,,,,,,,,,,,,,,,,,,,,,,,,,,,,,,,,,,,,,,,,,,,,,,,,,,,,,,,,,,
ACSSF,2019m1,nc,000,0003,0000181,0,611,403,178,251,216,548,737,390,548,,,,,,,,,,,,,,,,,,,,,,,,,,,,,,,,,,,,,,,,,,,,,,,,,,,,,,,,,,,,,,,,,,,,,,,,731,576,185,90,,663,,,,,,,,,,,,,,,,,,,,,,,,,,,,,,,,,,,,,,,,,,,,,,,,,,,,,,,,,,,,,,,,,,,,,,,,,,,,,,,,,,,,,,,,,,,,,0,737,611,403,178,251,216,548,737,390,548,729,459,178,251,155,390,52,90,,,,,,,,,,,,,,,,,,,,,,
ACSSF,2019m1,nc,000,0003,0000182,4014,3761,2375,420,1143,216,2359,1428,1347,624,,,,,,,,,,,,,,,,,,,,,,,,,,,,,,,,,,,,,,,,,,,,,,,,,,,,,,,,,,,,,,,,,,,,,,,,3759,2342,,1060,,2020,,,,,,,,,,,,,,,,,,,,,,,,,,,,,,,,,,,,,,,,,,,,,,,,,,,,,,,,,,,,,,,,,,,,,,,,,,,,,,,,,,,,,,,,,,,,,,,,,,,,,,,,,,,,,,,,,,,,,,,,,,,,,,,,,,,,,
ACSSF,2019m1,nc,000,0003,0000183,3284,3164,1746,214,1137,216,673,1378,309,1360,,,,,,,,,,,,,,,,,,,,,,,,,,,,,,,,,,,,,,,,,,,,,,,,,,,,,,,,,,,,,,,,,,,,,,,,3167,1562,1256,989,,736,,,,,,,,,,,,,,,,,,,,,,,,,,,,,,,,,,,,,,,,,,,,,,,,,,,,,,,,,,,,,,,,,,,,,,,,,,,,,,,,,,,,,,,,,,,,,,,,,,,,,,,,,,,,,,,,,,,,,,,,,1137,1161,1696,216,725,543,226,1458,,,,,
ACSSF,2019m1,nc,000,0003,0000184,0,3039,1297,71,324,216,3061,1333,116,1334,,,,,,,,,,,,,,,,,,,,,,,,,,,,,,,,,,,,,,,,,,,,,,,,,,,,,,,,,,,,,,,,,,,,,,,,3333,116,,149,,3055,,,,,,,,,,,,,,,,,,,,,,,,,,,,,,,,,,,,,,,,,,,,,,,,,,,,,,,,,,,,,,,,,,,,,,,,,,,,,,,,,,,,,,,,,,,,,0,1333,3039,1297,71,324,216,3061,1333,116,1334,1306,1265,116,286,216,128,293,216,,,,,,,,,,,,,,,,,,,,,,
ACSSF,2019m1,nc,000,0003,0000185,0,1087,1797,1012,1330,216,1087,604,216,604,,,,,,,,,,,,,,,,,,,,,,,,,,,,,,,,,,,,,,,,,,,,,,,,,,,,,,,,,,,,,,,,,,,,,,,,1297,1749,,,,1087,,,,,,,,,,,,,,,,,,,,,,,,,,,,,,,,,,,,,,,,,,,,,,,,,,,,,,,,,,,,,,,,,,,,,,,,,,,,,,,,,,,,,,,,,,,,,,,,,,,,,,,,,,,,,,,,,,,,,,,,,,,,,,,,,,,,,
ACSSF,2019m1,nc,000,0003,0000186,,,,,,,,,,,,,,,,,,,,,,,,,,,,,,,,,,,,,,,,,,,,,,,,,,,,,,,,,,,,,,,,,,,,,,,,,,,,,,,,,,3962,2330,694,,,287,,,,,,,,,,,,,,,,,,,,,,,,,,,,,,,,,,,,,,,,,,,,,,,,,,,,,,,,,,,,,,,,,,,,,,,,,,,,,,,,,,,,,,,,,,,,,,,,,,,,,,,,,,,,,,,,,,,,,,,,,,,,,,,,,,,,,
ACSSF,2019m1,nc,000,0003,0000187,0,3497,2520,337,1594,250,3528,2550,759,2448,,,,,,,,,,,,,,,,,,,,,,,,,,,,,,,,,,,,,,,,,,,,,,,,,,,,,,,,,,,,,,,,,,,,,,,,3893,952,1419,1803,566,3585,,,,,,,,,,,,,,,,,,,,,,,,,,,,,,,,,,,,,,,,,,,,,,,,,,,,,,,,,,,,,,,,,,,,,,,,,,,,,,,,,,,,,,,,,,,,,0,2550,3497,2520,337,1594,250,3528,2550,759,2448,2402,2021,338,1080,906,859,840,216,,,,,,,,,,1594,1505,1068,1488,398,2458,1036,548,,,,,
ACSSF,2019m1,nc,000,0003,0000188,0,3227,3309,469,780,153,2637,3097,1280,2517,,,,,,,,,,,,,,,,,,,,,,,,,,,,,,,,,,,,,,,,,,,,,,,,,,,,,,,,,,,,,,,,,,,,,,,,3894,2180,545,794,208,2906,,,,,,,,,,,,,,,,,,,,,,,,,,,,,,,,,,,,,,,,,,,,,,,,,,,,,,,,,,,,,,,,,,,,,,,,,,,,,,,,,,,,,,,,,,,,,0,3097,3227,3309,469,780,153,2637,3097,1280,2517,2938,2304,251,740,243,1283,761,216,,,,,,,,,,780,1058,1381,559,242,591,412,608,,,,,
ACSSF,2019m1,nc,000,0003,0000189,0,1812,1442,199,309,216,1699,1536,486,1419,,,,,,,,,,,,,,,,,,,,,,,,,,,,,,,,,,,,,,,,,,,,,,,,,,,,,,,,,,,,,,,,,,,,,,,,2425,894,147,845,,1786,,,,,,,,,,,,,,,,,,,,,,,,,,,,,,,,,,,,,,,,,,,,,,,,,,,,,,,,,,,,,,,,,,,,,,,,,,,,,,,,,,,,,,,,,,,,,,,,,,,,,,,,,,,,,,,,,,,,,,,,,,,,,,,,,,,,,
ACSSF,2019m1,nc,000,0003,0000190,0,2019,1458,599,554,642,1907,1443,494,1425,,,,,,,,,,,,,,,,,,,,,,,,,,,,,,,,,,,,,,,,,,,,,,,,,,,,,,,,,,,,,,,,,,,,,,,,2300,657,222,514,,1979,,,,,,,,,,,,,,,,,,,,,,,,,,,,,,,,,,,,,,,,,,,,,,,,,,,,,,,,,,,,,,,,,,,,,,,,,,,,,,,,,,,,,,,,,,,,,0,1443,2019,1458,599,554,642,1907,1443,494,1425,1432,1125,551,540,216,658,85,216,,,,,,,,,,,,,,,,,,,,,,
ACSSF,2019m1,nc,000,0003,0000191,0,3883,4122,991,1248,222,3861,5360,1636,5032,,,,,,,,,,,,,,,,,,,,,,,,,,,,,,,,,,,,,,,,,,,,,,,,,,,,,,,,,,,,,,,,,,,,,,,,5553,1861,3525,764,332,3821,,,,,,,,,,,,,,,,,,,,,,,,,,,,,,,,,,,,,,,,,,,,,,,,,,,,,,,,,,,,,,,,,,,,,,,,,,,,,,,,,,,,,,,,,,,,,0,5360,3883,4122,991,1248,222,3861,5360,1636,5032,5156,2385,714,1248,3310,1775,788,216,,,,,,,,,,1248,2088,1075,902,730,629,2267,2466,,,,,
ACSSF,2019m1,nc,000,0003,0000192,0,2345,1652,464,1231,1559,2281,1163,440,1074,,,,,,,,,,,,,,,,,,,,,,,,,,,,,,,,,,,,,,,,,,,,,,,,,,,,,,,,,,,,,,,,,,,,,,,,2650,1469,361,1356,,2437,,,,,,,,,,,,,,,,,,,,,,,,,,,,,,,,,,,,,,,,,,,,,,,,,,,,,,,,,,,,,,,,,,,,,,,,,,,,,,,,,,,,,,,,,,,,,0,1163,2345,1652,464,1231,1559,2281,1163,440,1074,1105,832,463,364,67,620,432,216,,,,,,,,,,,,,,,,,,,,,,
ACSSF,2019m1,nc,000,0003,0000193,0,2327,804,420,555,216,2333,1005,216,1005,,,,,,,,,,,,,,,,,,,,,,,,,,,,,,,,,,,,,,,,,,,,,,,,,,,,,,,,,,,,,,,,,,,,,,,,2712,447,531,216,,2333,,,,,,,,,,,,,,,,,,,,,,,,,,,,,,,,,,,,,,,,,,,,,,,,,,,,,,,,,,,,,,,,,,,,,,,,,,,,,,,,,,,,,,,,,,,,,,,,,,,,,,,,,,,,,,,,,,,,,,,,,,,,,,,,,,,,,
ACSSF,2019m1,nc,000,0003,0000194,2700,3487,2401,340,452,216,1804,1851,352,1833,,,,,,,,,,,,,,,,,,,,,,,,,,,,,,,,,,,,,,,,,,,,,,,,,,,,,,,,,,,,,,,,,,,,,,,,3623,2176,1390,289,,1883,,,,,,,,,,,,,,,,,,,,,,,,,,,,,,,,,,,,,,,,,,,,,,,,,,,,,,,,,,,,,,,,,,,,,,,,,,,,,,,,,,,,,,,,,,,,,2700,3035,3487,2401,340,452,216,1804,1851,352,1833,1764,968,1223,431,494,352,344,216,,,,,,,,,,452,1065,477,130,338,402,209,993,,,,,
ACSSF,2019m1,nc,000,0003,0000195,0,3681,1509,607,335,216,3624,1385,547,1284,,,,,,,,,,,,,,,,,,,,,,,,,,,,,,,,,,,,,,,,,,,,,,,,,,,,,,,,,,,,,,,,,,,,,,,,3820,1016,689,173,,3670,,,,,,,,,,,,,,,,,,,,,,,,,,,,,,,,,,,,,,,,,,,,,,,,,,,,,,,,,,,,,,,,,,,,,,,,,,,,,,,,,,,,,,,,,,,,,0,1385,3681,1509,607,335,216,3624,1385,547,1284,1374,1214,267,362,230,547,216,121,,,,,,,,,,,,,,,,,,,,,,
ACSSF,2019m1,nc,000,0003,0000196,0,535,721,460,131,129,403,580,216,580,,,,,,,,,,,,,,,,,,,,,,,,,,,,,,,,,,,,,,,,,,,,,,,,,,,,,,,,,,,,,,,,,,,,,,,,786,473,,91,,403,,,,,,,,,,,,,,,,,,,,,,,,,,,,,,,,,,,,,,,,,,,,,,,,,,,,,,,,,,,,,,,,,,,,,,,,,,,,,,,,,,,,,,,,,,,,,,,,,,,,,,,,,,,,,,,,,,,,,,,,,,,,,,,,,,,,,
ACSSF,2019m1,nc,000,0003,0000197,0,7455,4850,1867,2631,229,7898,5817,1170,5464,,,,,,,,,,,,,,,,,,,,,,,,,,,,,,,,,,,,,,,,,,,,,,,,,,,,,,,,,,,,,,,,,,,,,,,,9314,2548,3280,1151,825,8595,,,,,,,,,,,,,,,,,,,,,,,,,,,,,,,,,,,,,,,,,,,,,,,,,,,,,,,,,,,,,,,,,,,,,,,,,,,,,,,,,,,,,,,,,,,,,0,5817,7455,4850,1867,2631,229,7898,5817,1170,5464,4691,2915,1309,2329,1730,1831,3088,91,,,,,,,,,,2631,3832,2032,1379,1150,901,3001,3197,,,,,
ACSSF,2019m1,nc,000,0003,0000198,0,1235,1023,640,403,326,1234,687,144,669,,,,,,,,,,,,,,,,,,,,,,,,,,,,,,,,,,,,,,,,,,,,,,,,,,,,,,,,,,,,,,,,,,,,,,,,1482,918,829,216,,1243,,,,,,,,,,,,,,,,,,,,,,,,,,,,,,,,,,,,,,,,,,,,,,,,,,,,,,,,,,,,,,,,,,,,,,,,,,,,,,,,,,,,,,,,,,,,,0,687,1235,1023,640,403,326,1234,687,144,669,687,578,290,403,216,144,216,216,,,,,,,,,,,,,,,,,,,,,,
ACSSF,2019m1,nc,000,0003,0000199,2156,1028,2304,268,265,216,1080,1660,636,1335,,,,,,,,,,,,,,,,,,,,,,,,,,,,,,,,,,,,,,,,,,,,,,,,,,,,,,,,,,,,,,,,,,,,,,,,2017,2152,611,575,,927,,,,,,,,,,,,,,,,,,,,,,,,,,,,,,,,,,,,,,,,,,,,,,,,,,,,,,,,,,,,,,,,,,,,,,,,,,,,,,,,,,,,,,,,,,,,,,,,,,,,,,,,,,,,,,,,,,,,,,,,,,,,,,,,,,,,,
ACSSF,2019m1,nc,000,0003,0000200,0,1017,706,177,1210,77,876,1516,288,1495,,,,,,,,,,,,,,,,,,,,,,,,,,,,,,,,,,,,,,,,,,,,,,,,,,,,,,,,,,,,,,,,,,,,,,,,1629,228,339,287,,950,,,,,,,,,,,,,,,,,,,,,,,,,,,,,,,,,,,,,,,,,,,,,,,,,,,,,,,,,,,,,,,,,,,,,,,,,,,,,,,,,,,,,,,,,,,,,,,,,,,,,,,,,,,,,,,,,,,,,,,,,,,,,,,,,,,,,
ACSSF,2019m1,nc,000,0003,0000201,0,2139,1886,402,497,222,2025,2107,678,1946,,,,,,,,,,,,,,,,,,,,,,,,,,,,,,,,,,,,,,,,,,,,,,,,,,,,,,,,,,,,,,,,,,,,,,,,2408,430,452,650,337,2137,,,,,,,,,,,,,,,,,,,,,,,,,,,,,,,,,,,,,,,,,,,,,,,,,,,,,,,,,,,,,,,,,,,,,,,,,,,,,,,,,,,,,,,,,,,,,0,2107,2139,1886,402,497,222,2025,2107,678,1946,2076,1738,402,472,376,945,196,216,,,,,,,,,,,,,,,,,,,,,,
ACSSF,2019m1,nc,000,0003,0000202,3708,4305,2464,474,692,216,1087,2541,1240,2307,,,,,,,,,,,,,,,,,,,,,,,,,,,,,,,,,,,,,,,,,,,,,,,,,,,,,,,,,,,,,,,,,,,,,,,,4675,2386,1340,1281,,1583,,,,,,,,,,,,,,,,,,,,,,,,,,,,,,,,,,,,,,,,,,,,,,,,,,,,,,,,,,,,,,,,,,,,,,,,,,,,,,,,,,,,,,,,,,,,,3708,4189,4305,2464,474,692,216,1087,2541,1240,2307,2367,2102,562,545,216,1298,1867,216,,,,,,,,,,,,,,,,,,,,,,
ACSSF,2019m1,nc,000,0003,0000203,2908,3593,1556,365,1451,216,2166,1119,25,1116,,,,,,,,,,,,,,,,,,,,,,,,,,,,,,,,,,,,,,,,,,,,,,,,,,,,,,,,,,,,,,,,,,,,,,,,3499,2028,160,,,2168,,,,,,,,,,,,,,,,,,,,,,,,,,,,,,,,,,,,,,,,,,,,,,,,,,,,,,,,,,,,,,,,,,,,,,,,,,,,,,,,,,,,,,,,,,,,,,,,,,,,,,,,,,,,,,,,,,,,,,,,,,,,,,,,,,,,,
ACSSF,2019m1,nc,000,0003,0000204,0,1607,451,881,372,95,1635,867,76,857,,,,,,,,,,,,,,,,,,,,,,,,,,,,,,,,,,,,,,,,,,,,,,,,,,,,,,,,,,,,,,,,,,,,,,,,1849,608,498,83,,1630,,,,,,,,,,,,,,,,,,,,,,,,,,,,,,,,,,,,,,,,,,,,,,,,,,,,,,,,,,,,,,,,,,,,,,,,,,,,,,,,,,,,,,,,,,,,,0,867,1607,451,881,372,95,1635,867,76,857,663,339,411,372,212,179,518,216,,,,,,,,,,,,,,,,,,,,,,
ACSSF,2019m1,nc,000,0003,0000205,,,,,,,,,,,,,,,,,,,,,,,,,,,,,,,,,,,,,,,,,,,,,,,,,,,,,,,,,,,,,,,,,,,,,,,,,,,,,,,,,,1440,1318,1794,,,,,,,,,,,,,,,,,,,,,,,,,,,,,,,,,,,,,,,,,,,,,,,,,,,,,,,,,,,,,,,,,,,,,,,,,,,,,,,,,,,,,,,,,,,,,,,,,,,,,,,,,,,,,,,,,,,,,,,,,,,,,,,,,,,,,,,,
ACSSF,2019m1,nc,000,0003,0000206,2918,2821,1950,380,523,216,1437,1662,707,1511,,,,,,,,,,,,,,,,,,,,,,,,,,,,,,,,,,,,,,,,,,,,,,,,,,,,,,,,,,,,,,,,,,,,,,,,3020,1542,1287,191,,1600,,,,,,,,,,,,,,,,,,,,,,,,,,,,,,,,,,,,,,,,,,,,,,,,,,,,,,,,,,,,,,,,,,,,,,,,,,,,,,,,,,,,,,,,,,,,,2918,3194,2821,1950,380,523,216,1437,1662,707,1511,1516,833,217,357,855,707,534,216,,,,,,,,,,,,,,,,,,,,,,
ACSSF,2019m1,nc,000,0003,0000207,0,617,863,84,135,216,325,914,531,795,,,,,,,,,,,,,,,,,,,,,,,,,,,,,,,,,,,,,,,,,,,,,,,,,,,,,,,,,,,,,,,,,,,,,,,,813,370,,216,,,,,,,,,,,,,,,,,,,,,,,,,,,,,,,,,,,,,,,,,,,,,,,,,,,,,,,,,,,,,,,,,,,,,,,,,,,,,,,,,,,,,,,,,,,,,,,,,,,,,,,,,,,,,,,,,,,,,,,,,,,,,,,,,,,,,,,
ACSSF,2019m1,nc,000,0003,0000208,0,2838,1525,445,757,246,2612,2023,498,1982,,,,,,,,,,,,,,,,,,,,,,,,,,,,,,,,,,,,,,,,,,,,,,,,,,,,,,,,,,,,,,,,,,,,,,,,3003,978,770,348,,2861,,,,,,,,,,,,,,,,,,,,,,,,,,,,,,,,,,,,,,,,,,,,,,,,,,,,,,,,,,,,,,,,,,,,,,,,,,,,,,,,,,,,,,,,,,,,,0,2023,2838,1525,445,757,246,2612,2023,498,1982,1714,1136,445,725,23,740,755,216,,,,,,,,,,,,,,,,,,,,,,
ACSSF,2019m1,nc,000,0003,0000209,0,6451,4626,1855,1734,224,6323,5200,1236,5090,,,,,,,,,,,,,,,,,,,,,,,,,,,,,,,,,,,,,,,,,,,,,,,,,,,,,,,,,,,,,,,,,,,,,,,,6425,3244,2101,2187,516,6438,,,,,,,,,,,,,,,,,,,,,,,,,,,,,,,,,,,,,,,,,,,,,,,,,,,,,,,,,,,,,,,,,,,,,,,,,,,,,,,,,,,,,,,,,,,,,0,5200,6451,4626,1855,1734,224,6323,5200,1236,5090,4923,3370,920,1654,288,2180,1185,216,,,,,,,,,,1734,4148,2568,1920,801,1932,1995,3837,,,,,
ACSSF,2019m1,nc,000,0003,0000210,0,1134,872,224,426,12,1009,1131,360,1068,,,,,,,,,,,,,,,,,,,,,,,,,,,,,,,,,,,,,,,,,,,,,,,,,,,,,,,,,,,,,,,,,,,,,,,,1251,414,248,530,,1092,,,,,,,,,,,,,,,,,,,,,,,,,,,,,,,,,,,,,,,,,,,,,,,,,,,,,,,,,,,,,,,,,,,,,,,,,,,,,,,,,,,,,,,,,,,,,0,1131,1134,872,224,426,12,1009,1131,360,1068,1076,642,224,387,216,682,251,81,,,,,,,,,,,,,,,,,,,,,,
ACSSF,2019m1,nc,000,0003,0000211,,,,,,,,,,,,,,,,,,,,,,,,,,,,,,,,,,,,,,,,,,,,,,,,,,,,,,,,,,,,,,,,,,,,,,,,,,,,,,,,,,1114,697,,,,975,,,,,,,,,,,,,,,,,,,,,,,,,,,,,,,,,,,,,,,,,,,,,,,,,,,,,,,,,,,,,,,,,,,,,,,,,,,,,,,,,,,,,,,,,,,,,,,,,,,,,,,,,,,,,,,,,,,,,,,,,,,,,,,,,,,,,
ACSSF,2019m1,nc,000,0003,0000212,0,1702,652,153,681,216,1732,886,358,806,,,,,,,,,,,,,,,,,,,,,,,,,,,,,,,,,,,,,,,,,,,,,,,,,,,,,,,,,,,,,,,,,,,,,,,,1832,509,,216,387,1929,,,,,,,,,,,,,,,,,,,,,,,,,,,,,,,,,,,,,,,,,,,,,,,,,,,,,,,,,,,,,,,,,,,,,,,,,,,,,,,,,,,,,,,,,,,,,,,,,,,,,,,,,,,,,,,,,,,,,,,,,,,,,,,,,,,,,
