ACSSF,2019m1,nc,000,0116,0000001,21707,3505,12114,12753,6776,14759,9727,5181,9201,13162,18431,15350,10057,6752,24071,2314,5384,6827,2553,4538,3792,3893,7392,9298,16368,6431,4349,5186,16010,1030,996,2394,717,2646,1367,827,2451,6367,9408,11813,5552,4793,16454,815,1812,4391,4249,10831,5067,2456,5872,5726,7972,5364,3397,2965,14375,2738,10907,3696,1614,3445,2792,1781,1617,2425,2657,1400,3706,1486,16473,1526,2856,11156,3258,6743,6919,942,848,3604,2199,2491,2988,1453
ACSSF,2019m1,nc,000,0116,0000002,27769,2242,9317,11542,5468,12239,8713,4966,9013,11541,15173,13252,7979,6105,20996,1105,4563,5724,2310,3914,3362,3832,6377,8519,13084,4724,3387,4710,14205,463,757,1753,573,2373,643,771,2044,5762,8026,10602,4841,3806,15011,586,1833,3938,3506,9227,4300,2216,5318,5032,5920,4154,2980,2600,11181,1604,8646,3051,1320,2466,2212,1634,1375,2059,1783,1342,2707,992,14385,655,2115,8738,2571,5713,6078,853,778,3384,1638,2358,2231,1342
ACSSF,2019m1,nc,000,0116,0000003,25116,3158,7408,7676,3427,7676,5681,2274,5001,5977,11317,8166,5561,4654,14556,2254,2798,3762,1179,2066,1366,2020,3546,4309,9189,4279,1987,2600,9798,904,553,1618,472,1160,1176,247,995,3349,4369,5138,2796,3413,9992,697,1190,2197,2616,5499,2293,957,3332,2582,4848,2901,2078,1652,9389,2105,6579,2635,879,2058,1803,925,1015,1385,1880,561,2712,1020,8498,1329,1827,6225,1805,2707,4060,256,354,1472,1393,1104,1591,919
ACSSF,2019m1,nc,000,0116,0000004,21910,3371,11748,12670,6470,14461,9430,5170,8752,12866,17958,14816,10065,6560,22911,2126,5281,6654,2506,4443,3791,3923,7169,9025,15504,6300,4177,4969,15514,1012,819,2200,709,2605,1334,827,2278,6136,9054,11154,5519,4550,15832,787,1796,4401,4206,10657,4955,2347,5639,5624,7796,5229,3203,2902,13822,2529,10646,3659,1606,3386,2689,1780,1618,2433,2391,1416,3575,1403,15089,1292,2691,10831,3240,6654,6484,942,848,3586,2013,2438,2968,1466
ACSSF,2019m1,nc,000,0116,0000005,20843,3004,10754,11657,6326,13933,9347,5058,8965,12793,17038,14464,9853,6442,21677,1806,4792,6355,2547,4413,3694,3886,7191,9416,14634,5863,4086,5084,14825,892,818,2004,613,2578,1265,826,1975,6280,8338,10365,5237,4444,15389,594,1753,4298,4086,11019,4664,2385,5692,5330,7066,4876,3051,2842,13404,2201,10141,3444,1455,3234,2656,1743,1540,2266,2287,1318,3491,1299,13999,955,2394,9659,3101,6266,6132,876,808,3508,1923,2545,2650,1495
ACSSF,2019m1,nc,000,0116,0000006,17851,1169,6685,9458,4773,9597,6666,3638,6901,8827,9950,9569,5951,4812,13526,730,2839,4071,1981,3110,2428,2655,5134,7192,8315,4157,2612,3131,11336,289,686,1627,563,1687,631,544,1434,4415,6202,7345,3373,3079,10457,365,1197,2730,3095,6859,3525,1788,4381,3825,4721,3043,1988,1484,7776,687,6241,1723,1057,1586,1372,938,966,1675,1436,1002,1771,824,9400,312,1079,5826,1919,4003,4572,713,658,2399,1380,1939,1870,815
ACSSF,2019m1,nc,000,0116,0000007,17833,2879,10259,8957,4752,10106,6534,3377,5809,10121,13471,10675,7068,5007,16550,1798,3813,5252,1586,2833,2471,2806,4397,7046,10961,4694,2866,3684,11445,842,505,1439,236,1767,996,619,1240,4929,5623,7555,4039,3292,11440,529,1465,3234,3137,8428,2770,1287,4335,3485,5085,3810,2372,2430,11221,2078,8745,3117,1037,2606,1916,1568,1165,1597,1540,1092,3015,1073,9362,959,2034,7370,2338,4099,4937,501,492,2567,1755,1353,1980,1116
ACSSF,2019m1,nc,000,0116,0000008,8728,2242,3583,5993,1724,4186,3444,1249,3189,3705,6153,4268,2815,2734,7398,1033,1584,2079,745,1151,816,1086,2191,1938,4961,1886,1547,1715,7372,386,104,858,393,889,452,79,689,2319,3746,3945,1606,1727,4527,447,609,1390,1052,3135,1477,436,1886,1357,2347,1733,1157,1194,4031,1534,3163,1660,516,1174,748,372,613,627,767,532,1292,526,6420,862,968,5114,952,2258,2507,255,285,1197,635,797,1167,645
ACSSF,2019m1,nc,000,0116,0000009,7010,733,1899,3311,902,2143,966,702,1719,1996,3372,2508,1598,1432,3959,470,980,1085,423,565,306,635,1146,1170,3075,698,961,862,3492,108,216,437,216,232,216,216,397,971,1687,2294,1062,822,3085,163,226,942,596,1694,459,172,1257,1007,1130,911,677,529,2218,477,1536,765,107,404,190,175,216,122,228,185,693,367,3527,304,558,2509,560,1272,783,195,216,696,201,450,380,455
ACSSF,2019m1,nc,000,0116,0000010,8785,2115,2780,5223,1575,3721,3342,1107,2520,3240,5151,3847,2227,2453,6311,971,1197,1844,648,1058,740,938,1692,1607,4039,1785,1149,1594,6597,379,104,750,393,843,452,79,494,2049,3246,3298,1284,1572,4183,420,561,1271,974,3129,1453,412,1408,955,2094,1373,989,965,3541,1443,2635,1458,502,1088,703,334,613,613,742,532,1126,438,5834,778,799,4594,831,1863,2320,170,285,866,591,669,1050,505
ACSSF,2019m1,nc,000,0116,0000011,6289,1867,2859,3008,1043,2902,2031,690,1955,2174,3936,2873,1715,1476,4251,1232,1083,1390,359,689,553,353,998,1091,3065,1358,827,1010,3640,200,298,640,111,521,229,216,735,1318,2039,2475,1074,1080,3088,421,617,794,574,2204,858,581,1277,842,993,847,552,533,3281,1229,2282,938,328,752,688,114,152,473,983,150,798,467,3874,808,904,2385,608,1567,1697,216,216,499,690,513,500,220
ACSSF,2019m1,nc,000,0116,0000012,10440,2759,4566,6700,2029,5244,3943,1346,3777,4457,7450,5147,3374,2979,8416,1485,2063,2439,835,1337,937,1081,2286,2250,5870,2281,1795,1968,7678,445,304,1173,395,1026,527,79,1000,2654,4347,4451,1988,2147,5491,562,864,1321,1067,3619,1674,704,2405,1578,2596,1965,1270,1283,4848,1817,3910,2008,614,1448,1022,388,607,736,1084,562,1773,722,8152,1241,1280,5882,1185,2672,3188,255,285,1289,929,936,1275,628
ACSSF,2019m1,nc,000,0116,0000013,2963,234,2283,1608,991,2160,1432,491,1355,1167,2300,1851,1299,1121,2643,147,826,760,449,659,272,418,859,799,1968,432,540,595,2158,109,104,121,88,234,216,156,132,520,1280,1451,580,573,2133,81,213,797,623,1632,845,128,973,437,752,427,373,726,2177,115,2040,382,216,618,262,131,216,158,214,216,568,82,2005,115,453,1190,446,585,947,69,65,422,494,506,543,82
ACSSF,2019m1,nc,000,0116,0000014,2524,129,1340,1226,658,1818,1124,571,1080,1096,2099,1677,1421,969,2003,216,604,677,195,339,403,350,486,764,1957,529,309,488,2286,216,216,318,216,447,113,216,216,645,748,1614,798,677,2256,216,104,115,389,1616,560,296,1005,369,690,443,799,332,1696,129,1067,876,139,273,432,269,216,268,64,45,555,78,1416,216,483,510,349,885,793,216,183,65,127,216,273,94
ACSSF,2019m1,nc,000,0116,0000015,3423,553,2592,1918,997,2344,1632,562,1364,2192,3434,3188,1380,1403,3853,499,697,1239,189,595,1106,497,731,1731,2676,1398,771,1016,2606,216,216,926,216,195,140,216,196,752,1585,2312,690,889,2704,216,640,906,699,1959,313,223,1290,870,952,781,245,577,2896,215,2412,768,216,292,325,132,143,233,431,756,349,77,2298,216,216,1143,621,760,1274,104,83,506,246,152,628,149
ACSSF,2019m1,nc,000,0116,0000016,,,,,,,,,,,,,,,,,,,,,,,,,,,,,,,,,,,,,,,,,,,,,,,,,,,,,,,,,,,,,,,,,,,,,,,,,,,,,,,,,,,,
ACSSF,2019m1,nc,000,0116,0000017,3106,849,2441,2620,721,2521,1244,783,2008,1900,3136,3393,1341,1041,3408,199,916,1098,517,512,570,668,1570,1431,2742,1100,484,637,3247,306,216,322,216,770,216,216,216,1086,1322,3099,893,733,3089,118,165,1056,381,1907,628,277,1279,576,963,630,491,232,1857,740,1896,950,170,264,254,213,245,237,823,243,344,121,2714,162,136,1920,395,988,963,315,113,327,408,511,547,216
ACSSF,2019m1,nc,000,0116,0000018,,,,,,,,,,,,,,,,,,,,,,,,,,,,,,,,,,,,,,,,,,,,,,,,,,,,,,,,,,,,,,,,,,,,,,,,,,,,,,,,,,,,
ACSSF,2019m1,nc,000,0116,0000019,1608,766,1036,654,412,880,582,200,572,752,1013,1568,633,620,1449,203,377,348,355,439,183,182,327,409,841,209,192,405,1562,216,216,216,216,216,216,216,177,424,420,1453,122,202,1211,299,457,122,187,642,141,35,476,142,236,377,273,367,907,457,569,259,216,97,111,68,103,83,48,58,85,155,1143,216,105,503,133,564,472,216,63,324,252,239,514,264
ACSSF,2019m1,nc,000,0116,0000020,2767,399,1277,2679,746,1427,1150,648,952,1659,1691,2455,1362,745,2599,165,353,1603,419,457,483,269,424,941,1474,1866,832,441,2369,351,216,167,216,381,216,202,512,1309,657,1384,858,513,1913,89,216,891,500,1170,543,414,669,361,593,695,386,279,1449,18,1249,437,216,340,528,195,239,288,71,216,161,214,2565,216,89,2215,452,850,884,216,57,268,381,92,206,63
ACSSF,2019m1,nc,000,0116,0000021,,,,,,,,,,,,,,,,,,,,,,,,,,,,,,,,,,,,,,,,,,,,,,,,,,,,,,,,,,,,,,,,,,,,,,,,,,,,,,,,,,,,
ACSSF,2019m1,nc,000,0116,0000022,2328,369,988,1850,435,1119,1328,161,403,1126,1718,1059,668,865,1870,369,539,653,216,483,161,139,331,517,1203,561,246,764,1681,24,216,87,216,309,202,79,216,898,864,900,535,213,1615,216,216,490,189,930,232,216,119,141,1081,93,167,411,1010,216,789,488,148,216,197,50,127,216,233,216,142,19,1950,216,183,1605,326,516,1290,216,80,244,146,513,193,216
ACSSF,2019m1,nc,000,0116,0000023,,,,,,,,,,,,,,,,,,,,,,,,,,,,,,,,,,,,,,,,,,,,,,,,,,,,,,,,,,,,,,,,,,,,,,,,,,,,,,,,,,,,
ACSSF,2019m1,nc,000,0116,0000024,3271,294,1394,1488,757,2203,1217,685,1036,1558,2294,1912,1436,1542,2762,280,531,709,124,645,317,385,577,1051,1896,715,632,920,2663,216,216,345,216,531,421,216,247,766,1214,1422,933,1057,2762,216,398,473,467,1790,613,326,557,765,1078,1047,454,629,1777,190,1285,386,234,385,405,415,549,455,451,179,417,337,2203,216,379,1308,453,865,898,129,220,661,492,283,445,329
ACSSF,2019m1,nc,000,0116,0000025,3416,244,1446,2135,710,1365,1330,832,915,1678,2029,1484,1319,703,2590,132,252,1192,46,380,356,253,505,1053,1550,597,455,459,2140,167,216,216,216,656,216,447,216,753,1045,1242,979,288,2021,216,167,715,549,908,751,277,670,370,780,288,648,341,1486,132,1297,584,371,286,340,557,164,442,193,386,570,62,2646,216,765,1828,298,666,1012,57,220,729,539,141,634,131
ACSSF,2019m1,nc,000,0116,0000026,4617,257,2020,2041,1177,2461,1533,686,1657,2932,4164,2734,2064,1247,4714,133,809,1232,387,663,260,580,1315,2466,3892,1401,870,1041,3271,126,216,83,216,554,216,163,454,1226,1815,2230,1671,269,3767,74,356,650,989,2518,938,296,1055,1070,1795,1036,815,525,2568,142,1734,622,300,252,478,216,216,477,1133,216,898,603,2629,216,263,1195,502,1615,1117,205,216,355,299,246,530,216
ACSSF,2019m1,nc,000,0116,0000027,4732,321,1756,2853,824,2848,2128,584,2028,2328,3525,2783,1601,1595,4032,164,805,1291,376,1031,423,519,1689,1580,2903,1260,1057,966,3661,216,216,81,216,928,216,216,204,1421,2145,1984,865,1040,3278,216,668,716,595,2308,813,369,1239,836,1481,996,294,411,2297,245,1499,1117,205,415,896,109,180,361,278,216,537,113,2999,135,400,2334,509,1031,1376,216,216,661,488,525,498,73
ACSSF,2019m1,nc,000,0116,0000028,,,,,,,,,,,,,,,,,,,,,,,,,,,,,,,,,,,,,,,,,,,,,,,,,,,,,,,,,,,,,,,,,,,,,,,,,,,,,,,,,,,,
ACSSF,2019m1,nc,000,0116,0000029,2897,328,1340,1982,928,1626,1400,891,1206,1338,2062,1416,1329,1056,2518,33,658,984,321,245,517,734,794,957,1671,498,594,558,2468,204,358,278,34,321,71,59,172,815,1596,1155,922,651,2325,216,211,806,622,1384,651,119,768,680,836,587,381,488,1636,251,1191,767,114,229,518,415,522,335,150,216,390,216,2346,65,326,1459,492,691,1015,44,216,436,422,283,542,61
ACSSF,2019m1,nc,000,0116,0000030,6326,742,2578,3214,1872,3603,2651,1574,2400,2653,4432,3967,1931,1553,5402,174,1109,1464,941,1058,701,667,1890,1657,3737,1159,751,1077,4219,563,341,370,91,532,411,216,172,1413,2266,2821,1458,570,4705,181,693,635,1140,2479,1059,1237,1621,1146,1697,1379,388,685,2504,370,1900,677,500,490,532,567,502,192,271,558,825,128,3628,216,483,2662,890,2026,2057,596,266,981,901,731,243,663
ACSSF,2019m1,nc,000,0116,0000031,2414,419,1813,1433,506,1173,754,621,576,1168,1635,1333,520,1249,1905,200,590,584,54,249,118,400,310,801,1442,619,257,602,1387,323,216,334,216,417,216,216,216,502,794,837,263,715,1732,68,163,325,191,846,390,417,371,372,336,833,152,796,1650,179,1556,353,61,70,257,216,160,175,394,99,226,274,1302,34,244,1010,477,655,643,169,216,158,164,196,124,134
ACSSF,2019m1,nc,000,0116,0000032,2793,523,1348,1534,650,1865,537,437,942,1523,1550,1403,1187,905,2525,77,446,918,395,593,203,409,736,757,1410,586,389,836,1826,139,216,114,216,464,152,216,216,1130,863,1199,1036,215,1505,216,277,393,300,928,384,153,497,529,299,573,452,170,1485,495,1373,311,434,182,267,150,168,103,148,216,279,162,2135,216,508,1230,161,1359,434,216,201,324,286,156,193,216
ACSSF,2019m1,nc,000,0116,0000033,2335,536,1724,2142,793,1809,1185,541,819,1796,2295,1441,1006,460,2387,486,1062,1077,298,795,381,482,611,1155,1707,734,465,240,1822,216,216,196,216,376,78,121,216,1007,1136,1120,650,261,1928,112,366,695,642,1577,444,238,604,760,849,518,331,242,1347,107,1079,672,173,434,346,80,60,212,241,305,636,125,2318,216,248,1674,206,660,803,216,62,391,54,175,524,105
ACSSF,2019m1,nc,000,0116,0000034,3860,535,2563,2029,1464,2833,2031,1065,1488,2428,2915,2964,1602,2253,3822,242,1026,979,376,557,1147,1003,859,1292,2538,814,353,1715,2905,216,130,50,216,544,178,244,216,1067,1346,2003,1041,1066,3562,216,417,606,1035,2363,487,305,1148,1083,1258,1240,625,473,2630,473,2335,720,143,297,717,147,190,214,170,216,497,108,2798,216,557,1729,946,1033,949,94,170,611,216,283,902,216
ACSSF,2019m1,nc,000,0116,0000035,,,,,,,,,,,,,,,,,,,,,,,,,,,,,,,,,,,,,,,,,,,,,,,,,,,,,,,,,,,,,,,,,,,,,,,,,,,,,,,,,,,,
ACSSF,2019m1,nc,000,0116,0000036,7858,667,3040,4335,2884,5199,4430,2324,5219,5581,6029,4712,3858,2109,7094,648,1676,2198,1461,1617,1615,1926,4039,4111,4457,1952,1283,1308,6971,216,487,555,191,907,474,341,1250,2881,3589,3355,2455,1409,6414,216,576,1718,1966,4256,2167,1038,2886,1919,2161,1876,1249,669,3000,202,2806,725,864,999,466,558,639,812,528,523,1144,115,5107,216,630,2619,1124,2016,3151,76,452,1574,624,1136,1305,201
ACSSF,2019m1,nc,000,0116,0000037,,,,,,,,,,,,,,,,,,,,,,,,,,,,,,,,,,,,,,,,,,,,,,,,,,,,,,,,,,,,,,,,,,,,,,,,,,,,,,,,,,,,
ACSSF,2019m1,nc,000,0116,0000038,,,,,,,,,,,,,,,,,,,,,,,,,,,,,,,,,,,,,,,,,,,,,,,,,,,,,,,,,,,,,,,,,,,,,,,,,,,,,,,,,,,,
ACSSF,2019m1,nc,000,0116,0000039,3612,426,1466,1694,620,2648,1325,1338,1648,2450,3264,2955,1361,1064,3035,264,656,770,249,674,878,938,1318,2012,2616,861,348,698,3061,216,98,449,216,481,216,232,434,860,1340,2529,640,692,2989,138,145,517,524,2172,302,544,1147,843,1034,705,349,331,1611,217,1170,343,216,646,152,823,240,171,364,381,470,86,1814,216,216,1205,319,704,902,72,286,674,161,422,816,216
ACSSF,2019m1,nc,000,0116,0000040,5332,708,2670,993,258,2744,924,347,1336,1832,2183,3033,1191,1604,3163,365,819,572,134,524,258,326,941,1491,1945,701,188,1116,2948,291,216,216,216,214,216,216,704,672,1026,2429,609,579,3053,216,234,322,145,2636,403,130,430,840,543,1303,435,723,2897,273,2707,509,216,903,338,216,216,335,386,151,750,319,1617,61,435,637,170,775,710,216,81,238,655,184,642,352
ACSSF,2019m1,nc,000,0116,0000041,2909,295,1005,1215,411,1317,546,771,947,1798,2825,1518,973,855,3142,214,714,869,210,734,77,700,555,1535,2341,749,300,426,2082,216,216,285,216,148,216,293,275,639,1179,1284,717,645,1536,216,320,516,123,816,81,153,691,411,707,465,493,190,941,177,719,216,149,216,400,81,216,216,317,216,141,225,1396,216,50,786,289,836,375,216,216,243,364,124,397,339
ACSSF,2019m1,nc,000,0116,0000042,4029,927,1327,1823,994,2337,1255,850,956,1674,3055,2746,1487,1418,2823,463,647,709,216,492,318,763,717,1041,2658,953,666,603,3291,124,216,1109,216,385,667,216,216,748,1784,2462,1097,1127,2966,216,206,526,840,2040,385,452,631,774,835,617,376,271,1244,483,1186,230,216,279,136,216,216,216,203,216,449,216,1647,380,362,939,653,1033,857,291,211,717,286,646,482,216
ACSSF,2019m1,nc,000,0116,0000043,2964,661,1241,2097,858,1638,1185,766,955,1490,1587,1591,767,714,2010,284,561,780,244,937,392,679,512,973,1182,766,329,257,1555,216,197,237,216,255,553,216,317,841,922,1116,569,430,2048,65,192,551,802,1140,342,216,812,377,637,690,231,328,1256,594,936,542,79,304,203,356,23,46,114,216,260,216,1971,216,334,1730,172,517,942,216,216,549,247,235,281,494
ACSSF,2019m1,nc,000,0116,0000044,2285,469,1007,1382,399,915,592,321,619,732,1526,848,481,724,1411,321,235,464,169,172,212,99,339,270,1087,319,224,419,1317,61,216,357,216,216,216,216,114,425,849,641,307,533,1038,216,171,191,298,560,277,136,375,356,462,403,148,265,1210,290,930,361,92,407,196,216,175,231,298,66,261,188,1397,198,151,1007,259,512,392,256,216,282,130,97,258,45
ACSSF,2019m1,nc,000,0116,0000045,2231,261,819,1237,769,1112,1130,211,705,1157,1639,1266,992,787,1770,216,287,413,307,82,480,132,424,557,1110,167,177,245,1808,216,216,132,216,90,72,83,216,907,1059,818,593,484,1537,216,203,311,138,936,489,115,577,610,759,823,312,484,1279,152,680,443,53,493,34,216,377,216,216,216,604,216,1419,228,502,1096,631,566,912,216,216,276,156,190,130,264
ACSSF,2019m1,nc,000,0116,0000046,3440,812,1503,1759,866,1009,970,346,784,1165,2053,1583,1063,1018,2602,265,532,967,146,515,195,163,613,997,1631,825,668,647,1957,102,216,166,216,133,216,216,132,391,1346,1281,373,613,1600,216,257,647,427,779,432,41,463,346,667,274,453,289,1890,756,1461,455,337,229,360,337,36,210,110,308,586,115,2029,216,649,1365,775,559,644,216,19,245,120,459,405,141
ACSSF,2019m1,nc,000,0116,0000047,,,,,,,,,,,,,,,,,,,,,,,,,,,,,,,,,,,,,,,,,,,,,,,,,,,,,,,,,,,,,,,,,,,,,,,,,,,,,,,,,,,,
ACSSF,2019m1,nc,000,0116,0000048,1997,302,836,993,270,890,795,135,398,754,1518,836,702,328,1717,170,557,534,239,466,216,108,245,600,1244,124,155,161,1267,216,216,181,216,270,216,216,216,421,1004,492,416,249,1249,216,101,332,107,716,361,216,218,266,345,572,393,241,904,213,739,237,58,341,125,98,147,84,84,166,314,216,1122,89,255,800,117,432,545,216,246,141,167,49,64,216
ACSSF,2019m1,nc,000,0116,0000049,3229,520,2003,2120,914,2322,1611,583,1586,2115,2467,1709,1595,1011,2924,359,1134,1101,366,525,722,558,1349,1706,1862,845,385,556,1863,125,216,130,216,559,216,47,52,901,760,1229,909,553,2381,142,398,621,587,1631,606,190,717,737,849,777,553,453,1773,248,1420,386,129,662,282,129,161,348,76,164,541,144,2015,147,418,1581,580,637,1101,216,108,717,306,298,335,216
ACSSF,2019m1,nc,000,0116,0000050,6852,673,4499,4067,2287,5577,2964,2159,3463,5838,6711,4934,3076,3453,8888,506,2265,2372,930,2202,1598,1962,2532,4321,5803,1783,1375,2728,6457,76,324,353,143,762,178,258,437,3370,3558,3402,2018,1703,6746,128,919,990,1577,4304,1662,875,2089,2031,1814,1725,945,1555,4446,424,3572,919,210,1107,703,654,668,1343,539,504,1132,161,5362,68,884,2777,833,1742,2264,66,334,1361,725,1082,994,456
ACSSF,2019m1,nc,000,0116,0000051,2909,688,920,1708,548,1659,860,260,762,1097,1622,1133,1054,1200,1709,314,559,656,251,466,416,229,375,722,1230,163,329,537,1693,216,74,485,216,259,216,216,216,534,1132,979,415,1052,1886,147,120,468,384,1345,371,95,692,360,593,594,414,329,1284,593,731,555,195,216,381,216,216,330,242,198,729,221,1544,69,177,1385,315,884,654,80,216,440,213,198,232,216
ACSSF,2019m1,nc,000,0116,0000052,,,,,,,,,,,,,,,,,,,,,,,,,,,,,,,,,,,,,,,,,,,,,,,,,,,,,,,,,,,,,,,,,,,,,,,,,,,,,,,,,,,,
ACSSF,2019m1,nc,000,0116,0000053,,,,,,,,,,,,,,,,,,,,,,,,,,,,,,,,,,,,,,,,,,,,,,,,,,,,,,,,,,,,,,,,,,,,,,,,,,,,,,,,,,,,
ACSSF,2019m1,nc,000,0116,0000054,,,,,,,,,,,,,,,,,,,,,,,,,,,,,,,,,,,,,,,,,,,,,,,,,,,,,,,,,,,,,,,,,,,,,,,,,,,,,,,,,,,,
ACSSF,2019m1,nc,000,0116,0000055,3069,94,1614,1621,533,1394,946,1123,1375,2592,1936,1829,692,906,3019,76,754,1231,342,777,689,1091,1176,2060,1833,1000,277,785,1498,216,216,216,216,248,216,216,216,638,475,1207,651,294,1525,56,173,245,343,1098,543,244,709,692,532,491,314,355,1574,216,1200,86,216,140,146,90,216,1098,216,216,344,216,1349,216,93,859,137,416,572,66,216,536,216,182,166,78
ACSSF,2019m1,nc,000,0116,0000056,7694,654,2989,4005,2517,4417,4176,2024,4852,4750,5299,4317,3695,1900,6866,633,1424,1903,1422,1283,1570,1719,3866,3447,4265,1772,1270,1179,6487,216,487,550,191,774,450,341,1085,2740,3220,3008,2294,1354,5420,216,506,1575,1633,3400,1915,893,2768,1668,1886,1801,1304,627,3143,200,2709,721,820,760,447,436,515,753,531,438,853,115,4597,216,627,2259,1085,1689,3091,57,452,1517,596,1071,1314,165
ACSSF,2019m1,nc,000,0116,0000057,,,,,,,,,,,,,,,,,,,,,,,,,,,,,,,,,,,,,,,,,,,,,,,,,,,,,,,,,,,,,,,,,,,,,,,,,,,,,,,,,,,,
ACSSF,2019m1,nc,000,0116,0000058,4069,193,1774,1949,1169,2342,1444,677,1691,2640,4106,2733,1927,1210,4282,216,669,1158,387,544,260,576,1262,2367,3705,1433,790,1008,3333,126,216,83,216,554,216,69,454,1162,1764,2268,1535,269,3500,74,335,650,973,2478,932,296,1083,899,1674,945,816,525,2408,90,1607,607,300,252,478,216,216,477,1100,216,865,603,2518,216,263,1142,502,1557,1029,205,216,355,238,246,530,216
ACSSF,2019m1,nc,000,0116,0000059,2739,158,1119,1186,612,1664,1093,358,675,957,1947,1849,1097,1085,2267,145,369,585,124,499,238,239,386,783,1739,586,601,816,2125,216,216,260,216,425,421,216,247,628,991,1308,695,762,1896,216,354,227,348,1290,536,257,376,384,554,890,200,374,1352,60,967,279,217,337,381,216,233,232,386,119,395,106,1613,216,233,1075,391,685,649,216,151,450,480,283,391,186
ACSSF,2019m1,nc,000,0116,0000060,2473,209,893,1351,486,1034,802,246,650,906,1479,1213,821,563,1418,216,460,654,130,85,128,232,501,568,1047,258,369,424,1757,216,216,196,216,197,216,59,216,297,983,1195,424,457,1373,216,101,364,439,918,263,216,288,409,490,282,195,77,972,209,749,312,100,109,216,73,262,119,162,216,326,216,1699,216,216,1180,89,458,738,44,216,449,292,218,354,61
ACSSF,2019m1,nc,000,0116,0000061,5615,342,2103,2449,1318,2612,1787,1506,2057,2243,3749,3185,1478,885,4069,159,729,1232,697,905,536,474,1412,1375,3018,963,641,601,3611,216,341,335,91,439,88,216,154,1257,1605,2449,1293,419,3411,216,295,546,648,1697,588,1173,1476,884,1419,1296,229,192,1976,304,1679,433,216,204,308,567,465,59,154,140,463,216,3129,216,329,1948,799,1760,1419,591,259,767,836,532,171,293
ACSSF,2019m1,nc,000,0116,0000062,,,,,,,,,,,,,,,,,,,,,,,,,,,,,,,,,,,,,,,,,,,,,,,,,,,,,,,,,,,,,,,,,,,,,,,,,,,,,,,,,,,,
ACSSF,2019m1,nc,000,0116,0000063,3292,105,677,1478,1063,1248,1105,515,693,1215,1816,1410,508,844,1819,216,149,512,257,327,488,412,556,643,1512,405,365,256,1814,216,216,64,216,310,216,216,216,427,1069,1275,272,282,1964,216,58,348,731,1099,735,388,490,669,476,583,96,541,909,105,642,246,345,212,369,216,143,173,216,216,170,216,1845,216,125,1270,496,513,610,87,216,389,373,359,216,568
ACSSF,2019m1,nc,000,0116,0000064,,,,,,,,,,,,,,,,,,,,,,,,,,,,,,,,,,,,,,,,,,,,,,,,,,,,,,,,,,,,,,,,,,,,,,,,,,,,,,,,,,,,
ACSSF,2019m1,nc,000,0116,0000065,7294,358,3713,2892,1645,3912,2268,1649,2469,4014,4515,3100,2113,2512,6817,255,1267,1650,606,1536,1111,1438,1578,3272,3542,1424,1271,1937,5127,76,282,234,143,723,216,258,361,2055,2640,2385,1199,1420,4611,106,595,676,1152,3005,1311,488,1877,1561,1171,717,583,770,3691,221,3110,419,216,910,378,496,445,631,268,410,520,78,3892,216,833,2021,749,1095,1781,216,318,687,588,1018,712,216
ACSSF,2019m1,nc,000,0116,0000066,3154,342,1174,824,487,1930,1015,915,1239,1636,1916,1567,877,689,2735,264,442,328,224,636,427,819,1039,1303,1524,443,272,525,1937,216,98,117,216,441,216,232,70,744,813,1605,345,466,1977,216,145,270,423,1551,172,543,812,565,626,620,140,128,1171,166,919,64,216,632,111,216,128,216,350,65,448,216,1620,216,216,720,137,612,830,216,70,98,161,168,637,216
ACSSF,2019m1,nc,000,0116,0000067,4474,188,1129,2477,596,2509,1849,551,1611,2126,3011,2417,1391,1497,3212,216,455,981,221,887,338,421,1304,1160,2312,1197,609,968,3322,216,216,57,216,816,216,216,192,1359,2125,1827,700,965,2784,216,476,611,417,2044,791,369,927,695,1334,837,141,405,1547,152,1094,654,161,223,818,49,180,344,278,216,551,39,2763,135,376,2078,447,937,1116,216,216,482,290,480,502,41
ACSSF,2019m1,nc,000,0116,0000068,,,,,,,,,,,,,,,,,,,,,,,,,,,,,,,,,,,,,,,,,,,,,,,,,,,,,,,,,,,,,,,,,,,,,,,,,,,,,,,,,,,,
ACSSF,2019m1,nc,000,0116,0000069,7694,654,2989,4005,2517,4417,4176,2024,4852,4750,5299,4317,3695,1900,6866,633,1424,1903,1422,1283,1570,1719,3866,3447,4265,1772,1270,1179,6487,216,487,550,191,774,450,341,1085,2740,3220,3008,2294,1354,5420,216,506,1575,1633,3400,1915,893,2768,1668,1886,1801,1304,627,3143,200,2709,721,820,760,447,436,515,753,531,438,853,115,4597,216,627,2259,1085,1689,3091,57,452,1517,596,1071,1314,165
ACSSF,2019m1,nc,000,0116,0000070,,,,,,,,,,,,,,,,,,,,,,,,,,,,,,,,,,,,,,,,,,,,,,,,,,,,,,,,,,,,,,,,,,,,,,,,,,,,,,,,,,,,
ACSSF,2019m1,nc,000,0116,0000071,2473,209,893,1351,486,1034,802,246,650,906,1479,1213,821,563,1418,216,460,654,130,85,128,232,501,568,1047,258,369,424,1757,216,216,196,216,197,216,59,216,297,983,1195,424,457,1373,216,101,364,439,918,263,216,288,409,490,282,195,77,972,209,749,312,100,109,216,73,262,119,162,216,326,216,1699,216,216,1180,89,458,738,44,216,449,292,218,354,61
ACSSF,2019m1,nc,000,0116,0000072,4053,193,1774,1949,1169,2342,1444,656,1691,2644,4088,2733,1927,1210,4255,216,669,1158,387,544,260,555,1262,2371,3685,1433,790,1008,3333,126,216,83,216,554,216,69,454,1162,1764,2268,1535,269,3500,74,335,650,973,2478,932,296,1083,899,1674,945,816,525,2408,90,1607,607,300,252,478,216,216,477,1100,216,865,603,2518,216,263,1142,502,1557,1029,205,216,355,238,246,530,216
ACSSF,2019m1,nc,000,0116,0000073,2739,158,1119,1186,612,1664,1093,358,675,957,1947,1849,1097,1085,2267,145,369,585,124,499,238,239,386,783,1739,586,601,816,2125,216,216,260,216,425,421,216,247,628,991,1308,695,762,1896,216,354,227,348,1290,536,257,376,384,554,890,200,374,1352,60,967,279,217,337,381,216,233,232,386,119,395,106,1613,216,233,1075,391,685,649,216,151,450,480,283,391,186
ACSSF,2019m1,nc,000,0116,0000074,5615,342,2103,2449,1318,2612,1787,1506,2057,2243,3749,3185,1478,885,4069,159,729,1232,697,905,536,474,1412,1375,3018,963,641,601,3611,216,341,335,91,439,88,216,154,1257,1605,2449,1293,419,3411,216,295,546,648,1697,588,1173,1476,884,1419,1296,229,192,1976,304,1679,433,216,204,308,567,465,59,154,140,463,216,3129,216,329,1948,799,1760,1419,591,259,767,836,532,171,293
ACSSF,2019m1,nc,000,0116,0000075,3295,105,677,1425,1063,1267,989,515,671,1217,1763,1410,508,819,1858,216,149,496,257,307,462,412,556,606,1461,405,365,182,1819,216,216,64,216,310,216,216,216,427,1074,1275,272,244,1915,216,58,253,731,1099,478,388,459,669,476,583,96,520,894,105,642,246,345,187,369,216,143,131,216,216,170,216,1843,216,125,1273,496,459,605,87,216,389,373,359,216,568
ACSSF,2019m1,nc,000,0116,0000076,,,,,,,,,,,,,,,,,,,,,,,,,,,,,,,,,,,,,,,,,,,,,,,,,,,,,,,,,,,,,,,,,,,,,,,,,,,,,,,,,,,,
ACSSF,2019m1,nc,000,0116,0000077,,,,,,,,,,,,,,,,,,,,,,,,,,,,,,,,,,,,,,,,,,,,,,,,,,,,,,,,,,,,,,,,,,,,,,,,,,,,,,,,,,,,
ACSSF,2019m1,nc,000,0116,0000078,3015,94,1614,1621,533,1362,946,1123,1375,2597,1904,1829,697,906,2996,76,754,1231,342,777,689,1091,1163,2082,1815,1000,277,785,1494,216,216,216,216,248,216,216,216,638,475,1207,651,294,1556,56,173,245,343,1098,543,244,709,692,539,491,316,355,1567,216,1200,86,216,216,146,90,216,1098,216,216,344,216,1337,216,93,859,137,416,572,66,216,498,216,182,166,78
ACSSF,2019m1,nc,000,0116,0000079,7237,358,3713,2892,1645,3912,2268,1634,2479,4013,4501,3080,2113,2512,6799,255,1267,1650,606,1536,1111,1432,1573,3262,3540,1401,1271,1937,5127,76,282,234,143,723,216,258,361,2055,2640,2385,1199,1420,4574,106,595,676,1152,3005,1311,488,1877,1508,1171,717,583,770,3691,221,3110,419,216,910,378,496,445,631,268,410,520,78,3892,216,833,2021,749,1095,1781,216,318,687,588,1018,712,216
ACSSF,2019m1,nc,000,0116,0000080,3154,342,1174,824,487,1930,1015,915,1239,1636,1916,1567,877,689,2735,264,442,328,224,636,427,819,1039,1303,1524,443,272,525,1937,216,98,117,216,441,216,232,70,744,813,1605,345,466,1977,216,145,270,423,1551,172,543,812,565,626,620,140,128,1171,166,919,64,216,632,111,216,128,216,350,65,448,216,1620,216,216,720,137,612,830,216,70,98,161,168,637,216
ACSSF,2019m1,nc,000,0116,0000081,4474,188,1129,2477,596,2509,1849,551,1611,2126,3011,2417,1391,1497,3212,216,455,981,221,887,338,421,1304,1160,2312,1197,609,968,3322,216,216,57,216,816,216,216,192,1359,2125,1827,700,965,2784,216,476,611,417,2044,791,369,927,695,1334,837,141,405,1547,152,1094,654,161,223,818,49,180,344,278,216,551,39,2763,135,376,2078,447,937,1116,216,216,482,290,480,502,41
ACSSF,2019m1,nc,000,0116,0000082,8400,1316,2452,3990,1493,3808,2321,993,2072,4053,5812,3679,3240,2232,6275,826,956,1398,632,1035,469,965,1425,2581,4760,1433,1050,1374,5648,209,102,391,216,680,366,163,123,1682,3600,2991,2616,1111,6151,170,330,1294,1156,3576,1290,502,1468,1664,2161,1741,990,758,3298,789,2278,1112,208,641,600,338,430,519,1252,145,1274,507,4289,417,590,3063,983,2087,1728,205,211,897,536,693,803,272
ACSSF,2019m1,nc,000,0116,0000083,9091,1129,3638,4209,2359,4959,3089,1639,3465,4848,6107,4501,2767,3606,7504,681,1846,2374,705,1672,1609,1443,2462,3626,4431,1382,1095,2338,5031,323,216,630,84,794,200,244,605,2750,2507,3220,1533,1538,6058,397,638,1138,1495,3508,1086,757,2147,1772,1752,1823,924,1509,3923,675,2851,1235,258,738,1101,506,415,207,748,247,645,529,4672,128,801,3091,1345,1895,1797,169,216,1480,460,833,1273,439
ACSSF,2019m1,nc,000,0116,0000084,8372,2045,3465,3749,1527,4069,2199,906,2369,3032,4491,5163,2539,2701,6169,793,1440,1285,553,1000,649,817,1763,2128,3702,1561,1246,1633,5424,346,216,1177,100,639,677,216,760,1763,2374,4512,1067,1652,4744,422,645,968,1185,3835,855,224,1349,1356,1287,1699,808,1158,3543,1273,3197,888,315,989,547,217,140,445,486,249,1033,596,4067,1030,745,2691,609,1492,1708,291,144,537,715,652,1059,648
ACSSF,2019m1,nc,000,0116,0000085,8901,542,4321,3334,1985,4339,2588,1921,2789,5194,6191,4387,2821,3043,8204,391,1850,2111,772,2072,1357,1863,2217,4438,5169,2330,1209,2339,5946,76,324,363,129,717,154,402,638,2367,3144,3218,1891,1467,5189,121,939,891,1259,3561,1558,731,1865,1641,1486,978,887,724,4227,330,3286,533,288,990,717,529,448,1365,464,410,1009,665,4886,216,848,2439,824,1880,2022,66,334,867,736,847,844,523
ACSSF,2019m1,nc,000,0116,0000086,6673,970,3002,3714,1487,3605,2678,882,2450,3006,4709,3184,2262,1911,5568,809,1354,1915,745,1122,543,769,1895,2026,4233,1531,1690,1160,4795,216,68,838,107,1088,25,216,207,1613,3169,2537,1371,1374,3722,216,777,1168,793,2902,1276,440,1718,1216,1798,1447,515,696,3523,539,2520,1536,249,627,968,398,255,378,572,166,660,166,4155,312,787,3144,879,1431,1984,175,246,1120,617,541,713,282
ACSSF,2019m1,nc,000,0116,0000087,8407,1152,3428,4034,2031,4708,2828,1969,2578,3589,5157,4673,2632,2005,6610,426,1340,1849,849,1460,744,1028,1759,2150,4337,1658,901,1213,4600,561,408,631,122,425,553,180,331,2115,2100,3117,1492,1115,5817,242,825,1340,1254,3555,1543,1163,1927,1051,2632,1776,643,1113,3324,710,2580,1333,424,905,434,471,378,1060,388,61,1311,151,4126,330,822,2843,982,1580,2357,591,65,1268,545,878,711,614
ACSSF,2019m1,nc,000,0116,0000088,8398,1797,4152,3113,1390,4691,2470,1661,2372,3409,5766,4350,2872,2232,5388,1017,1540,1436,484,1065,1271,1173,1599,2645,4606,1378,734,1192,5623,271,245,917,216,852,262,232,751,1570,2552,3435,1752,1573,5601,488,649,987,939,3534,901,872,1756,1196,1719,1644,1127,768,3578,1410,3197,1186,384,846,887,852,345,583,466,433,1157,406,3962,506,721,2710,874,1813,1793,140,376,739,395,509,942,142
ACSSF,2019m1,nc,000,0116,0000089,7192,1477,3629,3766,1132,3909,1735,1107,2918,3013,4795,4658,2245,2145,5211,472,1312,1861,588,958,819,913,2019,2028,3938,1555,1079,1346,4985,420,216,632,216,909,421,216,407,1639,2202,4037,1440,1520,4511,121,513,1169,738,2892,964,531,1744,1032,1552,1276,770,749,3205,1291,3107,1202,289,980,555,514,487,513,964,412,902,489,4072,355,776,3130,976,1532,1456,315,251,814,703,708,781,405
ACSSF,2019m1,nc,000,0116,0000090,8397,999,3056,3919,2021,3085,2348,1146,2856,3516,4506,3465,2282,1583,6392,837,1475,1903,771,1161,1163,859,2534,2744,3756,1746,785,1036,3379,229,17,490,104,895,219,47,216,1217,1715,2282,1554,1049,4321,142,566,1023,1632,2300,739,631,1427,1332,1397,1309,753,720,3128,543,2075,753,431,1067,615,429,559,561,567,175,827,308,3683,321,817,2610,756,1358,1652,286,108,896,763,300,572,333
ACSSF,2019m1,nc,000,0116,0000091,7162,835,2775,5097,1605,3114,2675,1291,2057,2981,4741,4083,2321,1916,6335,632,1311,2366,677,989,850,987,1395,2216,4103,2405,1253,1047,5040,397,358,931,435,529,234,224,577,1873,2548,2694,1432,1287,4366,122,570,1453,1142,2247,1161,475,1371,1122,1583,1094,815,715,3019,314,2283,1254,231,604,877,497,647,721,406,949,768,213,5583,131,401,3758,787,1672,2471,44,101,668,808,685,1081,175
ACSSF,2019m1,nc,000,0116,0000092,8801,1377,4285,4506,1750,3704,1980,944,2552,3937,4788,4301,2389,2480,6973,830,1010,1932,560,903,1241,834,1504,2148,4284,1663,1184,1631,4698,169,279,671,464,705,175,216,522,2207,2517,3284,1646,1222,4398,307,792,1225,898,2668,844,507,1699,962,1690,1305,1075,807,4697,991,3961,1277,441,995,643,302,515,546,1172,347,937,301,4254,399,746,3216,1248,2036,1438,104,195,657,367,922,693,304
ACSSF,2019m1,nc,000,0116,0000093,8493,590,3016,4076,2461,4894,4278,2082,4547,5123,6284,4774,3365,1908,6784,569,1614,2074,1215,1477,1526,1710,3585,3668,4533,1785,1064,1105,6611,216,487,555,191,578,419,341,1220,2862,3540,3404,2167,1360,6039,216,480,1539,1572,3996,2038,802,2383,1749,2033,1804,1190,495,2931,176,2817,725,857,720,375,502,615,816,279,523,966,115,4778,216,565,2543,1164,1711,3004,76,452,1574,617,1116,1270,142
ACSSF,2019m1,nc,000,0116,0000094,8236,696,3326,4784,1918,3409,2731,1375,2266,3668,4644,3357,2129,1706,5935,556,1398,2431,766,1245,753,817,1698,2332,3786,1386,1020,1112,4792,167,216,426,216,939,421,449,172,1480,2293,2685,1930,676,4033,112,470,1339,1305,2595,1073,600,1356,1454,1611,1309,808,682,2815,420,2570,1228,641,916,686,842,530,554,375,732,1056,143,5225,216,920,3525,820,1909,2125,101,372,1042,1095,763,805,673
ACSSF,2019m1,nc,000,0116,0000095,2784,599,1151,1068,404,1543,598,434,969,1031,2113,1503,856,721,2307,411,413,655,117,470,217,433,519,408,1708,867,595,611,1954,84,216,122,111,293,25,216,38,367,1206,1243,459,390,1952,46,279,306,230,1323,288,20,839,563,646,540,302,164,1196,411,1109,326,126,173,212,216,25,300,372,216,266,216,1439,267,585,764,180,731,576,216,216,467,112,256,281,69
ACSSF,2019m1,nc,000,0116,0000096,3448,499,1183,1952,403,1692,1243,219,554,1145,2246,1425,942,812,2154,252,673,1003,314,561,352,137,373,725,1661,329,357,480,2317,216,216,429,13,452,216,216,216,635,1653,1127,522,482,1974,216,112,426,253,1334,934,216,379,346,527,622,419,365,1351,436,1071,464,127,395,193,194,147,84,84,166,499,123,2237,89,255,1948,197,721,907,216,246,405,266,49,354,273
ACSSF,2019m1,nc,000,0116,0000097,3017,270,1372,1792,1036,1450,1320,211,1222,1462,2051,1303,1344,962,2258,216,918,788,524,308,491,132,626,701,1571,166,696,340,2203,216,68,673,216,184,72,83,216,1029,1166,850,893,724,2119,216,203,331,280,1134,532,115,1139,726,870,810,327,498,1639,155,885,708,160,572,340,216,377,216,216,216,604,216,1749,228,530,1400,757,643,944,216,216,498,329,190,202,264
ACSSF,2019m1,nc,000,0116,0000098,3018,568,997,1656,540,1453,1027,416,778,1489,2361,1624,746,741,2141,475,275,375,193,504,346,239,601,564,1864,698,310,428,1744,95,19,337,216,21,216,216,216,909,832,932,443,643,2136,115,294,862,257,987,654,132,545,459,1533,964,285,260,1152,259,836,678,216,123,284,309,216,238,276,143,325,153,1814,146,120,1182,457,804,749,216,216,587,191,216,373,86
ACSSF,2019m1,nc,000,0116,0000099,2883,514,1430,1701,636,1952,1300,276,1240,1203,2226,1300,868,972,2322,239,529,765,365,420,296,196,697,770,1534,782,392,714,2357,45,216,149,216,396,366,216,216,618,1813,1054,677,638,2024,216,169,723,337,1347,532,142,988,796,459,409,334,128,1573,398,1281,462,216,714,377,118,169,99,216,216,253,389,1980,133,506,1146,389,1054,754,216,216,116,66,162,101,161
ACSSF,2019m1,nc,000,0116,0000100,2225,723,1044,1148,472,1149,837,449,556,860,1409,875,712,774,1469,175,476,415,139,402,82,443,404,452,1095,138,325,319,1457,14,102,73,216,247,216,216,123,601,860,794,438,620,1207,158,216,259,289,800,558,95,385,346,444,201,105,364,1508,507,1014,339,216,71,115,216,430,54,83,216,338,207,1534,356,353,1014,328,462,654,216,216,58,274,165,107,216
ACSSF,2019m1,nc,000,0116,0000101,2585,533,968,1398,575,1024,797,221,926,1389,1875,1182,816,1082,2584,392,428,751,295,557,69,221,672,923,1858,495,253,720,1458,148,216,293,100,124,92,216,128,768,1046,1036,499,597,1539,63,36,441,418,841,198,216,683,526,548,660,415,420,991,292,761,397,121,209,167,216,75,256,216,150,273,247,1675,67,269,920,181,539,721,216,216,337,111,103,166,472
ACSSF,2019m1,nc,000,0116,0000102,2634,636,1039,986,244,1096,886,267,876,954,1761,1584,765,768,2081,464,179,326,119,439,216,266,516,793,1244,933,340,478,1694,216,216,235,216,159,216,216,96,468,727,1334,305,441,1631,241,190,361,168,1019,696,13,719,264,632,791,244,271,1190,308,926,454,216,144,257,216,104,21,216,95,391,349,1363,187,416,754,173,619,491,216,114,163,36,419,334,216
ACSSF,2019m1,nc,000,0116,0000103,3129,913,1075,1667,754,1819,1355,372,1035,1385,1938,1588,961,1090,2354,574,546,765,175,482,271,294,881,908,1369,815,576,728,1692,216,216,424,216,216,216,216,389,860,1042,861,488,501,1931,385,390,415,289,1616,881,111,443,625,490,453,327,139,1273,565,910,642,216,147,410,222,216,69,206,21,196,216,2348,148,446,1569,740,804,848,216,216,688,303,596,506,255
ACSSF,2019m1,nc,000,0116,0000104,3080,759,928,2224,632,988,584,428,859,1406,1727,1407,946,782,1974,474,452,746,163,302,302,416,701,562,1368,299,242,573,1961,216,216,213,45,457,216,216,369,829,825,1287,866,363,1682,70,199,819,518,770,214,109,562,734,346,551,367,319,1160,484,738,358,118,118,101,216,216,216,87,216,642,184,1985,210,216,1697,383,317,497,216,216,576,175,134,187,216
ACSSF,2019m1,nc,000,0116,0000105,3860,535,2563,2029,1464,2833,2031,1065,1488,2428,2915,2964,1602,2253,3822,242,1026,979,376,557,1147,1003,859,1292,2538,814,353,1715,2905,216,130,50,216,544,178,244,216,1067,1346,2003,1041,1066,3562,216,417,606,1035,2363,487,305,1148,1083,1258,1240,625,473,2630,473,2335,720,143,297,717,147,190,214,170,216,497,108,2798,216,557,1729,946,1033,949,94,170,611,216,283,902,216
ACSSF,2019m1,nc,000,0116,0000106,6257,309,1492,1349,1063,1526,1577,1076,871,2587,2222,2170,979,844,3356,212,739,877,296,379,755,993,732,1997,1995,961,490,645,2464,76,282,216,129,350,216,258,325,865,948,1588,390,445,2947,216,436,261,721,1374,968,288,483,978,769,667,517,220,1530,191,1159,216,216,456,246,325,142,246,216,204,369,216,2230,216,142,1052,575,310,1093,216,216,637,418,286,409,216
ACSSF,2019m1,nc,000,0116,0000107,,,,,,,,,,,,,,,,,,,,,,,,,,,,,,,,,,,,,,,,,,,,,,,,,,,,,,,,,,,,,,,,,,,,,,,,,,,,,,,,,,,,
ACSSF,2019m1,nc,000,0116,0000108,5476,320,1503,1287,554,1999,773,839,1478,2322,2802,1679,943,1439,3475,216,499,931,216,621,623,802,1112,1952,2482,374,409,932,2370,216,216,189,216,192,216,216,216,1028,1041,1455,320,1034,2675,216,216,348,528,1731,360,152,1062,800,880,261,362,292,1711,320,1417,90,216,202,216,173,366,77,174,72,526,216,1439,216,136,658,163,531,530,216,216,721,96,585,331,216
ACSSF,2019m1,nc,000,0116,0000109,6401,347,2615,1990,891,2557,1864,611,1091,1965,2832,2558,1500,2091,4312,290,443,891,640,1223,682,333,754,1199,2123,795,489,1636,3751,216,216,191,216,182,216,216,216,1363,2012,1930,1338,923,3193,216,218,260,518,2044,977,171,929,555,650,1308,326,651,2381,198,2102,375,216,558,377,473,216,373,216,216,295,67,2397,216,809,1529,369,892,1235,216,216,684,139,216,216,319
ACSSF,2019m1,nc,000,0116,0000110,4595,349,1726,2018,425,1887,878,582,1545,2506,3241,1675,1187,1790,3275,346,745,1339,207,748,456,327,1030,1837,1822,347,424,857,2762,216,216,153,216,115,86,216,266,1924,1785,1243,660,521,3165,216,567,483,255,1307,241,474,917,574,721,589,628,1256,2168,216,1430,615,210,324,282,216,94,73,525,212,629,152,1744,68,322,1212,179,651,656,216,216,333,343,216,302,322
ACSSF,2019m1,nc,000,0116,0000111,,,,,,,,,,,,,,,,,,,,,,,,,,,,,,,,,,,,,,,,,,,,,,,,,,,,,,,,,,,,,,,,,,,,,,,,,,,,,,,,,,,,
ACSSF,2019m1,nc,000,0116,0000112,4963,56,1884,1473,434,1282,1068,1035,1192,2406,2346,1886,639,802,3886,216,674,1152,283,748,685,1022,867,1913,2249,992,276,743,1723,216,216,216,216,262,216,216,216,628,579,1252,374,313,1552,56,146,182,228,1045,703,205,653,644,373,478,257,252,2009,216,1768,216,216,216,146,90,216,1182,124,216,350,216,1398,216,93,878,152,228,601,66,99,354,167,182,110,78
ACSSF,2019m1,nc,000,0116,0000113,3369,107,1006,994,674,1683,796,825,1249,2636,1907,1156,1327,801,3385,107,728,939,369,504,379,775,1031,2167,1846,369,599,598,1859,216,216,216,216,192,154,216,140,1107,517,1024,954,329,1937,216,418,285,593,1456,200,337,887,641,503,321,479,273,730,216,664,170,216,216,216,85,256,216,85,216,213,216,1022,216,216,269,216,478,674,216,216,371,162,216,199,216
ACSSF,2019m1,nc,000,0116,0000114,,,,,,,,,,,,,,,,,,,,,,,,,,,,,,,,,,,,,,,,,,,,,,,,,,,,,,,,,,,,,,,,,,,,,,,,,,,,,,,,,,,,
ACSSF,2019m1,nc,000,0116,0000115,5247,257,1474,1250,671,1685,1029,435,1044,1506,2966,1343,1246,676,3306,133,725,691,310,305,81,353,1072,1370,2449,348,514,606,2008,126,216,83,216,521,216,163,216,792,1351,1286,654,193,2398,74,150,247,287,1714,617,157,665,482,1068,433,349,341,2024,142,1327,123,174,194,417,216,216,121,1094,216,891,216,1939,216,216,817,502,1281,682,205,216,313,299,216,216,216
ACSSF,2019m1,nc,000,0116,0000116,2908,295,1005,1215,411,1317,546,770,947,1798,2825,1518,973,855,3142,214,714,869,210,734,77,700,555,1535,2341,749,300,426,2082,216,216,285,216,148,216,293,275,639,1179,1284,717,645,1536,216,320,516,123,816,81,153,691,411,707,465,493,190,940,177,719,216,149,216,400,81,216,216,317,216,141,225,1396,216,50,786,289,836,375,216,216,243,364,124,397,339
ACSSF,2019m1,nc,000,0116,0000117,2981,309,1526,1661,806,1640,789,319,850,2060,2151,1268,1233,644,2807,212,705,803,80,168,223,199,672,1188,1804,462,372,412,1335,216,216,433,216,86,216,216,216,809,658,1030,489,405,2227,216,54,621,702,1399,257,155,622,536,1109,196,312,344,1925,221,1235,671,255,200,177,91,216,1055,101,216,970,7,1822,216,153,1361,242,790,642,216,216,405,180,478,219,216
ACSSF,2019m1,nc,000,0116,0000118,2966,234,2283,1608,991,2160,1432,491,1355,1167,2300,1851,1299,1121,2643,147,826,760,449,659,272,418,859,799,1968,432,540,595,2158,109,104,121,88,234,216,156,132,520,1280,1451,580,573,2133,81,213,797,623,1632,845,128,973,437,752,427,373,726,2177,115,2040,382,216,618,262,132,216,158,214,216,568,82,2005,115,453,1190,446,585,947,69,65,422,494,506,543,82
ACSSF,2019m1,nc,000,0116,0000119,4443,285,1159,1502,609,1245,1235,843,1754,1699,2396,1385,1050,448,3059,70,570,846,419,661,278,361,1122,1153,1968,667,558,394,1866,216,341,30,91,216,216,216,128,913,1028,1095,770,225,2168,216,288,324,448,1232,588,462,1165,403,599,439,151,192,1001,276,761,323,216,208,159,47,409,216,136,216,176,216,1763,216,200,1156,277,396,777,591,201,629,665,201,171,121
ACSSF,2019m1,nc,000,0116,0000120,,,,,,,,,,,,,,,,,,,,,,,,,,,,,,,,,,,,,,,,,,,,,,,,,,,,,,,,,,,,,,,,,,,,,,,,,,,,,,,,,,,,
ACSSF,2019m1,nc,000,0116,0000121,5303,218,1343,1816,1137,1671,1296,1114,1193,1490,2138,2604,991,955,3321,216,690,1046,526,549,255,319,896,987,1711,900,358,771,2037,216,216,71,216,197,216,216,216,920,738,1713,488,231,3075,181,621,336,399,1242,714,1057,804,577,1239,1036,286,328,1179,125,926,486,128,192,137,216,74,113,169,135,646,128,1935,216,349,1462,733,789,1081,216,86,600,164,218,154,180
ACSSF,2019m1,nc,000,0116,0000122,4486,602,1214,1956,1198,1665,1395,564,875,1129,1853,1756,662,860,2138,71,336,608,442,559,395,471,698,643,1497,439,351,249,2207,563,216,64,216,310,402,216,78,482,1075,1333,457,326,2322,216,58,269,817,1467,508,375,545,607,490,569,170,520,1449,159,1140,290,489,407,371,216,143,162,81,530,269,216,2435,216,125,1761,527,521,1084,87,63,389,446,435,216,589
ACSSF,2019m1,nc,000,0116,0000123,,,,,,,,,,,,,,,,,,,,,,,,,,,,,,,,,,,,,,,,,,,,,,,,,,,,,,,,,,,,,,,,,,,,,,,,,,,,,,,,,,,,
ACSSF,2019m1,nc,000,0116,0000124,,,,,,,,,,,,,,,,,,,,,,,,,,,,,,,,,,,,,,,,,,,,,,,,,,,,,,,,,,,,,,,,,,,,,,,,,,,,,,,,,,,,
ACSSF,2019m1,nc,000,0116,0000125,3652,250,1377,1264,539,1445,862,334,1268,1638,1754,1172,1191,652,2419,164,707,794,303,543,233,317,977,1135,1480,588,831,223,1404,216,216,60,216,311,216,216,68,572,918,699,635,447,1793,216,450,288,414,1033,182,216,794,618,774,555,261,360,1405,185,1015,727,132,285,348,99,216,105,216,216,334,108,1538,216,127,824,237,546,781,216,216,406,387,170,198,73
ACSSF,2019m1,nc,000,0116,0000126,3162,629,1301,1562,536,1405,974,405,582,1161,1679,1071,966,602,2265,627,692,687,115,399,115,115,524,795,1418,435,373,250,1165,216,216,229,216,151,216,216,216,512,693,787,517,282,1442,216,307,417,396,800,298,127,394,359,488,415,205,329,1497,206,1057,720,216,799,318,363,216,68,216,216,541,216,1785,216,239,1222,348,485,877,133,62,604,149,218,446,216
ACSSF,2019m1,nc,000,0116,0000127,2709,385,1050,2045,1146,1760,761,700,850,1071,1929,1443,656,754,2522,374,364,767,362,181,219,523,382,869,1674,549,279,487,1887,216,216,173,463,384,216,216,83,488,932,1138,231,527,2095,216,270,828,530,1565,333,485,505,240,834,364,299,321,1146,96,903,572,216,235,137,355,443,133,343,216,237,216,1872,98,206,1748,971,711,691,108,216,179,50,550,320,216
ACSSF,2019m1,nc,000,0116,0000128,3125,416,1518,1716,843,1563,687,229,707,1226,1949,1378,1084,1059,2361,210,206,670,228,317,205,188,638,536,1553,738,364,542,1898,216,216,248,216,417,216,216,216,943,984,789,557,748,1609,303,261,674,175,994,372,95,293,223,683,587,279,148,1945,70,1510,373,216,875,101,70,133,200,345,82,472,249,1876,130,95,1470,728,652,536,216,114,322,216,774,355,199
ACSSF,2019m1,nc,000,0116,0000129,,,,,,,,,,,,,,,,,,,,,,,,,,,,,,,,,,,,,,,,,,,,,,,,,,,,,,,,,,,,,,,,,,,,,,,,,,,,,,,,,,,,
ACSSF,2019m1,nc,000,0116,0000130,3705,519,2189,1485,834,1535,1116,330,932,1619,2398,2055,954,1056,2303,499,515,948,61,453,1061,217,600,1430,1960,633,527,762,2111,216,216,459,216,102,86,216,216,427,1255,1643,434,372,1856,216,499,562,635,1318,104,190,680,518,666,374,245,535,2568,151,2059,706,216,212,288,132,143,139,99,221,349,77,1496,216,216,778,571,521,572,104,83,490,161,143,431,149
ACSSF,2019m1,nc,000,0116,0000131,,,,,,,,,,,,,,,,,,,,,,,,,,,,,,,,,,,,,,,,,,,,,,,,,,,,,,,,,,,,,,,,,,,,,,,,,,,,,,,,,,,,
ACSSF,2019m1,nc,000,0116,0000132,,,,,,,,,,,,,,,,,,,,,,,,,,,,,,,,,,,,,,,,,,,,,,,,,,,,,,,,,,,,,,,,,,,,,,,,,,,,,,,,,,,,
ACSSF,2019m1,nc,000,0116,0000133,2864,775,1369,1712,649,2188,670,466,1087,1632,1860,1613,1410,937,2869,430,448,1040,395,632,297,415,821,947,1494,733,615,827,1954,139,216,114,46,486,152,216,87,1182,1195,1292,1138,236,1953,216,294,410,300,1418,393,153,604,553,413,577,542,267,1508,601,1440,365,434,205,267,195,215,103,148,131,435,162,2194,216,532,1310,161,1520,507,216,201,344,297,156,193,216
ACSSF,2019m1,nc,000,0116,0000134,3242,512,1063,1764,454,1355,1328,451,540,1353,1995,1035,962,945,2336,486,545,711,116,526,236,236,407,631,1492,346,351,727,1676,24,216,284,394,270,216,79,16,1044,893,833,316,365,1906,216,80,294,184,922,424,401,402,521,1140,470,528,405,1551,128,798,678,139,431,441,48,216,563,269,448,553,216,1595,118,225,1376,7,606,1124,216,216,231,374,445,551,216
ACSSF,2019m1,nc,000,0116,0000135,3504,400,1262,2223,767,1614,1646,387,819,1333,1690,1337,935,534,2550,384,723,884,359,463,375,344,566,1063,1392,652,315,444,1690,216,216,145,199,200,202,216,216,581,966,1071,711,268,2096,85,250,573,515,1284,619,57,492,268,868,275,345,201,1264,216,921,715,134,216,298,197,211,216,183,379,280,19,2916,216,97,1993,365,875,1493,216,80,398,299,416,294,154
ACSSF,2019m1,nc,000,0116,0000136,2765,399,1277,2679,746,1414,1131,648,952,1655,1691,2448,1362,745,2577,165,353,1603,419,457,483,269,424,933,1474,1866,832,441,2376,351,216,167,216,381,216,202,512,1309,657,1377,858,513,1879,89,216,891,500,1141,543,414,669,361,593,695,386,279,1449,18,1249,437,216,340,528,195,239,288,71,216,161,214,2585,216,89,2215,452,850,870,216,57,268,381,92,206,63
ACSSF,2019m1,nc,000,0116,0000137,3277,351,1564,2278,737,1746,999,537,799,1779,2189,1447,981,381,2325,291,1004,1019,283,718,371,482,611,1092,1636,735,455,240,1698,216,216,196,216,360,78,121,216,974,976,1113,607,128,1925,112,218,573,642,1559,444,238,549,744,812,483,331,191,1278,52,998,612,173,119,131,216,60,212,241,305,464,125,2039,216,248,1671,169,577,712,216,216,383,54,175,351,105
ACSSF,2019m1,nc,000,0116,0000138,3122,218,1110,1596,536,1114,1103,514,868,911,1602,1018,771,843,2101,33,451,645,240,191,310,506,490,726,1402,421,249,386,1491,204,358,203,34,184,71,216,172,551,876,758,393,400,1674,216,156,606,347,853,573,91,537,356,614,450,235,397,1344,77,1004,614,57,217,493,58,448,221,80,216,284,216,1559,216,267,1003,343,506,796,44,216,159,276,125,324,216
ACSSF,2019m1,nc,000,0116,0000139,3348,219,1082,1356,714,1273,946,580,823,1180,1584,1288,1053,758,1932,216,516,804,154,152,361,372,633,757,1211,258,515,482,2071,216,216,196,216,256,216,59,216,667,1336,1253,871,553,1783,216,123,476,533,1131,323,75,481,588,472,351,284,284,1217,210,884,437,100,98,164,407,241,246,162,216,243,216,1771,65,173,1196,395,455,787,216,216,440,312,218,327,61
ACSSF,2019m1,nc,000,0116,0000140,4982,230,1627,1691,1034,1820,1012,556,1947,2118,2189,1414,802,744,3099,230,544,1094,758,499,681,344,1742,1279,1853,541,381,282,1867,216,216,282,216,194,139,216,181,1315,885,1187,640,695,1873,216,278,578,591,1208,558,429,920,700,516,567,89,213,1595,216,1473,209,216,317,216,216,82,70,216,120,249,89,1628,216,258,864,481,1084,622,216,216,495,216,178,223,216
ACSSF,2019m1,nc,000,0116,0000141,5896,86,1377,1459,1641,1642,1931,671,1319,1237,2272,1774,1353,801,2429,216,549,496,364,572,441,421,893,602,1587,743,253,618,2010,216,368,68,101,104,256,328,401,563,1391,978,1033,427,2975,216,216,410,893,1375,1200,327,681,696,662,966,57,184,1375,86,1044,324,799,253,254,216,325,184,216,216,234,216,2563,216,296,1345,337,639,1400,50,380,552,397,552,668,86
ACSSF,2019m1,nc,000,0116,0000142,6046,216,1545,1723,816,1821,1414,618,2057,1609,2800,2761,1366,586,2719,216,341,637,260,425,370,592,1554,952,1774,1135,368,498,3265,216,216,297,216,436,231,91,244,600,2151,1791,629,337,3044,216,151,716,625,1614,502,41,1249,692,904,798,458,231,1669,216,1474,227,76,314,225,151,69,342,173,420,402,216,2181,216,198,1394,416,428,1200,216,216,657,217,281,650,216
ACSSF,2019m1,nc,000,0116,0000143,5465,125,1162,1377,1158,1383,1312,444,1937,2198,2208,2485,1141,836,3311,113,797,953,569,559,778,378,1537,1773,2173,1119,533,409,2214,216,216,216,216,456,219,216,182,804,468,1591,981,497,2744,216,238,578,984,896,600,199,1381,762,584,526,266,446,927,52,854,216,86,139,162,216,105,216,216,216,216,216,1715,216,264,669,116,612,1003,216,216,216,139,139,293,216
ACSSF,2019m1,nc,000,0116,0000144,5315,216,1995,1513,838,1715,1412,990,2152,2224,2255,1756,945,751,3382,216,604,1076,439,515,582,839,1671,1392,1607,639,585,361,2582,216,216,354,165,65,146,216,731,1105,1252,1346,493,684,2110,216,61,439,263,1429,723,502,972,705,511,281,180,216,2077,216,1873,148,125,247,107,216,430,245,454,216,374,216,2299,216,115,782,494,659,1103,57,205,1144,77,503,268,63
ACSSF,2019m1,nc,000,0116,0000145,5416,492,1592,1132,1247,2838,1189,851,1562,2702,2446,1891,1335,546,3183,489,889,670,337,842,462,546,1347,1544,1992,766,353,405,3086,216,216,72,216,142,155,216,446,1965,984,1411,683,322,2729,216,143,558,970,2096,657,390,742,645,610,743,990,143,1595,39,1390,244,118,439,85,371,216,592,177,207,449,216,1565,216,133,730,612,782,743,216,216,349,106,377,164,216
ACSSF,2019m1,nc,000,0116,0000146,4741,197,1337,1084,1163,1834,1573,830,1598,1524,2567,1516,1212,1042,3212,128,462,537,198,743,749,670,1378,1416,2090,1126,384,697,2175,216,216,216,216,584,216,216,579,809,1143,979,727,589,2573,216,335,657,931,1635,587,392,594,509,772,336,527,216,1326,152,1126,190,151,648,113,171,193,223,124,147,570,75,1721,216,317,620,532,530,1303,216,163,216,76,171,220,115
ACSSF,2019m1,nc,000,0116,0000147,5814,186,1167,1996,1156,1839,1072,992,1763,2059,2997,1771,1492,477,4150,186,846,1329,649,479,450,917,1462,1754,2260,403,507,262,2495,216,333,216,216,146,216,216,203,647,1082,1504,1282,280,2593,216,59,641,817,1594,518,401,1036,862,842,753,271,293,1414,216,804,564,231,248,138,321,383,150,216,137,304,216,1935,216,77,1224,168,935,821,216,216,213,388,753,469,129
ACSSF,2019m1,nc,000,0116,0000148,4018,358,2378,2363,709,2205,1142,746,1947,1839,2650,2746,1232,822,2971,137,804,988,510,375,424,621,1509,1381,2437,973,431,563,2594,258,216,322,216,751,216,216,216,1044,792,2211,855,547,2620,118,131,1025,353,1755,597,249,1169,529,822,621,490,228,2097,197,1872,927,141,132,249,213,245,237,71,243,322,121,2186,216,136,1571,395,733,872,315,113,325,344,513,480,216
ACSSF,2019m1,nc,000,0116,0000149,3782,1029,1104,1638,342,1377,748,369,918,1077,2323,2373,635,994,2527,336,549,507,162,393,434,328,599,957,1459,455,343,689,2704,144,216,362,216,180,216,216,216,619,1322,2347,386,570,1512,21,195,252,167,1087,317,130,760,329,593,218,170,272,1581,924,1017,410,108,314,136,102,230,136,859,37,239,167,1750,236,111,1459,239,804,635,14,216,174,278,35,368,217
ACSSF,2019m1,nc,000,0116,0000150,3440,812,1503,1759,866,1009,970,346,784,1165,2053,1583,1063,1018,2602,265,532,967,146,515,195,163,613,997,1631,825,668,647,1957,102,216,166,216,133,216,216,132,391,1346,1281,373,613,1600,216,257,647,427,779,432,41,463,346,667,274,453,289,1890,756,1461,455,337,229,360,337,36,210,110,308,586,115,2029,216,649,1365,775,559,644,216,19,245,120,459,405,141
ACSSF,2019m1,nc,000,0116,0000151,3416,244,1446,2135,710,1365,1330,832,915,1678,2029,1484,1319,703,2590,132,252,1192,46,380,356,253,505,1053,1550,597,455,459,2140,167,216,216,216,656,216,447,216,753,1045,1242,979,288,2021,216,167,715,549,908,751,277,670,370,780,288,648,341,1486,132,1297,584,371,286,340,557,164,442,193,386,570,62,2646,216,765,1828,298,666,1012,57,220,729,539,141,634,131
ACSSF,2019m1,nc,000,0116,0000152,2964,661,1241,2097,858,1638,1185,766,955,1490,1587,1591,767,714,2010,284,561,780,244,937,392,679,512,973,1182,766,329,257,1555,216,197,237,216,255,553,216,317,841,922,1116,569,430,2048,65,192,551,802,1140,342,216,812,377,637,690,231,328,1256,594,936,542,79,304,203,356,23,46,114,216,260,216,1971,216,334,1730,172,517,942,216,216,549,247,235,281,494
ACSSF,2019m1,nc,000,0116,0000153,3133,526,1183,1578,416,1285,1014,289,1650,1068,1910,1261,955,835,2124,120,287,869,238,241,401,289,1070,819,1453,712,508,377,1907,308,216,108,216,65,216,216,193,622,1255,1079,647,686,1627,216,118,473,267,712,27,216,936,417,747,383,305,155,1269,231,1191,334,46,727,77,216,111,216,138,124,261,146,1464,273,172,1167,305,574,917,216,216,467,37,126,43,179
ACSSF,2019m1,nc,000,0116,0000154,2414,419,1813,1433,506,1173,754,621,576,1168,1635,1333,520,1249,1905,200,590,584,54,249,118,400,310,801,1442,619,257,602,1387,323,216,334,216,417,216,216,216,502,794,837,263,715,1732,68,163,325,191,846,390,417,371,372,336,833,152,796,1650,179,1556,353,61,70,257,216,160,175,394,99,226,274,1302,34,244,1010,477,655,643,169,216,158,164,196,124,134
ACSSF,2019m1,nc,000,0116,0000155,2244,1310,1929,1572,698,1496,1348,362,863,831,1730,1133,811,600,2094,951,769,494,208,193,367,124,381,406,1528,375,182,443,1623,180,111,470,216,269,93,216,626,581,804,964,751,289,1766,402,579,680,404,1287,365,341,392,441,370,270,197,208,1689,963,1280,274,108,227,97,216,216,41,42,216,189,257,2151,481,217,1361,524,705,1183,216,216,24,119,33,182,111
ACSSF,2019m1,nc,000,0116,0000156,2909,688,920,1708,548,1659,860,260,762,1097,1622,1133,1054,1200,1709,314,559,656,251,466,416,229,375,722,1230,163,329,537,1693,216,74,485,216,259,216,216,216,534,1132,979,415,1052,1886,147,120,468,384,1345,371,95,692,360,593,594,414,329,1284,593,731,555,195,216,381,216,216,330,242,198,729,221,1544,69,177,1385,315,884,654,80,216,440,213,198,232,216
ACSSF,2019m1,nc,000,0116,0000157,5374,743,2108,1492,510,2648,756,83,590,1400,2189,1146,1020,1136,2287,300,408,378,285,410,222,216,442,1253,1782,186,152,665,1612,87,216,170,216,88,20,216,216,532,1063,913,338,324,2635,216,157,333,268,2494,275,83,366,297,510,613,462,476,2489,655,2163,192,90,936,162,216,216,216,269,216,686,417,1506,353,89,1292,235,400,648,216,216,171,113,216,356,251
ACSSF,2019m1,nc,000,0116,0000158,4029,927,1327,1823,994,2337,1255,850,956,1674,3055,2746,1487,1418,2823,463,647,709,216,492,318,763,717,1041,2658,953,666,603,3291,124,216,1109,216,385,667,216,216,748,1784,2462,1097,1127,2966,216,206,526,840,2040,385,452,631,774,835,617,376,271,1244,483,1186,230,216,279,136,216,216,216,203,216,449,216,1647,380,362,939,653,1033,857,291,211,717,286,646,482,216
ACSSF,2019m1,nc,000,0116,0000159,,,,,,,,,,,,,,,,,,,,,,,,,,,,,,,,,,,,,,,,,,,,,,,,,,,,,,,,,,,,,,,,,,,,,,,,,,,,,,,,,,,,
ACSSF,2019m1,nc,000,0116,0000160,2499,1092,1480,1386,555,1345,860,217,891,1213,1509,2007,1098,812,1839,269,995,433,355,440,225,176,561,505,998,472,558,578,2146,60,216,13,216,216,216,216,197,871,809,1655,404,348,1633,336,472,407,223,923,144,35,665,202,444,523,384,463,1317,519,849,510,149,176,252,130,103,150,48,58,249,179,1655,649,147,971,276,886,744,216,63,353,281,239,514,277
ACSSF,2019m1,nc,000,0116,0000161,,,,,,,,,,,,,,,,,,,,,,,,,,,,,,,,,,,,,,,,,,,,,,,,,,,,,,,,,,,,,,,,,,,,,,,,,,,,,,,,,,,,
ACSSF,2019m1,nc,000,0116,0000162,3712,503,1542,1240,454,1739,928,909,1107,1886,2187,1993,954,1150,2237,216,737,585,168,310,710,310,728,1582,1854,475,264,591,2598,164,216,472,216,197,216,216,216,636,1047,1867,689,723,2232,65,69,307,422,1392,20,194,738,530,839,434,400,398,1594,452,1202,304,216,111,185,823,216,340,18,367,226,214,1435,89,52,1006,117,684,533,72,278,634,83,166,293,216
ACSSF,2019m1,nc,000,0116,0000163,3741,426,1484,1429,601,2191,1112,1013,1338,1839,2391,2259,1287,860,2842,264,604,626,236,639,500,937,1143,1455,1974,845,251,541,2380,216,98,191,216,461,216,232,434,783,867,1902,539,602,2159,138,145,315,463,1761,302,544,880,719,791,642,140,312,1363,217,1136,223,216,643,133,216,240,216,364,103,469,86,1908,216,216,1141,308,657,845,216,70,119,161,422,828,216
ACSSF,2019m1,nc,000,0116,0000164,2524,129,1340,1226,658,1818,1124,571,1080,1096,2099,1677,1421,969,2003,216,604,677,195,339,403,350,486,764,1957,529,309,488,2286,216,216,318,216,447,113,216,216,645,748,1614,798,677,2256,216,104,115,389,1616,560,296,1005,369,690,443,799,332,1696,129,1067,876,139,273,432,269,216,268,64,45,555,78,1416,216,483,510,349,885,793,216,183,65,127,216,273,94
ACSSF,2019m1,nc,000,0116,0000165,,,,,,,,,,,,,,,,,,,,,,,,,,,,,,,,,,,,,,,,,,,,,,,,,,,,,,,,,,,,,,,,,,,,,,,,,,,,,,,,,,,,
ACSSF,2019m1,nc,000,0116,0000166,2669,73,853,952,364,1383,588,308,463,824,1450,1436,814,747,1725,48,273,350,57,379,139,166,324,568,1112,460,386,582,1746,216,216,180,216,309,180,216,247,386,755,1058,611,504,1500,216,175,80,226,1020,400,257,233,264,534,599,190,197,976,54,779,198,216,158,117,216,216,232,224,119,309,216,1177,216,195,833,275,585,385,216,151,323,337,127,251,124
ACSSF,2019m1,nc,000,0116,0000167,2658,285,874,903,455,1239,725,466,758,1000,1537,1295,634,1049,1690,276,374,265,109,263,154,117,432,636,1250,399,157,424,1365,216,216,216,216,358,216,216,216,300,529,922,421,683,2016,216,226,324,349,1063,109,124,317,603,834,662,387,332,1154,71,737,258,92,190,123,415,501,417,270,136,109,214,1413,216,216,766,233,599,711,129,156,430,138,216,257,308
ACSSF,2019m1,nc,000,0116,0000168,3092,173,941,1038,416,1100,826,333,494,1035,1473,1244,802,1066,1655,216,283,505,216,385,252,319,184,645,1422,365,477,495,1590,216,216,291,216,272,383,216,216,539,659,1075,406,635,1478,216,299,330,206,878,387,95,395,474,406,430,146,466,1136,173,799,212,217,296,371,216,233,216,188,123,251,264,1348,216,264,829,279,481,555,216,216,286,294,252,314,210
ACSSF,2019m1,nc,000,0116,0000169,2286,432,879,1199,320,917,550,314,582,657,1456,878,408,675,1362,284,128,446,169,172,198,83,320,250,1026,292,226,419,1256,61,216,357,216,216,216,216,216,414,783,625,304,502,947,216,171,143,211,537,277,136,353,265,462,354,129,257,1104,290,834,348,92,407,196,216,175,192,298,66,121,188,1289,198,121,842,184,506,333,256,216,259,130,97,258,45
ACSSF,2019m1,nc,000,0116,0000170,2908,504,1173,1735,751,1060,1026,549,853,883,1893,1137,395,795,2153,304,337,511,156,468,229,436,600,395,1755,524,219,480,1568,184,17,34,104,156,23,216,130,483,911,875,220,554,1527,216,99,550,477,797,269,289,512,629,484,591,129,510,1302,383,839,326,450,257,490,294,216,204,216,216,185,108,1847,216,486,1409,292,466,860,216,216,190,186,216,28,216
ACSSF,2019m1,nc,000,0116,0000171,3869,667,1344,1903,642,1436,1178,403,790,1129,1454,1098,1028,761,2125,562,538,819,96,360,385,282,433,636,1110,476,407,328,1530,216,216,139,216,540,216,216,216,578,551,882,850,648,1971,123,398,441,433,923,282,104,489,388,737,607,374,85,1503,243,1099,346,216,400,218,275,118,216,216,216,339,221,2240,101,294,1534,500,588,887,216,216,464,407,124,186,146
ACSSF,2019m1,nc,000,0116,0000172,3886,270,1388,1453,703,1740,1123,516,1614,1978,2062,1397,1228,871,2865,184,968,917,329,531,654,471,1360,1602,1766,685,294,474,1487,125,216,216,216,184,216,47,52,723,678,1020,656,467,1858,72,217,508,497,1279,495,159,592,656,504,485,366,453,1265,91,919,282,129,579,183,129,108,348,76,164,471,216,1265,102,239,801,340,476,622,216,108,537,266,261,327,216
ACSSF,2019m1,nc,000,0116,0000173,3363,294,1364,1474,757,2208,1217,685,1033,1565,2248,1866,1436,1527,2827,280,531,709,124,645,317,385,577,1053,1902,715,632,929,2665,216,216,345,216,531,421,216,247,760,1230,1420,933,1057,2868,216,364,473,467,1798,613,326,552,765,1076,962,454,614,1741,190,1262,386,234,385,405,415,549,455,451,179,417,336,2185,216,379,1295,453,859,898,129,220,661,492,283,445,329
ACSSF,2019m1,nc,000,0116,0000174,4029,927,1327,1823,994,2337,1255,850,956,1674,3055,2746,1487,1418,2823,463,647,709,216,492,318,763,717,1041,2658,953,666,603,3291,124,216,1109,216,385,667,216,216,748,1784,2462,1097,1127,2966,216,206,526,840,2040,385,452,631,774,835,617,376,271,1244,483,1186,230,216,279,136,216,216,216,203,216,449,216,1647,380,362,939,653,1033,857,291,211,717,286,646,482,216
ACSSF,2019m1,nc,000,0116,0000175,2963,234,2283,1608,991,2160,1432,491,1355,1167,2300,1851,1299,1121,2643,147,826,760,449,659,272,418,859,799,1968,432,540,595,2158,109,104,121,88,234,216,156,132,520,1280,1451,580,573,2133,81,213,797,623,1632,845,128,973,437,752,427,373,726,2177,115,2040,382,216,618,262,131,216,158,214,216,568,82,2005,115,453,1190,446,585,947,69,65,422,494,506,543,82
ACSSF,2019m1,nc,000,0116,0000176,2524,129,1340,1226,658,1818,1124,571,1080,1096,2099,1677,1421,969,2003,216,604,677,195,339,403,350,486,764,1957,529,309,488,2286,216,216,318,216,447,113,216,216,645,748,1614,798,677,2256,216,104,115,389,1616,560,296,1005,369,690,443,799,332,1696,129,1067,876,139,273,432,269,216,268,64,45,555,78,1416,216,483,510,349,885,793,216,183,65,127,216,273,94
ACSSF,2019m1,nc,000,0116,0000177,3703,553,2450,2005,937,1935,1523,545,1197,2013,3193,2981,1157,1362,3364,499,633,1240,151,533,1066,472,692,1525,2591,1234,608,980,2670,216,216,906,216,195,86,216,216,711,1609,2085,607,883,2283,216,542,571,631,1708,186,223,990,876,930,590,245,557,2817,215,2288,768,216,292,325,132,143,183,157,696,349,77,2239,216,216,1136,621,581,1182,104,83,506,191,143,608,149
ACSSF,2019m1,nc,000,0116,0000178,,,,,,,,,,,,,,,,,,,,,,,,,,,,,,,,,,,,,,,,,,,,,,,,,,,,,,,,,,,,,,,,,,,,,,,,,,,,,,,,,,,,
ACSSF,2019m1,nc,000,0116,0000179,3216,819,2438,2329,728,1953,1221,759,1922,1851,2805,3370,1280,961,3032,199,916,1098,508,486,570,624,1486,1425,2136,1071,422,633,3057,306,216,322,216,342,216,216,216,1092,1358,3076,721,664,2885,118,153,1049,375,1511,592,277,1261,569,958,583,459,232,1703,699,1862,950,170,253,254,213,245,237,823,243,330,121,2175,162,110,1361,395,908,966,315,103,290,255,511,547,216
ACSSF,2019m1,nc,000,0116,0000180,,,,,,,,,,,,,,,,,,,,,,,,,,,,,,,,,,,,,,,,,,,,,,,,,,,,,,,,,,,,,,,,,,,,,,,,,,,,,,,,,,,,
ACSSF,2019m1,nc,000,0116,0000181,1608,766,1036,654,412,880,582,200,572,752,1013,1568,633,620,1449,203,377,348,355,439,183,182,327,409,841,209,192,405,1562,216,216,216,216,216,216,216,177,424,420,1453,122,202,1211,299,457,122,187,642,141,35,476,142,236,377,273,367,907,457,569,259,216,97,111,68,103,83,48,58,85,155,1143,216,105,503,133,564,472,216,63,324,252,239,514,264
ACSSF,2019m1,nc,000,0116,0000182,,,,,,,,,,,,,,,,,,,,,,,,,,,,,,,,,,,,,,,,,,,,,,,,,,,,,,,,,,,,,,,,,,,,,,,,,,,,,,,,,,,,
ACSSF,2019m1,nc,000,0116,0000183,,,,,,,,,,,,,,,,,,,,,,,,,,,,,,,,,,,,,,,,,,,,,,,,,,,,,,,,,,,,,,,,,,,,,,,,,,,,,,,,,,,,
ACSSF,2019m1,nc,000,0116,0000184,,,,,,,,,,,,,,,,,,,,,,,,,,,,,,,,,,,,,,,,,,,,,,,,,,,,,,,,,,,,,,,,,,,,,,,,,,,,,,,,,,,,
ACSSF,2019m1,nc,000,0116,0000185,2328,369,988,1850,435,1119,1328,161,403,1126,1718,1059,668,865,1870,369,539,653,216,483,161,139,331,517,1203,561,246,764,1681,24,216,87,216,309,202,79,216,898,864,900,535,213,1615,216,216,490,189,930,232,216,119,141,1081,93,167,411,1010,216,789,488,148,216,197,50,127,216,233,216,142,19,1950,216,183,1605,326,516,1290,216,80,244,146,513,193,216
ACSSF,2019m1,nc,000,0116,0000186,3571,241,1352,1920,711,1157,1193,841,875,1497,1830,1374,1288,681,2356,132,231,1198,216,339,356,253,450,996,1322,561,378,459,1848,167,216,216,216,144,216,447,216,620,854,1169,749,288,1853,216,150,676,549,876,662,277,645,344,761,263,648,330,1603,127,1281,552,371,204,340,571,141,432,193,386,541,216,2182,216,588,1509,298,620,868,57,158,614,252,141,634,131
ACSSF,2019m1,nc,000,0116,0000187,4617,257,2020,2041,1177,2461,1533,686,1657,2932,4164,2734,2064,1247,4714,133,809,1232,387,663,260,580,1315,2466,3892,1401,870,1041,3271,126,216,83,216,554,216,163,454,1226,1815,2230,1671,269,3767,74,356,650,989,2518,938,296,1055,1070,1795,1036,815,525,2568,142,1734,622,300,252,478,216,216,477,1133,216,898,603,2629,216,263,1195,502,1615,1117,205,216,355,299,246,530,216
ACSSF,2019m1,nc,000,0116,0000188,4732,321,1756,2853,824,2848,2128,584,2028,2328,3525,2783,1601,1595,4032,164,805,1291,376,1031,423,519,1689,1580,2903,1260,1057,966,3661,216,216,81,216,928,216,216,204,1421,2145,1984,865,1040,3278,216,668,716,595,2308,813,369,1239,836,1481,996,294,411,2297,245,1499,1117,205,415,896,109,180,361,278,216,537,113,2999,135,400,2334,509,1031,1376,216,216,661,488,525,498,73
ACSSF,2019m1,nc,000,0116,0000189,,,,,,,,,,,,,,,,,,,,,,,,,,,,,,,,,,,,,,,,,,,,,,,,,,,,,,,,,,,,,,,,,,,,,,,,,,,,,,,,,,,,
ACSSF,2019m1,nc,000,0116,0000190,2897,328,1340,1982,928,1626,1400,891,1206,1338,2062,1416,1329,1056,2518,33,658,984,321,245,517,734,794,957,1671,498,594,558,2468,204,358,278,34,321,71,59,172,815,1596,1155,922,651,2325,216,211,806,622,1384,651,119,768,680,836,587,381,488,1636,251,1191,767,114,229,518,415,522,335,150,216,390,216,2346,65,326,1459,492,691,1015,44,216,436,422,283,542,61
ACSSF,2019m1,nc,000,0116,0000191,6326,742,2578,3214,1872,3603,2651,1574,2400,2653,4432,3967,1931,1553,5402,174,1109,1464,941,1058,701,667,1890,1657,3737,1159,751,1077,4219,563,341,370,91,532,411,216,172,1413,2266,2821,1458,570,4705,181,693,635,1140,2479,1059,1237,1621,1146,1697,1379,388,685,2504,370,1900,677,500,490,532,567,502,192,271,558,825,128,3628,216,483,2662,890,2026,2057,596,266,981,901,731,243,663
ACSSF,2019m1,nc,000,0116,0000192,2414,419,1813,1433,506,1173,754,621,576,1168,1635,1333,520,1249,1905,200,590,584,54,249,118,400,310,801,1442,619,257,602,1387,323,216,334,216,417,216,216,216,502,794,837,263,715,1732,68,163,325,191,846,390,417,371,372,336,833,152,796,1650,179,1556,353,61,70,257,216,160,175,394,99,226,274,1302,34,244,1010,477,655,643,169,216,158,164,196,124,134
ACSSF,2019m1,nc,000,0116,0000193,2793,523,1348,1534,650,1865,537,437,942,1523,1550,1403,1187,905,2525,77,446,918,395,593,203,409,736,757,1410,586,389,836,1826,139,216,114,216,464,152,216,216,1130,863,1199,1036,215,1505,216,277,393,300,928,384,153,497,529,299,573,452,170,1485,495,1373,311,434,182,267,150,168,103,148,216,279,162,2135,216,508,1230,161,1359,434,216,201,324,286,156,193,216
ACSSF,2019m1,nc,000,0116,0000194,2658,461,1670,2108,705,1687,1187,309,741,1608,2312,1293,986,434,2375,448,1069,993,286,699,369,235,579,1063,1708,727,454,232,1689,216,216,196,216,376,78,216,216,902,1081,1007,615,268,1797,216,366,619,590,1407,400,192,594,760,799,498,266,187,1177,107,1007,589,163,434,346,80,216,212,185,259,583,125,2059,216,216,1643,206,564,811,216,62,391,54,175,448,105
ACSSF,2019m1,nc,000,0116,0000195,3860,535,2563,2029,1464,2833,2031,1065,1488,2428,2915,2964,1602,2253,3822,242,1026,979,376,557,1147,1003,859,1292,2538,814,353,1715,2905,216,130,50,216,544,178,244,216,1067,1346,2003,1041,1066,3562,216,417,606,1035,2363,487,305,1148,1083,1258,1240,625,473,2630,473,2335,720,143,297,717,147,190,214,170,216,497,108,2798,216,557,1729,946,1033,949,94,170,611,216,283,902,216
ACSSF,2019m1,nc,000,0116,0000196,,,,,,,,,,,,,,,,,,,,,,,,,,,,,,,,,,,,,,,,,,,,,,,,,,,,,,,,,,,,,,,,,,,,,,,,,,,,,,,,,,,,
ACSSF,2019m1,nc,000,0116,0000197,7858,667,3040,4335,2884,5199,4430,2324,5219,5581,6029,4712,3858,2109,7094,648,1676,2198,1461,1617,1615,1926,4039,4111,4457,1952,1283,1308,6971,216,487,555,191,907,474,341,1250,2881,3589,3355,2455,1409,6414,216,576,1718,1966,4256,2167,1038,2886,1919,2161,1876,1249,669,3000,202,2806,725,864,999,466,558,639,812,528,523,1144,115,5107,216,630,2619,1124,2016,3151,76,452,1574,624,1136,1305,201
ACSSF,2019m1,nc,000,0116,0000198,,,,,,,,,,,,,,,,,,,,,,,,,,,,,,,,,,,,,,,,,,,,,,,,,,,,,,,,,,,,,,,,,,,,,,,,,,,,,,,,,,,,
ACSSF,2019m1,nc,000,0116,0000199,,,,,,,,,,,,,,,,,,,,,,,,,,,,,,,,,,,,,,,,,,,,,,,,,,,,,,,,,,,,,,,,,,,,,,,,,,,,,,,,,,,,
ACSSF,2019m1,nc,000,0116,0000200,,,,,,,,,,,,,,,,,,,,,,,,,,,,,,,,,,,,,,,,,,,,,,,,,,,,,,,,,,,,,,,,,,,,,,,,,,,,,,,,,,,,
ACSSF,2019m1,nc,000,0116,0000201,3612,426,1466,1694,620,2648,1325,1338,1648,2450,3264,2955,1361,1064,3035,264,656,770,249,674,878,938,1318,2012,2616,861,348,698,3061,216,98,449,216,481,216,232,434,860,1340,2529,640,692,2989,138,145,517,524,2172,302,544,1147,843,1034,705,349,331,1611,217,1170,343,216,646,152,823,240,171,364,381,470,86,1814,216,216,1205,319,704,902,72,286,674,161,422,816,216
ACSSF,2019m1,nc,000,0116,0000202,5477,708,2678,988,238,2736,886,319,1335,1838,2214,3044,1185,1608,3110,365,819,536,134,524,258,299,937,1492,1914,704,188,1116,2941,291,216,216,216,214,216,216,704,663,1023,2393,599,546,3046,216,234,308,104,2634,327,130,417,840,487,1307,435,713,2877,273,2712,509,216,903,328,216,216,335,97,151,750,319,1615,61,435,639,170,775,708,216,81,238,655,184,642,352
ACSSF,2019m1,nc,000,0116,0000203,2873,661,1357,1899,840,1607,1075,766,809,1493,1541,1456,734,683,2002,284,639,693,245,902,385,679,495,944,1063,607,290,257,1501,216,216,226,216,247,553,216,317,863,885,1090,548,352,1839,65,192,556,802,1051,334,216,656,348,631,611,225,317,1241,594,941,542,79,293,203,356,23,46,114,216,260,216,1816,216,289,1459,216,468,848,216,216,549,247,221,281,489
ACSSF,2019m1,nc,000,0116,0000204,2285,469,1007,1382,399,915,592,321,619,732,1526,848,481,724,1411,321,235,464,169,172,212,99,339,270,1087,319,224,419,1317,61,216,357,216,216,216,216,114,425,849,641,307,533,1038,216,171,191,298,560,277,136,375,356,462,403,148,265,1210,290,930,361,92,407,196,216,175,231,298,66,261,188,1397,198,151,1007,259,512,392,256,216,282,130,97,258,45
ACSSF,2019m1,nc,000,0116,0000205,2231,261,819,1237,769,1112,1130,211,705,1157,1639,1266,992,787,1770,216,287,413,307,82,480,132,424,557,1110,167,177,245,1808,216,216,132,216,90,72,83,216,907,1059,818,593,484,1537,216,203,311,138,936,489,115,577,610,759,823,312,484,1279,152,680,443,53,493,34,216,377,216,216,216,604,216,1419,228,502,1096,631,566,912,216,216,276,156,190,130,264
ACSSF,2019m1,nc,000,0116,0000206,3751,812,1287,1765,851,991,937,346,733,1035,2154,1536,1012,1018,2552,265,511,967,146,492,195,163,545,877,1601,830,668,647,1946,102,216,166,216,133,216,216,132,391,1342,1223,373,613,1505,216,257,647,384,800,337,41,463,346,650,274,453,289,1674,756,1150,455,337,229,360,337,36,210,110,308,544,115,2056,216,649,1364,775,452,632,216,19,245,120,459,246,141
ACSSF,2019m1,nc,000,0116,0000207,,,,,,,,,,,,,,,,,,,,,,,,,,,,,,,,,,,,,,,,,,,,,,,,,,,,,,,,,,,,,,,,,,,,,,,,,,,,,,,,,,,,
ACSSF,2019m1,nc,000,0116,0000208,3229,520,2003,2120,914,2322,1611,583,1586,2115,2467,1709,1595,1011,2924,359,1134,1101,366,525,722,558,1349,1706,1862,845,385,556,1863,125,216,130,216,559,216,47,52,901,760,1229,909,553,2381,142,398,621,587,1631,606,190,717,737,849,777,553,453,1773,248,1420,386,129,662,282,129,161,348,76,164,541,144,2015,147,418,1581,580,637,1101,216,108,717,306,298,335,216
ACSSF,2019m1,nc,000,0116,0000209,6852,673,4499,4067,2287,5577,2964,2159,3463,5838,6711,4934,3076,3453,8888,506,2265,2372,930,2202,1598,1962,2532,4321,5803,1783,1375,2728,6457,76,324,353,143,762,178,258,437,3370,3558,3402,2018,1703,6746,128,919,990,1577,4304,1662,875,2089,2031,1814,1725,945,1555,4446,424,3572,919,210,1107,703,654,668,1343,539,504,1132,161,5362,68,884,2777,833,1742,2264,66,334,1361,725,1082,994,456
ACSSF,2019m1,nc,000,0116,0000210,2909,688,920,1708,548,1659,860,260,762,1097,1622,1133,1054,1200,1709,314,559,656,251,466,416,229,375,722,1230,163,329,537,1693,216,74,485,216,259,216,216,216,534,1132,979,415,1052,1886,147,120,468,384,1345,371,95,692,360,593,594,414,329,1284,593,731,555,195,216,381,216,216,330,242,198,729,221,1544,69,177,1385,315,884,654,80,216,440,213,198,232,216
ACSSF,2019m1,nc,000,0116,0000211,,,,,,,,,,,,,,,,,,,,,,,,,,,,,,,,,,,,,,,,,,,,,,,,,,,,,,,,,,,,,,,,,,,,,,,,,,,,,,,,,,,,
ACSSF,2019m1,nc,000,0116,0000212,,,,,,,,,,,,,,,,,,,,,,,,,,,,,,,,,,,,,,,,,,,,,,,,,,,,,,,,,,,,,,,,,,,,,,,,,,,,,,,,,,,,
