ACSSF,2019m1,nc,000,0043,0000001,26460,28654,27479,15773,12827,5059,4413,2667,2008,4502,4075,683,443,1362,531,1903,1204,1598,6572,5766,10459,27708,5809,5853,7740,10610,13704,13875,15180,14863,12476,12231,7048,4781,11599,11248,27708,7880,12701,15919,16820,17247,11433,15769,7722,7407,11367,10052,5686,26460,26776,7320,18640,28574,24208,27640,4661,16285,25777,22343,15406,3020,7231,8870,8751,4324,2852,2263,2287,1970,8555,3708,4167,3894,5008,10241,1975,4850,6817,6578,26460,28654,27479,15773,12827,5059,6181,4502,6572,6381,10459
ACSSF,2019m1,nc,000,0043,0000002,,,,,,,,,,,,,,,,,,,,,,,,,,,,,,,,,,,,,,,,,,,,,,,,,,,,,,,,,,,,,,,,,,,,,,,,,,,,,,,,,,,,,,,,,,,
ACSSF,2019m1,nc,000,0043,0000003,,,,,,,,,,,,,,,,,,,,,,,,,,,,,,,,,,,,,,,,,,,,,,,,,,,,,,,,,,,,,,,,,,,,,,,,,,,,,,,,,,,,,,,,,,,
ACSSF,2019m1,nc,000,0043,0000004,,,,,,,,,,,,,,,,,,,,,,,,,,,,,,,,,,,,,,,,,,,,,,,,,,,,,,,,,,,,,,,,,,,,,,,,,,,,,,,,,,,,,,,,,,,
ACSSF,2019m1,nc,000,0043,0000005,,,,,,,,,,,,,,,,,,,,,,,,,,,,,,,,,,,,,,,,,,,,,,,,,,,,,,,,,,,,,,,,,,,,,,,,,,,,,,,,,,,,,,,,,,,
ACSSF,2019m1,nc,000,0043,0000006,,,,,,,,,,,,,,,,,,,,,,,,,,,,,,,,,,,,,,,,,,,,,,,,,,,,,,,,,,,,,,,,,,,,,,,,,,,,,,,,,,,,,,,,,,,
ACSSF,2019m1,nc,000,0043,0000007,,,,,,,,,,,,,,,,,,,,,,,,,,,,,,,,,,,,,,,,,,,,,,,,,,,,,,,,,,,,,,,,,,,,,,,,,,,,,,,,,,,,,,,,,,,
ACSSF,2019m1,nc,000,0043,0000008,,,,,,,,,,,,,,,,,,,,,,,,,,,,,,,,,,,,,,,,,,,,,,,,,,,,,,,,,,,,,,,,,,,,,,,,,,,,,,,,,,,,,,,,,,,
ACSSF,2019m1,nc,000,0043,0000009,,,,,,,,,,,,,,,,,,,,,,,,,,,,,,,,,,,,,,,,,,,,,,,,,,,,,,,,,,,,,,,,,,,,,,,,,,,,,,,,,,,,,,,,,,,
ACSSF,2019m1,nc,000,0043,0000010,,,,,,,,,,,,,,,,,,,,,,,,,,,,,,,,,,,,,,,,,,,,,,,,,,,,,,,,,,,,,,,,,,,,,,,,,,,,,,,,,,,,,,,,,,,
ACSSF,2019m1,nc,000,0043,0000011,,,,,,,,,,,,,,,,,,,,,,,,,,,,,,,,,,,,,,,,,,,,,,,,,,,,,,,,,,,,,,,,,,,,,,,,,,,,,,,,,,,,,,,,,,,
ACSSF,2019m1,nc,000,0043,0000012,,,,,,,,,,,,,,,,,,,,,,,,,,,,,,,,,,,,,,,,,,,,,,,,,,,,,,,,,,,,,,,,,,,,,,,,,,,,,,,,,,,,,,,,,,,
ACSSF,2019m1,nc,000,0043,0000013,,,,,,,,,,,,,,,,,,,,,,3991,962,858,1187,1264,1621,1650,1973,1690,881,1872,1021,932,1018,1507,3991,1648,1580,1924,1924,2443,1232,1579,1023,624,973,851,1150,4034,4006,1506,2389,2846,3584,3680,135,2312,2394,3115,1941,1062,607,956,1225,28,203,28,203,203,1187,915,706,218,181,900,203,274,471,648,4034,3833,3680,1968,1610,622,1143,70,912,815,903
ACSSF,2019m1,nc,000,0043,0000014,,,,,,,,,,,,,,,,,,,,,,3616,816,559,717,893,947,1364,1838,961,891,1060,915,349,694,921,3616,677,1044,1858,1392,1218,1047,1121,511,1095,978,695,246,3698,3665,1103,1787,2720,2813,3202,267,1332,2245,2569,1866,1077,766,1051,621,266,203,203,203,266,411,203,261,307,137,1072,130,334,883,481,3698,3773,3229,1866,1072,556,1265,266,319,280,1068
ACSSF,2019m1,nc,000,0043,0000015,5042,5967,5724,1898,1760,556,458,290,173,503,429,203,203,203,263,281,203,457,1607,818,2676,5876,981,1036,1116,1374,1782,2548,2904,2371,2038,2188,1727,1039,2189,1726,5876,769,1676,2412,2930,4668,2064,2680,1100,859,1444,1163,1083,5042,5100,1240,3693,4703,5094,5745,1002,2630,4732,5079,1900,312,890,1559,990,498,160,203,388,317,1916,589,1174,893,636,2644,196,1143,1493,1605,5042,5967,5724,1898,1760,556,546,503,1607,1053,2676
ACSSF,2019m1,nc,000,0043,0000016,,,,,,,,,,,,,,,,,,,,,,3349,549,676,866,1461,1114,1489,1187,696,589,811,381,275,769,806,3349,575,1112,1482,1406,1573,1006,1803,373,143,752,519,311,3318,,,,,,,,,,,,,,,,,,,,,,,,,,,,,,,3318,3284,2844,1684,1140,1337,205,209,223,320,1009
ACSSF,2019m1,nc,000,0043,0000017,,,,,,,,,,,,,,,,,,,,,,5811,1721,632,892,1032,2441,1664,1964,2562,1666,1561,1170,684,1399,2008,5811,1231,2124,1979,2702,2223,1370,2556,807,917,1524,1548,783,5750,5779,1270,2852,3186,4788,5188,574,2356,3095,3895,2554,203,1494,1532,1437,329,203,125,194,259,1661,430,512,710,1417,1634,1015,428,941,1084,5750,5752,5167,2541,2154,614,1059,329,598,1677,1634
ACSSF,2019m1,nc,000,0043,0000018,,,,,,,,,,,,,,,,,,,,,,2612,784,768,610,736,820,866,1178,869,730,668,513,153,1044,1037,2612,466,1000,1359,1417,1154,843,872,343,556,591,621,506,2697,,,,,,,,,,,,,,,,,,,,,,,,,,,,,,,2697,2595,2594,1594,1281,515,379,203,361,345,527
ACSSF,2019m1,nc,000,0043,0000019,,,,,,,,,,,,,,,,,,,,,,2642,241,590,416,552,691,1024,1012,925,1177,1010,776,745,601,593,2642,785,913,971,1612,1250,1213,1136,397,360,707,356,245,2613,,,,,,,,,,,,,,,,,,,,,,,,,,,,,,,2613,2486,2472,743,639,336,264,122,231,714,479
ACSSF,2019m1,nc,000,0043,0000020,,,,,,,,,,,,,,,,,,,,,,4743,1337,988,1458,1423,1773,1943,1880,1632,1071,1269,684,703,1330,2357,4743,616,1377,3045,2130,2011,2100,2031,1069,913,1073,1153,650,4706,4666,784,2806,4316,3863,4522,208,1887,3818,3456,2144,309,1609,829,1249,849,203,121,847,203,898,681,305,328,558,1019,203,483,606,656,4706,4848,4529,2167,1804,228,1031,850,613,615,1019
ACSSF,2019m1,nc,000,0043,0000021,,,,,,,,,,,,,,,,,,,,,,2373,882,317,452,656,1050,838,1035,663,688,1101,110,203,898,577,2373,1034,648,887,707,1061,878,1085,514,529,775,361,414,2496,,,,,,,,,,,,,,,,,,,,,,,,,,,,,,,,,,,,,,,,,
ACSSF,2019m1,nc,000,0043,0000022,,,,,,,,,,,,,,,,,,,,,,3121,668,357,1026,763,1196,1404,1468,713,856,836,1148,431,1039,1388,3121,938,1521,1048,1178,1643,631,1252,588,520,1290,557,821,3079,,,,,,,,,,,,,,,,,,,,,,,,,,,,,,,3079,2898,2929,759,744,115,134,203,989,375,367
ACSSF,2019m1,nc,000,0043,0000023,,,,,,,,,,,,,,,,,,,,,,3460,641,872,1137,1143,1720,1674,1759,1379,912,1053,782,365,833,845,3460,545,1290,1498,1692,1836,650,2045,419,586,1287,1075,307,3467,3431,989,1644,2838,3083,3278,446,1559,2655,2878,1560,201,552,967,893,247,203,203,236,66,668,598,52,42,342,799,400,438,514,527,3467,3446,3178,1795,1345,593,937,247,629,536,807
ACSSF,2019m1,nc,000,0043,0000024,4594,4929,4608,1995,1969,843,420,222,133,480,486,203,61,203,203,407,216,260,2996,781,952,4603,1013,1412,1812,2169,1800,2236,2761,2410,1797,3152,1132,799,1930,1838,4603,2969,1829,1926,2843,2542,1714,2747,1205,1209,1760,1220,1132,4594,4724,1168,2998,5528,3849,4605,672,2501,5039,3688,1800,605,1048,1262,1013,470,248,183,255,193,1108,563,537,636,554,952,230,492,703,692,4594,4929,4608,1995,1969,843,504,480,2996,935,952
ACSSF,2019m1,nc,000,0043,0000025,,,,,,,,,,,,,,,,,,,,,,3932,744,303,1248,1046,1444,1614,1222,1302,639,798,510,348,696,1036,3932,704,1664,1487,1445,1506,859,1140,978,418,1106,481,442,4015,4015,502,1610,2381,2841,3622,265,1381,2307,2565,1614,71,1015,799,951,203,203,203,203,203,585,468,103,145,237,838,136,356,354,614,4015,4021,3612,1613,1259,552,781,88,333,497,842
ACSSF,2019m1,nc,000,0043,0000026,6837,7230,6973,2159,1986,918,321,400,214,1865,1764,112,189,203,203,207,286,458,1314,552,2276,7289,1105,784,1059,2026,2872,2671,3052,3986,2882,2751,2088,1298,2921,1676,7289,1070,1778,3209,3480,4049,2063,3943,1608,2028,2456,1957,1289,6837,6787,1263,4001,5820,4706,6921,669,3398,5222,4593,2127,503,994,1725,1154,1827,1045,1101,434,311,1555,279,731,734,1123,2264,203,1224,1610,796,6837,7230,6973,2159,1986,918,452,1865,1314,767,2276
ACSSF,2019m1,nc,000,0043,0000027,5630,5788,6357,2289,2193,768,707,139,231,992,999,203,58,203,203,97,208,47,1133,1091,1531,5625,1607,1196,1267,2589,2480,2460,4037,2582,2273,1956,1502,833,2210,1872,5625,1124,2433,2820,3773,4049,1903,2782,1697,1494,1855,1530,1142,5630,5614,1896,4102,4492,5607,6328,1160,3764,4305,5122,2290,462,1475,1004,1479,959,574,345,573,121,1501,1102,520,803,570,1511,109,519,1299,909,5630,5788,6357,2289,2193,768,729,992,1133,1129,1531
ACSSF,2019m1,nc,000,0043,0000028,,,,,,,,,,,,,,,,,,,,,,2041,759,196,380,321,758,681,839,463,653,723,234,306,742,595,2041,345,589,658,612,803,501,717,774,647,625,249,315,2126,,,,,,,,,,,,,,,,,,,,,,,,,,,,,,,,,,,,,,,,,
ACSSF,2019m1,nc,000,0043,0000029,,,,,,,,,,,,,,,,,,,,,,4273,756,519,916,1285,1855,1370,2065,1687,997,1339,999,407,1609,1521,4273,675,1552,1761,2117,1761,1325,1748,773,1222,1267,1313,536,4393,4450,976,2311,3586,3046,3936,868,1742,3312,2807,1942,152,1130,1160,1113,359,203,359,203,203,764,353,424,341,300,935,203,365,574,529,4393,4184,3936,1942,1624,813,957,436,471,596,934
ACSSF,2019m1,nc,000,0043,0000030,7626,7855,7793,3293,2647,873,1462,672,500,1859,1790,203,296,203,203,362,398,204,1706,1920,2101,7754,1689,1237,1878,2257,3473,3629,3449,3510,2520,2526,1984,1050,3649,2426,7754,1563,3042,3458,3811,4232,2239,3067,1904,2262,2169,2101,1370,7626,7705,2313,5050,6903,6634,7839,705,4522,6351,5961,3254,562,1803,1996,1825,1823,1146,558,923,1111,2802,1662,1708,568,978,2113,115,986,1275,1460,7626,7855,7793,3293,2647,873,1670,1859,1706,2060,2101
ACSSF,2019m1,nc,000,0043,0000031,,,,,,,,,,,,,,,,,,,,,,2778,603,448,409,1354,928,710,1213,1039,525,447,356,486,788,735,2778,844,581,1171,1111,1468,669,699,489,723,675,1009,248,2801,2790,468,1403,1862,1604,2683,475,1244,1789,1471,741,73,379,525,429,549,203,203,549,203,816,203,379,102,715,571,44,133,364,469,2801,2762,2687,772,620,312,399,548,880,97,571
ACSSF,2019m1,nc,000,0043,0000032,,,,,,,,,,,,,,,,,,,,,,3343,512,244,531,1428,1389,1034,1540,1589,1011,1072,879,657,925,1327,3343,1228,1015,1554,1565,1540,1202,966,716,1106,1261,671,596,3381,3382,600,1705,2958,2586,3330,104,1283,2676,2364,1487,324,1099,520,818,228,228,203,203,203,536,472,111,203,150,1005,203,379,766,481,3381,3489,3324,1487,1300,705,473,230,160,528,1009
ACSSF,2019m1,nc,000,0043,0000033,4529,4569,4507,1935,1447,852,519,464,132,16,203,16,203,203,203,73,102,111,855,575,826,4655,950,746,881,1168,1752,1822,1746,1851,1783,1109,834,481,1083,1371,4655,987,1635,2147,2577,1765,1252,1919,585,970,1417,856,658,4529,4530,435,1866,3167,3621,4505,262,1241,2923,3383,1935,65,1210,1090,1081,203,203,203,203,203,1088,202,521,263,822,826,198,356,599,716,4529,4569,4507,1935,1447,852,770,16,855,598,826
ACSSF,2019m1,nc,000,0043,0000034,,,,,,,,,,,,,,,,,,,,,,5058,1487,865,856,1604,1849,1318,1843,1730,939,1520,1246,238,1464,1341,5058,1203,1848,2121,2984,1636,984,2031,786,889,1150,1555,700,5253,,,,,,,,,,,,,,,,,,,,,,,,,,,,,,,5253,5101,5124,1304,1228,308,372,32,279,336,1943
ACSSF,2019m1,nc,000,0043,0000035,,,,,,,,,,,,,,,,,,,,,,2452,535,434,484,838,765,889,941,718,758,548,530,235,896,807,2452,260,824,1160,1016,1042,568,1204,505,473,908,566,203,2620,,,,,,,,,,,,,,,,,,,,,,,,,,,,,,,2620,2454,2370,727,616,191,239,112,160,324,985
ACSSF,2019m1,nc,000,0043,0000036,12676,12693,12312,5608,4531,1736,1611,957,1001,2730,2311,586,61,1356,147,1273,370,429,2345,2023,5432,13095,3447,2923,2746,3714,4600,4640,6217,5581,5907,5035,2902,1844,4562,4634,13095,1344,3924,4945,6255,7069,4899,5816,3565,2985,4659,5175,2836,12676,13039,3242,8322,10823,10992,12311,1901,6736,9797,9886,5618,1133,2702,3088,3712,2699,1424,1367,1078,938,2980,1780,1476,1783,1335,5451,818,2745,3339,2842,12676,12693,12312,5608,4531,1736,1899,2730,2345,2334,5432
ACSSF,2019m1,nc,000,0043,0000037,,,,,,,,,,,,,,,,,,,,,,3265,689,443,1121,756,1255,1288,1403,1265,1215,692,728,165,886,1099,3265,542,1282,1487,1452,1237,827,1477,915,644,1476,813,476,3355,3362,559,2131,2482,2395,2709,422,1843,1966,1800,1258,38,688,934,596,203,203,203,203,203,944,280,508,626,802,1446,203,589,933,777,3355,3116,2709,1265,1177,512,363,28,278,846,1446
ACSSF,2019m1,nc,000,0043,0000038,,,,,,,,,,,,,,,,,,,,,,3719,1030,360,1217,750,1102,955,1495,1064,1127,642,510,240,1342,1417,3719,404,1307,1641,1498,1915,877,861,727,343,903,567,637,3795,3769,471,1869,2553,2398,3406,359,1762,2168,2234,997,206,464,814,337,203,203,203,203,203,468,203,203,439,308,830,204,353,474,585,3795,3709,3405,997,868,354,217,177,364,324,830
ACSSF,2019m1,nc,000,0043,0000039,5910,5761,6215,2216,1764,809,928,545,165,635,414,256,207,203,203,634,108,328,997,451,2068,5892,1017,823,1695,1765,1856,2278,2474,2762,1857,2460,1305,1592,2257,2193,5892,1129,1945,3130,3553,3581,1603,2681,652,1104,1990,1359,1168,5910,5970,1417,4120,5085,5171,6237,749,3690,4503,4788,2237,773,1080,1672,1175,635,382,171,456,203,1228,754,567,492,432,2051,371,1013,1542,1316,5910,5761,6215,2216,1764,809,1128,635,997,919,2068
ACSSF,2019m1,nc,000,0043,0000040,,,,,,,,,,,,,,,,,,,,,,5166,1101,1084,1850,2012,2110,2899,3167,3007,2340,846,1045,533,937,1670,5166,1612,3128,2727,2327,2098,1986,3294,2230,614,2095,1114,425,5135,5568,1093,3813,4073,5572,5140,852,2408,4071,4975,3008,203,2690,1160,969,138,203,138,203,203,1526,661,353,85,1387,1085,203,311,846,687,5135,5723,5162,3260,2932,1085,472,138,1978,1463,1483
ACSSF,2019m1,nc,000,0043,0000041,4962,4514,4428,1203,935,593,178,343,85,1704,1710,71,203,203,203,203,168,482,933,189,1507,4621,542,804,1203,819,1513,2210,2346,1675,1700,1737,1327,540,925,1399,4621,580,1517,1687,2186,2472,1703,1933,823,1303,1542,750,631,4962,4760,1034,2676,3501,3170,4412,151,2421,3185,3069,1203,203,501,695,797,1726,957,995,943,386,1025,338,663,453,636,1162,176,755,763,578,4962,4514,4428,1203,935,593,403,1704,933,528,1507
ACSSF,2019m1,nc,000,0043,0000042,,,,,,,,,,,,,,,,,,,,,,4847,1054,1325,1169,1618,1489,2107,2352,1722,1977,1573,697,582,2207,1854,4847,1096,1937,2865,2187,2509,1098,2198,497,1196,1672,1063,1178,4811,4818,1532,3147,4639,5059,4536,790,2882,4180,4249,2025,426,757,1183,1401,852,599,412,203,611,831,426,553,319,298,1541,772,480,1035,983,4811,4640,4531,2025,1815,671,224,852,631,650,1541
ACSSF,2019m1,nc,000,0043,0000043,,,,,,,,,,,,,,,,,,,,,,3575,607,425,1444,1201,1425,1123,1239,1328,890,880,344,430,1106,1146,3575,978,1511,1475,1968,1377,924,1875,782,755,823,587,261,3839,3839,665,2059,3126,2644,3268,612,1426,2447,2221,1664,203,1191,1037,754,203,203,203,203,203,755,229,203,350,673,965,203,373,670,792,3839,3511,3268,1663,1318,941,611,28,358,695,964
ACSSF,2019m1,nc,000,0043,0000044,3163,3029,2909,860,743,466,394,149,283,193,188,203,203,52,203,203,91,203,202,297,456,3060,754,516,517,828,854,1274,1273,1073,651,740,421,291,922,781,3060,722,951,1204,1220,1144,722,1112,854,371,800,415,531,3163,3170,376,1672,2120,2032,2909,302,1440,1976,1986,854,146,590,707,454,188,203,188,54,68,359,141,189,99,258,456,203,113,208,331,3163,3029,2909,860,743,466,478,193,202,306,456
ACSSF,2019m1,nc,000,0043,0000045,,,,,,,,,,,,,,,,,,,,,,2758,721,304,909,868,849,1348,974,744,614,1037,710,108,1204,1121,2758,445,1226,1104,1582,1389,719,1064,623,692,554,641,238,2680,,,,,,,,,,,,,,,,,,,,,,,,,,,,,,,2680,2815,2673,893,870,114,178,179,246,321,383
ACSSF,2019m1,nc,000,0043,0000046,,,,,,,,,,,,,,,,,,,,,,3964,609,794,394,876,1143,1250,1516,1552,777,836,740,307,1175,1058,3964,865,1108,1593,1544,1527,1051,1146,706,316,788,1050,455,4100,4099,430,1618,2025,3006,3742,261,1296,2000,2780,1531,266,802,758,889,113,203,113,203,203,506,219,163,356,352,585,203,448,343,431,4100,3965,3729,1534,1272,667,302,123,361,432,971
ACSSF,2019m1,nc,000,0043,0000047,,,,,,,,,,,,,,,,,,,,,,2121,446,492,345,448,671,865,1072,948,510,521,691,203,693,477,2121,520,909,808,1571,905,547,574,276,286,394,245,116,2239,,,,,,,,,,,,,,,,,,,,,,,,,,,,,,,2239,2070,2079,654,539,382,367,203,517,406,447
ACSSF,2019m1,nc,000,0043,0000048,,,,,,,,,,,,,,,,,,,,,,2958,808,678,467,720,1120,804,1352,895,695,606,255,201,583,840,2958,602,1036,898,988,1392,660,908,491,474,586,1011,519,2945,,,,,,,,,,,,,,,,,,,,,,,,,,,,,,,2945,2905,2804,907,889,50,103,203,356,126,525
ACSSF,2019m1,nc,000,0043,0000049,,,,,,,,,,,,,,,,,,,,,,4747,1158,599,1017,1070,1141,1985,2270,1658,1095,1156,538,658,1670,1196,4747,935,1407,1986,1812,1744,1377,1926,563,709,1923,1200,560,4333,4316,535,2436,3243,3345,4174,510,1711,2977,3411,1797,168,915,951,1167,203,203,203,203,203,1252,162,957,285,603,1523,203,682,957,1137,4333,4724,4174,1797,1403,742,455,203,406,1166,1523
ACSSF,2019m1,nc,000,0043,0000050,11745,11786,11174,5330,4310,2553,647,1229,576,1468,1473,118,73,203,203,857,343,494,1673,1353,5464,11855,1724,1663,2506,3629,4571,4824,5527,5708,5008,3619,3304,1822,3268,4064,11855,1907,2850,4774,6716,5880,4085,5052,3144,3367,4479,3731,2003,11745,11912,2661,6083,12271,9642,11230,1871,5407,10181,9497,5316,1434,2439,2897,2714,1476,1158,709,344,440,2337,1498,1140,1133,861,5481,627,2670,4188,2852,11745,11786,11174,5330,4310,2553,1509,1468,1673,1832,5464
ACSSF,2019m1,nc,000,0043,0000051,,,,,,,,,,,,,,,,,,,,,,3614,908,475,432,831,2207,1360,1609,1496,989,779,646,578,1251,928,3614,1182,1780,1970,1514,1761,1466,1324,544,514,723,755,517,3567,,,,,,,,,,,,,,,,,,,,,,,,,,,,,,,3567,3624,3428,1401,1364,471,312,474,142,277,668
ACSSF,2019m1,nc,000,0043,0000052,,,,,,,,,,,,,,,,,,,,,,2283,662,511,504,693,1126,837,885,797,940,845,250,270,886,1179,2283,363,1097,1164,1170,834,1132,895,150,598,520,1095,161,2373,,,,,,,,,,,,,,,,,,,,,,,,,,,,,,,,,,,,,,,,,
ACSSF,2019m1,nc,000,0043,0000053,,,,,,,,,,,,,,,,,,,,,,3738,783,617,949,785,1338,1141,1578,1343,1199,689,496,480,1224,1765,3738,727,1184,1676,2099,1537,1084,1251,1087,397,1159,899,660,3833,,,,,,,,,,,,,,,,,,,,,,,,,,,,,,,3833,3662,3623,949,769,458,188,29,799,1049,940
ACSSF,2019m1,nc,000,0043,0000054,5123,5124,5181,1436,1352,339,455,281,132,472,417,203,203,203,216,281,197,457,1540,364,1542,5193,794,1071,721,1118,1431,1861,2593,1975,1676,1768,1520,986,2081,1572,5193,610,1429,2309,2457,4071,1798,1735,1041,748,1167,1002,978,5123,5178,929,3193,4249,4169,5179,451,2315,3986,3973,1439,342,858,1206,681,472,160,203,353,297,1714,589,959,819,472,1529,196,1019,876,628,5123,5124,5181,1436,1352,339,544,472,1540,748,1542
ACSSF,2019m1,nc,000,0043,0000055,,,,,,,,,,,,,,,,,,,,,,5778,689,892,1076,1309,1478,1863,2639,2439,1611,1742,928,1135,1407,1502,5778,702,1592,1780,2548,2219,2114,1611,1248,1613,1595,1090,768,5799,5831,1390,2201,4476,3340,5395,996,1771,4080,3129,1648,849,913,969,883,212,145,129,203,203,977,600,120,734,309,1620,327,830,1010,1076,5799,5529,5382,1643,1412,1085,156,212,687,645,1620
ACSSF,2019m1,nc,000,0043,0000056,11853,12320,12198,5093,4086,1639,1337,930,1002,2595,2147,586,61,1356,147,1064,334,396,2155,1996,5306,12400,3225,2457,2604,3168,4573,4490,5925,4780,5588,4743,2729,1610,3914,4025,12400,1151,3226,4582,5439,6585,4199,5446,3361,2884,4568,4972,2478,11853,12138,2914,7358,9840,9695,12204,1626,6018,9195,8660,5090,1129,2589,2707,3226,2545,1415,1361,991,938,2676,1637,1364,1681,1311,5312,587,2708,3362,2572,11853,12320,12198,5093,4086,1639,1777,2595,2155,2181,5306
ACSSF,2019m1,nc,000,0043,0000057,,,,,,,,,,,,,,,,,,,,,,4692,1188,567,576,861,2191,1209,1783,2334,1339,1282,1134,315,1187,1678,4692,918,1701,1361,2224,1587,1189,2359,619,894,1138,1383,587,4806,,,,,,,,,,,,,,,,,,,,,,,,,,,,,,,4806,4591,3924,2200,1927,484,802,231,458,1568,1022
ACSSF,2019m1,nc,000,0043,0000058,7009,7217,6939,2247,1894,813,321,952,214,1739,1735,112,203,203,203,188,222,388,1295,569,2181,7440,1106,730,953,2074,2931,2508,2878,3597,2839,2457,1886,1172,2876,1517,7440,1042,1726,3207,3460,3463,1844,3857,1392,1805,2438,1846,1134,7009,6939,1248,4004,5227,4423,6892,574,3377,5071,4293,2221,479,920,1851,1088,1705,1045,1088,434,257,1502,267,695,658,1124,2165,203,1212,1561,795,7009,7217,6939,2247,1894,813,986,1739,1295,714,2181
ACSSF,2019m1,nc,000,0043,0000059,4540,5147,4819,1937,1849,818,251,47,78,414,414,203,203,203,203,316,202,260,3022,707,811,4477,1045,1250,1779,2212,1632,1890,2570,2014,1619,2986,896,639,1894,1548,4477,2970,1624,1773,2474,2385,1468,2721,1161,1068,1480,1174,643,4540,5040,1162,2592,4597,3498,4878,640,2299,4116,3458,1755,605,780,1230,964,413,248,183,124,193,1068,530,446,636,545,811,203,401,421,594,4540,5147,4819,1937,1849,818,268,414,3022,840,811
ACSSF,2019m1,nc,000,0043,0000060,,,,,,,,,,,,,,,,,,,,,,3702,689,511,829,835,1070,995,1890,1189,833,1307,796,389,1428,1068,3702,509,990,1523,1546,1351,1052,1544,549,992,1120,1204,435,3611,3614,969,2050,2843,2180,3406,870,1734,2570,2104,1550,119,721,1052,872,359,203,359,203,203,481,342,244,199,157,573,203,202,397,359,3611,3673,3406,1550,1168,613,956,436,288,385,573
ACSSF,2019m1,nc,000,0043,0000061,7203,6723,6721,2345,2149,788,769,550,241,1910,1843,203,292,203,203,362,183,204,1465,1471,1384,7158,1347,900,1366,1668,2649,2556,2829,3128,2240,2396,1915,892,2836,2298,7158,1358,2851,2990,3447,3132,1590,2699,1342,1770,1748,1917,1329,7203,7443,1619,4589,5378,5777,6855,410,3581,5020,5311,2342,423,1662,1344,1500,1865,1146,440,923,1111,2365,918,1648,339,962,1350,86,945,826,771,7203,6723,6721,2345,2149,788,866,1910,1465,1666,1384
ACSSF,2019m1,nc,000,0043,0000062,,,,,,,,,,,,,,,,,,,,,,4485,999,683,945,1224,1468,1982,2134,1514,1697,1162,654,582,1906,1315,4485,662,1872,2649,2030,1990,757,1887,453,948,1605,888,950,4627,4630,1529,3011,3313,4402,4091,758,2625,2945,3509,1506,422,757,937,1020,852,599,412,203,611,671,426,471,206,108,1118,754,255,608,788,4627,4287,4087,1506,1341,592,203,852,607,323,1118
ACSSF,2019m1,nc,000,0043,0000063,,,,,,,,,,,,,,,,,,,,,,4693,987,525,1317,1058,1766,1664,1913,1507,1301,728,930,492,1514,790,4693,407,1401,1878,2009,2576,1069,1495,956,754,1014,581,608,4625,4578,829,1722,3457,2692,4527,368,1667,3201,2600,1583,170,487,1504,567,288,53,279,203,203,814,597,443,353,88,578,75,204,384,440,4625,4830,4586,1638,965,333,989,292,730,367,588
ACSSF,2019m1,nc,000,0043,0000064,,,,,,,,,,,,,,,,,,,,,,5049,990,906,1619,1698,1838,2806,2893,2766,2333,563,840,527,695,1526,5049,1579,2917,2429,2202,1790,1835,3109,2266,566,2009,1011,429,5081,,,,,,,,,,,,,,,,,,,,,,,,,,,,,,,5081,5441,5035,3128,2858,995,398,85,1914,1476,935
ACSSF,2019m1,nc,000,0043,0000065,10628,10356,9900,3244,2758,1562,362,649,539,1441,1439,73,203,203,203,557,322,415,1034,1100,3600,10561,1392,1069,1886,2873,3590,3480,4148,4306,4002,3039,2327,1108,2574,2780,10561,1424,2260,3499,4909,4003,3001,4351,2494,2085,2961,3147,1738,10628,10669,1784,4502,8626,7657,9985,1066,4027,7423,6934,3236,615,1738,1675,2104,1440,1164,609,281,440,1453,905,1000,627,573,3610,519,2180,2436,2121,10628,10356,9900,3244,2758,1562,976,1441,1034,1335,3600
ACSSF,2019m1,nc,000,0043,0000066,5099,4717,5134,1662,1361,408,537,536,145,635,414,256,207,203,203,634,108,328,878,412,1398,4847,917,796,816,1296,1725,1676,2139,2639,1765,1919,945,1527,2049,1689,4847,946,1339,2393,3453,2800,1412,2336,438,781,1508,1125,668,5099,5126,1247,3272,4110,4044,5139,749,2890,3795,3929,1680,385,878,1218,1071,635,382,171,456,203,1084,754,562,424,325,1367,344,553,943,797,5099,4717,5134,1662,1361,408,782,635,878,904,1398
ACSSF,2019m1,nc,000,0043,0000067,,,,,,,,,,,,,,,,,,,,,,5748,1354,1111,1024,2250,2460,2339,3795,2619,2005,1628,1309,730,2136,1688,5748,837,2162,2578,3168,3424,1759,2347,1634,1179,1415,1407,870,5534,5518,1723,3686,3973,4616,6193,1070,3606,3996,4223,1795,433,1059,951,1196,959,574,345,573,121,1510,1049,504,741,563,1298,109,361,1182,717,5534,5932,6206,1795,1782,710,673,992,993,1142,1336
ACSSF,2019m1,nc,000,0043,0000068,5123,5124,5181,1436,1352,339,455,281,132,472,417,203,203,203,216,281,197,457,1540,364,1542,5193,794,1071,721,1118,1431,1861,2593,1975,1676,1768,1520,986,2081,1572,5193,610,1429,2309,2457,4071,1798,1735,1041,748,1167,1002,978,5123,5178,929,3193,4249,4169,5179,451,2315,3986,3973,1439,342,858,1206,681,472,160,203,353,297,1714,589,959,819,472,1529,196,1019,876,628,5123,5124,5181,1436,1352,339,544,472,1540,748,1542
ACSSF,2019m1,nc,000,0043,0000069,11853,12320,12198,5093,4086,1639,1337,930,1002,2595,2147,586,61,1356,147,1064,334,396,2155,1996,5306,12400,3225,2457,2604,3168,4573,4490,5925,4780,5588,4743,2729,1610,3914,4025,12400,1151,3226,4582,5439,6585,4199,5446,3361,2884,4568,4972,2478,11853,12138,2914,7358,9840,9695,12204,1626,6018,9195,8660,5090,1129,2589,2707,3226,2545,1415,1361,991,938,2676,1637,1364,1681,1311,5312,587,2708,3362,2572,11853,12320,12198,5093,4086,1639,1777,2595,2155,2181,5306
ACSSF,2019m1,nc,000,0043,0000070,,,,,,,,,,,,,,,,,,,,,,4692,1188,567,576,861,2191,1209,1783,2334,1339,1282,1134,315,1187,1678,4692,918,1701,1361,2224,1587,1189,2359,619,894,1138,1383,587,4806,,,,,,,,,,,,,,,,,,,,,,,,,,,,,,,4806,4591,3924,2200,1927,484,802,231,458,1568,1022
ACSSF,2019m1,nc,000,0043,0000071,,,,,,,,,,,,,,,,,,,,,,3702,689,511,829,835,1070,995,1890,1189,833,1307,796,389,1428,1068,3702,509,990,1523,1546,1351,1052,1544,549,992,1120,1204,435,3611,3614,969,2050,2843,2180,3406,870,1734,2570,2104,1550,119,721,1052,872,359,203,359,203,203,481,342,244,199,157,573,203,202,397,359,3611,3673,3406,1550,1168,613,956,436,288,385,573
ACSSF,2019m1,nc,000,0043,0000072,6895,7130,6922,2058,1894,807,321,400,214,1739,1735,112,203,203,203,188,222,388,1295,531,2181,7351,1106,730,953,2066,2923,2455,2873,3597,2774,2442,1886,1172,2876,1514,7351,1042,1726,3207,3396,3463,1844,3643,1368,1804,2376,1840,1134,6895,6862,1248,3968,5297,4394,6875,574,3343,5070,4290,2031,479,920,1596,1088,1705,1045,1088,434,257,1480,267,695,658,1113,2165,203,1212,1561,795,6895,7130,6922,2058,1894,807,452,1739,1295,692,2181
ACSSF,2019m1,nc,000,0043,0000073,4540,5147,4819,1937,1849,818,251,47,78,414,414,203,203,203,203,316,202,260,3022,707,811,4477,1045,1250,1779,2212,1632,1890,2570,2014,1619,2986,896,639,1894,1548,4477,2970,1624,1773,2474,2385,1468,2721,1161,1068,1480,1174,643,4540,5040,1162,2592,4597,3498,4878,640,2299,4116,3458,1755,605,780,1230,964,413,248,183,124,193,1068,530,446,636,545,811,203,401,421,594,4540,5147,4819,1937,1849,818,268,414,3022,840,811
ACSSF,2019m1,nc,000,0043,0000074,7203,6723,6721,2345,2149,788,769,550,241,1910,1843,203,292,203,203,362,183,204,1465,1471,1384,7158,1347,900,1366,1668,2649,2556,2829,3128,2240,2396,1915,892,2836,2298,7158,1358,2851,2990,3447,3132,1590,2699,1342,1770,1748,1917,1329,7203,7443,1619,4589,5378,5777,6855,410,3581,5020,5311,2342,423,1662,1344,1500,1865,1146,440,923,1111,2365,918,1648,339,962,1350,86,945,826,771,7203,6723,6721,2345,2149,788,866,1910,1465,1666,1384
ACSSF,2019m1,nc,000,0043,0000075,,,,,,,,,,,,,,,,,,,,,,4506,987,525,1317,1058,1649,1664,1913,1528,1294,728,930,492,1514,748,4506,407,1401,1878,2016,2417,1070,1467,943,754,1014,581,608,4437,4389,829,1714,3301,2639,4356,368,1653,3040,2557,1583,170,487,1504,567,288,53,279,203,203,814,597,443,353,88,578,75,204,384,440,4437,4656,4421,1638,965,333,989,292,730,367,588
ACSSF,2019m1,nc,000,0043,0000076,,,,,,,,,,,,,,,,,,,,,,4485,999,683,945,1224,1468,1982,2134,1514,1697,1162,654,582,1906,1315,4485,662,1872,2649,2030,1990,757,1887,453,948,1605,888,950,4627,4630,1529,3011,3313,4402,4091,758,2625,2945,3509,1506,422,757,937,1020,852,599,412,203,611,671,426,471,206,108,1118,754,255,608,788,4627,4287,4087,1506,1341,592,203,852,607,323,1118
ACSSF,2019m1,nc,000,0043,0000077,,,,,,,,,,,,,,,,,,,,,,5049,990,906,1619,1698,1838,2806,2893,2766,2333,563,840,527,695,1526,5049,1579,2917,2429,2202,1790,1835,3109,2266,566,2009,1011,429,5081,,,,,,,,,,,,,,,,,,,,,,,,,,,,,,,5081,5441,5035,3128,2858,995,398,85,1914,1476,935
ACSSF,2019m1,nc,000,0043,0000078,,,,,,,,,,,,,,,,,,,,,,5846,689,892,1076,1309,1478,1863,2597,2444,1611,1742,928,1135,1407,1502,5846,702,1592,1780,2548,2224,2114,1613,1248,1613,1595,1090,768,5883,5911,1390,2201,4478,3361,5466,996,1771,4080,3137,1648,849,913,969,883,212,145,129,203,203,977,600,120,734,309,1614,327,830,996,1076,5883,5588,5457,1643,1412,1085,156,212,687,645,1614
ACSSF,2019m1,nc,000,0043,0000079,10622,10342,9879,3240,2739,1562,362,649,539,1441,1439,73,203,203,203,557,322,415,1034,1100,3600,10535,1392,1069,1886,2876,3605,3480,4200,4291,4002,3033,2282,1108,2574,2780,10535,1424,2230,3499,4892,4011,3001,4350,2494,2086,2995,3147,1738,10622,10659,1784,4482,8665,7651,9962,1066,4016,7447,6920,3232,615,1738,1675,2098,1440,1164,609,281,440,1453,905,1000,627,573,3610,519,2180,2436,2121,10622,10342,9879,3240,2739,1562,976,1441,1034,1335,3600
ACSSF,2019m1,nc,000,0043,0000080,5099,4717,5134,1662,1361,408,537,536,145,635,414,256,207,203,203,634,108,328,878,412,1398,4847,917,796,816,1296,1725,1676,2139,2639,1765,1919,945,1527,2049,1689,4847,946,1339,2393,3453,2800,1412,2336,438,781,1508,1125,668,5099,5126,1247,3272,4110,4044,5139,749,2890,3795,3929,1680,385,878,1218,1071,635,382,171,456,203,1084,754,562,424,325,1367,344,553,943,797,5099,4717,5134,1662,1361,408,782,635,878,904,1398
ACSSF,2019m1,nc,000,0043,0000081,,,,,,,,,,,,,,,,,,,,,,5748,1354,1111,1024,2250,2460,2339,3795,2619,2005,1628,1309,730,2136,1688,5748,837,2162,2578,3168,3424,1759,2347,1634,1179,1415,1407,870,5534,5518,1723,3686,3973,4616,6193,1070,3606,3996,4223,1795,433,1059,951,1196,959,574,345,573,121,1510,1049,504,741,563,1298,109,361,1182,717,5534,5932,6206,1795,1782,710,673,992,993,1142,1336
ACSSF,2019m1,nc,000,0043,0000082,,,,,,,,,,,,,,,,,,,,,,,,,,,,,,,,,,,,,,,,,,,,,,,,,,,,,,,,,,,,,,,,,,,,,,,,,,,,,,,,,,,,,,,,,,,
ACSSF,2019m1,nc,000,0043,0000083,,,,,,,,,,,,,,,,,,,,,,,,,,,,,,,,,,,,,,,,,,,,,,,,,,,,,,,,,,,,,,,,,,,,,,,,,,,,,,,,,,,,,,,,,,,
ACSSF,2019m1,nc,000,0043,0000084,,,,,,,,,,,,,,,,,,,,,,,,,,,,,,,,,,,,,,,,,,,,,,,,,,,,,,,,,,,,,,,,,,,,,,,,,,,,,,,,,,,,,,,,,,,
ACSSF,2019m1,nc,000,0043,0000085,,,,,,,,,,,,,,,,,,,,,,,,,,,,,,,,,,,,,,,,,,,,,,,,,,,,,,,,,,,,,,,,,,,,,,,,,,,,,,,,,,,,,,,,,,,
ACSSF,2019m1,nc,000,0043,0000086,,,,,,,,,,,,,,,,,,,,,,,,,,,,,,,,,,,,,,,,,,,,,,,,,,,,,,,,,,,,,,,,,,,,,,,,,,,,,,,,,,,,,,,,,,,
ACSSF,2019m1,nc,000,0043,0000087,,,,,,,,,,,,,,,,,,,,,,,,,,,,,,,,,,,,,,,,,,,,,,,,,,,,,,,,,,,,,,,,,,,,,,,,,,,,,,,,,,,,,,,,,,,
ACSSF,2019m1,nc,000,0043,0000088,,,,,,,,,,,,,,,,,,,,,,,,,,,,,,,,,,,,,,,,,,,,,,,,,,,,,,,,,,,,,,,,,,,,,,,,,,,,,,,,,,,,,,,,,,,
ACSSF,2019m1,nc,000,0043,0000089,,,,,,,,,,,,,,,,,,,,,,,,,,,,,,,,,,,,,,,,,,,,,,,,,,,,,,,,,,,,,,,,,,,,,,,,,,,,,,,,,,,,,,,,,,,
ACSSF,2019m1,nc,000,0043,0000090,,,,,,,,,,,,,,,,,,,,,,,,,,,,,,,,,,,,,,,,,,,,,,,,,,,,,,,,,,,,,,,,,,,,,,,,,,,,,,,,,,,,,,,,,,,
ACSSF,2019m1,nc,000,0043,0000091,,,,,,,,,,,,,,,,,,,,,,,,,,,,,,,,,,,,,,,,,,,,,,,,,,,,,,,,,,,,,,,,,,,,,,,,,,,,,,,,,,,,,,,,,,,
ACSSF,2019m1,nc,000,0043,0000092,,,,,,,,,,,,,,,,,,,,,,,,,,,,,,,,,,,,,,,,,,,,,,,,,,,,,,,,,,,,,,,,,,,,,,,,,,,,,,,,,,,,,,,,,,,
ACSSF,2019m1,nc,000,0043,0000093,,,,,,,,,,,,,,,,,,,,,,,,,,,,,,,,,,,,,,,,,,,,,,,,,,,,,,,,,,,,,,,,,,,,,,,,,,,,,,,,,,,,,,,,,,,
ACSSF,2019m1,nc,000,0043,0000094,,,,,,,,,,,,,,,,,,,,,,,,,,,,,,,,,,,,,,,,,,,,,,,,,,,,,,,,,,,,,,,,,,,,,,,,,,,,,,,,,,,,,,,,,,,
ACSSF,2019m1,nc,000,0043,0000095,,,,,,,,,,,,,,,,,,,,,,,,,,,,,,,,,,,,,,,,,,,,,,,,,,,,,,,,,,,,,,,,,,,,,,,,,,,,,,,,,,,,,,,,,,,
ACSSF,2019m1,nc,000,0043,0000096,,,,,,,,,,,,,,,,,,,,,,,,,,,,,,,,,,,,,,,,,,,,,,,,,,,,,,,,,,,,,,,,,,,,,,,,,,,,,,,,,,,,,,,,,,,
ACSSF,2019m1,nc,000,0043,0000097,,,,,,,,,,,,,,,,,,,,,,,,,,,,,,,,,,,,,,,,,,,,,,,,,,,,,,,,,,,,,,,,,,,,,,,,,,,,,,,,,,,,,,,,,,,
ACSSF,2019m1,nc,000,0043,0000098,,,,,,,,,,,,,,,,,,,,,,,,,,,,,,,,,,,,,,,,,,,,,,,,,,,,,,,,,,,,,,,,,,,,,,,,,,,,,,,,,,,,,,,,,,,
ACSSF,2019m1,nc,000,0043,0000099,,,,,,,,,,,,,,,,,,,,,,,,,,,,,,,,,,,,,,,,,,,,,,,,,,,,,,,,,,,,,,,,,,,,,,,,,,,,,,,,,,,,,,,,,,,
ACSSF,2019m1,nc,000,0043,0000100,,,,,,,,,,,,,,,,,,,,,,,,,,,,,,,,,,,,,,,,,,,,,,,,,,,,,,,,,,,,,,,,,,,,,,,,,,,,,,,,,,,,,,,,,,,
ACSSF,2019m1,nc,000,0043,0000101,,,,,,,,,,,,,,,,,,,,,,,,,,,,,,,,,,,,,,,,,,,,,,,,,,,,,,,,,,,,,,,,,,,,,,,,,,,,,,,,,,,,,,,,,,,
ACSSF,2019m1,nc,000,0043,0000102,,,,,,,,,,,,,,,,,,,,,,,,,,,,,,,,,,,,,,,,,,,,,,,,,,,,,,,,,,,,,,,,,,,,,,,,,,,,,,,,,,,,,,,,,,,
ACSSF,2019m1,nc,000,0043,0000103,,,,,,,,,,,,,,,,,,,,,,,,,,,,,,,,,,,,,,,,,,,,,,,,,,,,,,,,,,,,,,,,,,,,,,,,,,,,,,,,,,,,,,,,,,,
ACSSF,2019m1,nc,000,0043,0000104,,,,,,,,,,,,,,,,,,,,,,,,,,,,,,,,,,,,,,,,,,,,,,,,,,,,,,,,,,,,,,,,,,,,,,,,,,,,,,,,,,,,,,,,,,,
ACSSF,2019m1,nc,000,0043,0000105,,,,,,,,,,,,,,,,,,,,,,,,,,,,,,,,,,,,,,,,,,,,,,,,,,,,,,,,,,,,,,,,,,,,,,,,,,,,,,,,,,,,,,,,,,,
ACSSF,2019m1,nc,000,0043,0000106,,,,,,,,,,,,,,,,,,,,,,,,,,,,,,,,,,,,,,,,,,,,,,,,,,,,,,,,,,,,,,,,,,,,,,,,,,,,,,,,,,,,,,,,,,,
ACSSF,2019m1,nc,000,0043,0000107,,,,,,,,,,,,,,,,,,,,,,,,,,,,,,,,,,,,,,,,,,,,,,,,,,,,,,,,,,,,,,,,,,,,,,,,,,,,,,,,,,,,,,,,,,,
ACSSF,2019m1,nc,000,0043,0000108,,,,,,,,,,,,,,,,,,,,,,,,,,,,,,,,,,,,,,,,,,,,,,,,,,,,,,,,,,,,,,,,,,,,,,,,,,,,,,,,,,,,,,,,,,,
ACSSF,2019m1,nc,000,0043,0000109,,,,,,,,,,,,,,,,,,,,,,,,,,,,,,,,,,,,,,,,,,,,,,,,,,,,,,,,,,,,,,,,,,,,,,,,,,,,,,,,,,,,,,,,,,,
ACSSF,2019m1,nc,000,0043,0000110,,,,,,,,,,,,,,,,,,,,,,,,,,,,,,,,,,,,,,,,,,,,,,,,,,,,,,,,,,,,,,,,,,,,,,,,,,,,,,,,,,,,,,,,,,,
ACSSF,2019m1,nc,000,0043,0000111,,,,,,,,,,,,,,,,,,,,,,,,,,,,,,,,,,,,,,,,,,,,,,,,,,,,,,,,,,,,,,,,,,,,,,,,,,,,,,,,,,,,,,,,,,,
ACSSF,2019m1,nc,000,0043,0000112,,,,,,,,,,,,,,,,,,,,,,,,,,,,,,,,,,,,,,,,,,,,,,,,,,,,,,,,,,,,,,,,,,,,,,,,,,,,,,,,,,,,,,,,,,,
ACSSF,2019m1,nc,000,0043,0000113,,,,,,,,,,,,,,,,,,,,,,,,,,,,,,,,,,,,,,,,,,,,,,,,,,,,,,,,,,,,,,,,,,,,,,,,,,,,,,,,,,,,,,,,,,,
ACSSF,2019m1,nc,000,0043,0000114,,,,,,,,,,,,,,,,,,,,,,,,,,,,,,,,,,,,,,,,,,,,,,,,,,,,,,,,,,,,,,,,,,,,,,,,,,,,,,,,,,,,,,,,,,,
ACSSF,2019m1,nc,000,0043,0000115,,,,,,,,,,,,,,,,,,,,,,,,,,,,,,,,,,,,,,,,,,,,,,,,,,,,,,,,,,,,,,,,,,,,,,,,,,,,,,,,,,,,,,,,,,,
ACSSF,2019m1,nc,000,0043,0000116,,,,,,,,,,,,,,,,,,,,,,,,,,,,,,,,,,,,,,,,,,,,,,,,,,,,,,,,,,,,,,,,,,,,,,,,,,,,,,,,,,,,,,,,,,,
ACSSF,2019m1,nc,000,0043,0000117,,,,,,,,,,,,,,,,,,,,,,,,,,,,,,,,,,,,,,,,,,,,,,,,,,,,,,,,,,,,,,,,,,,,,,,,,,,,,,,,,,,,,,,,,,,
ACSSF,2019m1,nc,000,0043,0000118,,,,,,,,,,,,,,,,,,,,,,,,,,,,,,,,,,,,,,,,,,,,,,,,,,,,,,,,,,,,,,,,,,,,,,,,,,,,,,,,,,,,,,,,,,,
ACSSF,2019m1,nc,000,0043,0000119,,,,,,,,,,,,,,,,,,,,,,,,,,,,,,,,,,,,,,,,,,,,,,,,,,,,,,,,,,,,,,,,,,,,,,,,,,,,,,,,,,,,,,,,,,,
ACSSF,2019m1,nc,000,0043,0000120,,,,,,,,,,,,,,,,,,,,,,,,,,,,,,,,,,,,,,,,,,,,,,,,,,,,,,,,,,,,,,,,,,,,,,,,,,,,,,,,,,,,,,,,,,,
ACSSF,2019m1,nc,000,0043,0000121,,,,,,,,,,,,,,,,,,,,,,,,,,,,,,,,,,,,,,,,,,,,,,,,,,,,,,,,,,,,,,,,,,,,,,,,,,,,,,,,,,,,,,,,,,,
ACSSF,2019m1,nc,000,0043,0000122,,,,,,,,,,,,,,,,,,,,,,,,,,,,,,,,,,,,,,,,,,,,,,,,,,,,,,,,,,,,,,,,,,,,,,,,,,,,,,,,,,,,,,,,,,,
ACSSF,2019m1,nc,000,0043,0000123,,,,,,,,,,,,,,,,,,,,,,,,,,,,,,,,,,,,,,,,,,,,,,,,,,,,,,,,,,,,,,,,,,,,,,,,,,,,,,,,,,,,,,,,,,,
ACSSF,2019m1,nc,000,0043,0000124,,,,,,,,,,,,,,,,,,,,,,,,,,,,,,,,,,,,,,,,,,,,,,,,,,,,,,,,,,,,,,,,,,,,,,,,,,,,,,,,,,,,,,,,,,,
ACSSF,2019m1,nc,000,0043,0000125,,,,,,,,,,,,,,,,,,,,,,,,,,,,,,,,,,,,,,,,,,,,,,,,,,,,,,,,,,,,,,,,,,,,,,,,,,,,,,,,,,,,,,,,,,,
ACSSF,2019m1,nc,000,0043,0000126,,,,,,,,,,,,,,,,,,,,,,,,,,,,,,,,,,,,,,,,,,,,,,,,,,,,,,,,,,,,,,,,,,,,,,,,,,,,,,,,,,,,,,,,,,,
ACSSF,2019m1,nc,000,0043,0000127,,,,,,,,,,,,,,,,,,,,,,,,,,,,,,,,,,,,,,,,,,,,,,,,,,,,,,,,,,,,,,,,,,,,,,,,,,,,,,,,,,,,,,,,,,,
ACSSF,2019m1,nc,000,0043,0000128,,,,,,,,,,,,,,,,,,,,,,,,,,,,,,,,,,,,,,,,,,,,,,,,,,,,,,,,,,,,,,,,,,,,,,,,,,,,,,,,,,,,,,,,,,,
ACSSF,2019m1,nc,000,0043,0000129,,,,,,,,,,,,,,,,,,,,,,,,,,,,,,,,,,,,,,,,,,,,,,,,,,,,,,,,,,,,,,,,,,,,,,,,,,,,,,,,,,,,,,,,,,,
ACSSF,2019m1,nc,000,0043,0000130,,,,,,,,,,,,,,,,,,,,,,,,,,,,,,,,,,,,,,,,,,,,,,,,,,,,,,,,,,,,,,,,,,,,,,,,,,,,,,,,,,,,,,,,,,,
ACSSF,2019m1,nc,000,0043,0000131,,,,,,,,,,,,,,,,,,,,,,,,,,,,,,,,,,,,,,,,,,,,,,,,,,,,,,,,,,,,,,,,,,,,,,,,,,,,,,,,,,,,,,,,,,,
ACSSF,2019m1,nc,000,0043,0000132,,,,,,,,,,,,,,,,,,,,,,,,,,,,,,,,,,,,,,,,,,,,,,,,,,,,,,,,,,,,,,,,,,,,,,,,,,,,,,,,,,,,,,,,,,,
ACSSF,2019m1,nc,000,0043,0000133,,,,,,,,,,,,,,,,,,,,,,,,,,,,,,,,,,,,,,,,,,,,,,,,,,,,,,,,,,,,,,,,,,,,,,,,,,,,,,,,,,,,,,,,,,,
ACSSF,2019m1,nc,000,0043,0000134,,,,,,,,,,,,,,,,,,,,,,,,,,,,,,,,,,,,,,,,,,,,,,,,,,,,,,,,,,,,,,,,,,,,,,,,,,,,,,,,,,,,,,,,,,,
ACSSF,2019m1,nc,000,0043,0000135,,,,,,,,,,,,,,,,,,,,,,,,,,,,,,,,,,,,,,,,,,,,,,,,,,,,,,,,,,,,,,,,,,,,,,,,,,,,,,,,,,,,,,,,,,,
ACSSF,2019m1,nc,000,0043,0000136,,,,,,,,,,,,,,,,,,,,,,,,,,,,,,,,,,,,,,,,,,,,,,,,,,,,,,,,,,,,,,,,,,,,,,,,,,,,,,,,,,,,,,,,,,,
ACSSF,2019m1,nc,000,0043,0000137,,,,,,,,,,,,,,,,,,,,,,,,,,,,,,,,,,,,,,,,,,,,,,,,,,,,,,,,,,,,,,,,,,,,,,,,,,,,,,,,,,,,,,,,,,,
ACSSF,2019m1,nc,000,0043,0000138,,,,,,,,,,,,,,,,,,,,,,,,,,,,,,,,,,,,,,,,,,,,,,,,,,,,,,,,,,,,,,,,,,,,,,,,,,,,,,,,,,,,,,,,,,,
ACSSF,2019m1,nc,000,0043,0000139,,,,,,,,,,,,,,,,,,,,,,,,,,,,,,,,,,,,,,,,,,,,,,,,,,,,,,,,,,,,,,,,,,,,,,,,,,,,,,,,,,,,,,,,,,,
ACSSF,2019m1,nc,000,0043,0000140,,,,,,,,,,,,,,,,,,,,,,,,,,,,,,,,,,,,,,,,,,,,,,,,,,,,,,,,,,,,,,,,,,,,,,,,,,,,,,,,,,,,,,,,,,,
ACSSF,2019m1,nc,000,0043,0000141,,,,,,,,,,,,,,,,,,,,,,,,,,,,,,,,,,,,,,,,,,,,,,,,,,,,,,,,,,,,,,,,,,,,,,,,,,,,,,,,,,,,,,,,,,,
ACSSF,2019m1,nc,000,0043,0000142,,,,,,,,,,,,,,,,,,,,,,,,,,,,,,,,,,,,,,,,,,,,,,,,,,,,,,,,,,,,,,,,,,,,,,,,,,,,,,,,,,,,,,,,,,,
ACSSF,2019m1,nc,000,0043,0000143,,,,,,,,,,,,,,,,,,,,,,,,,,,,,,,,,,,,,,,,,,,,,,,,,,,,,,,,,,,,,,,,,,,,,,,,,,,,,,,,,,,,,,,,,,,
ACSSF,2019m1,nc,000,0043,0000144,,,,,,,,,,,,,,,,,,,,,,,,,,,,,,,,,,,,,,,,,,,,,,,,,,,,,,,,,,,,,,,,,,,,,,,,,,,,,,,,,,,,,,,,,,,
ACSSF,2019m1,nc,000,0043,0000145,,,,,,,,,,,,,,,,,,,,,,,,,,,,,,,,,,,,,,,,,,,,,,,,,,,,,,,,,,,,,,,,,,,,,,,,,,,,,,,,,,,,,,,,,,,
ACSSF,2019m1,nc,000,0043,0000146,,,,,,,,,,,,,,,,,,,,,,,,,,,,,,,,,,,,,,,,,,,,,,,,,,,,,,,,,,,,,,,,,,,,,,,,,,,,,,,,,,,,,,,,,,,
ACSSF,2019m1,nc,000,0043,0000147,,,,,,,,,,,,,,,,,,,,,,,,,,,,,,,,,,,,,,,,,,,,,,,,,,,,,,,,,,,,,,,,,,,,,,,,,,,,,,,,,,,,,,,,,,,
ACSSF,2019m1,nc,000,0043,0000148,,,,,,,,,,,,,,,,,,,,,,,,,,,,,,,,,,,,,,,,,,,,,,,,,,,,,,,,,,,,,,,,,,,,,,,,,,,,,,,,,,,,,,,,,,,
ACSSF,2019m1,nc,000,0043,0000149,,,,,,,,,,,,,,,,,,,,,,,,,,,,,,,,,,,,,,,,,,,,,,,,,,,,,,,,,,,,,,,,,,,,,,,,,,,,,,,,,,,,,,,,,,,
ACSSF,2019m1,nc,000,0043,0000150,,,,,,,,,,,,,,,,,,,,,,,,,,,,,,,,,,,,,,,,,,,,,,,,,,,,,,,,,,,,,,,,,,,,,,,,,,,,,,,,,,,,,,,,,,,
ACSSF,2019m1,nc,000,0043,0000151,,,,,,,,,,,,,,,,,,,,,,,,,,,,,,,,,,,,,,,,,,,,,,,,,,,,,,,,,,,,,,,,,,,,,,,,,,,,,,,,,,,,,,,,,,,
ACSSF,2019m1,nc,000,0043,0000152,,,,,,,,,,,,,,,,,,,,,,,,,,,,,,,,,,,,,,,,,,,,,,,,,,,,,,,,,,,,,,,,,,,,,,,,,,,,,,,,,,,,,,,,,,,
ACSSF,2019m1,nc,000,0043,0000153,,,,,,,,,,,,,,,,,,,,,,,,,,,,,,,,,,,,,,,,,,,,,,,,,,,,,,,,,,,,,,,,,,,,,,,,,,,,,,,,,,,,,,,,,,,
ACSSF,2019m1,nc,000,0043,0000154,,,,,,,,,,,,,,,,,,,,,,,,,,,,,,,,,,,,,,,,,,,,,,,,,,,,,,,,,,,,,,,,,,,,,,,,,,,,,,,,,,,,,,,,,,,
ACSSF,2019m1,nc,000,0043,0000155,,,,,,,,,,,,,,,,,,,,,,,,,,,,,,,,,,,,,,,,,,,,,,,,,,,,,,,,,,,,,,,,,,,,,,,,,,,,,,,,,,,,,,,,,,,
ACSSF,2019m1,nc,000,0043,0000156,,,,,,,,,,,,,,,,,,,,,,,,,,,,,,,,,,,,,,,,,,,,,,,,,,,,,,,,,,,,,,,,,,,,,,,,,,,,,,,,,,,,,,,,,,,
ACSSF,2019m1,nc,000,0043,0000157,,,,,,,,,,,,,,,,,,,,,,,,,,,,,,,,,,,,,,,,,,,,,,,,,,,,,,,,,,,,,,,,,,,,,,,,,,,,,,,,,,,,,,,,,,,
ACSSF,2019m1,nc,000,0043,0000158,,,,,,,,,,,,,,,,,,,,,,,,,,,,,,,,,,,,,,,,,,,,,,,,,,,,,,,,,,,,,,,,,,,,,,,,,,,,,,,,,,,,,,,,,,,
ACSSF,2019m1,nc,000,0043,0000159,,,,,,,,,,,,,,,,,,,,,,,,,,,,,,,,,,,,,,,,,,,,,,,,,,,,,,,,,,,,,,,,,,,,,,,,,,,,,,,,,,,,,,,,,,,
ACSSF,2019m1,nc,000,0043,0000160,,,,,,,,,,,,,,,,,,,,,,,,,,,,,,,,,,,,,,,,,,,,,,,,,,,,,,,,,,,,,,,,,,,,,,,,,,,,,,,,,,,,,,,,,,,
ACSSF,2019m1,nc,000,0043,0000161,,,,,,,,,,,,,,,,,,,,,,,,,,,,,,,,,,,,,,,,,,,,,,,,,,,,,,,,,,,,,,,,,,,,,,,,,,,,,,,,,,,,,,,,,,,
ACSSF,2019m1,nc,000,0043,0000162,,,,,,,,,,,,,,,,,,,,,,,,,,,,,,,,,,,,,,,,,,,,,,,,,,,,,,,,,,,,,,,,,,,,,,,,,,,,,,,,,,,,,,,,,,,
ACSSF,2019m1,nc,000,0043,0000163,,,,,,,,,,,,,,,,,,,,,,,,,,,,,,,,,,,,,,,,,,,,,,,,,,,,,,,,,,,,,,,,,,,,,,,,,,,,,,,,,,,,,,,,,,,
ACSSF,2019m1,nc,000,0043,0000164,,,,,,,,,,,,,,,,,,,,,,,,,,,,,,,,,,,,,,,,,,,,,,,,,,,,,,,,,,,,,,,,,,,,,,,,,,,,,,,,,,,,,,,,,,,
ACSSF,2019m1,nc,000,0043,0000165,,,,,,,,,,,,,,,,,,,,,,,,,,,,,,,,,,,,,,,,,,,,,,,,,,,,,,,,,,,,,,,,,,,,,,,,,,,,,,,,,,,,,,,,,,,
ACSSF,2019m1,nc,000,0043,0000166,,,,,,,,,,,,,,,,,,,,,,,,,,,,,,,,,,,,,,,,,,,,,,,,,,,,,,,,,,,,,,,,,,,,,,,,,,,,,,,,,,,,,,,,,,,
ACSSF,2019m1,nc,000,0043,0000167,,,,,,,,,,,,,,,,,,,,,,,,,,,,,,,,,,,,,,,,,,,,,,,,,,,,,,,,,,,,,,,,,,,,,,,,,,,,,,,,,,,,,,,,,,,
ACSSF,2019m1,nc,000,0043,0000168,,,,,,,,,,,,,,,,,,,,,,,,,,,,,,,,,,,,,,,,,,,,,,,,,,,,,,,,,,,,,,,,,,,,,,,,,,,,,,,,,,,,,,,,,,,
ACSSF,2019m1,nc,000,0043,0000169,,,,,,,,,,,,,,,,,,,,,,,,,,,,,,,,,,,,,,,,,,,,,,,,,,,,,,,,,,,,,,,,,,,,,,,,,,,,,,,,,,,,,,,,,,,
ACSSF,2019m1,nc,000,0043,0000170,,,,,,,,,,,,,,,,,,,,,,,,,,,,,,,,,,,,,,,,,,,,,,,,,,,,,,,,,,,,,,,,,,,,,,,,,,,,,,,,,,,,,,,,,,,
ACSSF,2019m1,nc,000,0043,0000171,,,,,,,,,,,,,,,,,,,,,,,,,,,,,,,,,,,,,,,,,,,,,,,,,,,,,,,,,,,,,,,,,,,,,,,,,,,,,,,,,,,,,,,,,,,
ACSSF,2019m1,nc,000,0043,0000172,,,,,,,,,,,,,,,,,,,,,,,,,,,,,,,,,,,,,,,,,,,,,,,,,,,,,,,,,,,,,,,,,,,,,,,,,,,,,,,,,,,,,,,,,,,
ACSSF,2019m1,nc,000,0043,0000173,,,,,,,,,,,,,,,,,,,,,,,,,,,,,,,,,,,,,,,,,,,,,,,,,,,,,,,,,,,,,,,,,,,,,,,,,,,,,,,,,,,,,,,,,,,
ACSSF,2019m1,nc,000,0043,0000174,,,,,,,,,,,,,,,,,,,,,,,,,,,,,,,,,,,,,,,,,,,,,,,,,,,,,,,,,,,,,,,,,,,,,,,,,,,,,,,,,,,,,,,,,,,
ACSSF,2019m1,nc,000,0043,0000175,,,,,,,,,,,,,,,,,,,,,,,,,,,,,,,,,,,,,,,,,,,,,,,,,,,,,,,,,,,,,,,,,,,,,,,,,,,,,,,,,,,,,,,,,,,
ACSSF,2019m1,nc,000,0043,0000176,,,,,,,,,,,,,,,,,,,,,,,,,,,,,,,,,,,,,,,,,,,,,,,,,,,,,,,,,,,,,,,,,,,,,,,,,,,,,,,,,,,,,,,,,,,
ACSSF,2019m1,nc,000,0043,0000177,,,,,,,,,,,,,,,,,,,,,,,,,,,,,,,,,,,,,,,,,,,,,,,,,,,,,,,,,,,,,,,,,,,,,,,,,,,,,,,,,,,,,,,,,,,
ACSSF,2019m1,nc,000,0043,0000178,,,,,,,,,,,,,,,,,,,,,,,,,,,,,,,,,,,,,,,,,,,,,,,,,,,,,,,,,,,,,,,,,,,,,,,,,,,,,,,,,,,,,,,,,,,
ACSSF,2019m1,nc,000,0043,0000179,,,,,,,,,,,,,,,,,,,,,,,,,,,,,,,,,,,,,,,,,,,,,,,,,,,,,,,,,,,,,,,,,,,,,,,,,,,,,,,,,,,,,,,,,,,
ACSSF,2019m1,nc,000,0043,0000180,,,,,,,,,,,,,,,,,,,,,,,,,,,,,,,,,,,,,,,,,,,,,,,,,,,,,,,,,,,,,,,,,,,,,,,,,,,,,,,,,,,,,,,,,,,
ACSSF,2019m1,nc,000,0043,0000181,,,,,,,,,,,,,,,,,,,,,,,,,,,,,,,,,,,,,,,,,,,,,,,,,,,,,,,,,,,,,,,,,,,,,,,,,,,,,,,,,,,,,,,,,,,
ACSSF,2019m1,nc,000,0043,0000182,,,,,,,,,,,,,,,,,,,,,,,,,,,,,,,,,,,,,,,,,,,,,,,,,,,,,,,,,,,,,,,,,,,,,,,,,,,,,,,,,,,,,,,,,,,
ACSSF,2019m1,nc,000,0043,0000183,,,,,,,,,,,,,,,,,,,,,,,,,,,,,,,,,,,,,,,,,,,,,,,,,,,,,,,,,,,,,,,,,,,,,,,,,,,,,,,,,,,,,,,,,,,
ACSSF,2019m1,nc,000,0043,0000184,,,,,,,,,,,,,,,,,,,,,,,,,,,,,,,,,,,,,,,,,,,,,,,,,,,,,,,,,,,,,,,,,,,,,,,,,,,,,,,,,,,,,,,,,,,
ACSSF,2019m1,nc,000,0043,0000185,,,,,,,,,,,,,,,,,,,,,,,,,,,,,,,,,,,,,,,,,,,,,,,,,,,,,,,,,,,,,,,,,,,,,,,,,,,,,,,,,,,,,,,,,,,
ACSSF,2019m1,nc,000,0043,0000186,,,,,,,,,,,,,,,,,,,,,,,,,,,,,,,,,,,,,,,,,,,,,,,,,,,,,,,,,,,,,,,,,,,,,,,,,,,,,,,,,,,,,,,,,,,
ACSSF,2019m1,nc,000,0043,0000187,,,,,,,,,,,,,,,,,,,,,,,,,,,,,,,,,,,,,,,,,,,,,,,,,,,,,,,,,,,,,,,,,,,,,,,,,,,,,,,,,,,,,,,,,,,
ACSSF,2019m1,nc,000,0043,0000188,,,,,,,,,,,,,,,,,,,,,,,,,,,,,,,,,,,,,,,,,,,,,,,,,,,,,,,,,,,,,,,,,,,,,,,,,,,,,,,,,,,,,,,,,,,
ACSSF,2019m1,nc,000,0043,0000189,,,,,,,,,,,,,,,,,,,,,,,,,,,,,,,,,,,,,,,,,,,,,,,,,,,,,,,,,,,,,,,,,,,,,,,,,,,,,,,,,,,,,,,,,,,
ACSSF,2019m1,nc,000,0043,0000190,,,,,,,,,,,,,,,,,,,,,,,,,,,,,,,,,,,,,,,,,,,,,,,,,,,,,,,,,,,,,,,,,,,,,,,,,,,,,,,,,,,,,,,,,,,
ACSSF,2019m1,nc,000,0043,0000191,,,,,,,,,,,,,,,,,,,,,,,,,,,,,,,,,,,,,,,,,,,,,,,,,,,,,,,,,,,,,,,,,,,,,,,,,,,,,,,,,,,,,,,,,,,
ACSSF,2019m1,nc,000,0043,0000192,,,,,,,,,,,,,,,,,,,,,,,,,,,,,,,,,,,,,,,,,,,,,,,,,,,,,,,,,,,,,,,,,,,,,,,,,,,,,,,,,,,,,,,,,,,
ACSSF,2019m1,nc,000,0043,0000193,,,,,,,,,,,,,,,,,,,,,,,,,,,,,,,,,,,,,,,,,,,,,,,,,,,,,,,,,,,,,,,,,,,,,,,,,,,,,,,,,,,,,,,,,,,
ACSSF,2019m1,nc,000,0043,0000194,,,,,,,,,,,,,,,,,,,,,,,,,,,,,,,,,,,,,,,,,,,,,,,,,,,,,,,,,,,,,,,,,,,,,,,,,,,,,,,,,,,,,,,,,,,
ACSSF,2019m1,nc,000,0043,0000195,,,,,,,,,,,,,,,,,,,,,,,,,,,,,,,,,,,,,,,,,,,,,,,,,,,,,,,,,,,,,,,,,,,,,,,,,,,,,,,,,,,,,,,,,,,
ACSSF,2019m1,nc,000,0043,0000196,,,,,,,,,,,,,,,,,,,,,,,,,,,,,,,,,,,,,,,,,,,,,,,,,,,,,,,,,,,,,,,,,,,,,,,,,,,,,,,,,,,,,,,,,,,
ACSSF,2019m1,nc,000,0043,0000197,,,,,,,,,,,,,,,,,,,,,,,,,,,,,,,,,,,,,,,,,,,,,,,,,,,,,,,,,,,,,,,,,,,,,,,,,,,,,,,,,,,,,,,,,,,
ACSSF,2019m1,nc,000,0043,0000198,,,,,,,,,,,,,,,,,,,,,,,,,,,,,,,,,,,,,,,,,,,,,,,,,,,,,,,,,,,,,,,,,,,,,,,,,,,,,,,,,,,,,,,,,,,
ACSSF,2019m1,nc,000,0043,0000199,,,,,,,,,,,,,,,,,,,,,,,,,,,,,,,,,,,,,,,,,,,,,,,,,,,,,,,,,,,,,,,,,,,,,,,,,,,,,,,,,,,,,,,,,,,
ACSSF,2019m1,nc,000,0043,0000200,,,,,,,,,,,,,,,,,,,,,,,,,,,,,,,,,,,,,,,,,,,,,,,,,,,,,,,,,,,,,,,,,,,,,,,,,,,,,,,,,,,,,,,,,,,
ACSSF,2019m1,nc,000,0043,0000201,,,,,,,,,,,,,,,,,,,,,,,,,,,,,,,,,,,,,,,,,,,,,,,,,,,,,,,,,,,,,,,,,,,,,,,,,,,,,,,,,,,,,,,,,,,
ACSSF,2019m1,nc,000,0043,0000202,,,,,,,,,,,,,,,,,,,,,,,,,,,,,,,,,,,,,,,,,,,,,,,,,,,,,,,,,,,,,,,,,,,,,,,,,,,,,,,,,,,,,,,,,,,
ACSSF,2019m1,nc,000,0043,0000203,,,,,,,,,,,,,,,,,,,,,,,,,,,,,,,,,,,,,,,,,,,,,,,,,,,,,,,,,,,,,,,,,,,,,,,,,,,,,,,,,,,,,,,,,,,
ACSSF,2019m1,nc,000,0043,0000204,,,,,,,,,,,,,,,,,,,,,,,,,,,,,,,,,,,,,,,,,,,,,,,,,,,,,,,,,,,,,,,,,,,,,,,,,,,,,,,,,,,,,,,,,,,
ACSSF,2019m1,nc,000,0043,0000205,,,,,,,,,,,,,,,,,,,,,,,,,,,,,,,,,,,,,,,,,,,,,,,,,,,,,,,,,,,,,,,,,,,,,,,,,,,,,,,,,,,,,,,,,,,
ACSSF,2019m1,nc,000,0043,0000206,,,,,,,,,,,,,,,,,,,,,,,,,,,,,,,,,,,,,,,,,,,,,,,,,,,,,,,,,,,,,,,,,,,,,,,,,,,,,,,,,,,,,,,,,,,
ACSSF,2019m1,nc,000,0043,0000207,,,,,,,,,,,,,,,,,,,,,,,,,,,,,,,,,,,,,,,,,,,,,,,,,,,,,,,,,,,,,,,,,,,,,,,,,,,,,,,,,,,,,,,,,,,
ACSSF,2019m1,nc,000,0043,0000208,,,,,,,,,,,,,,,,,,,,,,,,,,,,,,,,,,,,,,,,,,,,,,,,,,,,,,,,,,,,,,,,,,,,,,,,,,,,,,,,,,,,,,,,,,,
ACSSF,2019m1,nc,000,0043,0000209,,,,,,,,,,,,,,,,,,,,,,,,,,,,,,,,,,,,,,,,,,,,,,,,,,,,,,,,,,,,,,,,,,,,,,,,,,,,,,,,,,,,,,,,,,,
ACSSF,2019m1,nc,000,0043,0000210,,,,,,,,,,,,,,,,,,,,,,,,,,,,,,,,,,,,,,,,,,,,,,,,,,,,,,,,,,,,,,,,,,,,,,,,,,,,,,,,,,,,,,,,,,,
ACSSF,2019m1,nc,000,0043,0000211,,,,,,,,,,,,,,,,,,,,,,,,,,,,,,,,,,,,,,,,,,,,,,,,,,,,,,,,,,,,,,,,,,,,,,,,,,,,,,,,,,,,,,,,,,,
ACSSF,2019m1,nc,000,0043,0000212,,,,,,,,,,,,,,,,,,,,,,,,,,,,,,,,,,,,,,,,,,,,,,,,,,,,,,,,,,,,,,,,,,,,,,,,,,,,,,,,,,,,,,,,,,,
