ACSSF,2019m1,nc,000,0060,0000001,8518,18673,13112,10967,6096,1408,2134,1306,12788,11036,4388,1782,1704,1154,25288,19409,16770,6266,2698,2266,2541,15303,14695,2969,1745,1772,1165,23036,22140,22769,5385,3039,2203,1665,13487,13723,2898,1910,1459,1040,27291,23296,21728,4254,5149,4828,3521,12308,10937,2376,2410,2189,1883,8518,18673,13112,10967,6096,2630,12788,11036,4388,2711,25288,19409,16770,6266,4434,15303,14695,2969,2688,23036,22140,22769,5385,3742,13487,13723,2898,2707,27291,23296,21728,4254,7615,12308,10937,2376,3972
ACSSF,2019m1,nc,000,0060,0000002,21465,15110,10625,8365,5403,1272,2122,1275,9932,8313,3653,1758,1730,1078,20106,15812,13180,5611,2537,1995,2491,12427,11770,2360,1597,1676,1021,20085,17668,18069,4520,2672,1993,1651,13140,12942,2715,1744,1411,872,24191,21031,20191,3964,4840,4385,3399,10124,8976,2052,1994,2128,1824,21465,15110,10625,8365,5403,2586,9932,8313,3653,2738,20106,15812,13180,5611,4042,12427,11770,2360,2518,20085,17668,18069,4520,3448,13140,12942,2715,2485,24191,21031,20191,3964,7089,10124,8976,2052,3502
ACSSF,2019m1,nc,000,0060,0000003,21706,10996,6933,6254,3252,634,416,202,9308,8435,2644,636,884,341,16633,11556,11228,2840,840,1010,556,12044,11368,1892,816,648,506,16965,14437,13795,2769,1237,1125,324,8952,8749,1378,812,629,449,13144,12128,11125,1870,1661,1676,435,6388,5981,1285,1316,895,613,21706,10996,6933,6254,3252,920,9308,8435,2644,1162,16633,11556,11228,2840,1362,12044,11368,1892,1191,16965,14437,13795,2769,1632,8952,8749,1378,1139,13144,12128,11125,1870,2502,6388,5981,1285,1766
ACSSF,2019m1,nc,000,0060,0000004,8382,17525,12320,10356,6117,1381,2134,1306,12782,11105,4230,1802,1712,1123,24013,18684,16463,6006,2705,2212,2537,14532,13845,2852,1733,1754,1145,22078,20585,20938,5092,3049,2237,1664,12885,13153,2894,1830,1496,1040,25628,22319,21098,4448,5044,4799,3521,11979,10817,2316,2399,2183,1883,8382,17525,12320,10356,6117,2546,12782,11105,4230,2672,24013,18684,16463,6006,4444,14532,13845,2852,2696,22078,20585,20938,5092,3824,12885,13153,2894,2672,25628,22319,21098,4448,7643,11979,10817,2316,3961
ACSSF,2019m1,nc,000,0060,0000005,7554,16189,11687,9536,5875,1355,2110,1304,11675,10060,3763,1824,1722,1065,23597,17396,15417,5800,2595,2009,2539,15026,14471,2628,1724,1722,1121,20497,18802,19219,4891,3010,2060,1657,12407,12572,2520,1671,1490,827,23911,20993,19262,4244,5075,4746,3528,10637,9684,2149,2397,2236,1880,7554,16189,11687,9536,5875,2569,11675,10060,3763,2707,23597,17396,15417,5800,4276,15026,14471,2628,2665,20497,18802,19219,4891,3700,12407,12572,2520,2477,23911,20993,19262,4244,7629,10637,9684,2149,4015
ACSSF,2019m1,nc,000,0060,0000006,12718,9777,7543,5724,4628,1030,1664,1227,6192,4786,2819,1560,1265,1040,15390,11824,9199,4894,1872,1390,2138,8964,8193,1696,1219,1501,827,14225,13157,13211,3545,2071,1529,1354,7580,7298,1927,1222,1210,609,17170,14502,13096,3517,4545,3609,3040,7469,6572,1508,1395,2099,1523,12718,9777,7543,5724,4628,2171,6192,4786,2819,2241,15390,11824,9199,4894,3242,8964,8193,1696,1882,14225,13157,13211,3545,2948,7580,7298,1927,1917,17170,14502,13096,3517,6237,7469,6572,1508,2812
ACSSF,2019m1,nc,000,0060,0000007,13797,12737,8708,7215,4837,812,1022,343,9380,8152,2813,861,1264,245,18615,12817,12552,4052,1507,1464,843,12528,11814,2267,1540,1162,747,13801,12566,12040,3551,1922,1567,1019,9194,9028,1656,1209,1169,531,16417,16001,14403,3147,2641,2625,1468,8997,8577,1539,1994,994,982,13797,12737,8708,7215,4837,1299,9380,8152,2813,1549,18615,12817,12552,4052,2252,12528,11814,2267,2157,13801,12566,12040,3551,2711,9194,9028,1656,1731,16417,16001,14403,3147,3646,8997,8577,1539,2625
ACSSF,2019m1,nc,000,0060,0000008,3896,5825,4302,4097,2136,282,260,34,4792,4138,1690,131,137,260,7978,6634,6455,1318,644,871,214,5746,5582,925,271,195,156,7608,6524,6191,1778,483,1003,147,5114,5034,1118,587,340,504,8404,6611,6677,977,1024,560,161,3846,3698,952,544,542,221,3896,5825,4302,4097,2136,381,4792,4138,1690,316,7978,6634,6455,1318,1065,5746,5582,925,365,7608,6524,6191,1778,1193,5114,5034,1118,800,8404,6611,6677,977,1222,3846,3698,952,827
ACSSF,2019m1,nc,000,0060,0000009,7626,3329,2130,1630,1537,221,98,34,2767,2659,628,37,35,216,4240,3120,3076,661,526,408,44,2919,2791,487,153,170,126,5078,3872,3581,1168,266,612,216,3285,3157,879,336,213,418,4570,3882,3614,737,997,428,140,2572,2366,744,237,487,216,7626,3329,2130,1630,1537,235,2767,2659,628,51,4240,3120,3076,661,686,2919,2791,487,260,5078,3872,3581,1168,697,3285,3157,879,564,4570,3882,3614,737,1115,2572,2366,744,567
ACSSF,2019m1,nc,000,0060,0000010,8019,5819,3878,3527,1966,159,254,216,4416,3667,1604,127,151,260,7379,5749,5703,1213,345,789,210,5749,5724,819,217,101,81,6732,6494,6250,1204,411,768,147,3916,3768,701,494,253,246,7068,5360,5527,540,547,334,82,3339,3176,571,498,154,221,8019,5819,3878,3527,1966,294,4416,3667,1604,323,7379,5749,5703,1213,849,5749,5724,819,250,6732,6494,6250,1204,900,3916,3768,701,568,7068,5360,5527,540,655,3339,3176,571,579
ACSSF,2019m1,nc,000,0060,0000011,4401,4885,2898,2345,1536,470,216,216,3465,3294,964,264,272,200,6128,4591,4574,1190,155,370,104,4548,4315,922,122,283,198,5427,5120,4793,1555,206,259,87,3516,3403,627,516,237,216,5050,3560,3516,865,328,418,126,3294,3098,376,216,644,216,4401,4885,2898,2345,1536,470,3465,3294,964,416,6128,4591,4574,1190,407,4548,4315,922,381,5427,5120,4793,1555,329,3516,3403,627,553,5050,3560,3516,865,506,3294,3098,376,673
ACSSF,2019m1,nc,000,0060,0000012,5522,7881,5676,5021,2566,537,260,34,5499,4663,2033,282,298,360,9288,8244,7794,1792,651,987,241,7062,6912,1297,300,342,249,9606,8455,8096,2480,553,1031,161,5941,5899,1232,714,382,504,10070,7758,7535,1338,1047,721,214,5059,4918,1027,619,891,221,5522,7881,5676,5021,2566,714,5499,4663,2033,551,9288,8244,7794,1792,1053,7062,6912,1297,518,9606,8455,8096,2480,1275,5941,5899,1232,973,10070,7758,7535,1338,1377,5059,4918,1027,1098
ACSSF,2019m1,nc,000,0060,0000013,,,,,,,,,,,,,,,,,,,,,,,,,,,,,,,,,,,,,,,,,,,,,,,,,,,,,,893,2318,1534,1092,882,254,1607,1424,759,76,3008,2553,2560,881,502,2036,1906,339,441,2588,2167,1904,818,902,1473,1420,222,260,2963,2869,2748,493,828,1258,1208,204,449
ACSSF,2019m1,nc,000,0060,0000014,,,,,,,,,,,,,,,,,,,,,,,,,,,,,,,,,,,,,,,,,,,,,,,,,,,,,,1105,1389,974,969,74,150,1110,931,680,216,2704,1974,1932,823,113,1858,1700,343,480,2859,2359,2254,539,439,1859,1751,318,35,2329,2038,1890,481,180,1888,1642,296,794
ACSSF,2019m1,nc,000,0060,0000015,1203,2723,1280,955,809,218,216,216,2064,1591,697,1208,166,216,3697,2982,2714,1203,761,216,216,2581,2526,238,573,60,216,3840,3180,3133,548,718,216,216,2006,1898,205,363,216,28,4621,4249,4130,602,1046,267,53,2167,2133,448,389,182,125,1203,2723,1280,955,809,218,2064,1591,697,1208,3697,2982,2714,1203,761,2581,2526,238,572,3840,3180,3133,548,718,2006,1898,205,364,4621,4249,4130,602,1092,2167,2133,448,458
ACSSF,2019m1,nc,000,0060,0000016,,,,,,,,,,,,,,,,,,,,,,,,,,,,,,,,,,,,,,,,,,,,,,,,,,,,,,851,1682,1226,1009,1051,749,1467,1411,632,383,1997,1517,1481,284,206,1698,1596,95,482,2102,1743,1708,524,345,1450,1421,127,350,1870,1881,1908,216,157,955,950,216,139
ACSSF,2019m1,nc,000,0060,0000017,1652,2327,1858,1577,951,216,216,216,1656,1524,367,228,140,377,3866,3461,3366,915,200,301,381,1778,1755,376,360,126,601,3644,3462,3258,887,270,585,459,1804,1699,200,191,221,216,4279,3885,3488,1056,902,668,569,1972,1520,381,927,269,434,1652,2327,1858,1577,951,216,1656,1524,367,447,3866,3461,3366,915,471,1778,1755,376,697,3644,3462,3258,887,799,1804,1699,200,284,4279,3885,3488,1056,1072,1972,1520,381,1008
ACSSF,2019m1,nc,000,0060,0000018,,,,,,,,,,,,,,,,,,,,,,,,,,,,,,,,,,,,,,,,,,,,,,,,,,,,,,,,,,,,,,,,,,,,,,,,,,,,,,,,,,,,,,,,,,
ACSSF,2019m1,nc,000,0060,0000019,,,,,,,,,,,,,,,,,,,,,,,,,,,,,,,,,,,,,,,,,,,,,,,,,,,,,,597,1344,1180,1195,249,48,596,588,114,216,1496,1142,1121,424,239,986,981,216,68,1721,1367,1358,304,143,1042,948,161,409,1786,1387,1409,75,282,1044,824,505,199
ACSSF,2019m1,nc,000,0060,0000020,881,2266,1805,1579,1085,216,201,216,1281,1166,349,78,210,216,2846,2067,1817,639,163,372,216,2006,1853,338,288,197,164,3061,2609,2413,777,179,548,216,1473,1544,357,106,216,216,2932,2513,2386,885,229,875,186,1272,1231,216,216,171,216,881,2266,1805,1579,1085,201,1281,1166,349,231,2846,2067,1817,639,399,2006,1853,338,384,3061,2609,2413,777,552,1473,1544,357,106,2932,2513,2386,885,907,1272,1231,216,171
ACSSF,2019m1,nc,000,0060,0000021,,,,,,,,,,,,,,,,,,,,,,,,,,,,,,,,,,,,,,,,,,,,,,,,,,,,,,741,1777,1326,1043,853,216,1128,1144,396,534,1916,1455,984,917,311,1444,1299,496,349,1932,1946,1980,168,182,1068,1068,216,216,2554,2117,2091,292,326,1804,1694,95,654
ACSSF,2019m1,nc,000,0060,0000022,,,,,,,,,,,,,,,,,,,,,,,,,,,,,,,,,,,,,,,,,,,,,,,,,,,,,,,,,,,,,,,,,,,,,,,,,,,,,,,,,,,,,,,,,,
ACSSF,2019m1,nc,000,0060,0000023,,,,,,,,,,,,,,,,,,,,,,,,,,,,,,,,,,,,,,,,,,,,,,,,,,,,,,890,1626,1437,1213,686,91,1029,910,446,88,1980,1797,1622,700,426,1357,1262,724,184,2083,1851,1898,397,74,1476,1512,216,165,1859,1485,1536,126,369,1512,1497,181,140
ACSSF,2019m1,nc,000,0060,0000024,563,1857,1362,1116,914,126,333,39,1187,1094,450,243,271,216,3069,2867,2768,664,384,571,68,2252,2231,363,264,208,216,3095,2632,2796,893,463,374,246,2059,1932,506,329,252,221,3235,2613,2341,754,438,660,381,1943,1700,521,330,317,205,563,1857,1362,1116,914,351,1187,1094,450,341,3069,2867,2768,664,641,2252,2231,363,335,3095,2632,2796,893,617,2059,1932,506,470,3235,2613,2341,754,911,1943,1700,521,544
ACSSF,2019m1,nc,000,0060,0000025,,,,,,,,,,,,,,,,,,,,,,,,,,,,,,,,,,,,,,,,,,,,,,,,,,,,,,1109,3054,1237,1056,499,572,2483,2314,341,878,3029,2089,2041,540,765,2371,2540,691,216,3473,2751,2628,304,559,1916,1860,132,259,2574,2274,2266,348,332,1476,1504,378,216
ACSSF,2019m1,nc,000,0060,0000026,626,2937,2140,1795,1259,416,286,309,1902,1520,1264,44,605,622,4210,3563,3263,829,306,610,538,2972,2866,754,147,216,325,3877,3330,3338,1168,230,174,441,2558,2299,152,236,200,379,5447,4834,4399,975,993,931,715,2327,2215,438,583,543,393,626,2937,2140,1795,1259,607,1902,1520,1264,941,4210,3563,3263,829,829,2972,2866,754,359,3877,3330,3338,1168,529,2558,2299,152,497,5447,4834,4399,975,1421,2327,2215,438,768
ACSSF,2019m1,nc,000,0060,0000027,691,3138,2432,1889,1484,142,178,94,2376,1923,1544,216,287,216,4261,3295,3292,927,364,118,203,3291,3193,697,354,290,85,4811,3807,3696,1062,143,112,156,2620,2422,647,375,325,216,5193,4148,4199,916,515,630,274,2323,2363,454,304,514,146,691,3138,2432,1889,1484,244,2376,1923,1544,287,4261,3295,3292,927,393,3291,3193,697,475,4811,3807,3696,1062,234,2620,2422,647,468,5193,4148,4199,916,740,2323,2363,454,522
ACSSF,2019m1,nc,000,0060,0000028,,,,,,,,,,,,,,,,,,,,,,,,,,,,,,,,,,,,,,,,,,,,,,,,,,,,,,,,,,,,,,,,,,,,,,,,,,,,,,,,,,,,,,,,,,
ACSSF,2019m1,nc,000,0060,0000029,540,2314,1603,1498,544,51,216,216,2171,2152,365,72,73,216,3224,2671,2591,819,278,129,216,2072,2019,598,78,216,216,3372,2708,2658,643,360,157,260,1835,1838,313,275,325,216,3309,2957,2867,457,564,855,189,1331,1265,136,91,117,216,540,2314,1603,1498,544,51,2171,2152,365,102,3224,2671,2591,819,298,2072,2019,598,78,3372,2708,2658,643,485,1835,1838,313,409,3309,2957,2867,457,1016,1331,1265,136,147
ACSSF,2019m1,nc,000,0060,0000030,1046,4034,2992,2354,1629,281,730,700,2373,2281,644,467,529,561,5203,4201,3979,1284,651,719,710,3650,3692,494,750,774,358,5874,5339,4914,1384,775,653,661,3011,2916,562,631,174,325,6180,5283,5603,1060,1297,1427,710,3078,2876,699,272,512,459,1046,4034,2992,2354,1629,1058,2373,2281,644,901,5203,4201,3979,1284,1177,3650,3692,494,1091,5874,5339,4914,1384,1143,3011,2916,562,785,6180,5283,5603,1060,1872,3078,2876,699,726
ACSSF,2019m1,nc,000,0060,0000031,,,,,,,,,,,,,,,,,,,,,,,,,,,,,,,,,,,,,,,,,,,,,,,,,,,,,,513,1670,1073,887,539,216,1246,990,594,163,2699,2174,2146,567,92,2035,2039,87,228,2702,2502,2515,592,290,1437,1367,315,162,2483,1993,1816,575,232,1023,1012,63,140
ACSSF,2019m1,nc,000,0060,0000032,,,,,,,,,,,,,,,,,,,,,,,,,,,,,,,,,,,,,,,,,,,,,,,,,,,,,,843,2298,1679,1129,1067,421,1478,1370,412,123,2446,1967,1523,1067,353,1486,1357,428,694,2800,2211,2143,559,400,1984,1827,629,174,2631,2113,2058,299,289,1270,1243,191,405
ACSSF,2019m1,nc,000,0060,0000033,1196,1853,1256,1158,644,216,216,216,1191,1016,356,144,190,31,2561,2200,2074,797,543,448,216,1423,1434,199,211,201,216,2620,2375,2338,590,226,273,216,1279,1304,88,297,187,63,2613,2394,2356,621,478,319,255,1362,1349,234,298,194,130,1196,1853,1256,1158,644,216,1191,1016,356,251,2561,2200,2074,797,695,1423,1434,199,276,2620,2375,2338,590,399,1279,1304,88,340,2613,2394,2356,621,623,1362,1349,234,398
ACSSF,2019m1,nc,000,0060,0000034,,,,,,,,,,,,,,,,,,,,,,,,,,,,,,,,,,,,,,,,,,,,,,,,,,,,,,1154,2601,1952,1710,1061,312,1733,1403,723,369,3770,2672,2610,840,146,2414,2381,349,26,4330,3996,3777,848,704,2665,2697,416,493,3767,3602,3391,457,1025,1606,1437,228,598
ACSSF,2019m1,nc,000,0060,0000035,,,,,,,,,,,,,,,,,,,,,,,,,,,,,,,,,,,,,,,,,,,,,,,,,,,,,,556,1511,703,668,334,216,1188,1078,429,28,2105,2069,2024,464,216,1193,1150,186,76,2153,2223,2138,586,201,1306,1297,301,153,2079,1823,1765,296,216,1020,1017,109,216
ACSSF,2019m1,nc,000,0060,0000036,1098,5414,4409,2961,3017,531,1205,566,3026,2163,1348,856,823,687,7892,6161,4168,2919,1523,734,541,3988,3619,1081,515,923,413,8516,7477,7476,1756,1514,827,658,4633,4618,1072,600,846,347,8410,7846,6737,1926,2454,2186,1274,3685,3255,674,821,835,1047,1098,5414,4409,2961,3017,1381,3026,2163,1348,1361,7892,6161,4168,2919,1764,3988,3619,1081,1147,8516,7477,7476,1756,1646,4633,4618,1072,1075,8410,7846,6737,1926,3266,3685,3255,674,1694
ACSSF,2019m1,nc,000,0060,0000037,,,,,,,,,,,,,,,,,,,,,,,,,,,,,,,,,,,,,,,,,,,,,,,,,,,,,,640,1464,1118,987,513,216,993,890,385,83,2619,1728,1681,421,128,1714,1719,32,201,2404,2352,2150,511,569,1572,1498,483,137,3147,2684,2580,519,710,1567,1453,237,362
ACSSF,2019m1,nc,000,0060,0000038,,,,,,,,,,,,,,,,,,,,,,,,,,,,,,,,,,,,,,,,,,,,,,,,,,,,,,,,,,,,,,,,,,,,,,,,,,,,,,,,,,,,,,,,,,
ACSSF,2019m1,nc,000,0060,0000039,,,,,,,,,,,,,,,,,,,,,,,,,,,,,,,,,,,,,,,,,,,,,,,,,,,,,,1318,2213,1592,1400,826,553,1581,1486,286,89,2897,2390,2168,777,397,1804,1794,219,202,3496,3246,3347,634,865,1963,1909,266,572,3683,3564,3617,462,865,2309,2100,256,614
ACSSF,2019m1,nc,000,0060,0000040,,,,,,,,,,,,,,,,,,,,,,,,,,,,,,,,,,,,,,,,,,,,,,,,,,,,,,1688,2204,1708,1300,967,360,1371,1226,504,194,3929,2949,2722,883,304,2710,2705,181,328,4174,3181,3085,500,713,2923,2639,1251,366,3480,3005,2778,1252,282,1479,1386,494,136
ACSSF,2019m1,nc,000,0060,0000041,1044,1507,948,681,516,367,493,216,1106,1106,216,216,216,216,1793,1420,1287,483,147,171,216,1372,1363,216,255,219,216,1946,1450,1280,560,267,337,109,1389,1207,421,312,361,216,2622,2741,2799,921,677,973,489,1527,1451,267,468,628,74,1044,1507,948,681,516,607,1106,1106,216,216,1793,1420,1287,483,220,1372,1363,216,292,1946,1450,1280,560,356,1389,1207,421,414,2622,2741,2799,921,1305,1527,1451,267,743
ACSSF,2019m1,nc,000,0060,0000042,,,,,,,,,,,,,,,,,,,,,,,,,,,,,,,,,,,,,,,,,,,,,,,,,,,,,,671,2294,1801,1705,745,207,1406,1309,439,258,2826,2328,1993,1087,452,2070,1867,514,592,3212,2754,2704,665,304,1676,1662,141,63,2984,2410,2080,498,1013,2037,1958,216,404
ACSSF,2019m1,nc,000,0060,0000043,,,,,,,,,,,,,,,,,,,,,,,,,,,,,,,,,,,,,,,,,,,,,,,,,,,,,,824,2070,1583,1109,977,286,1669,1437,816,278,2645,2448,2410,705,216,1899,1862,317,22,2855,2363,2311,472,113,1902,1898,521,27,2477,1688,1739,275,412,1377,1127,127,907
ACSSF,2019m1,nc,000,0060,0000044,,,,,,,,,,,,,,,,,,,,,,,,,,,,,,,,,,,,,,,,,,,,,,,,,,,,,,500,1660,1137,992,442,215,1439,1416,399,93,1912,1474,1393,290,236,1378,1394,247,121,1589,1597,1516,245,93,1330,1311,146,104,1669,1281,1267,45,108,846,791,196,154
ACSSF,2019m1,nc,000,0060,0000045,,,,,,,,,,,,,,,,,,,,,,,,,,,,,,,,,,,,,,,,,,,,,,,,,,,,,,683,2004,1256,1079,455,216,1500,1429,483,78,2452,2148,2138,390,216,1796,1708,433,79,2147,1755,1650,549,79,1149,1129,245,69,1467,1402,1324,651,164,823,823,216,216
ACSSF,2019m1,nc,000,0060,0000046,,,,,,,,,,,,,,,,,,,,,,,,,,,,,,,,,,,,,,,,,,,,,,,,,,,,,,862,2226,1487,928,1004,244,1703,1609,578,216,3031,2283,2308,440,154,1927,1910,333,222,3334,3096,3090,455,250,1657,1653,40,156,2209,1892,1754,742,339,999,978,369,216
ACSSF,2019m1,nc,000,0060,0000047,,,,,,,,,,,,,,,,,,,,,,,,,,,,,,,,,,,,,,,,,,,,,,,,,,,,,,750,1734,1272,1223,335,216,1439,1291,307,216,1928,1423,1422,16,80,1512,1442,474,110,2169,1740,1666,589,237,1325,1330,60,163,1716,1352,1364,208,226,1134,1068,404,30
ACSSF,2019m1,nc,000,0060,0000048,,,,,,,,,,,,,,,,,,,,,,,,,,,,,,,,,,,,,,,,,,,,,,,,,,,,,,,,,,,,,,,,,,,,,,,,,,,,,,,,,,,,,,,,,,
ACSSF,2019m1,nc,000,0060,0000049,970,1817,1435,979,1044,88,216,98,1224,961,688,315,184,126,2959,2436,2007,822,862,119,75,1782,1773,297,383,216,216,3122,2616,2394,708,426,216,155,1705,1636,332,360,216,209,3330,2984,2553,778,1309,541,241,1702,1512,254,426,137,311,970,1817,1435,979,1044,131,1224,961,688,399,2959,2436,2007,822,863,1782,1773,297,383,3122,2616,2394,708,452,1705,1636,332,417,3330,2984,2553,778,1311,1702,1512,254,544
ACSSF,2019m1,nc,000,0060,0000050,278,4481,3457,2632,2164,698,839,320,3064,2331,1726,450,694,163,7028,5456,4291,2861,831,654,2088,3927,3630,837,1205,697,557,7354,5854,6139,2421,1476,1041,949,4592,4470,965,822,520,325,8364,7961,7339,1920,2569,2358,2430,4409,3879,1025,1152,1334,683,278,4481,3457,2632,2164,1118,3064,2331,1726,869,7028,5456,4291,2861,2409,3927,3630,837,1531,7354,5854,6139,2421,1965,4592,4470,965,1015,8364,7961,7339,1920,3626,4409,3879,1025,1928
ACSSF,2019m1,nc,000,0060,0000051,,,,,,,,,,,,,,,,,,,,,,,,,,,,,,,,,,,,,,,,,,,,,,,,,,,,,,954,1844,1180,735,607,571,1390,1232,534,150,2300,1914,1856,371,130,1871,1849,79,155,2629,2159,2166,569,242,1742,1694,326,13,1878,1747,1694,253,757,969,919,224,210
ACSSF,2019m1,nc,000,0060,0000052,,,,,,,,,,,,,,,,,,,,,,,,,,,,,,,,,,,,,,,,,,,,,,,,,,,,,,,,,,,,,,,,,,,,,,,,,,,,,,,,,,,,,,,,,,
ACSSF,2019m1,nc,000,0060,0000053,,,,,,,,,,,,,,,,,,,,,,,,,,,,,,,,,,,,,,,,,,,,,,,,,,,,,,,,,,,,,,,,,,,,,,,,,,,,,,,,,,,,,,,,,,
ACSSF,2019m1,nc,000,0060,0000054,,,,,,,,,,,,,,,,,,,,,,,,,,,,,,,,,,,,,,,,,,,,,,,,,,,,,,2344,2155,896,450,790,181,1641,1121,546,1199,1954,1463,1408,376,409,1611,1611,216,216,2532,2155,2037,421,570,1174,1174,216,216,2718,2486,2331,627,764,1193,1166,125,193
ACSSF,2019m1,nc,000,0060,0000055,2943,1169,1057,421,918,262,261,73,575,317,81,376,237,216,2599,2337,1199,1210,572,305,1670,1057,952,331,251,277,216,2704,2242,1998,878,300,174,191,1434,1238,150,588,385,71,3559,3423,3234,588,1787,1469,627,2254,1878,306,922,824,268,2943,1169,1057,421,918,346,575,317,81,456,2599,2337,1199,1210,1815,1057,952,331,356,2704,2242,1998,878,406,1434,1238,150,725,3559,3423,3234,588,1903,2254,1878,306,1182
ACSSF,2019m1,nc,000,0060,0000056,4077,5081,4125,2698,3010,531,1224,566,2510,1708,1379,782,823,673,7349,5887,4118,2852,1497,661,493,3408,3082,1029,510,697,413,8293,6796,6688,1467,1257,803,542,4236,4067,1034,515,821,226,8988,8147,7030,1602,2362,2136,1116,3836,3491,563,798,847,851,4077,5081,4125,2698,3010,1395,2510,1708,1379,1325,7349,5887,4118,2852,1712,3408,3082,1029,970,8293,6796,6688,1467,1419,4236,4067,1034,1032,8988,8147,7030,1602,3147,3836,3491,563,1536
ACSSF,2019m1,nc,000,0060,0000057,,,,,,,,,,,,,,,,,,,,,,,,,,,,,,,,,,,,,,,,,,,,,,,,,,,,,,2618,1549,1128,919,897,216,1097,939,341,418,2229,1906,1835,125,415,1203,1212,165,153,2264,1975,1851,472,578,1016,1012,180,180,2691,2378,2112,657,882,1499,1204,239,566
ACSSF,2019m1,nc,000,0060,0000058,2418,2920,2100,1785,1258,292,286,309,1799,1526,941,44,605,622,3897,3450,3134,829,306,610,538,2265,2339,625,147,216,325,3851,3306,3180,1182,230,174,441,2135,1921,118,236,216,379,5516,4586,4235,990,930,896,715,2293,2156,324,546,543,393,2418,2920,2100,1785,1258,471,1799,1526,941,941,3897,3450,3134,829,829,2265,2339,625,359,3851,3306,3180,1182,529,2135,1921,118,440,5516,4586,4235,990,1328,2293,2156,324,796
ACSSF,2019m1,nc,000,0060,0000059,2377,1493,992,829,776,126,333,39,958,850,277,243,275,216,2293,2137,2049,592,314,549,68,1759,1718,339,202,208,216,2810,2285,2389,790,388,250,246,1733,1617,472,307,252,182,2663,2117,1871,718,360,668,309,1369,1176,384,294,317,214,2377,1493,992,829,776,351,958,850,277,348,2293,2137,2049,592,578,1759,1718,339,282,2810,2285,2389,790,508,1733,1617,472,420,2663,2117,1871,718,881,1369,1176,384,511
ACSSF,2019m1,nc,000,0060,0000060,,,,,,,,,,,,,,,,,,,,,,,,,,,,,,,,,,,,,,,,,,,,,,,,,,,,,,1961,1449,1005,935,400,51,1070,1062,385,72,2113,1864,1773,821,218,1227,1107,528,78,1722,1310,1313,592,489,1058,996,275,323,1848,1780,1652,412,738,860,822,80,147
ACSSF,2019m1,nc,000,0060,0000061,3379,3045,2320,1568,1245,178,627,593,1761,1701,324,216,468,248,3990,3542,3334,1214,567,569,710,2317,2274,311,710,767,358,3636,3291,3106,1142,693,623,598,2248,2108,513,272,174,198,4506,3911,4004,992,1039,1264,710,2113,1953,644,139,417,386,3379,3045,2320,1568,1245,905,1761,1701,324,470,3990,3542,3334,1214,1072,2317,2274,311,1082,3636,3291,3106,1142,1090,2248,2108,513,400,4506,3911,4004,992,1686,2113,1953,644,575
ACSSF,2019m1,nc,000,0060,0000062,,,,,,,,,,,,,,,,,,,,,,,,,,,,,,,,,,,,,,,,,,,,,,,,,,,,,,,,,,,,,,,,,,,,,,,,,,,,,,,,,,,,,,,,,,
ACSSF,2019m1,nc,000,0060,0000063,3051,2035,1229,779,920,196,374,367,1442,1072,667,467,259,501,2160,1486,1400,226,374,343,93,1716,1724,73,126,216,216,2962,2637,2473,540,421,154,292,1610,1419,307,596,216,259,2569,2281,2246,470,742,397,137,1186,1071,134,197,267,181,3051,2035,1229,779,920,525,1442,1072,667,684,2160,1486,1400,226,479,1716,1724,73,126,2962,2637,2473,540,515,1610,1419,307,656,2569,2281,2246,470,736,1186,1071,134,365
ACSSF,2019m1,nc,000,0060,0000064,,,,,,,,,,,,,,,,,,,,,,,,,,,,,,,,,,,,,,,,,,,,,,,,,,,,,,,,,,,,,,,,,,,,,,,,,,,,,,,,,,,,,,,,,,
ACSSF,2019m1,nc,000,0060,0000065,5426,3797,2861,1937,2156,618,799,312,2185,1483,1488,155,535,163,4993,4110,2956,2410,484,443,656,2600,2310,748,804,457,557,4990,4289,4454,2004,1181,820,899,2944,2991,628,252,296,202,6580,6009,5108,1497,1554,1009,2132,2913,2832,842,480,739,637,5426,3797,2861,1937,2156,1071,2185,1483,1488,559,4993,4110,2956,2410,925,2600,2310,748,1038,4990,4289,4454,2004,1712,2944,2991,628,436,6580,6009,5108,1497,2655,2913,2832,842,940
ACSSF,2019m1,nc,000,0060,0000066,,,,,,,,,,,,,,,,,,,,,,,,,,,,,,,,,,,,,,,,,,,,,,,,,,,,,,2770,1777,1195,917,826,461,1281,1215,286,216,2153,1780,1656,527,395,1441,1443,216,62,2383,1990,2016,460,345,1589,1558,266,171,2777,2351,2240,264,420,1844,1717,256,570
ACSSF,2019m1,nc,000,0060,0000067,2787,2363,2287,1725,1422,116,178,94,1700,1548,609,216,151,216,3658,2660,2641,714,352,118,216,3014,2849,695,324,216,85,3769,3318,3247,1035,100,112,216,1862,1642,540,342,308,216,3955,3336,3276,845,422,554,239,2040,1956,360,260,364,216,2787,2363,2287,1725,1422,226,1700,1548,609,151,3658,2660,2641,714,322,3014,2849,695,334,3769,3318,3247,1035,160,1862,1642,540,477,3955,3336,3276,845,699,2040,1956,360,408
ACSSF,2019m1,nc,000,0060,0000068,,,,,,,,,,,,,,,,,,,,,,,,,,,,,,,,,,,,,,,,,,,,,,,,,,,,,,2344,2155,896,450,790,181,1641,1121,546,1199,1954,1463,1408,376,409,1611,1611,216,216,2532,2155,2037,421,570,1174,1174,216,216,2718,2486,2331,627,764,1193,1166,125,193
ACSSF,2019m1,nc,000,0060,0000069,4077,5081,4125,2698,3010,531,1224,566,2510,1708,1379,782,823,673,7349,5887,4118,2852,1497,661,493,3408,3082,1029,510,697,413,8293,6796,6688,1467,1257,803,542,4236,4067,1034,515,821,226,8988,8147,7030,1602,2362,2136,1116,3836,3491,563,798,847,851,4077,5081,4125,2698,3010,1395,2510,1708,1379,1325,7349,5887,4118,2852,1712,3408,3082,1029,970,8293,6796,6688,1467,1419,4236,4067,1034,1032,8988,8147,7030,1602,3147,3836,3491,563,1536
ACSSF,2019m1,nc,000,0060,0000070,,,,,,,,,,,,,,,,,,,,,,,,,,,,,,,,,,,,,,,,,,,,,,,,,,,,,,2618,1549,1128,919,897,216,1097,939,341,418,2229,1906,1835,125,415,1203,1212,165,153,2264,1975,1851,472,578,1016,1012,180,180,2691,2378,2112,657,882,1499,1204,239,566
ACSSF,2019m1,nc,000,0060,0000071,,,,,,,,,,,,,,,,,,,,,,,,,,,,,,,,,,,,,,,,,,,,,,,,,,,,,,1961,1449,1005,935,400,51,1070,1062,385,72,2113,1864,1773,821,218,1227,1107,528,78,1722,1310,1313,592,489,1058,996,275,323,1848,1780,1652,412,738,860,822,80,147
ACSSF,2019m1,nc,000,0060,0000072,2377,2920,2100,1785,1258,292,286,309,1799,1526,941,44,605,622,3901,3441,3126,829,306,610,538,2265,2339,625,147,216,325,3851,3306,3180,1182,230,174,441,2135,1921,118,236,216,379,5541,4614,4254,990,960,896,715,2293,2156,324,546,543,393,2377,2920,2100,1785,1258,471,1799,1526,941,941,3901,3441,3126,829,829,2265,2339,625,359,3851,3306,3180,1182,529,2135,1921,118,440,5541,4614,4254,990,1408,2293,2156,324,796
ACSSF,2019m1,nc,000,0060,0000073,2377,1493,992,829,776,126,333,39,958,850,277,243,275,216,2293,2137,2049,592,314,549,68,1759,1718,339,202,208,216,2810,2285,2389,790,388,250,246,1733,1617,472,307,252,182,2663,2117,1871,718,360,668,309,1369,1176,384,294,317,214,2377,1493,992,829,776,351,958,850,277,348,2293,2137,2049,592,578,1759,1718,339,282,2810,2285,2389,790,508,1733,1617,472,420,2663,2117,1871,718,881,1369,1176,384,511
ACSSF,2019m1,nc,000,0060,0000074,3379,3045,2320,1568,1245,178,627,593,1761,1701,324,216,468,248,3990,3542,3334,1214,567,569,710,2317,2274,311,710,767,358,3636,3291,3106,1142,693,623,598,2248,2108,513,272,174,198,4506,3911,4004,992,1039,1264,710,2113,1953,644,139,417,386,3379,3045,2320,1568,1245,905,1761,1701,324,470,3990,3542,3334,1214,1072,2317,2274,311,1082,3636,3291,3106,1142,1090,2248,2108,513,400,4506,3911,4004,992,1686,2113,1953,644,575
ACSSF,2019m1,nc,000,0060,0000075,2948,1994,1215,775,920,196,374,367,1420,1062,667,467,259,501,2077,1384,1316,226,374,343,216,1671,1679,73,64,216,216,2929,2595,2467,540,375,154,292,1608,1417,307,596,216,259,2547,2265,2203,470,742,397,216,1186,1071,134,197,267,181,2948,1994,1215,775,920,525,1420,1062,667,684,2077,1384,1316,226,474,1671,1679,73,64,2929,2595,2467,540,472,1608,1417,307,656,2547,2265,2203,470,728,1186,1071,134,365
ACSSF,2019m1,nc,000,0060,0000076,,,,,,,,,,,,,,,,,,,,,,,,,,,,,,,,,,,,,,,,,,,,,,,,,,,,,,,,,,,,,,,,,,,,,,,,,,,,,,,,,,,,,,,,,,
ACSSF,2019m1,nc,000,0060,0000077,,,,,,,,,,,,,,,,,,,,,,,,,,,,,,,,,,,,,,,,,,,,,,,,,,,,,,,,,,,,,,,,,,,,,,,,,,,,,,,,,,,,,,,,,,
ACSSF,2019m1,nc,000,0060,0000078,2906,1169,1057,421,918,262,261,73,575,317,81,376,237,216,2603,2321,1193,1210,572,305,1670,1011,898,331,223,277,216,2606,2181,1946,878,282,174,191,1409,1205,150,588,385,71,3566,3438,3270,588,1769,1469,627,2133,1699,306,941,824,268,2906,1169,1057,421,918,346,575,317,81,456,2603,2321,1193,1210,1815,1011,898,331,337,2606,2181,1946,878,391,1409,1205,150,725,3566,3438,3270,588,1877,2133,1699,306,1206
ACSSF,2019m1,nc,000,0060,0000079,5411,3797,2861,1937,2156,618,799,312,2185,1483,1488,155,535,163,4993,4110,2956,2410,484,443,656,2600,2310,748,804,457,557,5026,4289,4454,2004,1181,820,899,2940,2981,628,252,279,202,6574,5969,5046,1497,1550,1002,2132,2866,2761,842,432,739,637,5411,3797,2861,1937,2156,1071,2185,1483,1488,559,4993,4110,2956,2410,925,2600,2310,748,1038,5026,4289,4454,2004,1712,2940,2981,628,436,6574,5969,5046,1497,2625,2866,2761,842,904
ACSSF,2019m1,nc,000,0060,0000080,,,,,,,,,,,,,,,,,,,,,,,,,,,,,,,,,,,,,,,,,,,,,,,,,,,,,,2770,1777,1195,917,826,461,1281,1215,286,216,2153,1780,1656,527,395,1441,1443,216,62,2383,1990,2016,460,345,1589,1558,266,171,2777,2351,2240,264,420,1844,1717,256,570
ACSSF,2019m1,nc,000,0060,0000081,2787,2363,2287,1725,1422,116,178,94,1700,1548,609,216,151,216,3658,2660,2641,714,352,118,216,3014,2849,695,324,216,85,3769,3318,3247,1035,100,112,216,1862,1642,540,342,308,216,3955,3336,3276,845,422,554,239,2040,1956,360,260,364,216,2787,2363,2287,1725,1422,226,1700,1548,609,151,3658,2660,2641,714,322,3014,2849,695,334,3769,3318,3247,1035,160,1862,1642,540,477,3955,3336,3276,845,699,2040,1956,360,408
ACSSF,2019m1,nc,000,0060,0000082,5685,5356,3871,3478,1828,416,300,309,3695,3363,1749,50,397,610,6047,4957,5228,1059,252,200,639,5384,5099,1161,329,312,325,6371,5621,5371,1387,320,224,374,4386,4104,476,280,285,389,6826,5667,5562,1110,1074,1171,645,3204,2973,468,443,539,385,5685,5356,3871,3478,1828,614,3695,3363,1749,699,6047,4957,5228,1059,703,5384,5099,1161,530,6371,5621,5371,1387,607,4386,4104,476,547,6826,5667,5562,1110,1788,3204,2973,468,786
ACSSF,2019m1,nc,000,0060,0000083,8009,4375,3033,2364,2114,216,252,216,3251,2813,1055,253,672,76,7337,5571,5561,2331,178,420,610,4726,4606,497,1000,313,26,7115,6777,6730,1469,1246,946,194,3717,3723,597,760,252,233,7663,7687,7449,1321,1549,1119,1169,3555,3455,540,545,491,79,8009,4375,3033,2364,2114,252,3251,2813,1055,745,7337,5571,5561,2331,784,4726,4606,497,1036,7115,6777,6730,1469,1494,3717,3723,597,853,7663,7687,7449,1321,2173,3555,3455,540,772
ACSSF,2019m1,nc,000,0060,0000084,5173,4629,3311,2947,1700,240,364,216,3320,2969,1156,75,357,216,5885,4671,4380,1694,572,454,216,4279,4146,904,240,696,203,7699,6014,5854,974,415,621,225,4708,4494,1464,641,326,236,6892,5882,5528,1400,573,947,207,3614,3412,970,339,380,104,5173,4629,3311,2947,1700,362,3320,2969,1156,364,5885,4671,4380,1694,789,4279,4146,904,758,7699,6014,5854,974,844,4708,4494,1464,724,6892,5882,5528,1400,1125,3614,3412,970,542
ACSSF,2019m1,nc,000,0060,0000085,8173,4600,3295,2368,2356,783,965,320,2822,2010,1494,437,904,202,6120,5657,4194,2823,883,852,1747,2979,2924,791,735,659,557,6694,5462,5134,2357,1254,808,936,3792,3768,923,681,533,216,8824,8096,7601,2070,2135,2637,2372,4589,3981,1006,1186,1595,641,8173,4600,3295,2368,2356,1258,2822,2010,1494,1030,6120,5657,4194,2823,2109,2979,2924,791,1132,6694,5462,5134,2357,1744,3792,3768,923,824,8824,8096,7601,2070,4008,4589,3981,1006,2135
ACSSF,2019m1,nc,000,0060,0000086,2379,4286,3304,2715,1790,209,247,94,3498,2952,1765,157,319,91,6143,4887,4765,1199,364,167,203,4175,4089,901,400,290,184,6315,5351,5381,1450,268,222,156,3881,3592,795,494,435,216,6986,5483,5536,1074,529,669,324,3017,3119,529,392,547,146,2379,4286,3304,2715,1790,331,3498,2952,1765,393,6143,4887,4765,1199,395,4175,4089,901,518,6315,5351,5381,1450,350,3881,3592,795,649,6986,5483,5536,1074,752,3017,3119,529,606
ACSSF,2019m1,nc,000,0060,0000087,6260,6479,4543,3614,2261,117,606,331,3748,3559,1400,603,359,52,8006,5561,5079,1638,601,276,705,5137,5053,993,897,356,203,6265,6165,5869,1300,662,581,739,3826,3816,795,174,275,62,6463,5951,5804,1200,1282,775,187,3494,3439,341,1085,324,351,6260,6479,4543,3614,2261,683,3748,3559,1400,620,8006,5561,5079,1638,1017,5137,5053,993,1056,6265,6165,5869,1300,1149,3826,3816,795,349,6463,5951,5804,1200,1406,3494,3439,341,1192
ACSSF,2019m1,nc,000,0060,0000088,5242,3804,2924,2593,2065,548,406,495,2845,2743,1123,216,141,105,5979,4903,4688,1548,166,176,401,4586,4540,772,530,306,216,7648,7344,7305,1867,731,579,413,4458,4134,894,341,520,216,6377,5331,5300,947,1298,482,283,3473,3233,478,810,395,620,5242,3804,2924,2593,2065,793,2845,2743,1123,182,5979,4903,4688,1548,474,4586,4540,772,578,7648,7344,7305,1867,1044,4458,4134,894,623,6377,5331,5300,947,1384,3473,3233,478,1082
ACSSF,2019m1,nc,000,0060,0000089,4536,4098,3024,2264,1650,216,425,39,3041,2914,1019,351,392,374,6534,5417,5134,1479,444,596,401,3893,3839,589,482,404,607,5859,6023,6028,1550,545,915,535,3566,3405,635,426,393,183,6830,5740,5340,1370,1166,1180,639,3446,3011,656,972,806,430,4536,4098,3024,2264,1650,431,3041,2914,1019,628,6534,5417,5134,1479,864,3893,3839,589,915,5859,6023,6028,1550,1010,3566,3405,635,586,6830,5740,5340,1370,1697,3446,3011,656,1044
ACSSF,2019m1,nc,000,0060,0000090,6663,3127,2359,1978,1293,317,221,106,2516,2386,1014,327,237,154,5182,3764,3325,1201,928,731,243,3932,3735,397,496,638,121,5620,4901,4649,1064,1146,574,444,3563,3642,539,484,83,294,7360,7052,6254,990,2139,1012,725,3111,2858,540,598,649,881,6663,3127,2359,1978,1293,397,2516,2386,1014,431,5182,3764,3325,1201,1183,3932,3735,397,878,5620,4901,4649,1064,1341,3563,3642,539,600,7360,7052,6254,990,2481,3111,2858,540,1283
ACSSF,2019m1,nc,000,0060,0000091,5391,4820,3264,2988,1436,310,189,216,3713,3404,932,1211,280,28,6611,5220,4936,1265,500,935,216,4748,4569,856,332,226,198,7096,6362,6265,1535,610,621,260,3686,3672,690,454,388,216,7452,6673,6572,1051,1245,1274,201,3076,3004,460,239,222,216,5391,4820,3264,2988,1436,371,3713,3404,932,1214,6611,5220,4936,1265,1086,4748,4569,856,428,7096,6362,6265,1535,912,3686,3672,690,524,7452,6673,6572,1051,1856,3076,3004,460,325
ACSSF,2019m1,nc,000,0060,0000092,5089,4672,3375,2649,1712,613,409,594,3989,3816,967,290,405,274,7448,5665,5273,1935,747,211,170,4774,4659,784,751,317,458,8025,6824,6537,961,629,595,195,3998,4230,826,490,521,504,7618,6625,6198,811,722,383,96,3502,3352,477,636,85,251,5089,4672,3375,2649,1712,993,3989,3816,967,574,7448,5665,5273,1935,722,4774,4659,784,1043,8025,6824,6537,961,806,3998,4230,826,900,7618,6625,6198,811,847,3502,3352,477,695
ACSSF,2019m1,nc,000,0060,0000093,5903,5377,4398,2911,3002,499,1205,566,2923,1796,1391,856,827,687,7412,5754,4168,2595,1493,689,493,3652,3309,1083,434,710,413,8271,7184,7255,1857,917,762,509,3782,3623,1073,561,845,336,7712,6914,6562,1859,2117,2175,1282,3163,2691,704,732,788,625,5903,5377,4398,2911,3002,1382,2923,1796,1391,1364,7412,5754,4168,2595,1674,3652,3309,1083,999,8271,7184,7255,1857,1304,3782,3623,1073,985,7712,6914,6562,1859,2736,3163,2691,704,1354
ACSSF,2019m1,nc,000,0060,0000094,7094,5004,2930,2660,1252,281,789,763,3569,3054,958,523,1001,558,5254,3943,3955,1553,857,1034,498,3962,3972,1105,441,781,306,7712,6149,5882,1418,680,739,636,3613,3592,519,748,351,334,7111,5908,6093,1027,1323,1326,723,3909,3526,884,404,520,445,7094,5004,2930,2660,1252,1111,3569,3054,958,1293,5254,3943,3955,1553,1378,3962,3972,1105,919,7712,6149,5882,1418,1175,3613,3592,519,945,7111,5908,6093,1027,1710,3909,3526,884,831
ACSSF,2019m1,nc,000,0060,0000095,,,,,,,,,,,,,,,,,,,,,,,,,,,,,,,,,,,,,,,,,,,,,,,,,,,,,,1802,1744,901,865,201,109,1397,1290,394,161,2522,1959,1981,165,138,1758,1733,161,61,2334,2062,1906,550,176,1676,1561,262,35,2376,1984,1966,361,243,1365,1373,141,122
ACSSF,2019m1,nc,000,0060,0000096,,,,,,,,,,,,,,,,,,,,,,,,,,,,,,,,,,,,,,,,,,,,,,,,,,,,,,1399,2422,1530,1326,857,216,1879,1764,546,127,2775,1984,1824,702,79,1970,1938,55,154,2706,2316,2265,449,153,1799,1796,320,216,2476,1921,1932,58,182,1153,1169,176,220
ACSSF,2019m1,nc,000,0060,0000097,,,,,,,,,,,,,,,,,,,,,,,,,,,,,,,,,,,,,,,,,,,,,,,,,,,,,,790,2447,1386,1288,475,216,2003,1960,520,78,3122,2632,2573,607,216,2341,2293,433,100,2727,2379,2324,549,139,1326,1227,245,375,2052,2105,2052,651,164,1001,1001,216,216
ACSSF,2019m1,nc,000,0060,0000098,,,,,,,,,,,,,,,,,,,,,,,,,,,,,,,,,,,,,,,,,,,,,,,,,,,,,,1492,2213,1667,1533,630,33,1519,1467,405,227,2794,1840,1776,682,104,2040,1894,536,306,2614,2096,2035,540,191,1633,1528,280,216,2043,1710,1714,216,392,933,930,216,76
ACSSF,2019m1,nc,000,0060,0000099,,,,,,,,,,,,,,,,,,,,,,,,,,,,,,,,,,,,,,,,,,,,,,,,,,,,,,,,,,,,,,,,,,,,,,,,,,,,,,,,,,,,,,,,,,
ACSSF,2019m1,nc,000,0060,0000100,,,,,,,,,,,,,,,,,,,,,,,,,,,,,,,,,,,,,,,,,,,,,,,,,,,,,,1608,1568,914,867,350,216,1201,1169,94,121,1981,1710,1705,203,216,1644,1585,261,43,2077,1694,1701,233,32,1292,1301,267,92,1881,1593,1656,352,264,1092,1057,216,215
ACSSF,2019m1,nc,000,0060,0000101,,,,,,,,,,,,,,,,,,,,,,,,,,,,,,,,,,,,,,,,,,,,,,,,,,,,,,,,,,,,,,,,,,,,,,,,,,,,,,,,,,,,,,,,,,
ACSSF,2019m1,nc,000,0060,0000102,,,,,,,,,,,,,,,,,,,,,,,,,,,,,,,,,,,,,,,,,,,,,,,,,,,,,,,,,,,,,,,,,,,,,,,,,,,,,,,,,,,,,,,,,,
ACSSF,2019m1,nc,000,0060,0000103,,,,,,,,,,,,,,,,,,,,,,,,,,,,,,,,,,,,,,,,,,,,,,,,,,,,,,1528,2435,1464,1223,903,216,1788,1711,340,19,2954,2507,2570,795,216,2145,2135,250,56,2881,2673,2645,303,141,1477,1488,86,217,2535,2170,2066,363,294,1251,1224,178,110
ACSSF,2019m1,nc,000,0060,0000104,,,,,,,,,,,,,,,,,,,,,,,,,,,,,,,,,,,,,,,,,,,,,,,,,,,,,,2109,2166,1461,1123,1038,77,1770,1432,1159,70,2385,1935,1787,495,170,1959,1839,514,99,2005,1840,1722,420,814,1388,1402,115,83,1814,1647,1577,305,178,824,726,254,328
ACSSF,2019m1,nc,000,0060,0000105,,,,,,,,,,,,,,,,,,,,,,,,,,,,,,,,,,,,,,,,,,,,,,,,,,,,,,1154,2601,1952,1710,1061,312,1733,1403,723,369,3770,2672,2610,840,146,2414,2381,349,26,4330,3996,3777,848,704,2665,2697,416,493,3767,3602,3391,457,1025,1606,1437,228,598
ACSSF,2019m1,nc,000,0060,0000106,,,,,,,,,,,,,,,,,,,,,,,,,,,,,,,,,,,,,,,,,,,,,,,,,,,,,,5534,2119,1592,1281,845,331,1382,1127,774,216,2869,2528,2201,469,669,1567,1482,229,227,3431,2761,2519,1258,249,1330,1265,369,343,3501,3226,3043,704,947,1332,1199,263,649
ACSSF,2019m1,nc,000,0060,0000107,5678,2415,1756,848,1559,177,433,216,1151,637,881,216,273,113,2131,1860,1718,483,374,113,137,1222,1174,262,199,358,216,3482,2500,2464,503,198,129,271,1946,1772,607,141,216,216,4223,3726,3148,803,1071,237,775,1922,1859,215,234,260,563,5678,2415,1756,848,1559,464,1151,637,881,298,2131,1860,1718,483,409,1222,1174,262,450,3482,2500,2464,503,356,1946,1772,607,141,4223,3726,3148,803,1246,1922,1859,215,587
ACSSF,2019m1,nc,000,0060,0000108,,,,,,,,,,,,,,,,,,,,,,,,,,,,,,,,,,,,,,,,,,,,,,,,,,,,,,5611,1687,1271,875,985,101,1103,1011,346,306,2810,2332,1593,1414,666,1819,1499,472,938,3067,2833,2065,1658,872,1329,1298,216,201,4427,3801,3611,744,1244,2172,1980,548,392
ACSSF,2019m1,nc,000,0060,0000109,,,,,,,,,,,,,,,,,,,,,,,,,,,,,,,,,,,,,,,,,,,,,,,,,,,,,,7209,2939,2406,1699,1476,885,1526,1023,1122,565,3718,3106,2322,1935,414,2314,2247,314,423,3779,3357,2923,1290,1305,2395,2351,512,222,4942,4641,3668,886,1872,1708,1540,730,380
ACSSF,2019m1,nc,000,0060,0000110,,,,,,,,,,,,,,,,,,,,,,,,,,,,,,,,,,,,,,,,,,,,,,,,,,,,,,4633,1802,954,818,606,175,1435,1291,553,299,3136,2648,1977,1540,247,1768,1681,189,529,3122,2826,2863,812,1010,1495,1453,292,216,3643,2982,3000,376,762,1584,1550,267,193
ACSSF,2019m1,nc,000,0060,0000111,4799,417,373,316,216,72,195,216,397,306,216,216,242,216,1878,1583,1437,544,392,285,216,1006,962,216,180,356,316,2155,1673,1475,604,462,252,216,1399,1314,98,512,95,52,4220,3715,3154,382,1695,1603,686,1886,1494,171,793,661,149,4799,417,373,316,216,207,397,306,216,242,1878,1583,1437,544,484,1006,962,216,521,2155,1673,1475,604,538,1399,1314,98,524,4220,3715,3154,382,2127,1886,1494,171,1143
ACSSF,2019m1,nc,000,0060,0000112,4766,1567,1475,455,1369,251,134,73,555,355,81,376,204,216,2598,2319,1267,1241,483,244,1670,1092,953,337,119,308,216,2317,2036,1868,902,264,174,248,1039,1012,110,202,320,71,4356,4220,3533,519,1256,999,408,2070,1663,292,741,532,268,4766,1567,1475,455,1369,290,555,355,81,442,2598,2319,1267,1241,1740,1092,953,337,330,2317,2036,1868,902,451,1039,1012,110,381,4356,4220,3533,519,1729,2070,1663,292,949
ACSSF,2019m1,nc,000,0060,0000113,3745,1467,1047,327,936,216,185,216,1000,935,122,68,312,216,1742,1170,1002,483,180,304,216,1073,1044,138,194,94,216,2239,1863,1941,457,276,120,216,1209,1086,142,558,253,227,2933,2787,3008,834,1231,1112,278,1754,1517,493,456,506,216,3745,1467,1047,327,936,185,1000,935,122,326,1742,1170,1002,483,360,1073,1044,138,211,2239,1863,1941,457,299,1209,1086,142,646,2933,2787,3008,834,1558,1754,1517,493,616
ACSSF,2019m1,nc,000,0060,0000114,4925,2295,1679,1366,1019,216,260,216,1240,783,580,44,605,516,3199,2673,2493,213,306,610,538,1848,1656,560,147,216,325,3539,3162,2933,1068,119,143,437,1557,1495,216,236,216,216,4053,3719,3653,879,760,923,716,1929,1874,216,582,543,393,4925,2295,1679,1366,1019,260,1240,783,580,792,3199,2673,2493,213,829,1848,1656,560,359,3539,3162,2933,1068,471,1557,1495,216,236,4053,3719,3653,879,1177,1929,1874,216,736
ACSSF,2019m1,nc,000,0060,0000115,,,,,,,,,,,,,,,,,,,,,,,,,,,,,,,,,,,,,,,,,,,,,,,,,,,,,,4928,2747,1834,1309,1094,515,1915,1428,1334,368,3093,2325,2265,786,216,2569,2462,536,216,2751,2292,2259,677,216,2022,1910,152,439,3551,3297,3125,343,806,1456,1362,438,123
ACSSF,2019m1,nc,000,0060,0000116,1046,1507,948,681,516,367,493,216,1106,1106,216,216,216,216,1793,1420,1287,483,147,171,216,1372,1363,216,255,219,216,1947,1449,1282,560,267,337,109,1390,1208,421,312,361,216,2622,2741,2799,921,677,973,489,1527,1451,267,468,628,74,1046,1507,948,681,516,607,1106,1106,216,216,1793,1420,1287,483,220,1372,1363,216,292,1947,1449,1282,560,356,1390,1208,421,414,2622,2741,2799,921,1305,1527,1451,267,743
ACSSF,2019m1,nc,000,0060,0000117,,,,,,,,,,,,,,,,,,,,,,,,,,,,,,,,,,,,,,,,,,,,,,,,,,,,,,1302,2229,1725,1112,1361,117,1402,1437,581,541,2403,1700,1417,929,548,1831,1638,788,325,2768,2673,2673,447,207,1628,1613,523,216,3077,2633,2618,434,360,2024,1914,210,654
ACSSF,2019m1,nc,000,0060,0000118,,,,,,,,,,,,,,,,,,,,,,,,,,,,,,,,,,,,,,,,,,,,,,,,,,,,,,909,2318,1534,1092,882,254,1607,1424,759,76,3008,2553,2560,881,502,2036,1906,339,441,2586,2168,1905,818,902,1471,1417,222,260,2948,2869,2748,493,828,1250,1199,204,449
ACSSF,2019m1,nc,000,0060,0000119,5198,1944,1411,881,822,216,470,279,1086,993,290,216,284,238,2457,1803,1639,569,324,203,413,1595,1484,152,687,118,209,3246,2439,2432,537,571,264,342,1903,1887,294,284,216,183,3228,2798,2633,653,795,725,273,1458,1408,249,121,213,94,5198,1944,1411,881,822,554,1086,993,290,375,2457,1803,1639,569,605,1595,1484,152,730,3246,2439,2432,537,688,1903,1887,294,341,3228,2798,2633,653,1084,1458,1408,249,255
ACSSF,2019m1,nc,000,0060,0000120,4938,2142,1622,1010,832,178,444,644,1314,1282,136,216,386,65,2967,2733,2428,676,386,590,341,1533,1341,276,128,732,273,2837,2513,2130,764,374,548,483,1466,1203,446,115,122,78,3265,2729,2681,377,587,1138,636,1305,1104,579,65,360,412,4938,2142,1622,1010,832,870,1314,1282,136,393,2967,2733,2428,676,833,1533,1341,276,785,2837,2513,2130,764,817,1466,1203,446,181,3265,2729,2681,377,1291,1305,1104,579,550
ACSSF,2019m1,nc,000,0060,0000121,,,,,,,,,,,,,,,,,,,,,,,,,,,,,,,,,,,,,,,,,,,,,,,,,,,,,,5456,2847,1903,1666,892,184,1457,1457,216,216,2329,2030,1935,619,535,1828,1775,56,261,2972,2560,2435,500,299,1923,1923,142,125,3615,3286,3132,690,750,1761,1699,73,237
ACSSF,2019m1,nc,000,0060,0000122,4533,2166,1422,1072,938,246,374,367,1571,1213,667,467,259,501,2616,1942,1580,1076,374,343,216,2056,2073,408,117,216,216,4134,3105,2934,631,358,154,292,2008,1786,338,596,216,259,2891,2589,2647,514,521,240,216,1460,1420,218,177,189,181,4533,2166,1422,1072,938,510,1571,1213,667,684,2616,1942,1580,1076,474,2056,2073,408,117,4134,3105,2934,631,478,2008,1786,338,656,2891,2589,2647,514,529,1460,1420,218,312
ACSSF,2019m1,nc,000,0060,0000123,,,,,,,,,,,,,,,,,,,,,,,,,,,,,,,,,,,,,,,,,,,,,,,,,,,,,,4153,1666,1205,908,867,162,1114,936,414,151,2879,2157,2143,329,118,1856,1875,257,74,2447,2060,1971,414,216,1152,1171,214,148,2942,2513,2253,592,464,1182,1168,63,192
ACSSF,2019m1,nc,000,0060,0000124,,,,,,,,,,,,,,,,,,,,,,,,,,,,,,,,,,,,,,,,,,,,,,,,,,,,,,4679,2436,2135,1605,1512,163,1506,1416,527,216,2672,2261,2182,853,352,2415,2213,685,327,3093,2977,2920,1012,160,1567,1373,488,453,2900,2555,2454,411,644,1299,1219,152,355
ACSSF,2019m1,nc,000,0060,0000125,,,,,,,,,,,,,,,,,,,,,,,,,,,,,,,,,,,,,,,,,,,,,,,,,,,,,,3805,2378,1240,1065,481,82,1844,1379,1378,275,2656,2239,2005,535,216,1749,1722,106,336,2882,2335,2285,374,183,1745,1710,378,196,3406,2606,2619,657,462,1966,1835,427,488
ACSSF,2019m1,nc,000,0060,0000126,,,,,,,,,,,,,,,,,,,,,,,,,,,,,,,,,,,,,,,,,,,,,,,,,,,,,,2508,1659,1151,1076,430,161,1106,1019,328,248,2565,1958,2022,501,272,1729,1655,582,137,2658,2078,2014,441,212,1565,1537,216,255,2017,1733,1694,381,216,1149,1109,64,125
ACSSF,2019m1,nc,000,0060,0000127,,,,,,,,,,,,,,,,,,,,,,,,,,,,,,,,,,,,,,,,,,,,,,,,,,,,,,1168,2614,1857,1786,344,153,2663,2663,260,133,2468,1843,1815,474,106,1571,1389,504,216,2806,2364,2364,476,508,1515,1485,119,418,2009,1702,1748,317,170,876,882,170,143
ACSSF,2019m1,nc,000,0060,0000128,,,,,,,,,,,,,,,,,,,,,,,,,,,,,,,,,,,,,,,,,,,,,,,,,,,,,,1140,2188,1396,1157,1078,749,1893,1829,672,383,2561,1797,1759,362,206,2307,2281,267,482,2766,2079,2060,559,372,1840,1780,200,374,2377,2213,2227,109,240,1074,1068,216,139
ACSSF,2019m1,nc,000,0060,0000129,,,,,,,,,,,,,,,,,,,,,,,,,,,,,,,,,,,,,,,,,,,,,,,,,,,,,,3886,2354,991,667,802,218,1734,1287,705,1200,3030,2113,1945,901,429,1985,1985,216,216,3241,2656,2682,271,572,1470,1480,216,117,3381,2939,2901,627,839,1457,1431,125,255
ACSSF,2019m1,nc,000,0060,0000130,,,,,,,,,,,,,,,,,,,,,,,,,,,,,,,,,,,,,,,,,,,,,,,,,,,,,,3695,1553,1136,781,708,216,1111,1047,222,265,3194,2468,2185,1081,595,2151,2146,238,572,2764,2448,2523,482,273,1669,1604,205,353,3088,2526,2518,215,701,1612,1563,415,367
ACSSF,2019m1,nc,000,0060,0000131,,,,,,,,,,,,,,,,,,,,,,,,,,,,,,,,,,,,,,,,,,,,,,,,,,,,,,2519,1788,1074,1015,268,216,1453,1361,251,261,2640,2285,2220,318,159,1762,1730,168,100,3080,2079,2030,238,191,2147,2085,211,221,2623,2184,2175,330,54,1573,1581,64,242
ACSSF,2019m1,nc,000,0060,0000132,,,,,,,,,,,,,,,,,,,,,,,,,,,,,,,,,,,,,,,,,,,,,,,,,,,,,,2700,1669,1175,944,301,372,1197,1147,227,52,2229,1892,1580,712,216,1588,1543,247,216,2567,2182,2124,231,216,1738,1670,315,502,2685,1926,1919,188,93,1589,1595,89,188
ACSSF,2019m1,nc,000,0060,0000133,,,,,,,,,,,,,,,,,,,,,,,,,,,,,,,,,,,,,,,,,,,,,,,,,,,,,,1590,2349,1721,1248,1067,438,1552,1418,412,123,2600,2232,1965,1132,353,1587,1461,428,694,3127,2524,2443,568,400,2007,1920,629,174,3167,2480,2441,305,297,1712,1658,191,474
ACSSF,2019m1,nc,000,0060,0000134,,,,,,,,,,,,,,,,,,,,,,,,,,,,,,,,,,,,,,,,,,,,,,,,,,,,,,3802,2115,1527,1397,577,204,1608,1480,346,215,3497,2461,2462,16,166,2412,2432,479,231,2910,2262,2237,641,248,1813,1761,327,301,2363,1749,1747,313,595,1768,1701,404,104
ACSSF,2019m1,nc,000,0060,0000135,,,,,,,,,,,,,,,,,,,,,,,,,,,,,,,,,,,,,,,,,,,,,,,,,,,,,,3529,2105,1470,1217,808,216,1497,1447,445,28,2851,2567,2458,464,806,1950,1933,186,78,2875,2618,2588,586,201,1828,1821,379,222,2588,2269,2195,296,216,1200,1195,110,216
ACSSF,2019m1,nc,000,0060,0000136,926,2266,1805,1579,1085,216,201,216,1281,1166,349,78,210,216,2895,2097,1856,639,163,372,216,2015,1862,338,288,197,164,3036,2596,2400,777,179,548,216,1487,1560,357,106,216,216,2932,2513,2386,885,229,875,186,1272,1231,216,216,171,216,926,2266,1805,1579,1085,201,1281,1166,349,231,2895,2097,1856,639,399,2015,1862,338,384,3036,2596,2400,777,552,1487,1560,357,106,2932,2513,2386,885,907,1272,1231,216,171
ACSSF,2019m1,nc,000,0060,0000137,2469,1527,1084,901,646,216,216,216,1008,851,356,69,173,31,2462,2005,1779,797,543,342,216,1272,1242,199,155,201,216,2726,2181,2123,590,226,215,216,1267,1292,88,297,187,63,2645,2451,2400,621,478,319,255,1370,1347,234,298,194,130,2469,1527,1084,901,646,216,1008,851,356,173,2462,2005,1779,797,641,1272,1242,199,246,2726,2181,2123,590,359,1267,1292,88,340,2645,2451,2400,621,623,1370,1347,234,398
ACSSF,2019m1,nc,000,0060,0000138,,,,,,,,,,,,,,,,,,,,,,,,,,,,,,,,,,,,,,,,,,,,,,,,,,,,,,3150,1819,1147,1103,363,216,1446,1429,213,216,2181,1864,1833,382,164,1669,1657,184,216,2554,2111,2077,222,163,1373,1352,103,320,2247,2028,1773,204,939,763,763,216,216
ACSSF,2019m1,nc,000,0060,0000139,,,,,,,,,,,,,,,,,,,,,,,,,,,,,,,,,,,,,,,,,,,,,,,,,,,,,,3049,1835,1132,1080,407,51,1630,1604,385,102,2496,1931,1903,839,235,1472,1403,576,78,2306,1980,1901,654,515,1313,1230,307,323,2422,2263,2165,415,740,1078,1045,136,147
ACSSF,2019m1,nc,000,0060,0000140,5000,2044,1641,416,1579,199,629,196,1306,814,788,655,268,216,2390,1884,1851,578,344,216,335,1455,1353,140,140,290,216,3114,2735,2634,563,231,272,196,1397,1379,409,131,41,128,3157,2892,2752,490,896,991,601,1069,982,197,168,218,368,5000,2044,1641,416,1579,701,1306,814,788,742,2390,1884,1851,578,488,1455,1353,140,323,3114,2735,2634,563,424,1397,1379,409,217,3157,2892,2752,490,1170,1069,982,197,462
ACSSF,2019m1,nc,000,0060,0000141,,,,,,,,,,,,,,,,,,,,,,,,,,,,,,,,,,,,,,,,,,,,,,,,,,,,,,5251,2603,2000,1744,782,432,1163,984,678,279,3024,2186,1754,1219,414,1636,1525,701,574,3631,3225,2976,402,518,1672,1648,183,219,2957,2562,2313,354,1010,1092,971,216,332
ACSSF,2019m1,nc,000,0060,0000142,6803,3173,2664,796,2519,216,927,492,1238,669,674,216,490,597,3363,2765,2373,1493,40,340,69,1233,1209,300,216,216,216,4112,3555,3332,706,289,452,130,1567,1321,489,126,810,216,3232,2794,1999,665,866,1595,213,1236,908,164,529,224,367,6803,3173,2664,796,2519,1066,1238,669,674,789,3363,2765,2373,1493,349,1233,1209,300,216,4112,3555,3332,706,617,1567,1321,489,821,3232,2794,1999,665,1768,1236,908,164,680
ACSSF,2019m1,nc,000,0060,0000143,,,,,,,,,,,,,,,,,,,,,,,,,,,,,,,,,,,,,,,,,,,,,,,,,,,,,,5670,830,575,236,393,405,636,422,295,444,2179,1874,1658,628,276,1140,1046,108,447,3044,2571,2204,751,739,1357,1323,222,276,5430,4822,4361,525,1620,2246,2104,338,832
ACSSF,2019m1,nc,000,0060,0000144,,,,,,,,,,,,,,,,,,,,,,,,,,,,,,,,,,,,,,,,,,,,,,,,,,,,,,5643,2359,2173,1025,1905,283,1011,848,518,303,2476,1793,1272,1127,464,1525,1451,467,349,3605,3094,2946,890,247,1630,1579,246,216,3170,3274,3092,1033,929,1314,1107,349,267
ACSSF,2019m1,nc,000,0060,0000145,6130,2256,1522,843,1234,216,125,138,1127,674,846,155,124,147,2071,1421,1327,420,387,84,188,1682,1593,327,205,216,216,3930,3366,3350,1145,102,55,165,1620,1594,472,85,224,252,3947,3612,3678,1242,634,402,429,1954,1852,468,66,205,212,6130,2256,1522,843,1234,141,1127,674,846,205,2071,1421,1327,420,437,1682,1593,327,205,3930,3366,3350,1145,214,1620,1594,472,343,3947,3612,3678,1242,835,1954,1852,468,299
ACSSF,2019m1,nc,000,0060,0000146,4696,1551,1032,839,628,216,226,216,1067,854,442,88,164,312,3164,2911,2331,1053,1247,375,216,1432,1222,401,109,448,216,2814,2746,2462,841,511,265,432,1309,1191,250,329,216,216,3863,3469,3159,655,658,669,601,1554,1178,250,346,511,534,4696,1551,1032,839,628,226,1067,854,442,385,3164,2911,2331,1053,1303,1432,1222,401,483,2814,2746,2462,841,690,1309,1191,250,329,3863,3469,3159,655,1059,1554,1178,250,881
ACSSF,2019m1,nc,000,0060,0000147,6067,2574,1934,1419,1019,140,142,64,1265,939,721,477,130,216,2655,2067,1553,1137,433,534,165,1247,1056,321,121,601,216,3139,2760,2338,644,1214,670,213,1382,1331,442,425,216,64,4340,4210,3418,783,838,1425,904,1498,1382,547,286,374,204,6067,2574,1934,1419,1019,168,1265,939,721,526,2655,2067,1553,1137,705,1247,1056,321,611,3139,2760,2338,644,1461,1382,1331,442,449,4340,4210,3418,783,1975,1498,1382,547,500
ACSSF,2019m1,nc,000,0060,0000148,,,,,,,,,,,,,,,,,,,,,,,,,,,,,,,,,,,,,,,,,,,,,,,,,,,,,,3811,1937,1477,1125,951,216,1447,1386,367,261,2985,2683,2629,668,415,1531,1474,206,377,3156,2872,2783,500,730,1472,1409,200,284,3816,3349,2906,1001,919,1956,1463,214,1026
ACSSF,2019m1,nc,000,0060,0000149,,,,,,,,,,,,,,,,,,,,,,,,,,,,,,,,,,,,,,,,,,,,,,,,,,,,,,3824,1694,1143,1115,157,216,1152,1138,167,372,3054,2559,2533,519,291,1497,1437,280,601,2535,2163,2015,1050,381,1626,1556,216,249,2821,2590,2296,452,757,1026,831,354,273
ACSSF,2019m1,nc,000,0060,0000150,,,,,,,,,,,,,,,,,,,,,,,,,,,,,,,,,,,,,,,,,,,,,,,,,,,,,,866,2226,1487,928,1004,244,1703,1609,578,216,3031,2283,2308,440,154,1927,1910,333,222,3322,3088,3085,455,250,1657,1653,40,156,2209,1892,1754,742,339,999,978,369,216
ACSSF,2019m1,nc,000,0060,0000151,,,,,,,,,,,,,,,,,,,,,,,,,,,,,,,,,,,,,,,,,,,,,,,,,,,,,,1109,3054,1237,1056,499,572,2483,2314,341,878,3029,2089,2041,540,765,2371,2540,691,216,3473,2751,2628,304,559,1916,1860,132,259,2574,2274,2266,348,332,1476,1504,378,216
ACSSF,2019m1,nc,000,0060,0000152,,,,,,,,,,,,,,,,,,,,,,,,,,,,,,,,,,,,,,,,,,,,,,,,,,,,,,824,2070,1583,1109,977,286,1669,1437,816,278,2645,2448,2410,705,216,1899,1862,317,22,2855,2363,2311,472,113,1902,1898,521,27,2477,1688,1739,275,412,1377,1127,127,907
ACSSF,2019m1,nc,000,0060,0000153,,,,,,,,,,,,,,,,,,,,,,,,,,,,,,,,,,,,,,,,,,,,,,,,,,,,,,1091,1581,1214,1080,583,216,1180,941,610,247,2595,1896,1898,519,281,1747,1753,32,221,2954,2886,2419,826,569,1759,1715,483,137,3382,2932,2723,625,710,1803,1538,253,733
ACSSF,2019m1,nc,000,0060,0000154,,,,,,,,,,,,,,,,,,,,,,,,,,,,,,,,,,,,,,,,,,,,,,,,,,,,,,513,1670,1073,887,539,216,1246,990,594,163,2699,2174,2146,567,92,2035,2039,87,228,2702,2502,2515,592,290,1437,1367,315,162,2483,1993,1816,575,232,1023,1012,63,140
ACSSF,2019m1,nc,000,0060,0000155,,,,,,,,,,,,,,,,,,,,,,,,,,,,,,,,,,,,,,,,,,,,,,,,,,,,,,1611,2142,1467,919,1226,28,1516,1388,646,105,3016,2218,1889,978,115,2112,2033,607,280,2697,2503,1980,1224,65,1825,1717,440,19,1961,1497,1484,397,383,1062,1053,56,100
ACSSF,2019m1,nc,000,0060,0000156,,,,,,,,,,,,,,,,,,,,,,,,,,,,,,,,,,,,,,,,,,,,,,,,,,,,,,984,1844,1180,735,607,571,1390,1232,534,150,2297,1914,1856,371,130,1869,1847,79,155,2629,2159,2166,569,242,1747,1699,326,13,1878,1747,1694,253,757,969,919,224,210
ACSSF,2019m1,nc,000,0060,0000157,,,,,,,,,,,,,,,,,,,,,,,,,,,,,,,,,,,,,,,,,,,,,,,,,,,,,,4028,1817,1182,1072,455,216,1361,1371,421,216,2800,2235,2122,464,216,2097,2016,288,109,3390,2681,2649,387,251,2193,2119,664,156,2706,2214,1873,1029,187,1400,1400,108,216
ACSSF,2019m1,nc,000,0060,0000158,,,,,,,,,,,,,,,,,,,,,,,,,,,,,,,,,,,,,,,,,,,,,,,,,,,,,,671,2294,1801,1705,745,207,1406,1309,439,258,2826,2328,1993,1087,452,2070,1867,514,592,3212,2754,2704,665,304,1676,1662,141,63,2984,2410,2080,498,1013,2037,1958,216,404
ACSSF,2019m1,nc,000,0060,0000159,,,,,,,,,,,,,,,,,,,,,,,,,,,,,,,,,,,,,,,,,,,,,,,,,,,,,,890,1626,1437,1213,686,91,1029,910,446,88,1980,1797,1622,700,426,1357,1262,724,184,2083,1851,1898,397,74,1476,1512,216,165,1859,1485,1536,126,369,1512,1497,181,140
ACSSF,2019m1,nc,000,0060,0000160,,,,,,,,,,,,,,,,,,,,,,,,,,,,,,,,,,,,,,,,,,,,,,,,,,,,,,1614,2100,1267,1336,443,48,1550,1230,648,56,2351,1806,1754,502,244,1727,1709,165,110,2384,2019,2000,361,145,1591,1465,218,430,2233,1713,1740,82,282,1400,1194,646,231
ACSSF,2019m1,nc,000,0060,0000161,,,,,,,,,,,,,,,,,,,,,,,,,,,,,,,,,,,,,,,,,,,,,,,,,,,,,,4022,2010,1534,1022,967,360,1110,1025,504,194,3393,2609,2511,776,304,2393,2381,181,328,3588,2648,2586,343,654,2065,1605,1182,366,2708,2257,2248,482,217,1324,1226,494,136
ACSSF,2019m1,nc,000,0060,0000162,,,,,,,,,,,,,,,,,,,,,,,,,,,,,,,,,,,,,,,,,,,,,,,,,,,,,,3190,1547,1163,998,466,296,1128,1130,105,89,2383,1977,1843,795,216,1433,1397,214,70,2899,2933,2867,642,199,1471,1467,142,89,3291,3023,2904,398,298,1447,1441,216,87
ACSSF,2019m1,nc,000,0060,0000163,,,,,,,,,,,,,,,,,,,,,,,,,,,,,,,,,,,,,,,,,,,,,,,,,,,,,,3398,2013,1438,1166,826,461,1365,1292,286,216,2541,2136,2062,615,397,1435,1458,120,202,2898,2468,2404,460,831,1809,1756,266,576,2788,2331,2311,346,839,2049,1868,256,599
ACSSF,2019m1,nc,000,0060,0000164,,,,,,,,,,,,,,,,,,,,,,,,,,,,,,,,,,,,,,,,,,,,,,,,,,,,,,1105,1389,974,969,74,150,1110,931,680,216,2704,1974,1932,823,113,1858,1700,343,480,2859,2359,2254,539,439,1859,1751,318,35,2329,2038,1890,481,180,1888,1642,296,794
ACSSF,2019m1,nc,000,0060,0000165,,,,,,,,,,,,,,,,,,,,,,,,,,,,,,,,,,,,,,,,,,,,,,,,,,,,,,,,,,,,,,,,,,,,,,,,,,,,,,,,,,,,,,,,,,
ACSSF,2019m1,nc,000,0060,0000166,2699,1194,779,559,476,216,262,39,823,735,203,150,174,216,1884,1562,1387,459,174,545,68,1464,1446,241,172,199,216,2281,1634,1579,457,356,148,129,1365,1283,360,262,144,129,1885,1383,1238,627,166,424,289,1023,822,355,221,292,216,2699,1194,779,559,476,266,823,735,203,230,1884,1562,1387,459,526,1464,1446,241,251,2281,1634,1579,457,405,1365,1283,360,334,1885,1383,1238,627,561,1023,822,355,373
ACSSF,2019m1,nc,000,0060,0000167,,,,,,,,,,,,,,,,,,,,,,,,,,,,,,,,,,,,,,,,,,,,,,,,,,,,,,2747,1096,820,774,334,126,735,709,338,216,2063,1439,1508,371,288,1474,1480,216,152,2275,2179,2200,772,403,1185,1171,250,221,1919,1696,1501,316,418,859,818,43,207
ACSSF,2019m1,nc,000,0060,0000168,3403,991,828,589,691,216,227,216,857,771,192,142,272,216,2119,1813,1728,357,169,220,216,1320,1306,277,126,216,216,2412,1866,1812,727,226,187,213,1346,1204,313,176,229,216,1952,1644,1605,486,295,574,131,1117,1010,399,175,166,158,3403,991,828,589,691,227,857,771,192,284,2119,1813,1728,357,275,1320,1306,277,126,2412,1866,1812,727,353,1346,1204,313,285,1952,1644,1605,486,690,1117,1010,399,294
ACSSF,2019m1,nc,000,0060,0000169,,,,,,,,,,,,,,,,,,,,,,,,,,,,,,,,,,,,,,,,,,,,,,,,,,,,,,1132,1564,934,782,418,215,1384,1345,406,40,1909,1367,1291,289,236,1409,1413,239,121,1508,1549,1491,172,93,1196,1160,146,50,1611,1196,1188,45,108,843,787,196,154
ACSSF,2019m1,nc,000,0060,0000170,,,,,,,,,,,,,,,,,,,,,,,,,,,,,,,,,,,,,,,,,,,,,,,,,,,,,,1871,2014,1095,892,482,221,1733,1598,508,47,2377,2067,2105,417,193,1518,1491,177,271,2702,2185,2137,454,139,2230,2251,251,119,1827,1589,1570,239,145,975,912,290,95
ACSSF,2019m1,nc,000,0060,0000171,,,,,,,,,,,,,,,,,,,,,,,,,,,,,,,,,,,,,,,,,,,,,,,,,,,,,,3487,2091,1428,1002,1020,216,1166,949,628,124,2316,1852,1713,619,635,1660,1652,117,330,2677,2263,2157,622,419,1397,1435,280,122,2187,1925,1838,395,174,950,915,258,415
ACSSF,2019m1,nc,000,0060,0000172,3434,1308,993,557,850,88,216,98,913,652,353,283,184,126,2391,1810,1442,497,828,119,75,1370,1251,296,383,216,216,2656,2234,2082,398,420,216,155,1156,1065,227,360,216,209,3596,3063,2526,588,1278,531,241,1493,1289,216,393,137,311,3434,1308,993,557,850,131,913,652,353,377,2391,1810,1442,497,831,1370,1251,296,383,2656,2234,2082,398,451,1156,1065,227,416,3596,3063,2526,588,1281,1493,1289,216,520
ACSSF,2019m1,nc,000,0060,0000173,1652,1859,1362,1114,914,126,333,39,1191,1098,450,243,271,216,3099,2915,2757,661,384,565,68,2267,2235,363,207,199,216,3028,2602,2681,912,463,374,246,2015,1906,517,307,249,221,3237,2542,2293,757,424,660,381,1938,1670,509,322,317,200,1652,1859,1362,1114,914,351,1191,1098,450,341,3099,2915,2757,661,635,2267,2235,363,277,3028,2602,2681,912,617,2015,1906,517,449,3237,2542,2293,757,909,1938,1670,509,532
ACSSF,2019m1,nc,000,0060,0000174,,,,,,,,,,,,,,,,,,,,,,,,,,,,,,,,,,,,,,,,,,,,,,,,,,,,,,671,2294,1801,1705,745,207,1406,1309,439,258,2826,2328,1993,1087,452,2070,1867,514,592,3212,2754,2704,665,304,1676,1662,141,63,2984,2410,2080,498,1013,2037,1958,216,404
ACSSF,2019m1,nc,000,0060,0000175,,,,,,,,,,,,,,,,,,,,,,,,,,,,,,,,,,,,,,,,,,,,,,,,,,,,,,893,2318,1534,1092,882,254,1607,1424,759,76,3008,2553,2560,881,502,2036,1906,339,441,2588,2167,1904,818,902,1473,1420,222,260,2963,2869,2748,493,828,1258,1208,204,449
ACSSF,2019m1,nc,000,0060,0000176,,,,,,,,,,,,,,,,,,,,,,,,,,,,,,,,,,,,,,,,,,,,,,,,,,,,,,1105,1389,974,969,74,150,1110,931,680,216,2704,1974,1932,823,113,1858,1700,343,480,2859,2359,2254,539,439,1859,1751,318,35,2329,2038,1890,481,180,1888,1642,296,794
ACSSF,2019m1,nc,000,0060,0000177,2845,2330,1163,915,745,120,216,216,1996,1490,571,1208,166,216,3626,3060,2791,1203,757,216,216,2473,2431,238,573,60,216,3327,2778,2772,569,718,216,216,2018,1923,205,363,216,28,4151,3780,3665,527,970,230,216,2058,1990,450,382,182,125,2845,2330,1163,915,745,120,1996,1490,571,1208,3626,3060,2791,1203,757,2473,2431,238,572,3327,2778,2772,569,718,2018,1923,205,364,4151,3780,3665,527,1010,2058,1990,450,452
ACSSF,2019m1,nc,000,0060,0000178,,,,,,,,,,,,,,,,,,,,,,,,,,,,,,,,,,,,,,,,,,,,,,,,,,,,,,851,1682,1226,1009,1051,749,1467,1411,632,383,1997,1517,1481,284,206,1698,1596,95,482,2102,1743,1708,524,345,1450,1421,127,350,1870,1881,1908,216,157,955,950,216,139
ACSSF,2019m1,nc,000,0060,0000179,,,,,,,,,,,,,,,,,,,,,,,,,,,,,,,,,,,,,,,,,,,,,,,,,,,,,,3363,1977,1531,1384,897,216,1414,1339,341,447,3749,3293,3248,764,471,1745,1722,328,619,3464,3358,3124,876,788,1761,1674,200,284,3926,3537,3101,1011,1066,1969,1504,381,1008
ACSSF,2019m1,nc,000,0060,0000180,,,,,,,,,,,,,,,,,,,,,,,,,,,,,,,,,,,,,,,,,,,,,,,,,,,,,,,,,,,,,,,,,,,,,,,,,,,,,,,,,,,,,,,,,,
ACSSF,2019m1,nc,000,0060,0000181,,,,,,,,,,,,,,,,,,,,,,,,,,,,,,,,,,,,,,,,,,,,,,,,,,,,,,597,1344,1180,1195,249,48,596,588,114,216,1496,1142,1121,424,239,986,981,216,68,1721,1367,1358,304,143,1042,948,161,409,1786,1387,1409,75,282,1044,824,505,199
ACSSF,2019m1,nc,000,0060,0000182,,,,,,,,,,,,,,,,,,,,,,,,,,,,,,,,,,,,,,,,,,,,,,,,,,,,,,2870,1910,1444,1243,1075,201,1136,1044,319,159,2655,1918,1704,495,333,1834,1777,334,188,2300,2088,1992,543,532,1302,1301,219,216,2315,1950,1732,839,918,1245,1217,216,171
ACSSF,2019m1,nc,000,0060,0000183,,,,,,,,,,,,,,,,,,,,,,,,,,,,,,,,,,,,,,,,,,,,,,,,,,,,,,2182,728,666,320,311,607,335,335,216,216,1210,916,807,299,222,880,847,216,294,1278,785,680,209,346,962,863,110,346,2431,2276,2279,714,1135,1347,1291,216,709
ACSSF,2019m1,nc,000,0060,0000184,,,,,,,,,,,,,,,,,,,,,,,,,,,,,,,,,,,,,,,,,,,,,,,,,,,,,,741,1777,1326,1043,853,216,1128,1144,396,534,1916,1455,984,917,311,1444,1299,496,349,1932,1946,1980,168,182,1068,1068,216,216,2554,2117,2091,292,326,1804,1694,95,654
ACSSF,2019m1,nc,000,0060,0000185,,,,,,,,,,,,,,,,,,,,,,,,,,,,,,,,,,,,,,,,,,,,,,,,,,,,,,,,,,,,,,,,,,,,,,,,,,,,,,,,,,,,,,,,,,
ACSSF,2019m1,nc,000,0060,0000186,,,,,,,,,,,,,,,,,,,,,,,,,,,,,,,,,,,,,,,,,,,,,,,,,,,,,,2883,2209,961,923,436,216,1916,1934,216,60,2740,1947,1896,716,643,2121,2125,719,214,3077,2419,2313,266,452,1757,1748,216,96,2386,2014,2032,345,332,1445,1445,309,216
ACSSF,2019m1,nc,000,0060,0000187,626,2937,2140,1795,1259,416,286,309,1902,1520,1264,44,605,622,4210,3563,3263,829,306,610,538,2972,2866,754,147,216,325,3877,3330,3338,1168,230,174,441,2558,2299,152,236,200,379,5447,4834,4399,975,993,931,715,2327,2215,438,583,543,393,626,2937,2140,1795,1259,607,1902,1520,1264,941,4210,3563,3263,829,829,2972,2866,754,359,3877,3330,3338,1168,529,2558,2299,152,497,5447,4834,4399,975,1421,2327,2215,438,768
ACSSF,2019m1,nc,000,0060,0000188,691,3138,2432,1889,1484,142,178,94,2376,1923,1544,216,287,216,4261,3295,3292,927,364,118,203,3291,3193,697,354,290,85,4811,3807,3696,1062,143,112,156,2620,2422,647,375,325,216,5193,4148,4199,916,515,630,274,2323,2363,454,304,514,146,691,3138,2432,1889,1484,244,2376,1923,1544,287,4261,3295,3292,927,393,3291,3193,697,475,4811,3807,3696,1062,234,2620,2422,647,468,5193,4148,4199,916,740,2323,2363,454,522
ACSSF,2019m1,nc,000,0060,0000189,,,,,,,,,,,,,,,,,,,,,,,,,,,,,,,,,,,,,,,,,,,,,,,,,,,,,,,,,,,,,,,,,,,,,,,,,,,,,,,,,,,,,,,,,,
ACSSF,2019m1,nc,000,0060,0000190,540,2314,1603,1498,544,51,216,216,2171,2152,365,72,73,216,3224,2671,2591,819,278,129,216,2072,2019,598,78,216,216,3372,2708,2658,643,360,157,260,1835,1838,313,275,325,216,3309,2957,2867,457,564,855,189,1331,1265,136,91,117,216,540,2314,1603,1498,544,51,2171,2152,365,102,3224,2671,2591,819,298,2072,2019,598,78,3372,2708,2658,643,485,1835,1838,313,409,3309,2957,2867,457,1016,1331,1265,136,147
ACSSF,2019m1,nc,000,0060,0000191,1046,4034,2992,2354,1629,281,730,700,2373,2281,644,467,529,561,5203,4201,3979,1284,651,719,710,3650,3692,494,750,774,358,5874,5339,4914,1384,775,653,661,3011,2916,562,631,174,325,6180,5283,5603,1060,1297,1427,710,3078,2876,699,272,512,459,1046,4034,2992,2354,1629,1058,2373,2281,644,901,5203,4201,3979,1284,1177,3650,3692,494,1091,5874,5339,4914,1384,1143,3011,2916,562,785,6180,5283,5603,1060,1872,3078,2876,699,726
ACSSF,2019m1,nc,000,0060,0000192,,,,,,,,,,,,,,,,,,,,,,,,,,,,,,,,,,,,,,,,,,,,,,,,,,,,,,513,1670,1073,887,539,216,1246,990,594,163,2699,2174,2146,567,92,2035,2039,87,228,2702,2502,2515,592,290,1437,1367,315,162,2483,1993,1816,575,232,1023,1012,63,140
ACSSF,2019m1,nc,000,0060,0000193,,,,,,,,,,,,,,,,,,,,,,,,,,,,,,,,,,,,,,,,,,,,,,,,,,,,,,843,2298,1679,1129,1067,421,1478,1370,412,123,2446,1967,1523,1067,353,1486,1357,428,694,2800,2211,2143,559,400,1984,1827,629,174,2631,2113,2058,299,289,1270,1243,191,405
ACSSF,2019m1,nc,000,0060,0000194,2307,1725,1203,1059,660,216,216,216,1091,1027,256,144,190,216,2572,2155,1906,724,543,448,216,1494,1493,138,211,201,216,2293,2075,2060,551,114,273,216,1223,1262,216,297,187,216,2740,2515,2576,608,296,319,255,1317,1311,225,204,194,120,2307,1725,1203,1059,660,216,1091,1027,256,257,2572,2155,1906,724,695,1494,1493,138,276,2293,2075,2060,551,299,1223,1262,216,338,2740,2515,2576,608,474,1317,1311,225,330
ACSSF,2019m1,nc,000,0060,0000195,,,,,,,,,,,,,,,,,,,,,,,,,,,,,,,,,,,,,,,,,,,,,,,,,,,,,,1154,2601,1952,1710,1061,312,1733,1403,723,369,3770,2672,2610,840,146,2414,2381,349,26,4330,3996,3777,848,704,2665,2697,416,493,3767,3602,3391,457,1025,1606,1437,228,598
ACSSF,2019m1,nc,000,0060,0000196,,,,,,,,,,,,,,,,,,,,,,,,,,,,,,,,,,,,,,,,,,,,,,,,,,,,,,556,1511,703,668,334,216,1188,1078,429,28,2105,2069,2024,464,216,1193,1150,186,76,2153,2223,2138,586,201,1306,1297,301,153,2079,1823,1765,296,216,1020,1017,109,216
ACSSF,2019m1,nc,000,0060,0000197,1098,5414,4409,2961,3017,531,1205,566,3026,2163,1348,856,823,687,7892,6161,4168,2919,1523,734,541,3988,3619,1081,515,923,413,8516,7477,7476,1756,1514,827,658,4633,4618,1072,600,846,347,8410,7846,6737,1926,2454,2186,1274,3685,3255,674,821,835,1047,1098,5414,4409,2961,3017,1381,3026,2163,1348,1361,7892,6161,4168,2919,1764,3988,3619,1081,1147,8516,7477,7476,1756,1646,4633,4618,1072,1075,8410,7846,6737,1926,3266,3685,3255,674,1694
ACSSF,2019m1,nc,000,0060,0000198,,,,,,,,,,,,,,,,,,,,,,,,,,,,,,,,,,,,,,,,,,,,,,,,,,,,,,640,1464,1118,987,513,216,993,890,385,83,2619,1728,1681,421,128,1714,1719,32,201,2404,2352,2150,511,569,1572,1498,483,137,3147,2684,2580,519,710,1567,1453,237,362
ACSSF,2019m1,nc,000,0060,0000199,,,,,,,,,,,,,,,,,,,,,,,,,,,,,,,,,,,,,,,,,,,,,,,,,,,,,,,,,,,,,,,,,,,,,,,,,,,,,,,,,,,,,,,,,,
ACSSF,2019m1,nc,000,0060,0000200,,,,,,,,,,,,,,,,,,,,,,,,,,,,,,,,,,,,,,,,,,,,,,,,,,,,,,890,1626,1437,1213,686,91,1029,910,446,88,1980,1797,1622,700,426,1357,1262,724,184,2083,1851,1898,397,74,1476,1512,216,165,1859,1485,1536,126,369,1512,1497,181,140
ACSSF,2019m1,nc,000,0060,0000201,,,,,,,,,,,,,,,,,,,,,,,,,,,,,,,,,,,,,,,,,,,,,,,,,,,,,,1318,2213,1592,1400,826,553,1581,1486,286,89,2897,2390,2168,777,397,1804,1794,219,202,3496,3246,3347,634,865,1963,1909,266,572,3683,3564,3617,462,865,2309,2100,256,614
ACSSF,2019m1,nc,000,0060,0000202,,,,,,,,,,,,,,,,,,,,,,,,,,,,,,,,,,,,,,,,,,,,,,,,,,,,,,2226,2169,1645,1211,967,360,1371,1226,504,194,3853,2841,2650,887,247,2686,2703,168,253,4132,3154,3038,494,653,2940,2637,1251,361,3470,2970,2764,1172,282,1466,1376,494,136
ACSSF,2019m1,nc,000,0060,0000203,,,,,,,,,,,,,,,,,,,,,,,,,,,,,,,,,,,,,,,,,,,,,,,,,,,,,,,,,,,,,,,,,,,,,,,,,,,,,,,,,,,,,,,,,,
ACSSF,2019m1,nc,000,0060,0000204,,,,,,,,,,,,,,,,,,,,,,,,,,,,,,,,,,,,,,,,,,,,,,,,,,,,,,500,1660,1137,992,442,215,1439,1416,399,93,1912,1474,1393,290,236,1378,1394,247,121,1589,1597,1516,245,93,1330,1311,146,104,1669,1281,1267,45,108,846,791,196,154
ACSSF,2019m1,nc,000,0060,0000205,,,,,,,,,,,,,,,,,,,,,,,,,,,,,,,,,,,,,,,,,,,,,,,,,,,,,,683,2004,1256,1079,455,216,1500,1429,483,78,2452,2148,2138,390,216,1796,1708,433,79,2147,1755,1650,549,79,1149,1129,245,69,1467,1402,1324,651,164,823,823,216,216
ACSSF,2019m1,nc,000,0060,0000206,,,,,,,,,,,,,,,,,,,,,,,,,,,,,,,,,,,,,,,,,,,,,,,,,,,,,,1667,1920,1118,928,703,244,1639,1597,392,216,2785,2094,2103,440,154,1954,1935,333,222,3253,3012,3030,455,250,1630,1625,40,156,2132,1844,1711,742,339,925,906,369,216
ACSSF,2019m1,nc,000,0060,0000207,,,,,,,,,,,,,,,,,,,,,,,,,,,,,,,,,,,,,,,,,,,,,,,,,,,,,,750,1734,1272,1223,335,216,1439,1291,307,216,1928,1423,1422,16,80,1512,1442,474,110,2169,1740,1666,589,237,1325,1330,60,163,1716,1352,1364,208,226,1134,1068,404,30
ACSSF,2019m1,nc,000,0060,0000208,970,1817,1435,979,1044,88,216,98,1224,961,688,315,184,126,2959,2436,2007,822,862,119,75,1782,1773,297,383,216,216,3122,2616,2394,708,426,216,155,1705,1636,332,360,216,209,3330,2984,2553,778,1309,541,241,1702,1512,254,426,137,311,970,1817,1435,979,1044,131,1224,961,688,399,2959,2436,2007,822,863,1782,1773,297,383,3122,2616,2394,708,452,1705,1636,332,417,3330,2984,2553,778,1311,1702,1512,254,544
ACSSF,2019m1,nc,000,0060,0000209,278,4481,3457,2632,2164,698,839,320,3064,2331,1726,450,694,163,7028,5456,4291,2861,831,654,2088,3927,3630,837,1205,697,557,7354,5854,6139,2421,1476,1041,949,4592,4470,965,822,520,325,8364,7961,7339,1920,2569,2358,2430,4409,3879,1025,1152,1334,683,278,4481,3457,2632,2164,1118,3064,2331,1726,869,7028,5456,4291,2861,2409,3927,3630,837,1531,7354,5854,6139,2421,1965,4592,4470,965,1015,8364,7961,7339,1920,3626,4409,3879,1025,1928
ACSSF,2019m1,nc,000,0060,0000210,,,,,,,,,,,,,,,,,,,,,,,,,,,,,,,,,,,,,,,,,,,,,,,,,,,,,,954,1844,1180,735,607,571,1390,1232,534,150,2300,1914,1856,371,130,1871,1849,79,155,2629,2159,2166,569,242,1742,1694,326,13,1878,1747,1694,253,757,969,919,224,210
ACSSF,2019m1,nc,000,0060,0000211,,,,,,,,,,,,,,,,,,,,,,,,,,,,,,,,,,,,,,,,,,,,,,,,,,,,,,,,,,,,,,,,,,,,,,,,,,,,,,,,,,,,,,,,,,
ACSSF,2019m1,nc,000,0060,0000212,,,,,,,,,,,,,,,,,,,,,,,,,,,,,,,,,,,,,,,,,,,,,,,,,,,,,,,,,,,,,,,,,,,,,,,,,,,,,,,,,,,,,,,,,,
