ACSSF,2019m1,nc,000,0024,0000001,25851,9160,9974,7735,10110,9179,8260,12814,12406,7499,7264,11654,11435,9294,8962,4926,37378,9202,13401,8308,11408,9385,9317,12042,12469,8263,7750,12096,11499,9157,8715,5883,25301,5090,9646,3532,7269,6163,5883,5102,4340,4338,3424,3636,2884,2225,1470,2803,18396,3002,6214,3576,5785,4706,4303,3502,3156,2953,2468,2630,1840,1748,1381,1833,12632,3414,4567,2193,3684,3808,3091,3085,2760,1916,1898,1808,1876,1477,1076,1502,,,,,,,,,,,,,,,,,,,,,,,,,,,,,,,,,,,,,,,,,,,,,,,,,,,,,,,,,,,,,,,,,,,,,,,,,,,,,,,,,25851,9160,9974,10129,11726,11336,9435,5333,5918,4926,37378,9202,13401,13597,13284,10913,10479,7671,6946,5883,25301,5090,9646,8576,8135,7427,5244,4679,2683,2803,18396,3002,6214,7107,7029,4706,3673,3413,2326,1833,12632,3414,4567,4233,4707,3891,2834,2602,1756,1502
ACSSF,2019m1,nc,000,0024,0000002,,,,,,,,,,,,,,,,,,,,,,,,,,,,,,,,,,,,,,,,,,,,,,,,,,,,,,,,,,,,,,,,,,,,,,,,,,,,,,,,,,,,,,,,,,,,,,,,,,,,,,,,,,,,,,,,,,,,,,,,,,,,,,,,,,,,,,,,,,,,,,,,,,,,,,,,,,,,,,,,,,,,,,,,,,,,,,,,,,,,,,,,,,,,,,,,,,,,,,,,,,,,,,,,,,
ACSSF,2019m1,nc,000,0024,0000003,,,,,,,,,,,,,,,,,,,,,,,,,,,,,,,,,,,,,,,,,,,,,,,,,,,,,,,,,,,,,,,,,,,,,,,,,,,,,,,,,,,,,,,,,,,,,,,,,,,,,,,,,,,,,,,,,,,,,,,,,,,,,,,,,,,,,,,,,,,,,,,,,,,,,,,,,,,,,,,,,,,,,,,,,,,,,,,,,,,,,,,,,,,,,,,,,,,,,,,,,,,,,,,,,,
ACSSF,2019m1,nc,000,0024,0000004,,,,,,,,,,,,,,,,,,,,,,,,,,,,,,,,,,,,,,,,,,,,,,,,,,,,,,,,,,,,,,,,,,,,,,,,,,,,,,,,,,,,,,,,,,,,,,,,,,,,,,,,,,,,,,,,,,,,,,,,,,,,,,,,,,,,,,,,,,,,,,,,,,,,,,,,,,,,,,,,,,,,,,,,,,,,,,,,,,,,,,,,,,,,,,,,,,,,,,,,,,,,,,,,,,
ACSSF,2019m1,nc,000,0024,0000005,,,,,,,,,,,,,,,,,,,,,,,,,,,,,,,,,,,,,,,,,,,,,,,,,,,,,,,,,,,,,,,,,,,,,,,,,,,,,,,,,,,,,,,,,,,,,,,,,,,,,,,,,,,,,,,,,,,,,,,,,,,,,,,,,,,,,,,,,,,,,,,,,,,,,,,,,,,,,,,,,,,,,,,,,,,,,,,,,,,,,,,,,,,,,,,,,,,,,,,,,,,,,,,,,,
ACSSF,2019m1,nc,000,0024,0000006,,,,,,,,,,,,,,,,,,,,,,,,,,,,,,,,,,,,,,,,,,,,,,,,,,,,,,,,,,,,,,,,,,,,,,,,,,,,,,,,,,,,,,,,,,,,,,,,,,,,,,,,,,,,,,,,,,,,,,,,,,,,,,,,,,,,,,,,,,,,,,,,,,,,,,,,,,,,,,,,,,,,,,,,,,,,,,,,,,,,,,,,,,,,,,,,,,,,,,,,,,,,,,,,,,
ACSSF,2019m1,nc,000,0024,0000007,,,,,,,,,,,,,,,,,,,,,,,,,,,,,,,,,,,,,,,,,,,,,,,,,,,,,,,,,,,,,,,,,,,,,,,,,,,,,,,,,,,,,,,,,,,,,,,,,,,,,,,,,,,,,,,,,,,,,,,,,,,,,,,,,,,,,,,,,,,,,,,,,,,,,,,,,,,,,,,,,,,,,,,,,,,,,,,,,,,,,,,,,,,,,,,,,,,,,,,,,,,,,,,,,,
ACSSF,2019m1,nc,000,0024,0000008,,,,,,,,,,,,,,,,,,,,,,,,,,,,,,,,,,,,,,,,,,,,,,,,,,,,,,,,,,,,,,,,,,,,,,,,,,,,,,,,,,,,,,,,,,,,,,,,,,,,,,,,,,,,,,,,,,,,,,,,,,,,,,,,,,,,,,,,,,,,,,,,,,,,,,,,,,,,,,,,,,,,,,,,,,,,,,,,,,,,,,,,,,,,,,,,,,,,,,,,,,,,,,,,,,
ACSSF,2019m1,nc,000,0024,0000009,,,,,,,,,,,,,,,,,,,,,,,,,,,,,,,,,,,,,,,,,,,,,,,,,,,,,,,,,,,,,,,,,,,,,,,,,,,,,,,,,,,,,,,,,,,,,,,,,,,,,,,,,,,,,,,,,,,,,,,,,,,,,,,,,,,,,,,,,,,,,,,,,,,,,,,,,,,,,,,,,,,,,,,,,,,,,,,,,,,,,,,,,,,,,,,,,,,,,,,,,,,,,,,,,,
ACSSF,2019m1,nc,000,0024,0000010,,,,,,,,,,,,,,,,,,,,,,,,,,,,,,,,,,,,,,,,,,,,,,,,,,,,,,,,,,,,,,,,,,,,,,,,,,,,,,,,,,,,,,,,,,,,,,,,,,,,,,,,,,,,,,,,,,,,,,,,,,,,,,,,,,,,,,,,,,,,,,,,,,,,,,,,,,,,,,,,,,,,,,,,,,,,,,,,,,,,,,,,,,,,,,,,,,,,,,,,,,,,,,,,,,
ACSSF,2019m1,nc,000,0024,0000011,,,,,,,,,,,,,,,,,,,,,,,,,,,,,,,,,,,,,,,,,,,,,,,,,,,,,,,,,,,,,,,,,,,,,,,,,,,,,,,,,,,,,,,,,,,,,,,,,,,,,,,,,,,,,,,,,,,,,,,,,,,,,,,,,,,,,,,,,,,,,,,,,,,,,,,,,,,,,,,,,,,,,,,,,,,,,,,,,,,,,,,,,,,,,,,,,,,,,,,,,,,,,,,,,,
ACSSF,2019m1,nc,000,0024,0000012,,,,,,,,,,,,,,,,,,,,,,,,,,,,,,,,,,,,,,,,,,,,,,,,,,,,,,,,,,,,,,,,,,,,,,,,,,,,,,,,,,,,,,,,,,,,,,,,,,,,,,,,,,,,,,,,,,,,,,,,,,,,,,,,,,,,,,,,,,,,,,,,,,,,,,,,,,,,,,,,,,,,,,,,,,,,,,,,,,,,,,,,,,,,,,,,,,,,,,,,,,,,,,,,,,
ACSSF,2019m1,nc,000,0024,0000013,4756,965,2393,1028,1421,1158,1184,2008,1519,1006,699,1441,1125,1518,1141,347,4609,951,1739,1070,1544,1375,1193,1675,1396,961,663,1467,1087,1304,1083,549,3045,302,1123,335,1003,697,448,604,632,396,286,155,102,89,249,447,2583,268,1313,378,764,329,277,431,657,371,266,117,76,743,282,129,1601,203,716,203,154,115,203,756,189,382,203,82,123,203,156,203,,,,,,,,,,,,,,,,,,,,,,,,,,,,,,,,,,,,,,,,,,,,,,,,,,,,,,,,,,,,,,,,,,,,,,,,,,,,,,,,,4756,965,2393,1412,1845,2084,1115,1072,1195,347,4609,951,1739,1596,1959,1739,1238,1090,932,549,3045,302,1123,1110,825,1042,591,213,285,447,2583,268,1313,919,500,822,460,154,796,129,1601,203,716,154,115,801,382,146,156,203
ACSSF,2019m1,nc,000,0024,0000014,3705,767,1584,1064,875,1369,1325,1128,1517,959,676,1386,1470,1622,1320,909,3841,690,1499,908,769,1148,1346,1066,1402,927,626,1347,1357,1571,1324,869,1946,403,491,208,23,802,400,441,317,444,170,262,319,697,170,115,1306,350,373,316,300,207,376,179,397,203,217,183,164,177,203,232,1426,114,396,400,228,380,150,68,412,382,97,90,204,249,187,73,,,,,,,,,,,,,,,,,,,,,,,,,,,,,,,,,,,,,,,,,,,,,,,,,,,,,,,,,,,,,,,,,,,,,,,,,,,,,,,,,3705,767,1584,1179,1552,1303,1280,1182,1197,909,3841,690,1499,933,1540,1226,1233,1172,1344,869,1946,403,491,212,941,519,553,423,721,115,1306,350,373,452,445,411,217,249,177,232,1426,114,396,446,406,426,405,210,381,73
ACSSF,2019m1,nc,000,0024,0000015,4254,1111,1624,1100,1352,1150,1679,2736,2255,1593,1436,2218,2173,1666,1727,1227,4189,1074,1603,960,1165,1116,1399,2818,2156,1703,1704,2179,2176,1709,1593,1028,3104,81,1115,231,433,540,1026,466,1039,781,608,492,183,152,260,529,2907,478,1001,605,672,393,870,546,207,615,93,396,251,212,190,867,1608,298,389,230,690,393,340,526,257,241,208,184,389,218,236,454,,,,,,,,,,,,,,,,,,,,,,,,,,,,,,,,,,,,,,,,,,,,,,,,,,,,,,,,,,,,,,,,,,,,,,,,,,,,,,,,,4254,1111,1624,1787,2051,2141,2143,1160,1012,1227,4189,1074,1603,1540,1747,2467,2440,1066,956,1028,3104,81,1115,569,1204,1185,1033,500,261,529,2907,478,1001,921,981,548,642,506,325,867,1608,298,389,738,480,629,335,463,307,454
ACSSF,2019m1,nc,000,0024,0000016,,,,,,,,,,,,,,,,,,,,,,,,,,,,,,,,,,,,,,,,,,,,,,,,,,,,,,,,,,,,,,,,,,,,,,,,,,,,,,,,,,,,,,,,,,,,,,,,,,,,,,,,,,,,,,,,,,,,,,,,,,,,,,,,,,,,,,,,,,,,,,,,,,,,,,,,,,,,,,,,,2221,609,987,1104,1270,1098,1293,778,407,496,2487,644,788,1018,1079,1168,1087,520,457,569,2598,338,999,210,505,927,946,235,235,446,1356,164,648,398,558,389,204,470,203,266,928,104,197,371,514,193,72,237,11,203
ACSSF,2019m1,nc,000,0024,0000017,5077,1585,1567,1958,2050,2112,2274,2194,2191,1203,1359,1486,1401,1663,1496,856,5036,1405,1646,1717,1941,1477,2384,2038,2077,1273,1223,1298,1274,1578,1379,934,4298,1030,1479,541,616,974,942,531,520,575,263,586,221,453,333,591,3480,727,1172,468,664,826,462,879,439,390,512,608,339,214,122,155,1362,36,412,160,327,863,488,394,152,256,58,251,190,203,129,257,,,,,,,,,,,,,,,,,,,,,,,,,,,,,,,,,,,,,,,,,,,,,,,,,,,,,,,,,,,,,,,,,,,,,,,,,,,,,,,,,5077,1585,1567,1834,3082,2325,1443,980,840,856,5036,1405,1646,1964,2798,2186,1381,821,906,934,4298,1030,1479,822,1448,791,629,673,549,591,3480,727,1172,834,942,995,567,697,243,155,1362,36,412,378,942,461,263,310,129,257
ACSSF,2019m1,nc,000,0024,0000018,,,,,,,,,,,,,,,,,,,,,,,,,,,,,,,,,,,,,,,,,,,,,,,,,,,,,,,,,,,,,,,,,,,,,,,,,,,,,,,,,,,,,,,,,,,,,,,,,,,,,,,,,,,,,,,,,,,,,,,,,,,,,,,,,,,,,,,,,,,,,,,,,,,,,,,,,,,,,,,,,,,,,,,,,,,,,,,,,,,,,,,,,,,,,,,,,,,,,,,,,,,,,,,,,,
ACSSF,2019m1,nc,000,0024,0000019,2054,673,640,658,696,438,658,716,799,461,503,898,705,642,618,414,2108,610,684,748,665,359,564,685,699,494,524,798,633,757,621,315,1693,130,478,361,191,238,232,232,335,210,387,257,165,383,269,332,1408,184,445,274,79,37,283,264,302,203,81,361,322,136,160,261,613,203,310,99,105,398,148,163,79,203,203,203,203,203,203,203,,,,,,,,,,,,,,,,,,,,,,,,,,,,,,,,,,,,,,,,,,,,,,,,,,,,,,,,,,,,,,,,,,,,,,,,,,,,,,,,,2054,673,640,685,901,635,680,943,478,414,2108,610,684,746,752,591,705,718,663,315,1693,130,478,403,355,521,443,332,482,332,1408,184,445,292,286,406,81,576,213,261,613,203,310,172,374,193,203,203,203,203
ACSSF,2019m1,nc,000,0024,0000020,3752,1192,1296,1195,1224,1437,1357,1406,1703,1109,881,1446,1291,1363,1166,570,3684,1107,1396,959,1214,1279,1491,1282,1557,900,891,1338,1174,1211,1114,570,3008,735,1049,331,546,584,641,347,365,350,476,296,447,269,173,299,2550,443,646,674,558,453,615,362,352,694,145,107,86,420,295,238,1961,203,746,129,228,575,246,279,84,294,135,409,172,103,203,203,,,,,,,,,,,,,,,,,,,,,,,,,,,,,,,,,,,,,,,,,,,,,,,,,,,,,,,,,,,,,,,,,,,,,,,,,,,,,,,,,3752,1192,1296,1261,2184,1423,1434,865,947,570,3684,1107,1396,1141,2011,1373,1323,807,754,570,3008,735,1049,612,988,518,583,495,336,299,2550,443,646,849,890,519,712,138,501,238,1961,203,746,253,775,274,317,443,103,203
ACSSF,2019m1,nc,000,0024,0000021,,,,,,,,,,,,,,,,,,,,,,,,,,,,,,,,,,,,,,,,,,,,,,,,,,,,,,,,,,,,,,,,,,,,,,,,,,,,,,,,,,,,,,,,,,,,,,,,,,,,,,,,,,,,,,,,,,,,,,,,,,,,,,,,,,,,,,,,,,,,,,,,,,,,,,,,,,,,,,,,,,,,,,,,,,,,,,,,,,,,,,,,,,,,,,,,,,,,,,,,,,,,,,,,,,
ACSSF,2019m1,nc,000,0024,0000022,,,,,,,,,,,,,,,,,,,,,,,,,,,,,,,,,,,,,,,,,,,,,,,,,,,,,,,,,,,,,,,,,,,,,,,,,,,,,,,,,,,,,,,,,,,,,,,,,,,,,,,,,,,,,,,,,,,,,,,,,,,,,,,,,,,,,,,,,,,,,,,,,,,,,,,,,,,,,,,,,2922,481,1623,1375,1486,1868,934,347,525,601,2480,600,1238,1147,1248,1604,963,401,527,911,1358,448,485,536,904,260,292,182,167,720,2492,203,1314,827,395,852,204,19,75,161,497,203,203,192,254,201,203,147,152,101
ACSSF,2019m1,nc,000,0024,0000023,3311,1197,1161,939,1425,1127,1256,1145,1343,1310,825,1334,1209,1256,892,540,3006,1044,1139,823,1043,1105,1071,1063,1146,905,843,1263,1225,1149,913,508,2536,509,1128,118,639,545,330,169,168,655,298,164,176,209,193,232,1498,590,526,215,195,515,340,127,152,272,181,371,464,115,117,184,2218,293,708,103,815,412,617,330,674,416,175,134,167,398,203,198,,,,,,,,,,,,,,,,,,,,,,,,,,,,,,,,,,,,,,,,,,,,,,,,,,,,,,,,,,,,,,,,,,,,,,,,,,,,,,,,,3311,1197,1161,1342,1691,1537,1522,742,815,540,3006,1044,1139,1083,1440,1283,1157,502,685,508,2536,509,1128,644,566,244,698,223,285,232,1498,590,526,322,619,194,377,593,163,184,2218,293,708,825,739,716,458,220,398,198
ACSSF,2019m1,nc,000,0024,0000024,8914,2772,2828,1108,2215,2378,1956,1829,2104,987,944,1753,1681,1159,1394,615,5569,1545,2122,974,1415,1888,1229,1625,1484,870,934,1621,1621,1154,1184,629,4272,1032,1652,533,1372,1174,785,851,720,452,651,427,422,420,300,223,3671,698,1411,626,1083,1130,1157,708,615,568,266,195,490,56,683,174,5865,1872,1927,443,1109,1647,1014,398,1089,270,213,562,198,304,77,13,,,,,,,,,,,,,,,,,,,,,,,,,,,,,,,,,,,,,,,,,,,,,,,,,,,,,,,,,,,,,,,,,,,,,,,,,,,,,,,,,8914,2772,2828,2437,3264,1911,1218,1117,1152,615,5569,1545,2122,1805,2173,1556,1203,1018,1073,629,4272,1032,1652,1619,1321,996,767,614,547,223,3671,698,1411,1315,1648,866,648,528,683,174,5865,1872,1927,1242,2130,1128,331,606,313,13
ACSSF,2019m1,nc,000,0024,0000025,2389,1060,592,649,1139,1122,1306,1510,1318,1016,1079,1961,1631,1236,1203,761,3007,1173,1528,335,1193,969,1229,1422,1286,1044,944,1758,1658,1199,1212,822,2485,330,1488,78,463,689,735,380,247,203,250,295,226,217,192,383,1532,151,441,483,461,761,284,203,179,101,406,311,300,129,110,330,808,51,203,49,224,87,56,203,203,101,272,366,333,267,203,203,,,,,,,,,,,,,,,,,,,,,,,,,,,,,,,,,,,,,,,,,,,,,,,,,,,,,,,,,,,,,,,,,,,,,,,,,,,,,,,,,2389,1060,592,1330,1330,1033,1348,1252,603,761,3007,1173,1528,1193,1423,985,1286,1002,662,822,2485,330,1488,471,897,441,298,431,320,383,1532,151,441,657,804,269,401,459,201,330,808,51,203,220,100,203,276,532,267,203
ACSSF,2019m1,nc,000,0024,0000026,7011,1624,2385,1755,2324,1746,1551,3346,2928,1552,1200,1658,1836,1434,1580,985,7576,1366,2597,1404,2395,1906,2029,2692,2814,1581,1509,1729,1916,1499,1540,1124,6322,687,2400,911,1845,1709,1169,1327,796,471,1394,933,484,358,336,614,4421,952,1947,546,1210,928,817,784,399,178,364,209,361,126,146,118,2049,364,660,305,536,1048,615,998,475,501,279,204,476,203,240,411,,,,,,,,,,,,,,,,,,,,,,,,,,,,,,,,,,,,,,,,,,,,,,,,,,,,,,,,,,,,,,,,,,,,,,,,,,,,,,,,,7011,1624,2385,2402,2397,2546,1661,1431,1391,985,7576,1366,2597,2570,2817,2339,2027,1747,1468,1124,6322,687,2400,1876,2194,1512,1539,1092,508,614,4421,952,1947,1337,1207,905,438,420,192,118,2049,364,660,619,1200,1074,564,514,240,411
ACSSF,2019m1,nc,000,0024,0000027,5020,1612,1143,1613,1758,1488,1003,2449,2232,1235,1128,2497,2085,1666,1514,795,6360,1729,2591,1402,1740,1452,1196,2131,2331,1469,1052,2345,2185,1689,1470,813,5380,1526,2330,899,1013,1260,895,1151,579,1006,503,491,930,386,231,337,2385,342,291,631,978,1075,628,313,373,367,438,511,218,91,240,329,1699,525,259,204,389,525,410,322,51,412,237,421,109,86,127,43,,,,,,,,,,,,,,,,,,,,,,,,,,,,,,,,,,,,,,,,,,,,,,,,,,,,,,,,,,,,,,,,,,,,,,,,,,,,,,,,,5020,1612,1143,1851,1957,1236,1259,1359,756,795,6360,1729,2591,1871,2035,1441,1450,1605,864,813,5380,1526,2330,1424,1620,1234,1235,1020,431,337,2385,342,291,1203,1398,502,596,564,290,329,1699,525,259,476,700,327,456,464,139,43
ACSSF,2019m1,nc,000,0024,0000028,,,,,,,,,,,,,,,,,,,,,,,,,,,,,,,,,,,,,,,,,,,,,,,,,,,,,,,,,,,,,,,,,,,,,,,,,,,,,,,,,,,,,,,,,,,,,,,,,,,,,,,,,,,,,,,,,,,,,,,,,,,,,,,,,,,,,,,,,,,,,,,,,,,,,,,,,,,,,,,,,,,,,,,,,,,,,,,,,,,,,,,,,,,,,,,,,,,,,,,,,,,,,,,,,,
ACSSF,2019m1,nc,000,0024,0000029,3945,863,1383,971,1578,1170,998,2053,1919,741,876,1527,1554,1461,1277,539,4874,1164,1754,770,1425,1155,1192,2123,1527,1034,915,1563,1509,1389,1213,498,3736,912,1434,475,714,860,818,488,955,849,317,384,441,222,270,252,2078,300,786,464,780,817,396,506,330,253,276,288,203,387,203,203,1059,203,322,122,460,135,376,40,915,289,16,184,66,128,107,203,,,,,,,,,,,,,,,,,,,,,,,,,,,,,,,,,,,,,,,,,,,,,,,,,,,,,,,,,,,,,,,,,,,,,,,,,,,,,,,,,3945,863,1383,1740,1802,1698,982,716,837,539,4874,1164,1754,1617,1708,1549,1456,896,764,498,3736,912,1434,914,1193,1105,1003,563,357,252,2078,300,786,873,857,560,364,288,387,203,1059,203,322,479,396,918,287,161,204,203
ACSSF,2019m1,nc,000,0024,0000030,7621,1493,1989,2216,2628,1983,1570,2544,2954,914,1176,2680,2768,1832,1843,1241,8539,1928,3100,1908,2137,2531,1395,2551,2736,1216,1103,2597,2624,1996,1837,1287,7251,1275,2902,775,1515,1980,1326,858,1370,1201,915,375,583,660,497,592,4175,466,1189,704,1393,1066,1171,454,1196,534,989,487,667,186,436,475,2237,329,700,951,543,435,354,401,266,345,349,452,450,145,77,126,,,,,,,,,,,,,,,,,,,,,,,,,,,,,,,,,,,,,,,,,,,,,,,,,,,,,,,,,,,,,,,,,,,,,,,,,,,,,,,,,7621,1493,1989,3530,2535,1940,1422,1489,1096,1241,8539,1928,3100,2882,2806,2284,1624,1186,1299,1287,7251,1275,2902,1680,2379,1804,1608,713,783,592,4175,466,1189,1581,1631,1259,1185,861,503,475,2237,329,700,1129,636,578,508,785,161,126
ACSSF,2019m1,nc,000,0024,0000031,3980,1202,1541,937,1173,1156,1198,1210,1348,970,766,985,1025,725,758,463,4246,1030,1598,1041,869,951,996,1179,1331,1189,798,901,1032,726,756,396,2094,95,746,563,429,248,311,101,417,549,138,137,107,81,82,121,1731,491,389,285,803,537,546,383,100,202,154,240,66,106,203,177,1429,453,638,146,252,345,412,236,203,84,145,140,203,203,150,203,,,,,,,,,,,,,,,,,,,,,,,,,,,,,,,,,,,,,,,,,,,,,,,,,,,,,,,,,,,,,,,,,,,,,,,,,,,,,,,,,3980,1202,1541,1186,1885,1414,1171,828,348,463,4246,1030,1598,1163,1544,1316,1404,734,363,396,2094,95,746,714,362,462,560,216,117,121,1731,491,389,869,760,429,261,264,106,177,1429,453,638,304,592,236,205,140,150,203
ACSSF,2019m1,nc,000,0024,0000032,,,,,,,,,,,,,,,,,,,,,,,,,,,,,,,,,,,,,,,,,,,,,,,,,,,,,,,,,,,,,,,,,,,,,,,,,,,,,,,,,,,,,,,,,,,,,,,,,,,,,,,,,,,,,,,,,,,,,,,,,,,,,,,,,,,,,,,,,,,,,,,,,,,,,,,,,,,,,,,,,3373,893,1474,806,1887,1863,1350,655,810,571,3002,878,1368,941,1799,1798,1318,610,595,588,1478,87,520,666,172,556,427,270,221,287,1068,154,340,330,322,589,258,210,293,148,809,15,180,203,199,414,264,193,338,203
ACSSF,2019m1,nc,000,0024,0000033,4748,1129,1148,857,1391,1679,1179,1961,1611,1056,1135,1329,1174,1111,1041,702,5130,823,1779,627,1178,1481,1169,1636,1649,1073,975,1141,1095,1106,1015,640,3865,178,2107,223,760,322,700,891,193,308,241,421,186,318,170,282,2302,741,207,407,755,734,711,97,405,118,460,106,227,203,114,178,1776,330,289,238,386,631,18,676,309,82,142,391,208,127,204,269,,,,,,,,,,,,,,,,,,,,,,,,,,,,,,,,,,,,,,,,,,,,,,,,,,,,,,,,,,,,,,,,,,,,,,,,,,,,,,,,,4748,1129,1148,1625,1980,2051,1601,1007,825,702,5130,823,1779,1308,1755,1800,1448,830,835,640,3865,178,2107,761,760,908,390,499,327,282,2302,741,207,890,1172,419,493,251,114,178,1776,330,289,466,630,889,163,551,245,269
ACSSF,2019m1,nc,000,0024,0000034,5973,1298,1553,1519,2360,1516,2123,2487,2563,1396,1070,1743,2007,1569,1577,946,5440,1149,1751,1382,1137,1373,1960,2475,2405,1202,878,1698,1957,1561,1513,909,3458,674,1378,66,221,157,803,391,1203,867,203,164,221,91,306,225,3259,708,758,534,1720,711,411,499,502,507,284,162,66,105,80,161,1655,263,798,124,205,126,231,62,196,240,354,205,250,121,370,126,,,,,,,,,,,,,,,,,,,,,,,,,,,,,,,,,,,,,,,,,,,,,,,,,,,,,,,,,,,,,,,,,,,,,,,,,,,,,,,,,5973,1298,1553,2840,2567,1736,1586,1045,905,946,5440,1149,1751,1664,2374,1724,1283,985,922,909,3458,674,1378,234,845,1240,867,269,300,225,3259,708,758,1795,826,842,625,175,129,161,1655,263,798,214,260,206,439,325,388,126
ACSSF,2019m1,nc,000,0024,0000035,,,,,,,,,,,,,,,,,,,,,,,,,,,,,,,,,,,,,,,,,,,,,,,,,,,,,,,,,,,,,,,,,,,,,,,,,,,,,,,,,,,,,,,,,,,,,,,,,,,,,,,,,,,,,,,,,,,,,,,,,,,,,,,,,,,,,,,,,,,,,,,,,,,,,,,,,,,,,,,,,2364,889,751,890,1358,961,979,930,610,746,2311,885,851,682,1106,847,1226,962,526,534,1644,203,557,444,110,320,667,404,200,92,1154,91,398,396,524,553,288,183,338,103,1005,122,203,497,428,44,203,203,69,520
ACSSF,2019m1,nc,000,0024,0000036,12866,3420,4551,1808,3062,3773,3013,4735,4870,2030,1600,2982,3143,2338,1861,1155,12618,2813,4468,1492,2343,3487,3291,4239,4578,1742,1468,2920,3067,2133,1851,1095,9002,1581,2939,1075,1959,2412,2758,1591,1986,1440,1077,1386,902,823,390,712,5531,720,1455,1311,1844,1184,1303,889,1004,1152,1037,1073,416,666,424,390,6635,1534,2473,534,1654,1719,1871,1828,1573,826,803,1282,577,682,501,570,,,,,,,,,,,,,,,,,,,,,,,,,,,,,,,,,,,,,,,,,,,,,,,,,,,,,,,,,,,,,,,,,,,,,,,,,,,,,,,,,12866,3420,4551,3403,5277,4294,2845,2006,2015,1155,12618,2813,4468,2820,4883,3714,2252,2010,1461,1095,9002,1581,2939,2418,3506,2679,1805,1706,944,712,5531,720,1455,2352,1781,1377,1790,1233,937,390,6635,1534,2473,1709,2569,2492,1239,1350,1016,570
ACSSF,2019m1,nc,000,0024,0000037,,,,,,,,,,,,,,,,,,,,,,,,,,,,,,,,,,,,,,,,,,,,,,,,,,,,,,,,,,,,,,,,,,,,,,,,,,,,,,,,,,,,,,,,,,,,,,,,,,,,,,,,,,,,,,,,,,,,,,,,,,,,,,,,,,,,,,,,,,,,,,,,,,,,,,,,,,,,,,,,,3003,1053,987,977,1807,1173,1025,855,756,822,3764,1175,1206,938,1405,1359,1059,848,709,837,3309,1044,993,645,815,1313,308,442,308,203,1759,134,515,486,1001,436,94,79,107,206,817,96,329,198,245,385,231,41,185,88
ACSSF,2019m1,nc,000,0024,0000038,,,,,,,,,,,,,,,,,,,,,,,,,,,,,,,,,,,,,,,,,,,,,,,,,,,,,,,,,,,,,,,,,,,,,,,,,,,,,,,,,,,,,,,,,,,,,,,,,,,,,,,,,,,,,,,,,,,,,,,,,,,,,,,,,,,,,,,,,,,,,,,,,,,,,,,,,,,,,,,,,3100,865,1141,1447,1569,1287,768,845,661,303,3630,919,1333,1084,1695,1137,904,837,388,358,2381,531,1008,222,1112,401,859,412,203,247,1814,156,456,937,224,696,67,379,552,203,482,162,203,137,225,49,73,203,239,203
ACSSF,2019m1,nc,000,0024,0000039,5480,1419,2125,1164,1942,1549,1648,2205,1844,1232,1251,1586,1663,1617,1531,503,5121,1085,1960,1035,1938,1417,1270,1892,2061,1186,1304,1655,1704,1609,1482,728,3502,624,1220,407,1300,1291,360,889,830,523,488,728,378,434,193,604,3282,1012,1272,350,835,837,786,226,665,452,69,164,259,142,142,185,1507,336,302,279,383,367,515,477,241,315,66,415,267,128,122,130,,,,,,,,,,,,,,,,,,,,,,,,,,,,,,,,,,,,,,,,,,,,,,,,,,,,,,,,,,,,,,,,,,,,,,,,,,,,,,,,,5480,1419,2125,2305,2468,1870,1721,1116,833,503,5121,1085,1960,2227,2135,1995,1706,1389,799,728,3502,624,1220,1316,1411,1228,682,842,521,604,3282,1012,1272,904,1253,729,466,319,201,185,1507,336,302,526,623,601,319,425,172,130
ACSSF,2019m1,nc,000,0024,0000040,7270,1653,2463,1486,3094,2348,1953,1744,1879,1436,1119,1224,1253,1505,1003,642,7147,1753,2612,1396,2921,2282,2105,1849,1822,1301,988,1217,1214,1146,1019,658,5769,1689,1647,609,1849,1867,1656,565,348,1060,569,384,173,203,296,297,2155,409,739,498,684,861,579,319,181,9,321,339,96,97,157,101,3807,928,829,478,1626,814,1088,505,347,281,224,134,197,868,203,136,,,,,,,,,,,,,,,,,,,,,,,,,,,,,,,,,,,,,,,,,,,,,,,,,,,,,,,,,,,,,,,,,,,,,,,,,,,,,,,,,7270,1653,2463,3260,3412,1904,1797,761,1042,642,7147,1753,2612,2669,3564,1884,1592,826,684,658,5769,1689,1647,2160,2774,775,1258,459,296,297,2155,409,739,851,1077,365,321,357,190,101,3807,928,829,1750,1436,651,385,281,868,136
ACSSF,2019m1,nc,000,0024,0000041,4342,840,1450,1133,2049,1764,1251,1426,1513,1133,1306,1320,1243,994,921,655,4103,787,1905,1019,1818,941,986,1373,1185,996,1269,1369,1216,1026,998,633,3171,190,1742,355,1240,1022,442,466,285,427,205,270,290,155,363,136,2425,217,550,341,865,1269,617,290,578,231,290,331,161,116,190,183,980,271,102,213,437,377,448,284,176,66,103,112,70,64,79,203,,,,,,,,,,,,,,,,,,,,,,,,,,,,,,,,,,,,,,,,,,,,,,,,,,,,,,,,,,,,,,,,,,,,,,,,,,,,,,,,,4342,840,1450,1911,2507,1654,1377,782,993,655,4103,787,1905,1805,1489,1340,1323,738,1057,633,3171,190,1742,1204,1138,576,462,393,400,136,2425,217,550,976,1434,636,361,379,221,183,980,271,102,480,561,340,123,135,141,203
ACSSF,2019m1,nc,000,0024,0000042,4944,1310,1909,1188,2488,1747,1408,1836,1554,1074,603,1213,1221,991,1020,491,4781,1285,1837,755,2562,1478,1456,1874,1658,1155,817,1127,1198,1012,1013,663,3405,680,1227,695,1671,992,464,1029,682,541,680,511,186,345,40,553,2935,426,1145,519,896,613,298,446,161,429,367,298,129,203,11,333,1301,203,257,202,809,361,610,795,78,203,148,97,68,203,92,89,,,,,,,,,,,,,,,,,,,,,,,,,,,,,,,,,,,,,,,,,,,,,,,,,,,,,,,,,,,,,,,,,,,,,,,,,,,,,,,,,4944,1310,1909,2461,2286,1839,1201,951,586,491,4781,1285,1837,2550,2239,2083,1390,741,654,663,3405,680,1227,1720,1040,1497,865,550,351,553,2935,426,1145,1059,683,469,623,352,11,333,1301,203,257,838,739,806,148,156,92,89
ACSSF,2019m1,nc,000,0024,0000043,4084,745,2132,508,1098,1236,1139,1357,1397,739,739,1442,1391,1155,1310,815,3899,1021,1258,540,891,1027,899,1249,1397,898,715,1417,1388,1143,1279,973,4052,871,1429,310,993,827,680,253,436,775,521,336,175,132,206,526,3536,293,1759,236,680,898,614,319,282,521,203,137,79,72,136,116,697,197,175,203,203,334,203,203,73,203,203,51,139,203,203,203,,,,,,,,,,,,,,,,,,,,,,,,,,,,,,,,,,,,,,,,,,,,,,,,,,,,,,,,,,,,,,,,,,,,,,,,,,,,,,,,,4084,745,2132,1173,1986,1264,955,775,857,815,3899,1021,1258,1049,1460,1162,1102,819,883,973,4052,871,1429,1103,1230,470,927,380,247,526,3536,293,1759,712,1461,581,521,157,155,116,697,197,175,203,334,73,203,175,203,203
ACSSF,2019m1,nc,000,0024,0000044,2002,706,651,844,711,741,284,1010,831,336,232,875,827,923,864,265,1765,581,744,698,808,490,394,801,778,371,462,853,851,886,816,180,1541,381,490,167,314,123,284,311,245,274,379,72,273,140,214,130,1425,493,312,448,224,246,118,497,141,238,22,193,92,135,183,250,932,311,176,203,108,498,203,356,118,203,203,203,203,203,67,203,,,,,,,,,,,,,,,,,,,,,,,,,,,,,,,,,,,,,,,,,,,,,,,,,,,,,,,,,,,,,,,,,,,,,,,,,,,,,,,,,2002,706,651,765,775,796,382,483,430,265,1765,581,744,818,625,574,607,383,364,180,1541,381,490,394,309,412,436,274,214,130,1425,493,312,495,275,518,238,212,296,250,932,311,176,108,498,412,203,203,67,203
ACSSF,2019m1,nc,000,0024,0000045,,,,,,,,,,,,,,,,,,,,,,,,,,,,,,,,,,,,,,,,,,,,,,,,,,,,,,,,,,,,,,,,,,,,,,,,,,,,,,,,,,,,,,,,,,,,,,,,,,,,,,,,,,,,,,,,,,,,,,,,,,,,,,,,,,,,,,,,,,,,,,,,,,,,,,,,,,,,,,,,,3154,688,1367,807,975,1739,1325,614,347,354,4092,1026,1635,943,1072,1485,1094,757,409,306,3456,761,1384,488,869,574,725,614,305,367,685,203,174,186,178,181,399,280,93,102,2177,422,809,151,288,973,104,189,120,203
ACSSF,2019m1,nc,000,0024,0000046,3763,1005,982,849,1082,1466,1104,1472,1294,826,945,1095,942,1083,1008,667,3925,1129,1093,681,1003,1100,1173,1512,1300,808,951,1017,970,1052,982,663,2555,550,625,405,548,203,1140,622,111,230,472,597,269,35,226,232,1163,22,169,378,762,492,433,157,90,199,87,282,261,190,203,183,651,203,80,74,80,503,83,77,203,203,174,130,143,203,103,198,,,,,,,,,,,,,,,,,,,,,,,,,,,,,,,,,,,,,,,,,,,,,,,,,,,,,,,,,,,,,,,,,,,,,,,,,,,,,,,,,3763,1005,982,1310,1905,1019,1145,659,622,667,3925,1129,1093,1223,1527,1152,1193,868,597,663,2555,550,625,700,1140,652,616,654,231,232,1163,22,169,802,659,220,218,418,190,183,651,203,80,108,511,77,174,193,103,198
ACSSF,2019m1,nc,000,0024,0000047,,,,,,,,,,,,,,,,,,,,,,,,,,,,,,,,,,,,,,,,,,,,,,,,,,,,,,,,,,,,,,,,,,,,,,,,,,,,,,,,,,,,,,,,,,,,,,,,,,,,,,,,,,,,,,,,,,,,,,,,,,,,,,,,,,,,,,,,,,,,,,,,,,,,,,,,,,,,,,,,,1649,454,741,707,845,600,920,777,498,723,2819,452,1044,753,819,613,918,921,524,770,2227,433,553,949,710,382,112,574,161,354,263,203,127,137,87,83,203,75,203,203,624,206,240,109,301,323,84,130,203,135
ACSSF,2019m1,nc,000,0024,0000048,,,,,,,,,,,,,,,,,,,,,,,,,,,,,,,,,,,,,,,,,,,,,,,,,,,,,,,,,,,,,,,,,,,,,,,,,,,,,,,,,,,,,,,,,,,,,,,,,,,,,,,,,,,,,,,,,,,,,,,,,,,,,,,,,,,,,,,,,,,,,,,,,,,,,,,,,,,,,,,,,,,,,,,,,,,,,,,,,,,,,,,,,,,,,,,,,,,,,,,,,,,,,,,,,,
ACSSF,2019m1,nc,000,0024,0000049,5419,1033,1714,1058,1699,1994,906,2024,2120,1262,689,1527,1362,1331,1195,644,5704,1054,2362,804,1107,1001,978,1806,2084,1069,696,1444,1305,1303,1229,641,3568,350,1787,372,679,814,550,662,436,659,550,297,835,235,370,155,2556,153,301,540,1137,958,315,209,564,725,288,127,127,294,203,217,2369,203,896,311,681,1422,203,250,318,321,250,392,99,203,203,203,,,,,,,,,,,,,,,,,,,,,,,,,,,,,,,,,,,,,,,,,,,,,,,,,,,,,,,,,,,,,,,,,,,,,,,,,,,,,,,,,5419,1033,1714,1754,2281,1899,1389,1042,1070,644,5704,1054,2362,1240,1396,1747,1333,1106,1086,641,3568,350,1787,782,1005,829,888,874,480,155,2556,153,301,1206,1010,589,806,178,294,217,2369,203,896,723,1422,362,420,412,203,203
ACSSF,2019m1,nc,000,0024,0000050,10922,2769,3554,1892,3217,2365,2310,4609,4518,1671,1501,3754,3197,2361,2424,1284,10903,2835,4014,1959,3217,2841,2248,4732,4140,1912,1243,3598,3160,2480,2347,1328,9527,2113,3225,1231,2726,2665,2081,2159,2162,1492,959,1356,1133,1015,679,680,4868,410,1648,938,1669,1060,965,1039,882,1085,450,563,520,397,480,566,3068,340,970,756,749,934,841,567,803,430,686,196,258,479,457,366,,,,,,,,,,,,,,,,,,,,,,,,,,,,,,,,,,,,,,,,,,,,,,,,,,,,,,,,,,,,,,,,,,,,,,,,,,,,,,,,,10922,2769,3554,3946,3192,3229,2288,1824,1501,1284,10903,2835,4014,3907,3777,3733,2433,2333,1791,1328,9527,2113,3225,3259,3633,2862,1997,1873,1264,680,4868,410,1648,1890,1529,1465,1222,784,712,566,3068,340,970,1086,1215,985,911,339,658,366
ACSSF,2019m1,nc,000,0024,0000051,3745,1405,1698,1258,1415,1236,1266,1096,1304,870,689,1000,1079,790,876,295,3672,1117,1162,983,1375,1168,1200,1053,1242,1044,696,1105,1254,779,872,256,3097,667,726,492,501,902,608,218,758,560,230,813,573,45,104,103,2090,309,1252,745,467,657,519,245,313,149,241,49,124,203,59,94,1656,627,439,66,254,681,293,297,153,261,203,232,203,203,226,124,,,,,,,,,,,,,,,,,,,,,,,,,,,,,,,,,,,,,,,,,,,,,,,,,,,,,,,,,,,,,,,,,,,,,,,,,,,,,,,,,3745,1405,1698,1483,1934,1373,1121,524,537,295,3672,1117,1162,1203,1741,1420,1236,1304,562,256,3097,667,726,710,1104,770,613,1208,113,103,2090,309,1252,910,840,451,245,129,59,94,1656,627,439,260,776,385,261,232,226,124
ACSSF,2019m1,nc,000,0024,0000052,,,,,,,,,,,,,,,,,,,,,,,,,,,,,,,,,,,,,,,,,,,,,,,,,,,,,,,,,,,,,,,,,,,,,,,,,,,,,,,,,,,,,,,,,,,,,,,,,,,,,,,,,,,,,,,,,,,,,,,,,,,,,,,,,,,,,,,,,,,,,,,,,,,,,,,,,,,,,,,,,,,,,,,,,,,,,,,,,,,,,,,,,,,,,,,,,,,,,,,,,,,,,,,,,,
ACSSF,2019m1,nc,000,0024,0000053,,,,,,,,,,,,,,,,,,,,,,,,,,,,,,,,,,,,,,,,,,,,,,,,,,,,,,,,,,,,,,,,,,,,,,,,,,,,,,,,,,,,,,,,,,,,,,,,,,,,,,,,,,,,,,,,,,,,,,,,,,,,,,,,,,,,,,,,,,,,,,,,,,,,,,,,,,,,,,,,,2681,841,1496,1371,1713,1650,910,416,631,582,2324,822,1398,1465,1575,1577,902,540,646,603,1712,215,469,481,554,623,372,479,132,154,1818,164,733,463,808,402,176,76,106,203,584,203,203,203,151,151,271,203,112,158
ACSSF,2019m1,nc,000,0024,0000054,3203,1266,2054,812,1298,1328,1958,1675,1836,1878,1289,1063,1153,1076,998,1521,3039,1098,1923,719,1125,1232,1772,1616,1341,1664,1286,1014,1124,1065,955,1291,2143,45,661,203,334,401,868,374,949,621,589,198,170,105,149,458,1592,419,452,286,378,312,817,175,181,382,93,221,147,154,203,235,1332,266,324,86,608,308,339,454,198,235,177,203,317,63,203,397,,,,,,,,,,,,,,,,,,,,,,,,,,,,,,,,,,,,,,,,,,,,,,,,,,,,,,,,,,,,,,,,,,,,,,,,,,,,,,,,,3203,1266,2054,1540,2524,1933,2256,1647,1511,1521,3039,1098,1923,1294,2213,1762,2088,1522,1463,1291,2143,45,661,334,912,1034,820,237,181,458,1592,419,452,484,902,231,418,268,154,235,1332,266,324,608,457,522,300,317,63,397
ACSSF,2019m1,nc,000,0024,0000055,5360,1492,2470,1241,1566,2210,1896,2073,1777,2381,1573,1485,1314,1211,1192,1189,4506,1184,2326,1010,1258,1607,1798,2008,1690,2132,1575,1368,1233,1212,1078,1209,3481,898,1179,465,652,1553,1019,454,606,678,319,383,308,203,182,215,1646,203,262,606,681,442,203,278,400,154,290,285,203,172,359,80,913,107,232,237,285,344,92,180,189,121,62,111,74,248,354,177,,,,,,,,,,,,,,,,,,,,,,,,,,,,,,,,,,,,,,,,,,,,,,,,,,,,,,,,,,,,,,,,,,,,,,,,,,,,,,,,,5360,1492,2470,2240,3082,2603,2924,2122,1581,1189,4506,1184,2326,1706,2534,2524,2706,1949,1485,1209,3481,898,1179,859,1859,821,783,486,182,215,1646,203,262,971,442,573,335,285,399,80,913,107,232,345,357,293,136,129,441,177
ACSSF,2019m1,nc,000,0024,0000056,12669,3483,5417,2216,2999,3980,3427,4767,4817,2759,2498,2806,2996,2154,2009,2050,11586,2906,5146,1820,2468,3568,3251,4041,4544,2607,2296,2793,2975,1952,2043,1899,8094,1550,2584,890,1797,2361,2574,1507,1800,1334,1005,1142,880,823,321,693,5347,705,1365,1051,1747,1085,1224,881,1001,1103,990,1035,437,540,322,379,5829,1124,2350,405,1405,1626,1727,1416,1541,806,759,1145,496,637,441,536,,,,,,,,,,,,,,,,,,,,,,,,,,,,,,,,,,,,,,,,,,,,,,,,,,,,,,,,,,,,,,,,,,,,,,,,,,,,,,,,,12669,3483,5417,3586,5575,4841,3887,2780,2363,2050,11586,2906,5146,2912,5095,3967,3212,2851,2115,1899,8094,1550,2584,2114,3372,2509,1588,1457,905,693,5347,705,1365,2082,1613,1384,1664,1220,682,379,5829,1124,2350,1428,2333,2217,1238,1192,957,536
ACSSF,2019m1,nc,000,0024,0000057,4135,1337,2376,1948,2125,1339,1746,1713,1549,1333,1410,1284,1076,823,814,988,4070,1272,2192,1733,1983,978,1500,1529,1471,1315,1403,1136,1006,825,802,861,3868,1030,1475,525,342,908,939,456,499,210,263,108,116,121,337,372,2527,582,1105,285,563,237,212,857,258,130,159,593,284,82,203,203,974,203,354,160,315,161,471,222,152,203,58,170,125,203,129,257,,,,,,,,,,,,,,,,,,,,,,,,,,,,,,,,,,,,,,,,,,,,,,,,,,,,,,,,,,,,,,,,,,,,,,,,,,,,,,,,,4135,1337,2376,2360,2389,1861,2109,1613,1030,988,4070,1272,2192,2417,1849,1542,2078,1476,1095,861,3868,1030,1475,622,1428,739,347,189,388,372,2527,582,1105,593,316,911,211,659,82,203,974,203,354,368,497,332,58,210,129,257
ACSSF,2019m1,nc,000,0024,0000058,6914,1762,2931,1575,2275,2100,1754,3186,2822,1604,1395,1742,1858,1610,1534,1175,7005,1534,2918,1363,2344,1910,2063,2511,2702,1563,1550,1696,1924,1605,1458,1174,5757,687,2339,747,1846,1569,1168,1327,796,471,1394,349,508,353,315,575,4220,952,1828,466,1191,877,697,784,399,178,357,190,350,126,146,118,1988,351,645,305,536,1048,584,988,473,501,279,204,466,203,240,140,,,,,,,,,,,,,,,,,,,,,,,,,,,,,,,,,,,,,,,,,,,,,,,,,,,,,,,,,,,,,,,,,,,,,,,,,,,,,,,,,6914,1762,2931,2295,2796,2421,1850,1968,1834,1175,7005,1534,2918,2536,2758,2186,2096,1981,1800,1174,5757,687,2339,1909,2090,1512,1539,617,480,575,4220,952,1828,1206,1136,905,434,394,192,118,1988,351,645,619,1131,1061,564,505,240,140
ACSSF,2019m1,nc,000,0024,0000059,7584,2308,3520,1048,2088,1900,1788,1801,1755,1255,1121,1286,1242,1117,1181,1114,4364,1496,2283,944,1462,1687,1334,1475,1169,1035,976,1212,1204,1033,871,1090,3521,891,1307,353,1303,1019,746,704,478,397,576,395,399,398,256,191,3400,622,1351,515,1099,1031,917,690,615,567,197,195,265,56,683,203,4208,1521,1697,384,897,1085,906,376,1049,223,197,356,177,300,203,13,,,,,,,,,,,,,,,,,,,,,,,,,,,,,,,,,,,,,,,,,,,,,,,,,,,,,,,,,,,,,,,,,,,,,,,,,,,,,,,,,7584,2308,3520,2369,2652,2434,1606,1602,1629,1114,4364,1496,2283,1710,2221,1644,1271,1495,1374,1090,3521,891,1307,1427,1246,786,715,576,511,191,3400,622,1351,1237,1417,856,600,315,683,203,4208,1521,1697,962,1577,1082,273,403,300,13
ACSSF,2019m1,nc,000,0024,0000060,,,,,,,,,,,,,,,,,,,,,,,,,,,,,,,,,,,,,,,,,,,,,,,,,,,,,,,,,,,,,,,,,,,,,,,,,,,,,,,,,,,,,,,,,,,,,,,,,,,,,,,,,,,,,,,,,,,,,,,,,,,,,,,,,,,,,,,,,,,,,,,,,,,,,,,,,,,,,,,,,3448,993,1909,1218,1436,1890,1448,1294,1246,774,3119,917,1696,1211,1363,1836,1450,1275,1217,730,2321,470,695,453,855,673,626,423,156,213,1194,110,600,505,440,165,200,93,203,203,662,203,276,292,105,467,170,66,176,203
ACSSF,2019m1,nc,000,0024,0000061,6242,2007,2662,2286,2588,2397,2392,1893,2563,1942,1996,2372,2139,1892,1554,1918,6320,2039,2884,1914,2254,2401,2179,1906,2110,1722,1875,2339,1994,1799,1509,1862,5449,1040,2331,625,1314,1051,1154,676,1064,845,873,251,532,640,280,368,2962,231,948,575,883,915,918,264,1150,176,506,302,574,145,342,431,1768,284,562,908,494,390,281,305,137,229,345,324,271,80,203,95,,,,,,,,,,,,,,,,,,,,,,,,,,,,,,,,,,,,,,,,,,,,,,,,,,,,,,,,,,,,,,,,,,,,,,,,,,,,,,,,,6242,2007,2662,3588,3287,2515,2430,2610,2342,1918,6320,2039,2884,2991,3249,2263,2211,2437,2222,1862,5449,1040,2331,1413,1644,1387,1308,585,704,368,2962,231,948,1025,1359,1172,552,670,365,431,1768,284,562,1064,621,373,446,473,80,95
ACSSF,2019m1,nc,000,0024,0000062,4521,1216,2043,844,2280,2041,1383,1646,1315,942,895,1335,1060,857,749,1015,3960,1089,1858,338,2506,1622,1120,1376,1361,872,820,1329,1010,890,758,1034,2868,500,709,598,1569,843,386,948,444,529,443,478,100,345,203,348,1822,169,757,274,802,570,121,349,150,201,304,245,129,203,203,322,1268,203,257,200,809,361,610,758,69,203,148,97,68,203,92,89,,,,,,,,,,,,,,,,,,,,,,,,,,,,,,,,,,,,,,,,,,,,,,,,,,,,,,,,,,,,,,,,,,,,,,,,,,,,,,,,,4521,1216,2043,2196,2447,1819,1340,1517,1085,1015,3960,1089,1858,2444,1940,1673,1134,1523,1098,1034,2868,500,709,1644,930,1136,744,487,345,348,1822,169,757,847,575,384,408,305,203,322,1268,203,257,837,739,769,148,156,92,89
ACSSF,2019m1,nc,000,0024,0000063,3112,1366,1996,938,1607,2000,1928,1453,1585,1493,1511,1480,1178,1186,1046,1307,4336,1344,2267,815,1400,1481,1659,1457,1309,1332,1503,1464,1126,1113,1039,1306,3742,863,1362,528,343,1423,602,208,869,470,187,145,273,228,173,219,1102,41,101,225,762,282,323,111,143,57,217,180,145,203,203,199,715,10,233,49,192,152,203,203,109,245,203,244,323,94,203,203,,,,,,,,,,,,,,,,,,,,,,,,,,,,,,,,,,,,,,,,,,,,,,,,,,,,,,,,,,,,,,,,,,,,,,,,,,,,,,,,,3112,1366,1996,1957,2795,1999,1921,1916,1657,1307,4336,1344,2267,1768,2253,1852,1814,1889,1589,1306,3742,863,1362,606,1493,909,504,317,287,219,1102,41,101,827,460,234,224,289,203,199,715,10,233,198,152,109,245,524,94,203
ACSSF,2019m1,nc,000,0024,0000064,5600,1210,2363,795,2845,2001,1599,1259,1053,1393,940,736,604,1207,817,937,4229,809,1969,536,1850,1857,1489,1109,983,855,738,652,554,795,810,939,2925,638,698,574,1623,795,238,405,318,947,569,321,203,203,203,88,1563,409,747,128,499,302,487,319,81,203,203,165,89,94,153,71,2884,660,667,394,1463,665,434,376,203,129,203,69,171,868,203,203,,,,,,,,,,,,,,,,,,,,,,,,,,,,,,,,,,,,,,,,,,,,,,,,,,,,,,,,,,,,,,,,,,,,,,,,,,,,,,,,,5600,1210,2363,2916,2647,1518,1737,941,1431,937,4229,809,1969,1974,2432,1313,1090,841,1165,939,2925,638,698,1892,845,657,1144,321,203,88,1563,409,747,517,573,331,203,186,180,71,2884,660,667,1487,874,434,129,184,868,203
ACSSF,2019m1,nc,000,0024,0000065,9384,3068,4584,1898,2989,3270,3249,3473,4195,3054,2862,3587,2413,2355,2159,1930,9203,2807,4762,1574,3036,3153,3008,3336,3969,2967,2741,3180,2117,2397,2010,1888,8011,1434,2873,1047,2256,2198,1859,1391,1531,1068,661,1571,1071,832,474,620,2507,369,755,442,599,647,952,539,413,226,290,441,296,274,258,261,2658,210,814,563,451,801,742,282,510,277,669,127,142,403,301,314,,,,,,,,,,,,,,,,,,,,,,,,,,,,,,,,,,,,,,,,,,,,,,,,,,,,,,,,,,,,,,,,,,,,,,,,,,,,,,,,,9384,3068,4584,3658,4656,4588,3943,3829,3032,1930,9203,2807,4762,3566,4510,4257,3898,3337,3066,1888,8011,1434,2873,2677,3231,2120,1273,2130,919,620,2507,369,755,713,1259,682,374,513,382,261,2658,210,814,738,1096,594,770,218,494,314
ACSSF,2019m1,nc,000,0024,0000066,4600,1614,2602,847,2296,2119,1854,1359,1405,1314,1465,1469,1531,1323,1343,1085,3685,1120,2070,861,2032,1513,1531,1008,1153,1229,1387,1376,1504,1234,1315,1094,2849,381,560,377,1195,1112,385,654,591,193,311,691,196,231,193,604,3208,1007,1240,201,794,831,792,226,664,445,47,139,259,142,142,152,1205,305,258,217,382,314,340,412,241,203,203,242,203,128,203,130,,,,,,,,,,,,,,,,,,,,,,,,,,,,,,,,,,,,,,,,,,,,,,,,,,,,,,,,,,,,,,,,,,,,,,,,,,,,,,,,,4600,1614,2602,2464,3058,2001,2027,1502,1523,1085,3685,1120,2070,2201,2401,1439,1904,1652,1457,1094,2849,381,560,1247,1191,965,364,720,301,604,3208,1007,1240,815,1259,728,446,293,201,152,1205,305,258,490,472,543,203,242,128,130
ACSSF,2019m1,nc,000,0024,0000067,5292,1676,2709,1872,1889,2006,1442,2279,2133,1554,1770,1888,1607,1289,1246,1430,5383,1895,3276,1501,1785,1873,1351,2045,2127,1615,1646,1718,1525,1306,1216,1441,5116,1482,2170,897,734,1102,661,1004,579,898,476,404,476,322,231,216,1438,260,201,552,506,844,298,48,342,158,409,441,215,89,240,284,1456,243,213,161,386,484,333,269,51,402,218,344,109,203,61,43,,,,,,,,,,,,,,,,,,,,,,,,,,,,,,,,,,,,,,,,,,,,,,,,,,,,,,,,,,,,,,,,,,,,,,,,,,,,,,,,,5292,1676,2709,2108,2378,1838,2164,2261,1423,1430,5383,1895,3276,1911,2380,1904,2039,2062,1469,1441,5116,1482,2170,1283,1338,1110,1114,561,390,216,1438,260,201,800,918,344,446,495,288,284,1456,243,213,451,526,275,451,400,61,43
ACSSF,2019m1,nc,000,0024,0000068,3203,1266,2054,812,1298,1328,1958,1675,1836,1878,1289,1063,1153,1076,998,1521,3039,1098,1923,719,1125,1232,1772,1616,1341,1664,1286,1014,1124,1065,955,1291,2143,45,661,203,334,401,868,374,949,621,589,198,170,105,149,458,1592,419,452,286,378,312,817,175,181,382,93,221,147,154,203,235,1332,266,324,86,608,308,339,454,198,235,177,203,317,63,203,397,,,,,,,,,,,,,,,,,,,,,,,,,,,,,,,,,,,,,,,,,,,,,,,,,,,,,,,,,,,,,,,,,,,,,,,,,,,,,,,,,3203,1266,2054,1540,2524,1933,2256,1647,1511,1521,3039,1098,1923,1294,2213,1762,2088,1522,1463,1291,2143,45,661,334,912,1034,820,237,181,458,1592,419,452,484,902,231,418,268,154,235,1332,266,324,608,457,522,300,317,63,397
ACSSF,2019m1,nc,000,0024,0000069,12669,3483,5417,2216,2999,3980,3427,4767,4817,2759,2498,2806,2996,2154,2009,2050,11586,2906,5146,1820,2468,3568,3251,4041,4544,2607,2296,2793,2975,1952,2043,1899,8094,1550,2584,890,1797,2361,2574,1507,1800,1334,1005,1142,880,823,321,693,5347,705,1365,1051,1747,1085,1224,881,1001,1103,990,1035,437,540,322,379,5829,1124,2350,405,1405,1626,1727,1416,1541,806,759,1145,496,637,441,536,,,,,,,,,,,,,,,,,,,,,,,,,,,,,,,,,,,,,,,,,,,,,,,,,,,,,,,,,,,,,,,,,,,,,,,,,,,,,,,,,12669,3483,5417,3586,5575,4841,3887,2780,2363,2050,11586,2906,5146,2912,5095,3967,3212,2851,2115,1899,8094,1550,2584,2114,3372,2509,1588,1457,905,693,5347,705,1365,2082,1613,1384,1664,1220,682,379,5829,1124,2350,1428,2333,2217,1238,1192,957,536
ACSSF,2019m1,nc,000,0024,0000070,4135,1337,2376,1948,2125,1339,1746,1713,1549,1333,1410,1284,1076,823,814,988,4070,1272,2192,1733,1983,978,1500,1529,1471,1315,1403,1136,1006,825,802,861,3868,1030,1475,525,342,908,939,456,499,210,263,108,116,121,337,372,2527,582,1105,285,563,237,212,857,258,130,159,593,284,82,203,203,974,203,354,160,315,161,471,222,152,203,58,170,125,203,129,257,,,,,,,,,,,,,,,,,,,,,,,,,,,,,,,,,,,,,,,,,,,,,,,,,,,,,,,,,,,,,,,,,,,,,,,,,,,,,,,,,4135,1337,2376,2360,2389,1861,2109,1613,1030,988,4070,1272,2192,2417,1849,1542,2078,1476,1095,861,3868,1030,1475,622,1428,739,347,189,388,372,2527,582,1105,593,316,911,211,659,82,203,974,203,354,368,497,332,58,210,129,257
ACSSF,2019m1,nc,000,0024,0000071,,,,,,,,,,,,,,,,,,,,,,,,,,,,,,,,,,,,,,,,,,,,,,,,,,,,,,,,,,,,,,,,,,,,,,,,,,,,,,,,,,,,,,,,,,,,,,,,,,,,,,,,,,,,,,,,,,,,,,,,,,,,,,,,,,,,,,,,,,,,,,,,,,,,,,,,,,,,,,,,,3448,993,1909,1218,1436,1890,1448,1294,1246,774,3119,917,1696,1211,1363,1836,1450,1275,1217,730,2321,470,695,453,855,673,626,423,156,213,1194,110,600,505,440,165,200,93,203,203,662,203,276,292,105,467,170,66,176,203
ACSSF,2019m1,nc,000,0024,0000072,6887,1760,2931,1575,2275,2109,1739,3186,2822,1604,1395,1742,1858,1610,1534,1175,7041,1526,2918,1363,2344,1846,2030,2511,2702,1563,1550,1696,1924,1605,1458,1174,5757,687,2339,747,1846,1569,1168,1327,796,471,1394,349,508,353,315,575,4220,952,1828,466,1191,877,697,784,399,178,357,190,350,126,146,118,1988,351,645,305,536,1048,584,988,473,501,279,204,466,203,240,140,,,,,,,,,,,,,,,,,,,,,,,,,,,,,,,,,,,,,,,,,,,,,,,,,,,,,,,,,,,,,,,,,,,,,,,,,,,,,,,,,6887,1760,2931,2295,2772,2421,1850,1968,1834,1175,7041,1526,2918,2536,2730,2186,2096,1981,1800,1174,5757,687,2339,1909,2090,1512,1539,617,480,575,4220,952,1828,1206,1136,905,434,394,192,118,1988,351,645,619,1131,1061,564,505,240,140
ACSSF,2019m1,nc,000,0024,0000073,7584,2308,3520,1048,2088,1900,1788,1801,1755,1255,1121,1286,1242,1117,1181,1114,4364,1496,2283,944,1462,1687,1334,1475,1169,1035,976,1212,1204,1033,871,1090,3521,891,1307,353,1303,1019,746,704,478,397,576,395,399,398,256,191,3400,622,1351,515,1099,1031,917,690,615,567,197,195,265,56,683,203,4208,1521,1697,384,897,1085,906,376,1049,223,197,356,177,300,203,13,,,,,,,,,,,,,,,,,,,,,,,,,,,,,,,,,,,,,,,,,,,,,,,,,,,,,,,,,,,,,,,,,,,,,,,,,,,,,,,,,7584,2308,3520,2369,2652,2434,1606,1602,1629,1114,4364,1496,2283,1710,2221,1644,1271,1495,1374,1090,3521,891,1307,1427,1246,786,715,576,511,191,3400,622,1351,1237,1417,856,600,315,683,203,4208,1521,1697,962,1577,1082,273,403,300,13
ACSSF,2019m1,nc,000,0024,0000074,6242,2007,2662,2286,2588,2397,2392,1893,2563,1942,1996,2372,2139,1892,1554,1918,6320,2039,2884,1914,2254,2401,2179,1906,2110,1722,1875,2339,1994,1799,1509,1862,5449,1040,2331,625,1314,1051,1154,676,1064,845,873,251,532,640,280,368,2962,231,948,575,883,915,918,264,1150,176,506,302,574,145,342,431,1768,284,562,908,494,390,281,305,137,229,345,324,271,80,203,95,,,,,,,,,,,,,,,,,,,,,,,,,,,,,,,,,,,,,,,,,,,,,,,,,,,,,,,,,,,,,,,,,,,,,,,,,,,,,,,,,6242,2007,2662,3588,3287,2515,2430,2610,2342,1918,6320,2039,2884,2991,3249,2263,2211,2437,2222,1862,5449,1040,2331,1413,1644,1387,1308,585,704,368,2962,231,948,1025,1359,1172,552,670,365,431,1768,284,562,1064,621,373,446,473,80,95
ACSSF,2019m1,nc,000,0024,0000075,2954,1352,2016,902,1463,1946,1891,1400,1563,1431,1480,1492,1141,1174,1046,1313,3976,1283,2182,783,1239,1428,1662,1405,1284,1264,1468,1457,1093,1100,1039,1299,3764,863,1362,528,343,1423,590,208,869,470,187,145,273,228,173,197,1082,41,101,187,762,282,323,111,143,57,217,180,145,203,203,188,660,10,233,49,192,152,203,203,109,245,203,207,294,94,203,203,,,,,,,,,,,,,,,,,,,,,,,,,,,,,,,,,,,,,,,,,,,,,,,,,,,,,,,,,,,,,,,,,,,,,,,,,,,,,,,,,2954,1352,2016,1842,2755,1966,1872,1885,1644,1313,3976,1283,2182,1631,2221,1818,1749,1837,1575,1299,3764,863,1362,606,1497,909,504,317,287,197,1082,41,101,808,460,234,224,289,203,188,660,10,233,198,152,109,245,455,94,203
ACSSF,2019m1,nc,000,0024,0000076,4521,1216,2043,844,2280,2041,1383,1646,1315,942,895,1335,1060,857,749,1015,3960,1089,1858,338,2506,1622,1120,1376,1361,872,820,1329,1010,890,758,1034,2868,500,709,598,1569,843,386,948,444,529,443,478,100,345,203,348,1822,169,757,274,802,570,121,349,150,201,304,245,129,203,203,322,1268,203,257,200,809,361,610,758,69,203,148,97,68,203,92,89,,,,,,,,,,,,,,,,,,,,,,,,,,,,,,,,,,,,,,,,,,,,,,,,,,,,,,,,,,,,,,,,,,,,,,,,,,,,,,,,,4521,1216,2043,2196,2447,1819,1340,1517,1085,1015,3960,1089,1858,2444,1940,1673,1134,1523,1098,1034,2868,500,709,1644,930,1136,744,487,345,348,1822,169,757,847,575,384,408,305,203,322,1268,203,257,837,739,769,148,156,92,89
ACSSF,2019m1,nc,000,0024,0000077,5600,1210,2363,795,2845,2001,1599,1259,1053,1393,940,736,604,1207,817,937,4229,809,1969,536,1850,1857,1489,1109,983,855,738,652,554,795,810,939,2925,638,698,574,1623,795,238,405,318,947,569,321,203,203,203,88,1563,409,747,128,499,302,487,319,81,203,203,165,89,94,153,71,2884,660,667,394,1463,665,434,376,203,129,203,69,171,868,203,203,,,,,,,,,,,,,,,,,,,,,,,,,,,,,,,,,,,,,,,,,,,,,,,,,,,,,,,,,,,,,,,,,,,,,,,,,,,,,,,,,5600,1210,2363,2916,2647,1518,1737,941,1431,937,4229,809,1969,1974,2432,1313,1090,841,1165,939,2925,638,698,1892,845,657,1144,321,203,88,1563,409,747,517,573,331,203,186,180,71,2884,660,667,1487,874,434,129,184,868,203
ACSSF,2019m1,nc,000,0024,0000078,5085,1496,2470,1224,1566,2224,1896,2073,1777,2342,1577,1484,1311,1216,1032,1117,4234,1144,2326,1010,1258,1599,1798,2008,1678,2093,1589,1373,1235,1222,884,1137,3481,898,1179,465,652,1553,1019,454,606,678,319,383,308,203,182,215,1620,203,262,592,681,442,203,278,400,154,290,285,203,161,353,203,911,203,232,237,285,344,92,180,189,121,62,111,74,248,354,177,,,,,,,,,,,,,,,,,,,,,,,,,,,,,,,,,,,,,,,,,,,,,,,,,,,,,,,,,,,,,,,,,,,,,,,,,,,,,,,,,5085,1496,2470,2224,3089,2590,2881,2133,1540,1117,4234,1144,2326,1706,2528,2505,2673,1960,1386,1137,3481,898,1179,859,1859,821,783,486,182,215,1620,203,262,945,442,573,335,285,387,203,911,203,232,345,357,293,136,129,441,177
ACSSF,2019m1,nc,000,0024,0000079,9207,3068,4584,1898,2989,3247,3260,3473,4195,3030,2862,3464,2413,2234,2159,1960,9209,2796,4762,1574,3036,3113,3029,3336,3969,2948,2741,3198,2117,2315,2010,1902,7793,1434,2873,1047,2256,2198,1859,1391,1531,1068,661,1224,1071,829,474,620,2507,369,755,442,599,647,952,539,413,226,290,441,296,274,258,261,2658,210,814,563,451,801,742,282,510,277,669,127,142,403,301,314,,,,,,,,,,,,,,,,,,,,,,,,,,,,,,,,,,,,,,,,,,,,,,,,,,,,,,,,,,,,,,,,,,,,,,,,,,,,,,,,,9207,3068,4584,3658,4646,4588,3922,3504,2883,1960,9209,2796,4762,3566,4493,4257,3879,3340,2939,1902,7793,1434,2873,2677,3231,2120,1273,1802,916,620,2507,369,755,713,1259,682,374,513,382,261,2658,210,814,738,1096,594,770,218,494,314
ACSSF,2019m1,nc,000,0024,0000080,4600,1614,2602,847,2296,2119,1854,1359,1405,1314,1465,1469,1531,1323,1343,1085,3685,1120,2070,861,2032,1513,1531,1008,1153,1229,1387,1376,1504,1234,1315,1094,2849,381,560,377,1195,1112,385,654,591,193,311,691,196,231,193,604,3208,1007,1240,201,794,831,792,226,664,445,47,139,259,142,142,152,1205,305,258,217,382,314,340,412,241,203,203,242,203,128,203,130,,,,,,,,,,,,,,,,,,,,,,,,,,,,,,,,,,,,,,,,,,,,,,,,,,,,,,,,,,,,,,,,,,,,,,,,,,,,,,,,,4600,1614,2602,2464,3058,2001,2027,1502,1523,1085,3685,1120,2070,2201,2401,1439,1904,1652,1457,1094,2849,381,560,1247,1191,965,364,720,301,604,3208,1007,1240,815,1259,728,446,293,201,152,1205,305,258,490,472,543,203,242,128,130
ACSSF,2019m1,nc,000,0024,0000081,5292,1676,2709,1872,1889,2006,1442,2279,2133,1554,1770,1888,1607,1289,1246,1430,5383,1895,3276,1501,1785,1873,1351,2045,2127,1615,1646,1718,1525,1306,1216,1441,5116,1482,2170,897,734,1102,661,1004,579,898,476,404,476,322,231,216,1438,260,201,552,506,844,298,48,342,158,409,441,215,89,240,284,1456,243,213,161,386,484,333,269,51,402,218,344,109,203,61,43,,,,,,,,,,,,,,,,,,,,,,,,,,,,,,,,,,,,,,,,,,,,,,,,,,,,,,,,,,,,,,,,,,,,,,,,,,,,,,,,,5292,1676,2709,2108,2378,1838,2164,2261,1423,1430,5383,1895,3276,1911,2380,1904,2039,2062,1469,1441,5116,1482,2170,1283,1338,1110,1114,561,390,216,1438,260,201,800,918,344,446,495,288,284,1456,243,213,451,526,275,451,400,61,43
ACSSF,2019m1,nc,000,0024,0000082,,,,,,,,,,,,,,,,,,,,,,,,,,,,,,,,,,,,,,,,,,,,,,,,,,,,,,,,,,,,,,,,,,,,,,,,,,,,,,,,,,,,,,,,,,,,,,,,,,,,,,,,,,,,,,,,,,,,,,,,,,,,,,,,,,,,,,,,,,,,,,,,,,,,,,,,,,,,,,,,,,,,,,,,,,,,,,,,,,,,,,,,,,,,,,,,,,,,,,,,,,,,,,,,,,
ACSSF,2019m1,nc,000,0024,0000083,,,,,,,,,,,,,,,,,,,,,,,,,,,,,,,,,,,,,,,,,,,,,,,,,,,,,,,,,,,,,,,,,,,,,,,,,,,,,,,,,,,,,,,,,,,,,,,,,,,,,,,,,,,,,,,,,,,,,,,,,,,,,,,,,,,,,,,,,,,,,,,,,,,,,,,,,,,,,,,,,,,,,,,,,,,,,,,,,,,,,,,,,,,,,,,,,,,,,,,,,,,,,,,,,,
ACSSF,2019m1,nc,000,0024,0000084,,,,,,,,,,,,,,,,,,,,,,,,,,,,,,,,,,,,,,,,,,,,,,,,,,,,,,,,,,,,,,,,,,,,,,,,,,,,,,,,,,,,,,,,,,,,,,,,,,,,,,,,,,,,,,,,,,,,,,,,,,,,,,,,,,,,,,,,,,,,,,,,,,,,,,,,,,,,,,,,,,,,,,,,,,,,,,,,,,,,,,,,,,,,,,,,,,,,,,,,,,,,,,,,,,
ACSSF,2019m1,nc,000,0024,0000085,,,,,,,,,,,,,,,,,,,,,,,,,,,,,,,,,,,,,,,,,,,,,,,,,,,,,,,,,,,,,,,,,,,,,,,,,,,,,,,,,,,,,,,,,,,,,,,,,,,,,,,,,,,,,,,,,,,,,,,,,,,,,,,,,,,,,,,,,,,,,,,,,,,,,,,,,,,,,,,,,,,,,,,,,,,,,,,,,,,,,,,,,,,,,,,,,,,,,,,,,,,,,,,,,,
ACSSF,2019m1,nc,000,0024,0000086,,,,,,,,,,,,,,,,,,,,,,,,,,,,,,,,,,,,,,,,,,,,,,,,,,,,,,,,,,,,,,,,,,,,,,,,,,,,,,,,,,,,,,,,,,,,,,,,,,,,,,,,,,,,,,,,,,,,,,,,,,,,,,,,,,,,,,,,,,,,,,,,,,,,,,,,,,,,,,,,,,,,,,,,,,,,,,,,,,,,,,,,,,,,,,,,,,,,,,,,,,,,,,,,,,
ACSSF,2019m1,nc,000,0024,0000087,,,,,,,,,,,,,,,,,,,,,,,,,,,,,,,,,,,,,,,,,,,,,,,,,,,,,,,,,,,,,,,,,,,,,,,,,,,,,,,,,,,,,,,,,,,,,,,,,,,,,,,,,,,,,,,,,,,,,,,,,,,,,,,,,,,,,,,,,,,,,,,,,,,,,,,,,,,,,,,,,,,,,,,,,,,,,,,,,,,,,,,,,,,,,,,,,,,,,,,,,,,,,,,,,,
ACSSF,2019m1,nc,000,0024,0000088,,,,,,,,,,,,,,,,,,,,,,,,,,,,,,,,,,,,,,,,,,,,,,,,,,,,,,,,,,,,,,,,,,,,,,,,,,,,,,,,,,,,,,,,,,,,,,,,,,,,,,,,,,,,,,,,,,,,,,,,,,,,,,,,,,,,,,,,,,,,,,,,,,,,,,,,,,,,,,,,,,,,,,,,,,,,,,,,,,,,,,,,,,,,,,,,,,,,,,,,,,,,,,,,,,
ACSSF,2019m1,nc,000,0024,0000089,,,,,,,,,,,,,,,,,,,,,,,,,,,,,,,,,,,,,,,,,,,,,,,,,,,,,,,,,,,,,,,,,,,,,,,,,,,,,,,,,,,,,,,,,,,,,,,,,,,,,,,,,,,,,,,,,,,,,,,,,,,,,,,,,,,,,,,,,,,,,,,,,,,,,,,,,,,,,,,,,,,,,,,,,,,,,,,,,,,,,,,,,,,,,,,,,,,,,,,,,,,,,,,,,,
ACSSF,2019m1,nc,000,0024,0000090,,,,,,,,,,,,,,,,,,,,,,,,,,,,,,,,,,,,,,,,,,,,,,,,,,,,,,,,,,,,,,,,,,,,,,,,,,,,,,,,,,,,,,,,,,,,,,,,,,,,,,,,,,,,,,,,,,,,,,,,,,,,,,,,,,,,,,,,,,,,,,,,,,,,,,,,,,,,,,,,,,,,,,,,,,,,,,,,,,,,,,,,,,,,,,,,,,,,,,,,,,,,,,,,,,
ACSSF,2019m1,nc,000,0024,0000091,,,,,,,,,,,,,,,,,,,,,,,,,,,,,,,,,,,,,,,,,,,,,,,,,,,,,,,,,,,,,,,,,,,,,,,,,,,,,,,,,,,,,,,,,,,,,,,,,,,,,,,,,,,,,,,,,,,,,,,,,,,,,,,,,,,,,,,,,,,,,,,,,,,,,,,,,,,,,,,,,,,,,,,,,,,,,,,,,,,,,,,,,,,,,,,,,,,,,,,,,,,,,,,,,,
ACSSF,2019m1,nc,000,0024,0000092,,,,,,,,,,,,,,,,,,,,,,,,,,,,,,,,,,,,,,,,,,,,,,,,,,,,,,,,,,,,,,,,,,,,,,,,,,,,,,,,,,,,,,,,,,,,,,,,,,,,,,,,,,,,,,,,,,,,,,,,,,,,,,,,,,,,,,,,,,,,,,,,,,,,,,,,,,,,,,,,,,,,,,,,,,,,,,,,,,,,,,,,,,,,,,,,,,,,,,,,,,,,,,,,,,
ACSSF,2019m1,nc,000,0024,0000093,,,,,,,,,,,,,,,,,,,,,,,,,,,,,,,,,,,,,,,,,,,,,,,,,,,,,,,,,,,,,,,,,,,,,,,,,,,,,,,,,,,,,,,,,,,,,,,,,,,,,,,,,,,,,,,,,,,,,,,,,,,,,,,,,,,,,,,,,,,,,,,,,,,,,,,,,,,,,,,,,,,,,,,,,,,,,,,,,,,,,,,,,,,,,,,,,,,,,,,,,,,,,,,,,,
ACSSF,2019m1,nc,000,0024,0000094,,,,,,,,,,,,,,,,,,,,,,,,,,,,,,,,,,,,,,,,,,,,,,,,,,,,,,,,,,,,,,,,,,,,,,,,,,,,,,,,,,,,,,,,,,,,,,,,,,,,,,,,,,,,,,,,,,,,,,,,,,,,,,,,,,,,,,,,,,,,,,,,,,,,,,,,,,,,,,,,,,,,,,,,,,,,,,,,,,,,,,,,,,,,,,,,,,,,,,,,,,,,,,,,,,
ACSSF,2019m1,nc,000,0024,0000095,,,,,,,,,,,,,,,,,,,,,,,,,,,,,,,,,,,,,,,,,,,,,,,,,,,,,,,,,,,,,,,,,,,,,,,,,,,,,,,,,,,,,,,,,,,,,,,,,,,,,,,,,,,,,,,,,,,,,,,,,,,,,,,,,,,,,,,,,,,,,,,,,,,,,,,,,,,,,,,,,,,,,,,,,,,,,,,,,,,,,,,,,,,,,,,,,,,,,,,,,,,,,,,,,,
ACSSF,2019m1,nc,000,0024,0000096,,,,,,,,,,,,,,,,,,,,,,,,,,,,,,,,,,,,,,,,,,,,,,,,,,,,,,,,,,,,,,,,,,,,,,,,,,,,,,,,,,,,,,,,,,,,,,,,,,,,,,,,,,,,,,,,,,,,,,,,,,,,,,,,,,,,,,,,,,,,,,,,,,,,,,,,,,,,,,,,,,,,,,,,,,,,,,,,,,,,,,,,,,,,,,,,,,,,,,,,,,,,,,,,,,
ACSSF,2019m1,nc,000,0024,0000097,,,,,,,,,,,,,,,,,,,,,,,,,,,,,,,,,,,,,,,,,,,,,,,,,,,,,,,,,,,,,,,,,,,,,,,,,,,,,,,,,,,,,,,,,,,,,,,,,,,,,,,,,,,,,,,,,,,,,,,,,,,,,,,,,,,,,,,,,,,,,,,,,,,,,,,,,,,,,,,,,,,,,,,,,,,,,,,,,,,,,,,,,,,,,,,,,,,,,,,,,,,,,,,,,,
ACSSF,2019m1,nc,000,0024,0000098,,,,,,,,,,,,,,,,,,,,,,,,,,,,,,,,,,,,,,,,,,,,,,,,,,,,,,,,,,,,,,,,,,,,,,,,,,,,,,,,,,,,,,,,,,,,,,,,,,,,,,,,,,,,,,,,,,,,,,,,,,,,,,,,,,,,,,,,,,,,,,,,,,,,,,,,,,,,,,,,,,,,,,,,,,,,,,,,,,,,,,,,,,,,,,,,,,,,,,,,,,,,,,,,,,
ACSSF,2019m1,nc,000,0024,0000099,,,,,,,,,,,,,,,,,,,,,,,,,,,,,,,,,,,,,,,,,,,,,,,,,,,,,,,,,,,,,,,,,,,,,,,,,,,,,,,,,,,,,,,,,,,,,,,,,,,,,,,,,,,,,,,,,,,,,,,,,,,,,,,,,,,,,,,,,,,,,,,,,,,,,,,,,,,,,,,,,,,,,,,,,,,,,,,,,,,,,,,,,,,,,,,,,,,,,,,,,,,,,,,,,,
ACSSF,2019m1,nc,000,0024,0000100,,,,,,,,,,,,,,,,,,,,,,,,,,,,,,,,,,,,,,,,,,,,,,,,,,,,,,,,,,,,,,,,,,,,,,,,,,,,,,,,,,,,,,,,,,,,,,,,,,,,,,,,,,,,,,,,,,,,,,,,,,,,,,,,,,,,,,,,,,,,,,,,,,,,,,,,,,,,,,,,,,,,,,,,,,,,,,,,,,,,,,,,,,,,,,,,,,,,,,,,,,,,,,,,,,
ACSSF,2019m1,nc,000,0024,0000101,,,,,,,,,,,,,,,,,,,,,,,,,,,,,,,,,,,,,,,,,,,,,,,,,,,,,,,,,,,,,,,,,,,,,,,,,,,,,,,,,,,,,,,,,,,,,,,,,,,,,,,,,,,,,,,,,,,,,,,,,,,,,,,,,,,,,,,,,,,,,,,,,,,,,,,,,,,,,,,,,,,,,,,,,,,,,,,,,,,,,,,,,,,,,,,,,,,,,,,,,,,,,,,,,,
ACSSF,2019m1,nc,000,0024,0000102,,,,,,,,,,,,,,,,,,,,,,,,,,,,,,,,,,,,,,,,,,,,,,,,,,,,,,,,,,,,,,,,,,,,,,,,,,,,,,,,,,,,,,,,,,,,,,,,,,,,,,,,,,,,,,,,,,,,,,,,,,,,,,,,,,,,,,,,,,,,,,,,,,,,,,,,,,,,,,,,,,,,,,,,,,,,,,,,,,,,,,,,,,,,,,,,,,,,,,,,,,,,,,,,,,
ACSSF,2019m1,nc,000,0024,0000103,,,,,,,,,,,,,,,,,,,,,,,,,,,,,,,,,,,,,,,,,,,,,,,,,,,,,,,,,,,,,,,,,,,,,,,,,,,,,,,,,,,,,,,,,,,,,,,,,,,,,,,,,,,,,,,,,,,,,,,,,,,,,,,,,,,,,,,,,,,,,,,,,,,,,,,,,,,,,,,,,,,,,,,,,,,,,,,,,,,,,,,,,,,,,,,,,,,,,,,,,,,,,,,,,,
ACSSF,2019m1,nc,000,0024,0000104,,,,,,,,,,,,,,,,,,,,,,,,,,,,,,,,,,,,,,,,,,,,,,,,,,,,,,,,,,,,,,,,,,,,,,,,,,,,,,,,,,,,,,,,,,,,,,,,,,,,,,,,,,,,,,,,,,,,,,,,,,,,,,,,,,,,,,,,,,,,,,,,,,,,,,,,,,,,,,,,,,,,,,,,,,,,,,,,,,,,,,,,,,,,,,,,,,,,,,,,,,,,,,,,,,
ACSSF,2019m1,nc,000,0024,0000105,,,,,,,,,,,,,,,,,,,,,,,,,,,,,,,,,,,,,,,,,,,,,,,,,,,,,,,,,,,,,,,,,,,,,,,,,,,,,,,,,,,,,,,,,,,,,,,,,,,,,,,,,,,,,,,,,,,,,,,,,,,,,,,,,,,,,,,,,,,,,,,,,,,,,,,,,,,,,,,,,,,,,,,,,,,,,,,,,,,,,,,,,,,,,,,,,,,,,,,,,,,,,,,,,,
ACSSF,2019m1,nc,000,0024,0000106,,,,,,,,,,,,,,,,,,,,,,,,,,,,,,,,,,,,,,,,,,,,,,,,,,,,,,,,,,,,,,,,,,,,,,,,,,,,,,,,,,,,,,,,,,,,,,,,,,,,,,,,,,,,,,,,,,,,,,,,,,,,,,,,,,,,,,,,,,,,,,,,,,,,,,,,,,,,,,,,,,,,,,,,,,,,,,,,,,,,,,,,,,,,,,,,,,,,,,,,,,,,,,,,,,
ACSSF,2019m1,nc,000,0024,0000107,,,,,,,,,,,,,,,,,,,,,,,,,,,,,,,,,,,,,,,,,,,,,,,,,,,,,,,,,,,,,,,,,,,,,,,,,,,,,,,,,,,,,,,,,,,,,,,,,,,,,,,,,,,,,,,,,,,,,,,,,,,,,,,,,,,,,,,,,,,,,,,,,,,,,,,,,,,,,,,,,,,,,,,,,,,,,,,,,,,,,,,,,,,,,,,,,,,,,,,,,,,,,,,,,,
ACSSF,2019m1,nc,000,0024,0000108,,,,,,,,,,,,,,,,,,,,,,,,,,,,,,,,,,,,,,,,,,,,,,,,,,,,,,,,,,,,,,,,,,,,,,,,,,,,,,,,,,,,,,,,,,,,,,,,,,,,,,,,,,,,,,,,,,,,,,,,,,,,,,,,,,,,,,,,,,,,,,,,,,,,,,,,,,,,,,,,,,,,,,,,,,,,,,,,,,,,,,,,,,,,,,,,,,,,,,,,,,,,,,,,,,
ACSSF,2019m1,nc,000,0024,0000109,,,,,,,,,,,,,,,,,,,,,,,,,,,,,,,,,,,,,,,,,,,,,,,,,,,,,,,,,,,,,,,,,,,,,,,,,,,,,,,,,,,,,,,,,,,,,,,,,,,,,,,,,,,,,,,,,,,,,,,,,,,,,,,,,,,,,,,,,,,,,,,,,,,,,,,,,,,,,,,,,,,,,,,,,,,,,,,,,,,,,,,,,,,,,,,,,,,,,,,,,,,,,,,,,,
ACSSF,2019m1,nc,000,0024,0000110,,,,,,,,,,,,,,,,,,,,,,,,,,,,,,,,,,,,,,,,,,,,,,,,,,,,,,,,,,,,,,,,,,,,,,,,,,,,,,,,,,,,,,,,,,,,,,,,,,,,,,,,,,,,,,,,,,,,,,,,,,,,,,,,,,,,,,,,,,,,,,,,,,,,,,,,,,,,,,,,,,,,,,,,,,,,,,,,,,,,,,,,,,,,,,,,,,,,,,,,,,,,,,,,,,
ACSSF,2019m1,nc,000,0024,0000111,,,,,,,,,,,,,,,,,,,,,,,,,,,,,,,,,,,,,,,,,,,,,,,,,,,,,,,,,,,,,,,,,,,,,,,,,,,,,,,,,,,,,,,,,,,,,,,,,,,,,,,,,,,,,,,,,,,,,,,,,,,,,,,,,,,,,,,,,,,,,,,,,,,,,,,,,,,,,,,,,,,,,,,,,,,,,,,,,,,,,,,,,,,,,,,,,,,,,,,,,,,,,,,,,,
ACSSF,2019m1,nc,000,0024,0000112,,,,,,,,,,,,,,,,,,,,,,,,,,,,,,,,,,,,,,,,,,,,,,,,,,,,,,,,,,,,,,,,,,,,,,,,,,,,,,,,,,,,,,,,,,,,,,,,,,,,,,,,,,,,,,,,,,,,,,,,,,,,,,,,,,,,,,,,,,,,,,,,,,,,,,,,,,,,,,,,,,,,,,,,,,,,,,,,,,,,,,,,,,,,,,,,,,,,,,,,,,,,,,,,,,
ACSSF,2019m1,nc,000,0024,0000113,,,,,,,,,,,,,,,,,,,,,,,,,,,,,,,,,,,,,,,,,,,,,,,,,,,,,,,,,,,,,,,,,,,,,,,,,,,,,,,,,,,,,,,,,,,,,,,,,,,,,,,,,,,,,,,,,,,,,,,,,,,,,,,,,,,,,,,,,,,,,,,,,,,,,,,,,,,,,,,,,,,,,,,,,,,,,,,,,,,,,,,,,,,,,,,,,,,,,,,,,,,,,,,,,,
ACSSF,2019m1,nc,000,0024,0000114,,,,,,,,,,,,,,,,,,,,,,,,,,,,,,,,,,,,,,,,,,,,,,,,,,,,,,,,,,,,,,,,,,,,,,,,,,,,,,,,,,,,,,,,,,,,,,,,,,,,,,,,,,,,,,,,,,,,,,,,,,,,,,,,,,,,,,,,,,,,,,,,,,,,,,,,,,,,,,,,,,,,,,,,,,,,,,,,,,,,,,,,,,,,,,,,,,,,,,,,,,,,,,,,,,
ACSSF,2019m1,nc,000,0024,0000115,,,,,,,,,,,,,,,,,,,,,,,,,,,,,,,,,,,,,,,,,,,,,,,,,,,,,,,,,,,,,,,,,,,,,,,,,,,,,,,,,,,,,,,,,,,,,,,,,,,,,,,,,,,,,,,,,,,,,,,,,,,,,,,,,,,,,,,,,,,,,,,,,,,,,,,,,,,,,,,,,,,,,,,,,,,,,,,,,,,,,,,,,,,,,,,,,,,,,,,,,,,,,,,,,,
ACSSF,2019m1,nc,000,0024,0000116,,,,,,,,,,,,,,,,,,,,,,,,,,,,,,,,,,,,,,,,,,,,,,,,,,,,,,,,,,,,,,,,,,,,,,,,,,,,,,,,,,,,,,,,,,,,,,,,,,,,,,,,,,,,,,,,,,,,,,,,,,,,,,,,,,,,,,,,,,,,,,,,,,,,,,,,,,,,,,,,,,,,,,,,,,,,,,,,,,,,,,,,,,,,,,,,,,,,,,,,,,,,,,,,,,
ACSSF,2019m1,nc,000,0024,0000117,,,,,,,,,,,,,,,,,,,,,,,,,,,,,,,,,,,,,,,,,,,,,,,,,,,,,,,,,,,,,,,,,,,,,,,,,,,,,,,,,,,,,,,,,,,,,,,,,,,,,,,,,,,,,,,,,,,,,,,,,,,,,,,,,,,,,,,,,,,,,,,,,,,,,,,,,,,,,,,,,,,,,,,,,,,,,,,,,,,,,,,,,,,,,,,,,,,,,,,,,,,,,,,,,,
ACSSF,2019m1,nc,000,0024,0000118,,,,,,,,,,,,,,,,,,,,,,,,,,,,,,,,,,,,,,,,,,,,,,,,,,,,,,,,,,,,,,,,,,,,,,,,,,,,,,,,,,,,,,,,,,,,,,,,,,,,,,,,,,,,,,,,,,,,,,,,,,,,,,,,,,,,,,,,,,,,,,,,,,,,,,,,,,,,,,,,,,,,,,,,,,,,,,,,,,,,,,,,,,,,,,,,,,,,,,,,,,,,,,,,,,
ACSSF,2019m1,nc,000,0024,0000119,,,,,,,,,,,,,,,,,,,,,,,,,,,,,,,,,,,,,,,,,,,,,,,,,,,,,,,,,,,,,,,,,,,,,,,,,,,,,,,,,,,,,,,,,,,,,,,,,,,,,,,,,,,,,,,,,,,,,,,,,,,,,,,,,,,,,,,,,,,,,,,,,,,,,,,,,,,,,,,,,,,,,,,,,,,,,,,,,,,,,,,,,,,,,,,,,,,,,,,,,,,,,,,,,,
ACSSF,2019m1,nc,000,0024,0000120,,,,,,,,,,,,,,,,,,,,,,,,,,,,,,,,,,,,,,,,,,,,,,,,,,,,,,,,,,,,,,,,,,,,,,,,,,,,,,,,,,,,,,,,,,,,,,,,,,,,,,,,,,,,,,,,,,,,,,,,,,,,,,,,,,,,,,,,,,,,,,,,,,,,,,,,,,,,,,,,,,,,,,,,,,,,,,,,,,,,,,,,,,,,,,,,,,,,,,,,,,,,,,,,,,
ACSSF,2019m1,nc,000,0024,0000121,,,,,,,,,,,,,,,,,,,,,,,,,,,,,,,,,,,,,,,,,,,,,,,,,,,,,,,,,,,,,,,,,,,,,,,,,,,,,,,,,,,,,,,,,,,,,,,,,,,,,,,,,,,,,,,,,,,,,,,,,,,,,,,,,,,,,,,,,,,,,,,,,,,,,,,,,,,,,,,,,,,,,,,,,,,,,,,,,,,,,,,,,,,,,,,,,,,,,,,,,,,,,,,,,,
ACSSF,2019m1,nc,000,0024,0000122,,,,,,,,,,,,,,,,,,,,,,,,,,,,,,,,,,,,,,,,,,,,,,,,,,,,,,,,,,,,,,,,,,,,,,,,,,,,,,,,,,,,,,,,,,,,,,,,,,,,,,,,,,,,,,,,,,,,,,,,,,,,,,,,,,,,,,,,,,,,,,,,,,,,,,,,,,,,,,,,,,,,,,,,,,,,,,,,,,,,,,,,,,,,,,,,,,,,,,,,,,,,,,,,,,
ACSSF,2019m1,nc,000,0024,0000123,,,,,,,,,,,,,,,,,,,,,,,,,,,,,,,,,,,,,,,,,,,,,,,,,,,,,,,,,,,,,,,,,,,,,,,,,,,,,,,,,,,,,,,,,,,,,,,,,,,,,,,,,,,,,,,,,,,,,,,,,,,,,,,,,,,,,,,,,,,,,,,,,,,,,,,,,,,,,,,,,,,,,,,,,,,,,,,,,,,,,,,,,,,,,,,,,,,,,,,,,,,,,,,,,,
ACSSF,2019m1,nc,000,0024,0000124,,,,,,,,,,,,,,,,,,,,,,,,,,,,,,,,,,,,,,,,,,,,,,,,,,,,,,,,,,,,,,,,,,,,,,,,,,,,,,,,,,,,,,,,,,,,,,,,,,,,,,,,,,,,,,,,,,,,,,,,,,,,,,,,,,,,,,,,,,,,,,,,,,,,,,,,,,,,,,,,,,,,,,,,,,,,,,,,,,,,,,,,,,,,,,,,,,,,,,,,,,,,,,,,,,
ACSSF,2019m1,nc,000,0024,0000125,,,,,,,,,,,,,,,,,,,,,,,,,,,,,,,,,,,,,,,,,,,,,,,,,,,,,,,,,,,,,,,,,,,,,,,,,,,,,,,,,,,,,,,,,,,,,,,,,,,,,,,,,,,,,,,,,,,,,,,,,,,,,,,,,,,,,,,,,,,,,,,,,,,,,,,,,,,,,,,,,,,,,,,,,,,,,,,,,,,,,,,,,,,,,,,,,,,,,,,,,,,,,,,,,,
ACSSF,2019m1,nc,000,0024,0000126,,,,,,,,,,,,,,,,,,,,,,,,,,,,,,,,,,,,,,,,,,,,,,,,,,,,,,,,,,,,,,,,,,,,,,,,,,,,,,,,,,,,,,,,,,,,,,,,,,,,,,,,,,,,,,,,,,,,,,,,,,,,,,,,,,,,,,,,,,,,,,,,,,,,,,,,,,,,,,,,,,,,,,,,,,,,,,,,,,,,,,,,,,,,,,,,,,,,,,,,,,,,,,,,,,
ACSSF,2019m1,nc,000,0024,0000127,,,,,,,,,,,,,,,,,,,,,,,,,,,,,,,,,,,,,,,,,,,,,,,,,,,,,,,,,,,,,,,,,,,,,,,,,,,,,,,,,,,,,,,,,,,,,,,,,,,,,,,,,,,,,,,,,,,,,,,,,,,,,,,,,,,,,,,,,,,,,,,,,,,,,,,,,,,,,,,,,,,,,,,,,,,,,,,,,,,,,,,,,,,,,,,,,,,,,,,,,,,,,,,,,,
ACSSF,2019m1,nc,000,0024,0000128,,,,,,,,,,,,,,,,,,,,,,,,,,,,,,,,,,,,,,,,,,,,,,,,,,,,,,,,,,,,,,,,,,,,,,,,,,,,,,,,,,,,,,,,,,,,,,,,,,,,,,,,,,,,,,,,,,,,,,,,,,,,,,,,,,,,,,,,,,,,,,,,,,,,,,,,,,,,,,,,,,,,,,,,,,,,,,,,,,,,,,,,,,,,,,,,,,,,,,,,,,,,,,,,,,
ACSSF,2019m1,nc,000,0024,0000129,,,,,,,,,,,,,,,,,,,,,,,,,,,,,,,,,,,,,,,,,,,,,,,,,,,,,,,,,,,,,,,,,,,,,,,,,,,,,,,,,,,,,,,,,,,,,,,,,,,,,,,,,,,,,,,,,,,,,,,,,,,,,,,,,,,,,,,,,,,,,,,,,,,,,,,,,,,,,,,,,,,,,,,,,,,,,,,,,,,,,,,,,,,,,,,,,,,,,,,,,,,,,,,,,,
ACSSF,2019m1,nc,000,0024,0000130,,,,,,,,,,,,,,,,,,,,,,,,,,,,,,,,,,,,,,,,,,,,,,,,,,,,,,,,,,,,,,,,,,,,,,,,,,,,,,,,,,,,,,,,,,,,,,,,,,,,,,,,,,,,,,,,,,,,,,,,,,,,,,,,,,,,,,,,,,,,,,,,,,,,,,,,,,,,,,,,,,,,,,,,,,,,,,,,,,,,,,,,,,,,,,,,,,,,,,,,,,,,,,,,,,
ACSSF,2019m1,nc,000,0024,0000131,,,,,,,,,,,,,,,,,,,,,,,,,,,,,,,,,,,,,,,,,,,,,,,,,,,,,,,,,,,,,,,,,,,,,,,,,,,,,,,,,,,,,,,,,,,,,,,,,,,,,,,,,,,,,,,,,,,,,,,,,,,,,,,,,,,,,,,,,,,,,,,,,,,,,,,,,,,,,,,,,,,,,,,,,,,,,,,,,,,,,,,,,,,,,,,,,,,,,,,,,,,,,,,,,,
ACSSF,2019m1,nc,000,0024,0000132,,,,,,,,,,,,,,,,,,,,,,,,,,,,,,,,,,,,,,,,,,,,,,,,,,,,,,,,,,,,,,,,,,,,,,,,,,,,,,,,,,,,,,,,,,,,,,,,,,,,,,,,,,,,,,,,,,,,,,,,,,,,,,,,,,,,,,,,,,,,,,,,,,,,,,,,,,,,,,,,,,,,,,,,,,,,,,,,,,,,,,,,,,,,,,,,,,,,,,,,,,,,,,,,,,
ACSSF,2019m1,nc,000,0024,0000133,,,,,,,,,,,,,,,,,,,,,,,,,,,,,,,,,,,,,,,,,,,,,,,,,,,,,,,,,,,,,,,,,,,,,,,,,,,,,,,,,,,,,,,,,,,,,,,,,,,,,,,,,,,,,,,,,,,,,,,,,,,,,,,,,,,,,,,,,,,,,,,,,,,,,,,,,,,,,,,,,,,,,,,,,,,,,,,,,,,,,,,,,,,,,,,,,,,,,,,,,,,,,,,,,,
ACSSF,2019m1,nc,000,0024,0000134,,,,,,,,,,,,,,,,,,,,,,,,,,,,,,,,,,,,,,,,,,,,,,,,,,,,,,,,,,,,,,,,,,,,,,,,,,,,,,,,,,,,,,,,,,,,,,,,,,,,,,,,,,,,,,,,,,,,,,,,,,,,,,,,,,,,,,,,,,,,,,,,,,,,,,,,,,,,,,,,,,,,,,,,,,,,,,,,,,,,,,,,,,,,,,,,,,,,,,,,,,,,,,,,,,
ACSSF,2019m1,nc,000,0024,0000135,,,,,,,,,,,,,,,,,,,,,,,,,,,,,,,,,,,,,,,,,,,,,,,,,,,,,,,,,,,,,,,,,,,,,,,,,,,,,,,,,,,,,,,,,,,,,,,,,,,,,,,,,,,,,,,,,,,,,,,,,,,,,,,,,,,,,,,,,,,,,,,,,,,,,,,,,,,,,,,,,,,,,,,,,,,,,,,,,,,,,,,,,,,,,,,,,,,,,,,,,,,,,,,,,,
ACSSF,2019m1,nc,000,0024,0000136,,,,,,,,,,,,,,,,,,,,,,,,,,,,,,,,,,,,,,,,,,,,,,,,,,,,,,,,,,,,,,,,,,,,,,,,,,,,,,,,,,,,,,,,,,,,,,,,,,,,,,,,,,,,,,,,,,,,,,,,,,,,,,,,,,,,,,,,,,,,,,,,,,,,,,,,,,,,,,,,,,,,,,,,,,,,,,,,,,,,,,,,,,,,,,,,,,,,,,,,,,,,,,,,,,
ACSSF,2019m1,nc,000,0024,0000137,,,,,,,,,,,,,,,,,,,,,,,,,,,,,,,,,,,,,,,,,,,,,,,,,,,,,,,,,,,,,,,,,,,,,,,,,,,,,,,,,,,,,,,,,,,,,,,,,,,,,,,,,,,,,,,,,,,,,,,,,,,,,,,,,,,,,,,,,,,,,,,,,,,,,,,,,,,,,,,,,,,,,,,,,,,,,,,,,,,,,,,,,,,,,,,,,,,,,,,,,,,,,,,,,,
ACSSF,2019m1,nc,000,0024,0000138,,,,,,,,,,,,,,,,,,,,,,,,,,,,,,,,,,,,,,,,,,,,,,,,,,,,,,,,,,,,,,,,,,,,,,,,,,,,,,,,,,,,,,,,,,,,,,,,,,,,,,,,,,,,,,,,,,,,,,,,,,,,,,,,,,,,,,,,,,,,,,,,,,,,,,,,,,,,,,,,,,,,,,,,,,,,,,,,,,,,,,,,,,,,,,,,,,,,,,,,,,,,,,,,,,
ACSSF,2019m1,nc,000,0024,0000139,,,,,,,,,,,,,,,,,,,,,,,,,,,,,,,,,,,,,,,,,,,,,,,,,,,,,,,,,,,,,,,,,,,,,,,,,,,,,,,,,,,,,,,,,,,,,,,,,,,,,,,,,,,,,,,,,,,,,,,,,,,,,,,,,,,,,,,,,,,,,,,,,,,,,,,,,,,,,,,,,,,,,,,,,,,,,,,,,,,,,,,,,,,,,,,,,,,,,,,,,,,,,,,,,,
ACSSF,2019m1,nc,000,0024,0000140,,,,,,,,,,,,,,,,,,,,,,,,,,,,,,,,,,,,,,,,,,,,,,,,,,,,,,,,,,,,,,,,,,,,,,,,,,,,,,,,,,,,,,,,,,,,,,,,,,,,,,,,,,,,,,,,,,,,,,,,,,,,,,,,,,,,,,,,,,,,,,,,,,,,,,,,,,,,,,,,,,,,,,,,,,,,,,,,,,,,,,,,,,,,,,,,,,,,,,,,,,,,,,,,,,
ACSSF,2019m1,nc,000,0024,0000141,,,,,,,,,,,,,,,,,,,,,,,,,,,,,,,,,,,,,,,,,,,,,,,,,,,,,,,,,,,,,,,,,,,,,,,,,,,,,,,,,,,,,,,,,,,,,,,,,,,,,,,,,,,,,,,,,,,,,,,,,,,,,,,,,,,,,,,,,,,,,,,,,,,,,,,,,,,,,,,,,,,,,,,,,,,,,,,,,,,,,,,,,,,,,,,,,,,,,,,,,,,,,,,,,,
ACSSF,2019m1,nc,000,0024,0000142,,,,,,,,,,,,,,,,,,,,,,,,,,,,,,,,,,,,,,,,,,,,,,,,,,,,,,,,,,,,,,,,,,,,,,,,,,,,,,,,,,,,,,,,,,,,,,,,,,,,,,,,,,,,,,,,,,,,,,,,,,,,,,,,,,,,,,,,,,,,,,,,,,,,,,,,,,,,,,,,,,,,,,,,,,,,,,,,,,,,,,,,,,,,,,,,,,,,,,,,,,,,,,,,,,
ACSSF,2019m1,nc,000,0024,0000143,,,,,,,,,,,,,,,,,,,,,,,,,,,,,,,,,,,,,,,,,,,,,,,,,,,,,,,,,,,,,,,,,,,,,,,,,,,,,,,,,,,,,,,,,,,,,,,,,,,,,,,,,,,,,,,,,,,,,,,,,,,,,,,,,,,,,,,,,,,,,,,,,,,,,,,,,,,,,,,,,,,,,,,,,,,,,,,,,,,,,,,,,,,,,,,,,,,,,,,,,,,,,,,,,,
ACSSF,2019m1,nc,000,0024,0000144,,,,,,,,,,,,,,,,,,,,,,,,,,,,,,,,,,,,,,,,,,,,,,,,,,,,,,,,,,,,,,,,,,,,,,,,,,,,,,,,,,,,,,,,,,,,,,,,,,,,,,,,,,,,,,,,,,,,,,,,,,,,,,,,,,,,,,,,,,,,,,,,,,,,,,,,,,,,,,,,,,,,,,,,,,,,,,,,,,,,,,,,,,,,,,,,,,,,,,,,,,,,,,,,,,
ACSSF,2019m1,nc,000,0024,0000145,,,,,,,,,,,,,,,,,,,,,,,,,,,,,,,,,,,,,,,,,,,,,,,,,,,,,,,,,,,,,,,,,,,,,,,,,,,,,,,,,,,,,,,,,,,,,,,,,,,,,,,,,,,,,,,,,,,,,,,,,,,,,,,,,,,,,,,,,,,,,,,,,,,,,,,,,,,,,,,,,,,,,,,,,,,,,,,,,,,,,,,,,,,,,,,,,,,,,,,,,,,,,,,,,,
ACSSF,2019m1,nc,000,0024,0000146,,,,,,,,,,,,,,,,,,,,,,,,,,,,,,,,,,,,,,,,,,,,,,,,,,,,,,,,,,,,,,,,,,,,,,,,,,,,,,,,,,,,,,,,,,,,,,,,,,,,,,,,,,,,,,,,,,,,,,,,,,,,,,,,,,,,,,,,,,,,,,,,,,,,,,,,,,,,,,,,,,,,,,,,,,,,,,,,,,,,,,,,,,,,,,,,,,,,,,,,,,,,,,,,,,
ACSSF,2019m1,nc,000,0024,0000147,,,,,,,,,,,,,,,,,,,,,,,,,,,,,,,,,,,,,,,,,,,,,,,,,,,,,,,,,,,,,,,,,,,,,,,,,,,,,,,,,,,,,,,,,,,,,,,,,,,,,,,,,,,,,,,,,,,,,,,,,,,,,,,,,,,,,,,,,,,,,,,,,,,,,,,,,,,,,,,,,,,,,,,,,,,,,,,,,,,,,,,,,,,,,,,,,,,,,,,,,,,,,,,,,,
ACSSF,2019m1,nc,000,0024,0000148,,,,,,,,,,,,,,,,,,,,,,,,,,,,,,,,,,,,,,,,,,,,,,,,,,,,,,,,,,,,,,,,,,,,,,,,,,,,,,,,,,,,,,,,,,,,,,,,,,,,,,,,,,,,,,,,,,,,,,,,,,,,,,,,,,,,,,,,,,,,,,,,,,,,,,,,,,,,,,,,,,,,,,,,,,,,,,,,,,,,,,,,,,,,,,,,,,,,,,,,,,,,,,,,,,
ACSSF,2019m1,nc,000,0024,0000149,,,,,,,,,,,,,,,,,,,,,,,,,,,,,,,,,,,,,,,,,,,,,,,,,,,,,,,,,,,,,,,,,,,,,,,,,,,,,,,,,,,,,,,,,,,,,,,,,,,,,,,,,,,,,,,,,,,,,,,,,,,,,,,,,,,,,,,,,,,,,,,,,,,,,,,,,,,,,,,,,,,,,,,,,,,,,,,,,,,,,,,,,,,,,,,,,,,,,,,,,,,,,,,,,,
ACSSF,2019m1,nc,000,0024,0000150,,,,,,,,,,,,,,,,,,,,,,,,,,,,,,,,,,,,,,,,,,,,,,,,,,,,,,,,,,,,,,,,,,,,,,,,,,,,,,,,,,,,,,,,,,,,,,,,,,,,,,,,,,,,,,,,,,,,,,,,,,,,,,,,,,,,,,,,,,,,,,,,,,,,,,,,,,,,,,,,,,,,,,,,,,,,,,,,,,,,,,,,,,,,,,,,,,,,,,,,,,,,,,,,,,
ACSSF,2019m1,nc,000,0024,0000151,,,,,,,,,,,,,,,,,,,,,,,,,,,,,,,,,,,,,,,,,,,,,,,,,,,,,,,,,,,,,,,,,,,,,,,,,,,,,,,,,,,,,,,,,,,,,,,,,,,,,,,,,,,,,,,,,,,,,,,,,,,,,,,,,,,,,,,,,,,,,,,,,,,,,,,,,,,,,,,,,,,,,,,,,,,,,,,,,,,,,,,,,,,,,,,,,,,,,,,,,,,,,,,,,,
ACSSF,2019m1,nc,000,0024,0000152,,,,,,,,,,,,,,,,,,,,,,,,,,,,,,,,,,,,,,,,,,,,,,,,,,,,,,,,,,,,,,,,,,,,,,,,,,,,,,,,,,,,,,,,,,,,,,,,,,,,,,,,,,,,,,,,,,,,,,,,,,,,,,,,,,,,,,,,,,,,,,,,,,,,,,,,,,,,,,,,,,,,,,,,,,,,,,,,,,,,,,,,,,,,,,,,,,,,,,,,,,,,,,,,,,
ACSSF,2019m1,nc,000,0024,0000153,,,,,,,,,,,,,,,,,,,,,,,,,,,,,,,,,,,,,,,,,,,,,,,,,,,,,,,,,,,,,,,,,,,,,,,,,,,,,,,,,,,,,,,,,,,,,,,,,,,,,,,,,,,,,,,,,,,,,,,,,,,,,,,,,,,,,,,,,,,,,,,,,,,,,,,,,,,,,,,,,,,,,,,,,,,,,,,,,,,,,,,,,,,,,,,,,,,,,,,,,,,,,,,,,,
ACSSF,2019m1,nc,000,0024,0000154,,,,,,,,,,,,,,,,,,,,,,,,,,,,,,,,,,,,,,,,,,,,,,,,,,,,,,,,,,,,,,,,,,,,,,,,,,,,,,,,,,,,,,,,,,,,,,,,,,,,,,,,,,,,,,,,,,,,,,,,,,,,,,,,,,,,,,,,,,,,,,,,,,,,,,,,,,,,,,,,,,,,,,,,,,,,,,,,,,,,,,,,,,,,,,,,,,,,,,,,,,,,,,,,,,
ACSSF,2019m1,nc,000,0024,0000155,,,,,,,,,,,,,,,,,,,,,,,,,,,,,,,,,,,,,,,,,,,,,,,,,,,,,,,,,,,,,,,,,,,,,,,,,,,,,,,,,,,,,,,,,,,,,,,,,,,,,,,,,,,,,,,,,,,,,,,,,,,,,,,,,,,,,,,,,,,,,,,,,,,,,,,,,,,,,,,,,,,,,,,,,,,,,,,,,,,,,,,,,,,,,,,,,,,,,,,,,,,,,,,,,,
ACSSF,2019m1,nc,000,0024,0000156,,,,,,,,,,,,,,,,,,,,,,,,,,,,,,,,,,,,,,,,,,,,,,,,,,,,,,,,,,,,,,,,,,,,,,,,,,,,,,,,,,,,,,,,,,,,,,,,,,,,,,,,,,,,,,,,,,,,,,,,,,,,,,,,,,,,,,,,,,,,,,,,,,,,,,,,,,,,,,,,,,,,,,,,,,,,,,,,,,,,,,,,,,,,,,,,,,,,,,,,,,,,,,,,,,
ACSSF,2019m1,nc,000,0024,0000157,,,,,,,,,,,,,,,,,,,,,,,,,,,,,,,,,,,,,,,,,,,,,,,,,,,,,,,,,,,,,,,,,,,,,,,,,,,,,,,,,,,,,,,,,,,,,,,,,,,,,,,,,,,,,,,,,,,,,,,,,,,,,,,,,,,,,,,,,,,,,,,,,,,,,,,,,,,,,,,,,,,,,,,,,,,,,,,,,,,,,,,,,,,,,,,,,,,,,,,,,,,,,,,,,,
ACSSF,2019m1,nc,000,0024,0000158,,,,,,,,,,,,,,,,,,,,,,,,,,,,,,,,,,,,,,,,,,,,,,,,,,,,,,,,,,,,,,,,,,,,,,,,,,,,,,,,,,,,,,,,,,,,,,,,,,,,,,,,,,,,,,,,,,,,,,,,,,,,,,,,,,,,,,,,,,,,,,,,,,,,,,,,,,,,,,,,,,,,,,,,,,,,,,,,,,,,,,,,,,,,,,,,,,,,,,,,,,,,,,,,,,
ACSSF,2019m1,nc,000,0024,0000159,,,,,,,,,,,,,,,,,,,,,,,,,,,,,,,,,,,,,,,,,,,,,,,,,,,,,,,,,,,,,,,,,,,,,,,,,,,,,,,,,,,,,,,,,,,,,,,,,,,,,,,,,,,,,,,,,,,,,,,,,,,,,,,,,,,,,,,,,,,,,,,,,,,,,,,,,,,,,,,,,,,,,,,,,,,,,,,,,,,,,,,,,,,,,,,,,,,,,,,,,,,,,,,,,,
ACSSF,2019m1,nc,000,0024,0000160,,,,,,,,,,,,,,,,,,,,,,,,,,,,,,,,,,,,,,,,,,,,,,,,,,,,,,,,,,,,,,,,,,,,,,,,,,,,,,,,,,,,,,,,,,,,,,,,,,,,,,,,,,,,,,,,,,,,,,,,,,,,,,,,,,,,,,,,,,,,,,,,,,,,,,,,,,,,,,,,,,,,,,,,,,,,,,,,,,,,,,,,,,,,,,,,,,,,,,,,,,,,,,,,,,
ACSSF,2019m1,nc,000,0024,0000161,,,,,,,,,,,,,,,,,,,,,,,,,,,,,,,,,,,,,,,,,,,,,,,,,,,,,,,,,,,,,,,,,,,,,,,,,,,,,,,,,,,,,,,,,,,,,,,,,,,,,,,,,,,,,,,,,,,,,,,,,,,,,,,,,,,,,,,,,,,,,,,,,,,,,,,,,,,,,,,,,,,,,,,,,,,,,,,,,,,,,,,,,,,,,,,,,,,,,,,,,,,,,,,,,,
ACSSF,2019m1,nc,000,0024,0000162,,,,,,,,,,,,,,,,,,,,,,,,,,,,,,,,,,,,,,,,,,,,,,,,,,,,,,,,,,,,,,,,,,,,,,,,,,,,,,,,,,,,,,,,,,,,,,,,,,,,,,,,,,,,,,,,,,,,,,,,,,,,,,,,,,,,,,,,,,,,,,,,,,,,,,,,,,,,,,,,,,,,,,,,,,,,,,,,,,,,,,,,,,,,,,,,,,,,,,,,,,,,,,,,,,
ACSSF,2019m1,nc,000,0024,0000163,,,,,,,,,,,,,,,,,,,,,,,,,,,,,,,,,,,,,,,,,,,,,,,,,,,,,,,,,,,,,,,,,,,,,,,,,,,,,,,,,,,,,,,,,,,,,,,,,,,,,,,,,,,,,,,,,,,,,,,,,,,,,,,,,,,,,,,,,,,,,,,,,,,,,,,,,,,,,,,,,,,,,,,,,,,,,,,,,,,,,,,,,,,,,,,,,,,,,,,,,,,,,,,,,,
ACSSF,2019m1,nc,000,0024,0000164,,,,,,,,,,,,,,,,,,,,,,,,,,,,,,,,,,,,,,,,,,,,,,,,,,,,,,,,,,,,,,,,,,,,,,,,,,,,,,,,,,,,,,,,,,,,,,,,,,,,,,,,,,,,,,,,,,,,,,,,,,,,,,,,,,,,,,,,,,,,,,,,,,,,,,,,,,,,,,,,,,,,,,,,,,,,,,,,,,,,,,,,,,,,,,,,,,,,,,,,,,,,,,,,,,
ACSSF,2019m1,nc,000,0024,0000165,,,,,,,,,,,,,,,,,,,,,,,,,,,,,,,,,,,,,,,,,,,,,,,,,,,,,,,,,,,,,,,,,,,,,,,,,,,,,,,,,,,,,,,,,,,,,,,,,,,,,,,,,,,,,,,,,,,,,,,,,,,,,,,,,,,,,,,,,,,,,,,,,,,,,,,,,,,,,,,,,,,,,,,,,,,,,,,,,,,,,,,,,,,,,,,,,,,,,,,,,,,,,,,,,,
ACSSF,2019m1,nc,000,0024,0000166,,,,,,,,,,,,,,,,,,,,,,,,,,,,,,,,,,,,,,,,,,,,,,,,,,,,,,,,,,,,,,,,,,,,,,,,,,,,,,,,,,,,,,,,,,,,,,,,,,,,,,,,,,,,,,,,,,,,,,,,,,,,,,,,,,,,,,,,,,,,,,,,,,,,,,,,,,,,,,,,,,,,,,,,,,,,,,,,,,,,,,,,,,,,,,,,,,,,,,,,,,,,,,,,,,
ACSSF,2019m1,nc,000,0024,0000167,,,,,,,,,,,,,,,,,,,,,,,,,,,,,,,,,,,,,,,,,,,,,,,,,,,,,,,,,,,,,,,,,,,,,,,,,,,,,,,,,,,,,,,,,,,,,,,,,,,,,,,,,,,,,,,,,,,,,,,,,,,,,,,,,,,,,,,,,,,,,,,,,,,,,,,,,,,,,,,,,,,,,,,,,,,,,,,,,,,,,,,,,,,,,,,,,,,,,,,,,,,,,,,,,,
ACSSF,2019m1,nc,000,0024,0000168,,,,,,,,,,,,,,,,,,,,,,,,,,,,,,,,,,,,,,,,,,,,,,,,,,,,,,,,,,,,,,,,,,,,,,,,,,,,,,,,,,,,,,,,,,,,,,,,,,,,,,,,,,,,,,,,,,,,,,,,,,,,,,,,,,,,,,,,,,,,,,,,,,,,,,,,,,,,,,,,,,,,,,,,,,,,,,,,,,,,,,,,,,,,,,,,,,,,,,,,,,,,,,,,,,
ACSSF,2019m1,nc,000,0024,0000169,,,,,,,,,,,,,,,,,,,,,,,,,,,,,,,,,,,,,,,,,,,,,,,,,,,,,,,,,,,,,,,,,,,,,,,,,,,,,,,,,,,,,,,,,,,,,,,,,,,,,,,,,,,,,,,,,,,,,,,,,,,,,,,,,,,,,,,,,,,,,,,,,,,,,,,,,,,,,,,,,,,,,,,,,,,,,,,,,,,,,,,,,,,,,,,,,,,,,,,,,,,,,,,,,,
ACSSF,2019m1,nc,000,0024,0000170,,,,,,,,,,,,,,,,,,,,,,,,,,,,,,,,,,,,,,,,,,,,,,,,,,,,,,,,,,,,,,,,,,,,,,,,,,,,,,,,,,,,,,,,,,,,,,,,,,,,,,,,,,,,,,,,,,,,,,,,,,,,,,,,,,,,,,,,,,,,,,,,,,,,,,,,,,,,,,,,,,,,,,,,,,,,,,,,,,,,,,,,,,,,,,,,,,,,,,,,,,,,,,,,,,
ACSSF,2019m1,nc,000,0024,0000171,,,,,,,,,,,,,,,,,,,,,,,,,,,,,,,,,,,,,,,,,,,,,,,,,,,,,,,,,,,,,,,,,,,,,,,,,,,,,,,,,,,,,,,,,,,,,,,,,,,,,,,,,,,,,,,,,,,,,,,,,,,,,,,,,,,,,,,,,,,,,,,,,,,,,,,,,,,,,,,,,,,,,,,,,,,,,,,,,,,,,,,,,,,,,,,,,,,,,,,,,,,,,,,,,,
ACSSF,2019m1,nc,000,0024,0000172,,,,,,,,,,,,,,,,,,,,,,,,,,,,,,,,,,,,,,,,,,,,,,,,,,,,,,,,,,,,,,,,,,,,,,,,,,,,,,,,,,,,,,,,,,,,,,,,,,,,,,,,,,,,,,,,,,,,,,,,,,,,,,,,,,,,,,,,,,,,,,,,,,,,,,,,,,,,,,,,,,,,,,,,,,,,,,,,,,,,,,,,,,,,,,,,,,,,,,,,,,,,,,,,,,
ACSSF,2019m1,nc,000,0024,0000173,,,,,,,,,,,,,,,,,,,,,,,,,,,,,,,,,,,,,,,,,,,,,,,,,,,,,,,,,,,,,,,,,,,,,,,,,,,,,,,,,,,,,,,,,,,,,,,,,,,,,,,,,,,,,,,,,,,,,,,,,,,,,,,,,,,,,,,,,,,,,,,,,,,,,,,,,,,,,,,,,,,,,,,,,,,,,,,,,,,,,,,,,,,,,,,,,,,,,,,,,,,,,,,,,,
ACSSF,2019m1,nc,000,0024,0000174,,,,,,,,,,,,,,,,,,,,,,,,,,,,,,,,,,,,,,,,,,,,,,,,,,,,,,,,,,,,,,,,,,,,,,,,,,,,,,,,,,,,,,,,,,,,,,,,,,,,,,,,,,,,,,,,,,,,,,,,,,,,,,,,,,,,,,,,,,,,,,,,,,,,,,,,,,,,,,,,,,,,,,,,,,,,,,,,,,,,,,,,,,,,,,,,,,,,,,,,,,,,,,,,,,
ACSSF,2019m1,nc,000,0024,0000175,,,,,,,,,,,,,,,,,,,,,,,,,,,,,,,,,,,,,,,,,,,,,,,,,,,,,,,,,,,,,,,,,,,,,,,,,,,,,,,,,,,,,,,,,,,,,,,,,,,,,,,,,,,,,,,,,,,,,,,,,,,,,,,,,,,,,,,,,,,,,,,,,,,,,,,,,,,,,,,,,,,,,,,,,,,,,,,,,,,,,,,,,,,,,,,,,,,,,,,,,,,,,,,,,,
ACSSF,2019m1,nc,000,0024,0000176,,,,,,,,,,,,,,,,,,,,,,,,,,,,,,,,,,,,,,,,,,,,,,,,,,,,,,,,,,,,,,,,,,,,,,,,,,,,,,,,,,,,,,,,,,,,,,,,,,,,,,,,,,,,,,,,,,,,,,,,,,,,,,,,,,,,,,,,,,,,,,,,,,,,,,,,,,,,,,,,,,,,,,,,,,,,,,,,,,,,,,,,,,,,,,,,,,,,,,,,,,,,,,,,,,
ACSSF,2019m1,nc,000,0024,0000177,,,,,,,,,,,,,,,,,,,,,,,,,,,,,,,,,,,,,,,,,,,,,,,,,,,,,,,,,,,,,,,,,,,,,,,,,,,,,,,,,,,,,,,,,,,,,,,,,,,,,,,,,,,,,,,,,,,,,,,,,,,,,,,,,,,,,,,,,,,,,,,,,,,,,,,,,,,,,,,,,,,,,,,,,,,,,,,,,,,,,,,,,,,,,,,,,,,,,,,,,,,,,,,,,,
ACSSF,2019m1,nc,000,0024,0000178,,,,,,,,,,,,,,,,,,,,,,,,,,,,,,,,,,,,,,,,,,,,,,,,,,,,,,,,,,,,,,,,,,,,,,,,,,,,,,,,,,,,,,,,,,,,,,,,,,,,,,,,,,,,,,,,,,,,,,,,,,,,,,,,,,,,,,,,,,,,,,,,,,,,,,,,,,,,,,,,,,,,,,,,,,,,,,,,,,,,,,,,,,,,,,,,,,,,,,,,,,,,,,,,,,
ACSSF,2019m1,nc,000,0024,0000179,,,,,,,,,,,,,,,,,,,,,,,,,,,,,,,,,,,,,,,,,,,,,,,,,,,,,,,,,,,,,,,,,,,,,,,,,,,,,,,,,,,,,,,,,,,,,,,,,,,,,,,,,,,,,,,,,,,,,,,,,,,,,,,,,,,,,,,,,,,,,,,,,,,,,,,,,,,,,,,,,,,,,,,,,,,,,,,,,,,,,,,,,,,,,,,,,,,,,,,,,,,,,,,,,,
ACSSF,2019m1,nc,000,0024,0000180,,,,,,,,,,,,,,,,,,,,,,,,,,,,,,,,,,,,,,,,,,,,,,,,,,,,,,,,,,,,,,,,,,,,,,,,,,,,,,,,,,,,,,,,,,,,,,,,,,,,,,,,,,,,,,,,,,,,,,,,,,,,,,,,,,,,,,,,,,,,,,,,,,,,,,,,,,,,,,,,,,,,,,,,,,,,,,,,,,,,,,,,,,,,,,,,,,,,,,,,,,,,,,,,,,
ACSSF,2019m1,nc,000,0024,0000181,,,,,,,,,,,,,,,,,,,,,,,,,,,,,,,,,,,,,,,,,,,,,,,,,,,,,,,,,,,,,,,,,,,,,,,,,,,,,,,,,,,,,,,,,,,,,,,,,,,,,,,,,,,,,,,,,,,,,,,,,,,,,,,,,,,,,,,,,,,,,,,,,,,,,,,,,,,,,,,,,,,,,,,,,,,,,,,,,,,,,,,,,,,,,,,,,,,,,,,,,,,,,,,,,,
ACSSF,2019m1,nc,000,0024,0000182,,,,,,,,,,,,,,,,,,,,,,,,,,,,,,,,,,,,,,,,,,,,,,,,,,,,,,,,,,,,,,,,,,,,,,,,,,,,,,,,,,,,,,,,,,,,,,,,,,,,,,,,,,,,,,,,,,,,,,,,,,,,,,,,,,,,,,,,,,,,,,,,,,,,,,,,,,,,,,,,,,,,,,,,,,,,,,,,,,,,,,,,,,,,,,,,,,,,,,,,,,,,,,,,,,
ACSSF,2019m1,nc,000,0024,0000183,,,,,,,,,,,,,,,,,,,,,,,,,,,,,,,,,,,,,,,,,,,,,,,,,,,,,,,,,,,,,,,,,,,,,,,,,,,,,,,,,,,,,,,,,,,,,,,,,,,,,,,,,,,,,,,,,,,,,,,,,,,,,,,,,,,,,,,,,,,,,,,,,,,,,,,,,,,,,,,,,,,,,,,,,,,,,,,,,,,,,,,,,,,,,,,,,,,,,,,,,,,,,,,,,,
ACSSF,2019m1,nc,000,0024,0000184,,,,,,,,,,,,,,,,,,,,,,,,,,,,,,,,,,,,,,,,,,,,,,,,,,,,,,,,,,,,,,,,,,,,,,,,,,,,,,,,,,,,,,,,,,,,,,,,,,,,,,,,,,,,,,,,,,,,,,,,,,,,,,,,,,,,,,,,,,,,,,,,,,,,,,,,,,,,,,,,,,,,,,,,,,,,,,,,,,,,,,,,,,,,,,,,,,,,,,,,,,,,,,,,,,
ACSSF,2019m1,nc,000,0024,0000185,,,,,,,,,,,,,,,,,,,,,,,,,,,,,,,,,,,,,,,,,,,,,,,,,,,,,,,,,,,,,,,,,,,,,,,,,,,,,,,,,,,,,,,,,,,,,,,,,,,,,,,,,,,,,,,,,,,,,,,,,,,,,,,,,,,,,,,,,,,,,,,,,,,,,,,,,,,,,,,,,,,,,,,,,,,,,,,,,,,,,,,,,,,,,,,,,,,,,,,,,,,,,,,,,,
ACSSF,2019m1,nc,000,0024,0000186,,,,,,,,,,,,,,,,,,,,,,,,,,,,,,,,,,,,,,,,,,,,,,,,,,,,,,,,,,,,,,,,,,,,,,,,,,,,,,,,,,,,,,,,,,,,,,,,,,,,,,,,,,,,,,,,,,,,,,,,,,,,,,,,,,,,,,,,,,,,,,,,,,,,,,,,,,,,,,,,,,,,,,,,,,,,,,,,,,,,,,,,,,,,,,,,,,,,,,,,,,,,,,,,,,
ACSSF,2019m1,nc,000,0024,0000187,,,,,,,,,,,,,,,,,,,,,,,,,,,,,,,,,,,,,,,,,,,,,,,,,,,,,,,,,,,,,,,,,,,,,,,,,,,,,,,,,,,,,,,,,,,,,,,,,,,,,,,,,,,,,,,,,,,,,,,,,,,,,,,,,,,,,,,,,,,,,,,,,,,,,,,,,,,,,,,,,,,,,,,,,,,,,,,,,,,,,,,,,,,,,,,,,,,,,,,,,,,,,,,,,,
ACSSF,2019m1,nc,000,0024,0000188,,,,,,,,,,,,,,,,,,,,,,,,,,,,,,,,,,,,,,,,,,,,,,,,,,,,,,,,,,,,,,,,,,,,,,,,,,,,,,,,,,,,,,,,,,,,,,,,,,,,,,,,,,,,,,,,,,,,,,,,,,,,,,,,,,,,,,,,,,,,,,,,,,,,,,,,,,,,,,,,,,,,,,,,,,,,,,,,,,,,,,,,,,,,,,,,,,,,,,,,,,,,,,,,,,
ACSSF,2019m1,nc,000,0024,0000189,,,,,,,,,,,,,,,,,,,,,,,,,,,,,,,,,,,,,,,,,,,,,,,,,,,,,,,,,,,,,,,,,,,,,,,,,,,,,,,,,,,,,,,,,,,,,,,,,,,,,,,,,,,,,,,,,,,,,,,,,,,,,,,,,,,,,,,,,,,,,,,,,,,,,,,,,,,,,,,,,,,,,,,,,,,,,,,,,,,,,,,,,,,,,,,,,,,,,,,,,,,,,,,,,,
ACSSF,2019m1,nc,000,0024,0000190,,,,,,,,,,,,,,,,,,,,,,,,,,,,,,,,,,,,,,,,,,,,,,,,,,,,,,,,,,,,,,,,,,,,,,,,,,,,,,,,,,,,,,,,,,,,,,,,,,,,,,,,,,,,,,,,,,,,,,,,,,,,,,,,,,,,,,,,,,,,,,,,,,,,,,,,,,,,,,,,,,,,,,,,,,,,,,,,,,,,,,,,,,,,,,,,,,,,,,,,,,,,,,,,,,
ACSSF,2019m1,nc,000,0024,0000191,,,,,,,,,,,,,,,,,,,,,,,,,,,,,,,,,,,,,,,,,,,,,,,,,,,,,,,,,,,,,,,,,,,,,,,,,,,,,,,,,,,,,,,,,,,,,,,,,,,,,,,,,,,,,,,,,,,,,,,,,,,,,,,,,,,,,,,,,,,,,,,,,,,,,,,,,,,,,,,,,,,,,,,,,,,,,,,,,,,,,,,,,,,,,,,,,,,,,,,,,,,,,,,,,,
ACSSF,2019m1,nc,000,0024,0000192,,,,,,,,,,,,,,,,,,,,,,,,,,,,,,,,,,,,,,,,,,,,,,,,,,,,,,,,,,,,,,,,,,,,,,,,,,,,,,,,,,,,,,,,,,,,,,,,,,,,,,,,,,,,,,,,,,,,,,,,,,,,,,,,,,,,,,,,,,,,,,,,,,,,,,,,,,,,,,,,,,,,,,,,,,,,,,,,,,,,,,,,,,,,,,,,,,,,,,,,,,,,,,,,,,
ACSSF,2019m1,nc,000,0024,0000193,,,,,,,,,,,,,,,,,,,,,,,,,,,,,,,,,,,,,,,,,,,,,,,,,,,,,,,,,,,,,,,,,,,,,,,,,,,,,,,,,,,,,,,,,,,,,,,,,,,,,,,,,,,,,,,,,,,,,,,,,,,,,,,,,,,,,,,,,,,,,,,,,,,,,,,,,,,,,,,,,,,,,,,,,,,,,,,,,,,,,,,,,,,,,,,,,,,,,,,,,,,,,,,,,,
ACSSF,2019m1,nc,000,0024,0000194,,,,,,,,,,,,,,,,,,,,,,,,,,,,,,,,,,,,,,,,,,,,,,,,,,,,,,,,,,,,,,,,,,,,,,,,,,,,,,,,,,,,,,,,,,,,,,,,,,,,,,,,,,,,,,,,,,,,,,,,,,,,,,,,,,,,,,,,,,,,,,,,,,,,,,,,,,,,,,,,,,,,,,,,,,,,,,,,,,,,,,,,,,,,,,,,,,,,,,,,,,,,,,,,,,
ACSSF,2019m1,nc,000,0024,0000195,,,,,,,,,,,,,,,,,,,,,,,,,,,,,,,,,,,,,,,,,,,,,,,,,,,,,,,,,,,,,,,,,,,,,,,,,,,,,,,,,,,,,,,,,,,,,,,,,,,,,,,,,,,,,,,,,,,,,,,,,,,,,,,,,,,,,,,,,,,,,,,,,,,,,,,,,,,,,,,,,,,,,,,,,,,,,,,,,,,,,,,,,,,,,,,,,,,,,,,,,,,,,,,,,,
ACSSF,2019m1,nc,000,0024,0000196,,,,,,,,,,,,,,,,,,,,,,,,,,,,,,,,,,,,,,,,,,,,,,,,,,,,,,,,,,,,,,,,,,,,,,,,,,,,,,,,,,,,,,,,,,,,,,,,,,,,,,,,,,,,,,,,,,,,,,,,,,,,,,,,,,,,,,,,,,,,,,,,,,,,,,,,,,,,,,,,,,,,,,,,,,,,,,,,,,,,,,,,,,,,,,,,,,,,,,,,,,,,,,,,,,
ACSSF,2019m1,nc,000,0024,0000197,,,,,,,,,,,,,,,,,,,,,,,,,,,,,,,,,,,,,,,,,,,,,,,,,,,,,,,,,,,,,,,,,,,,,,,,,,,,,,,,,,,,,,,,,,,,,,,,,,,,,,,,,,,,,,,,,,,,,,,,,,,,,,,,,,,,,,,,,,,,,,,,,,,,,,,,,,,,,,,,,,,,,,,,,,,,,,,,,,,,,,,,,,,,,,,,,,,,,,,,,,,,,,,,,,
ACSSF,2019m1,nc,000,0024,0000198,,,,,,,,,,,,,,,,,,,,,,,,,,,,,,,,,,,,,,,,,,,,,,,,,,,,,,,,,,,,,,,,,,,,,,,,,,,,,,,,,,,,,,,,,,,,,,,,,,,,,,,,,,,,,,,,,,,,,,,,,,,,,,,,,,,,,,,,,,,,,,,,,,,,,,,,,,,,,,,,,,,,,,,,,,,,,,,,,,,,,,,,,,,,,,,,,,,,,,,,,,,,,,,,,,
ACSSF,2019m1,nc,000,0024,0000199,,,,,,,,,,,,,,,,,,,,,,,,,,,,,,,,,,,,,,,,,,,,,,,,,,,,,,,,,,,,,,,,,,,,,,,,,,,,,,,,,,,,,,,,,,,,,,,,,,,,,,,,,,,,,,,,,,,,,,,,,,,,,,,,,,,,,,,,,,,,,,,,,,,,,,,,,,,,,,,,,,,,,,,,,,,,,,,,,,,,,,,,,,,,,,,,,,,,,,,,,,,,,,,,,,
ACSSF,2019m1,nc,000,0024,0000200,,,,,,,,,,,,,,,,,,,,,,,,,,,,,,,,,,,,,,,,,,,,,,,,,,,,,,,,,,,,,,,,,,,,,,,,,,,,,,,,,,,,,,,,,,,,,,,,,,,,,,,,,,,,,,,,,,,,,,,,,,,,,,,,,,,,,,,,,,,,,,,,,,,,,,,,,,,,,,,,,,,,,,,,,,,,,,,,,,,,,,,,,,,,,,,,,,,,,,,,,,,,,,,,,,
ACSSF,2019m1,nc,000,0024,0000201,,,,,,,,,,,,,,,,,,,,,,,,,,,,,,,,,,,,,,,,,,,,,,,,,,,,,,,,,,,,,,,,,,,,,,,,,,,,,,,,,,,,,,,,,,,,,,,,,,,,,,,,,,,,,,,,,,,,,,,,,,,,,,,,,,,,,,,,,,,,,,,,,,,,,,,,,,,,,,,,,,,,,,,,,,,,,,,,,,,,,,,,,,,,,,,,,,,,,,,,,,,,,,,,,,
ACSSF,2019m1,nc,000,0024,0000202,,,,,,,,,,,,,,,,,,,,,,,,,,,,,,,,,,,,,,,,,,,,,,,,,,,,,,,,,,,,,,,,,,,,,,,,,,,,,,,,,,,,,,,,,,,,,,,,,,,,,,,,,,,,,,,,,,,,,,,,,,,,,,,,,,,,,,,,,,,,,,,,,,,,,,,,,,,,,,,,,,,,,,,,,,,,,,,,,,,,,,,,,,,,,,,,,,,,,,,,,,,,,,,,,,
ACSSF,2019m1,nc,000,0024,0000203,,,,,,,,,,,,,,,,,,,,,,,,,,,,,,,,,,,,,,,,,,,,,,,,,,,,,,,,,,,,,,,,,,,,,,,,,,,,,,,,,,,,,,,,,,,,,,,,,,,,,,,,,,,,,,,,,,,,,,,,,,,,,,,,,,,,,,,,,,,,,,,,,,,,,,,,,,,,,,,,,,,,,,,,,,,,,,,,,,,,,,,,,,,,,,,,,,,,,,,,,,,,,,,,,,
ACSSF,2019m1,nc,000,0024,0000204,,,,,,,,,,,,,,,,,,,,,,,,,,,,,,,,,,,,,,,,,,,,,,,,,,,,,,,,,,,,,,,,,,,,,,,,,,,,,,,,,,,,,,,,,,,,,,,,,,,,,,,,,,,,,,,,,,,,,,,,,,,,,,,,,,,,,,,,,,,,,,,,,,,,,,,,,,,,,,,,,,,,,,,,,,,,,,,,,,,,,,,,,,,,,,,,,,,,,,,,,,,,,,,,,,
ACSSF,2019m1,nc,000,0024,0000205,,,,,,,,,,,,,,,,,,,,,,,,,,,,,,,,,,,,,,,,,,,,,,,,,,,,,,,,,,,,,,,,,,,,,,,,,,,,,,,,,,,,,,,,,,,,,,,,,,,,,,,,,,,,,,,,,,,,,,,,,,,,,,,,,,,,,,,,,,,,,,,,,,,,,,,,,,,,,,,,,,,,,,,,,,,,,,,,,,,,,,,,,,,,,,,,,,,,,,,,,,,,,,,,,,
ACSSF,2019m1,nc,000,0024,0000206,,,,,,,,,,,,,,,,,,,,,,,,,,,,,,,,,,,,,,,,,,,,,,,,,,,,,,,,,,,,,,,,,,,,,,,,,,,,,,,,,,,,,,,,,,,,,,,,,,,,,,,,,,,,,,,,,,,,,,,,,,,,,,,,,,,,,,,,,,,,,,,,,,,,,,,,,,,,,,,,,,,,,,,,,,,,,,,,,,,,,,,,,,,,,,,,,,,,,,,,,,,,,,,,,,
ACSSF,2019m1,nc,000,0024,0000207,,,,,,,,,,,,,,,,,,,,,,,,,,,,,,,,,,,,,,,,,,,,,,,,,,,,,,,,,,,,,,,,,,,,,,,,,,,,,,,,,,,,,,,,,,,,,,,,,,,,,,,,,,,,,,,,,,,,,,,,,,,,,,,,,,,,,,,,,,,,,,,,,,,,,,,,,,,,,,,,,,,,,,,,,,,,,,,,,,,,,,,,,,,,,,,,,,,,,,,,,,,,,,,,,,
ACSSF,2019m1,nc,000,0024,0000208,,,,,,,,,,,,,,,,,,,,,,,,,,,,,,,,,,,,,,,,,,,,,,,,,,,,,,,,,,,,,,,,,,,,,,,,,,,,,,,,,,,,,,,,,,,,,,,,,,,,,,,,,,,,,,,,,,,,,,,,,,,,,,,,,,,,,,,,,,,,,,,,,,,,,,,,,,,,,,,,,,,,,,,,,,,,,,,,,,,,,,,,,,,,,,,,,,,,,,,,,,,,,,,,,,
ACSSF,2019m1,nc,000,0024,0000209,,,,,,,,,,,,,,,,,,,,,,,,,,,,,,,,,,,,,,,,,,,,,,,,,,,,,,,,,,,,,,,,,,,,,,,,,,,,,,,,,,,,,,,,,,,,,,,,,,,,,,,,,,,,,,,,,,,,,,,,,,,,,,,,,,,,,,,,,,,,,,,,,,,,,,,,,,,,,,,,,,,,,,,,,,,,,,,,,,,,,,,,,,,,,,,,,,,,,,,,,,,,,,,,,,
ACSSF,2019m1,nc,000,0024,0000210,,,,,,,,,,,,,,,,,,,,,,,,,,,,,,,,,,,,,,,,,,,,,,,,,,,,,,,,,,,,,,,,,,,,,,,,,,,,,,,,,,,,,,,,,,,,,,,,,,,,,,,,,,,,,,,,,,,,,,,,,,,,,,,,,,,,,,,,,,,,,,,,,,,,,,,,,,,,,,,,,,,,,,,,,,,,,,,,,,,,,,,,,,,,,,,,,,,,,,,,,,,,,,,,,,
ACSSF,2019m1,nc,000,0024,0000211,,,,,,,,,,,,,,,,,,,,,,,,,,,,,,,,,,,,,,,,,,,,,,,,,,,,,,,,,,,,,,,,,,,,,,,,,,,,,,,,,,,,,,,,,,,,,,,,,,,,,,,,,,,,,,,,,,,,,,,,,,,,,,,,,,,,,,,,,,,,,,,,,,,,,,,,,,,,,,,,,,,,,,,,,,,,,,,,,,,,,,,,,,,,,,,,,,,,,,,,,,,,,,,,,,
ACSSF,2019m1,nc,000,0024,0000212,,,,,,,,,,,,,,,,,,,,,,,,,,,,,,,,,,,,,,,,,,,,,,,,,,,,,,,,,,,,,,,,,,,,,,,,,,,,,,,,,,,,,,,,,,,,,,,,,,,,,,,,,,,,,,,,,,,,,,,,,,,,,,,,,,,,,,,,,,,,,,,,,,,,,,,,,,,,,,,,,,,,,,,,,,,,,,,,,,,,,,,,,,,,,,,,,,,,,,,,,,,,,,,,,,
