ACSSF,2019m1,nc,000,0007,0000001,33219,216,348,66,9155,2214,431,161,216,1300,207,272,760,728,1182,1367,216,520,2100,268,1090,1318,4894,320,439,1657,216,623,906,203,2752,1242,2096,4888,1304,17342,595,5139,2184,8461,3474,19033,509,3437,711,3285,304,991,13727,482,10619,591,1545,238,44,881,220,1403,4007,375,5915,1772,2427,3542,2487,7075,6938,1226,1568,1726,793,216,4461,211,609,572,448,611,1616,620,611,216,1129,113,216,146,3477,1231,4410,2128,566,2180,4330,2507,229,467,249,374,537,97,1057,1732,616,639,1328,216,881,20572,33219,9155,2214,4894,2752,2096,4888,17342,5139,8461,3474,19033,3437,3285,13727,10619,1545,4007,5915,1772,3542,7075,6938,1726,4461,4410,2128,2180,4330,2507
ACSSF,2019m1,nc,000,0007,0000002,28014,216,342,66,8928,2084,406,161,216,1268,155,272,757,730,930,1266,216,516,1900,268,1036,1239,4337,320,350,1378,216,532,696,203,2055,1261,1956,3966,1091,13686,526,4056,1214,7056,2147,15451,192,2659,687,2783,304,971,12328,426,9395,562,1469,207,216,195,211,1330,3540,305,4506,1661,2463,3331,2124,5623,6679,1145,1536,1424,760,216,4259,211,609,556,137,611,1594,620,611,216,1020,113,216,146,3306,1086,4308,1818,566,1958,3997,2235,139,467,249,374,525,97,905,1526,616,639,1201,216,871,18104,28014,8928,2084,4337,2055,1956,3966,13686,4056,7056,2147,15451,2659,2783,12328,9395,1469,3540,4506,1661,3331,5623,6679,1424,4259,4308,1818,1958,3997,2235
ACSSF,2019m1,nc,000,0007,0000003,,,,,,,,,,,,,,,,,,,,,,,,,,,,,,,,,,,,,,,,,,,,,,,,,,,,,,,,,,,,,,,,,,,,,,,,,,,,,,,,,,,,,,,,,,,,,,,,,,,,,,,,,,,,,20705,4908,1071,2048,1762,862,3158,8994,2725,4654,2308,11635,2783,1765,9327,6263,615,1839,3928,884,1594,4432,3430,789,1378,1611,867,868,2254,889
ACSSF,2019m1,nc,000,0007,0000004,32139,216,348,66,8942,2192,431,161,216,1262,207,272,760,728,1182,1364,216,518,1991,268,1089,1239,4840,320,350,1683,216,545,904,203,2688,1236,2100,4807,1284,16438,595,4893,2193,8424,3444,18717,509,3457,711,3305,304,991,13701,482,10265,591,1541,238,44,881,211,1407,3815,375,5867,1728,2427,3585,2518,6757,7012,1226,1568,1720,793,216,4431,211,609,572,448,611,1616,620,611,216,1129,113,216,146,3426,1227,4441,2105,566,2179,3967,2473,229,467,249,374,537,97,1001,1732,616,639,1316,216,881,20405,32139,8942,2192,4840,2688,2100,4807,16438,4893,8424,3444,18717,3457,3305,13701,10265,1541,3815,5867,1728,3585,6757,7012,1720,4431,4441,2105,2179,3967,2473
ACSSF,2019m1,nc,000,0007,0000005,30098,216,288,66,8618,1902,422,161,216,979,155,272,757,722,1171,1331,216,516,1906,268,1091,1210,4658,320,350,1587,216,527,886,203,2405,1249,2071,4708,1208,15669,595,4088,1892,7710,3445,16967,509,3524,711,3101,233,991,12976,460,10055,572,1517,238,44,881,200,1376,3713,379,5383,1631,2422,3591,2422,6616,6579,1226,1559,1686,787,216,4398,211,609,558,435,611,1616,620,611,216,1129,113,216,146,3381,1208,4131,2009,561,2051,3872,2432,229,467,236,374,537,97,1001,1653,616,639,1316,216,848,19042,30098,8618,1902,4658,2405,2071,4708,15669,4088,7710,3445,16967,3524,3101,12976,10055,1517,3713,5383,1631,3591,6616,6579,1686,4398,4131,2009,2051,3872,2432
ACSSF,2019m1,nc,000,0007,0000006,18587,216,238,216,7177,1653,414,161,216,887,155,247,706,726,844,693,216,415,994,216,616,812,2497,204,337,1091,216,197,600,203,1662,839,1440,2283,880,8982,517,2606,640,4706,1554,11000,123,1729,254,1321,217,919,8909,387,6589,396,902,105,216,149,200,910,2538,263,3496,1274,1622,1887,1706,3961,4346,1079,1499,1268,487,216,2923,216,609,495,137,216,1596,620,216,216,565,113,216,146,1912,916,2931,845,216,966,2619,1668,139,493,139,374,535,216,659,1283,232,216,780,216,453,12319,18587,7177,1653,2497,1662,1440,2283,8982,2606,4706,1554,11000,1729,1321,8909,6589,902,2538,3496,1274,1887,3961,4346,1268,2923,2931,845,966,2619,1668
ACSSF,2019m1,nc,000,0007,0000007,23929,216,162,66,5350,1094,89,216,216,682,216,117,226,134,811,1148,216,266,1656,268,1058,921,3636,244,90,1122,216,476,678,216,1782,881,1494,4115,995,12592,289,3001,1897,5627,2970,12938,499,3284,688,2624,83,322,11295,261,7915,470,1258,205,44,864,216,970,2733,271,4132,1315,1816,2979,1560,5597,5855,570,409,1265,603,216,3003,211,216,192,417,611,424,216,611,216,957,216,216,216,2608,833,3224,1721,535,1603,3596,1755,180,81,192,28,131,97,693,915,565,639,1075,216,757,15537,23929,5350,1094,3636,1782,1494,4115,12592,3001,5627,2970,12938,3284,2624,11295,7915,1258,2733,4132,1315,2979,5597,5855,1265,3003,3224,1721,1603,3596,1755
ACSSF,2019m1,nc,000,0007,0000008,,,,,,,,,,,,,,,,,,,,,,,,,,,,,,,,,,,,,,,,,,,,,,,,,,,,,,,,,,,,,,,,,,,,,,,,,,,,,,,,,,,,,,,,,,,,,,,,,,,,,,,,,,,,,9019,2890,938,1097,1201,530,1151,4611,1789,2703,634,5398,625,1139,4724,2466,386,1225,1908,713,885,2620,2628,268,842,1191,478,831,1502,621
ACSSF,2019m1,nc,000,0007,0000009,,,,,,,,,,,,,,,,,,,,,,,,,,,,,,,,,,,,,,,,,,,,,,,,,,,,,,,,,,,,,,,,,,,,,,,,,,,,,,,,,,,,,,,,,,,,,,,,,,,,,,,,,,,,,4782,1143,80,532,212,376,590,2094,808,978,328,2008,96,310,2279,1172,240,527,533,152,218,823,841,169,425,683,252,506,515,490
ACSSF,2019m1,nc,000,0007,0000010,,,,,,,,,,,,,,,,,,,,,,,,,,,,,,,,,,,,,,,,,,,,,,,,,,,,,,,,,,,,,,,,,,,,,,,,,,,,,,,,,,,,,,,,,,,,,,,,,,,,,,,,,,,,,8180,2578,935,962,1199,372,1002,4167,1593,2555,476,5270,622,1118,4017,1927,301,1168,1880,688,797,2412,2446,210,724,1047,408,632,1386,378
ACSSF,2019m1,nc,000,0007,0000011,,,,,,,,,,,,,,,,,,,,,,,,,,,,,,,,,,,,,,,,,,,,,,,,,,,,,,,,,,,,,,,,,,,,,,,,,,,,,,,,,,,,,,,,,,,,,,,,,,,,,,,,,,,,,6288,1927,231,701,688,272,714,4150,1230,1475,396,2863,217,233,2969,2003,160,721,1226,262,566,2046,1637,95,312,763,372,66,1136,246
ACSSF,2019m1,nc,000,0007,0000012,,,,,,,,,,,,,,,,,,,,,,,,,,,,,,,,,,,,,,,,,,,,,,,,,,,,,,,,,,,,,,,,,,,,,,,,,,,,,,,,,,,,,,,,,,,,,,,,,,,,,,,,,,,,,11075,3191,957,1343,1420,625,1376,6502,2233,3161,738,6229,664,1163,5643,3365,423,1551,2181,821,1179,3476,3117,281,953,1333,624,834,1817,660
ACSSF,2019m1,nc,000,0007,0000013,,,,,,,,,,,,,,,,,,,,,,,,,,,,,,,,,,,,,,,,,,,,,,,,,,,,,,,,,,,,,,,,,,,,,,,,,,,,,,,,,,,,,,,,,,,,,,,,,,,,,,,,,,,,,3993,748,210,605,74,286,967,2002,506,604,354,2653,455,391,1882,806,153,320,796,35,275,1152,586,307,204,490,67,69,772,661
ACSSF,2019m1,nc,000,0007,0000014,,,,,,,,,,,,,,,,,,,,,,,,,,,,,,,,,,,,,,,,,,,,,,,,,,,,,,,,,,,,,,,,,,,,,,,,,,,,,,,,,,,,,,,,,,,,,,,,,,,,,,,,,,,,,3880,560,216,532,632,298,667,2645,464,1256,198,2156,373,648,1726,1700,316,510,1089,216,167,1096,1092,111,204,293,129,124,808,390
ACSSF,2019m1,nc,000,0007,0000015,,,,,,,,,,,,,,,,,,,,,,,,,,,,,,,,,,,,,,,,,,,,,,,,,,,,,,,,,,,,,,,,,,,,,,,,,,,,,,,,,,,,,,,,,,,,,,,,,,,,,,,,,,,,,5913,1029,301,695,466,973,864,3623,902,1175,345,2990,1161,411,2136,1595,169,904,772,194,330,1628,1385,508,340,948,310,203,760,165
ACSSF,2019m1,nc,000,0007,0000016,,,,,,,,,,,,,,,,,,,,,,,,,,,,,,,,,,,,,,,,,,,,,,,,,,,,,,,,,,,,,,,,,,,,,,,,,,,,,,,,,,,,,,,,,,,,,,,,,,,,,,,,,,,,,,,,,,,,,,,,,,,,,,,,,,,,,,,,,,
ACSSF,2019m1,nc,000,0007,0000017,,,,,,,,,,,,,,,,,,,,,,,,,,,,,,,,,,,,,,,,,,,,,,,,,,,,,,,,,,,,,,,,,,,,,,,,,,,,,,,,,,,,,,,,,,,,,,,,,,,,,,,,,,,,,6122,821,148,1276,157,597,759,1835,693,692,300,3233,168,129,2402,1902,216,469,1098,49,242,1467,975,699,2327,549,200,263,1096,165
ACSSF,2019m1,nc,000,0007,0000018,,,,,,,,,,,,,,,,,,,,,,,,,,,,,,,,,,,,,,,,,,,,,,,,,,,,,,,,,,,,,,,,,,,,,,,,,,,,,,,,,,,,,,,,,,,,,,,,,,,,,,,,,,,,,,,,,,,,,,,,,,,,,,,,,,,,,,,,,,
ACSSF,2019m1,nc,000,0007,0000019,,,,,,,,,,,,,,,,,,,,,,,,,,,,,,,,,,,,,,,,,,,,,,,,,,,,,,,,,,,,,,,,,,,,,,,,,,,,,,,,,,,,,,,,,,,,,,,,,,,,,,,,,,,,,2209,1011,144,155,167,89,572,1736,335,1205,126,1275,282,199,1533,551,216,296,407,484,124,364,461,65,415,278,91,216,255,91
ACSSF,2019m1,nc,000,0007,0000020,,,,,,,,,,,,,,,,,,,,,,,,,,,,,,,,,,,,,,,,,,,,,,,,,,,,,,,,,,,,,,,,,,,,,,,,,,,,,,,,,,,,,,,,,,,,,,,,,,,,,,,,,,,,,,,,,,,,,,,,,,,,,,,,,,,,,,,,,,
ACSSF,2019m1,nc,000,0007,0000021,,,,,,,,,,,,,,,,,,,,,,,,,,,,,,,,,,,,,,,,,,,,,,,,,,,,,,,,,,,,,,,,,,,,,,,,,,,,,,,,,,,,,,,,,,,,,,,,,,,,,,,,,,,,,,,,,,,,,,,,,,,,,,,,,,,,,,,,,,
ACSSF,2019m1,nc,000,0007,0000022,,,,,,,,,,,,,,,,,,,,,,,,,,,,,,,,,,,,,,,,,,,,,,,,,,,,,,,,,,,,,,,,,,,,,,,,,,,,,,,,,,,,,,,,,,,,,,,,,,,,,,,,,,,,,,,,,,,,,,,,,,,,,,,,,,,,,,,,,,
ACSSF,2019m1,nc,000,0007,0000023,,,,,,,,,,,,,,,,,,,,,,,,,,,,,,,,,,,,,,,,,,,,,,,,,,,,,,,,,,,,,,,,,,,,,,,,,,,,,,,,,,,,,,,,,,,,,,,,,,,,,,,,,,,,,2741,599,216,660,216,70,258,1317,369,521,1029,1431,297,216,1755,1241,216,158,804,288,120,652,491,97,534,460,179,266,286,606
ACSSF,2019m1,nc,000,0007,0000024,,,,,,,,,,,,,,,,,,,,,,,,,,,,,,,,,,,,,,,,,,,,,,,,,,,,,,,,,,,,,,,,,,,,,,,,,,,,,,,,,,,,,,,,,,,,,,,,,,,,,,,,,,,,,5091,2021,172,812,268,578,757,2501,615,1200,591,3258,646,497,2455,1676,163,590,1123,353,217,617,1171,343,673,1250,521,220,407,262
ACSSF,2019m1,nc,000,0007,0000025,,,,,,,,,,,,,,,,,,,,,,,,,,,,,,,,,,,,,,,,,,,,,,,,,,,,,,,,,,,,,,,,,,,,,,,,,,,,,,,,,,,,,,,,,,,,,,,,,,,,,,,,,,,,,3586,880,118,151,42,311,570,1686,481,547,216,2694,276,137,2041,801,131,90,511,104,216,630,555,77,216,212,216,216,237,216
ACSSF,2019m1,nc,000,0007,0000026,,,,,,,,,,,,,,,,,,,,,,,,,,,,,,,,,,,,,,,,,,,,,,,,,,,,,,,,,,,,,,,,,,,,,,,,,,,,,,,,,,,,,,,,,,,,,,,,,,,,,,,,,,,,,5841,2016,679,784,429,599,378,2611,566,1214,633,2518,327,413,2076,1839,571,746,1489,350,571,1119,977,511,607,850,235,348,722,1080
ACSSF,2019m1,nc,000,0007,0000027,,,,,,,,,,,,,,,,,,,,,,,,,,,,,,,,,,,,,,,,,,,,,,,,,,,,,,,,,,,,,,,,,,,,,,,,,,,,,,,,,,,,,,,,,,,,,,,,,,,,,,,,,,,,,6787,1582,277,877,307,270,1128,4276,931,1386,325,4679,384,500,3426,1675,356,714,875,620,489,1143,1997,154,678,795,395,216,1566,706
ACSSF,2019m1,nc,000,0007,0000028,,,,,,,,,,,,,,,,,,,,,,,,,,,,,,,,,,,,,,,,,,,,,,,,,,,,,,,,,,,,,,,,,,,,,,,,,,,,,,,,,,,,,,,,,,,,,,,,,,,,,,,,,,,,,,,,,,,,,,,,,,,,,,,,,,,,,,,,,,
ACSSF,2019m1,nc,000,0007,0000029,,,,,,,,,,,,,,,,,,,,,,,,,,,,,,,,,,,,,,,,,,,,,,,,,,,,,,,,,,,,,,,,,,,,,,,,,,,,,,,,,,,,,,,,,,,,,,,,,,,,,,,,,,,,,3867,802,272,880,76,216,895,1428,885,529,351,2656,153,278,2303,1110,119,298,545,116,285,1136,1120,154,689,304,61,111,590,252
ACSSF,2019m1,nc,000,0007,0000030,,,,,,,,,,,,,,,,,,,,,,,,,,,,,,,,,,,,,,,,,,,,,,,,,,,,,,,,,,,,,,,,,,,,,,,,,,,,,,,,,,,,,,,,,,,,,,,,,,,,,,,,,,,,,6618,1364,642,558,499,564,651,3129,1680,2001,416,3884,240,707,3409,2432,204,515,1580,159,204,1471,1461,231,699,732,295,102,719,705
ACSSF,2019m1,nc,000,0007,0000031,,,,,,,,,,,,,,,,,,,,,,,,,,,,,,,,,,,,,,,,,,,,,,,,,,,,,,,,,,,,,,,,,,,,,,,,,,,,,,,,,,,,,,,,,,,,,,,,,,,,,,,,,,,,,3725,319,55,579,47,20,660,1701,632,1386,214,1946,279,182,1314,1371,34,154,733,37,911,600,1397,235,318,909,216,216,233,629
ACSSF,2019m1,nc,000,0007,0000032,,,,,,,,,,,,,,,,,,,,,,,,,,,,,,,,,,,,,,,,,,,,,,,,,,,,,,,,,,,,,,,,,,,,,,,,,,,,,,,,,,,,,,,,,,,,,,,,,,,,,,,,,,,,,3728,636,80,394,229,360,509,2009,193,842,281,2322,98,412,2559,887,104,484,419,68,154,748,605,61,216,504,145,252,860,180
ACSSF,2019m1,nc,000,0007,0000033,,,,,,,,,,,,,,,,,,,,,,,,,,,,,,,,,,,,,,,,,,,,,,,,,,,,,,,,,,,,,,,,,,,,,,,,,,,,,,,,,,,,,,,,,,,,,,,,,,,,,,,,,,,,,4718,554,117,227,458,165,603,1705,294,1073,1175,3476,539,273,2579,1614,482,376,913,153,228,919,792,388,387,518,186,300,583,268
ACSSF,2019m1,nc,000,0007,0000034,,,,,,,,,,,,,,,,,,,,,,,,,,,,,,,,,,,,,,,,,,,,,,,,,,,,,,,,,,,,,,,,,,,,,,,,,,,,,,,,,,,,,,,,,,,,,,,,,,,,,,,,,,,,,6580,548,888,723,216,121,173,4087,391,1600,376,3182,397,379,3728,2168,216,362,1698,216,1209,1520,1546,377,580,1348,259,125,583,64
ACSSF,2019m1,nc,000,0007,0000035,,,,,,,,,,,,,,,,,,,,,,,,,,,,,,,,,,,,,,,,,,,,,,,,,,,,,,,,,,,,,,,,,,,,,,,,,,,,,,,,,,,,,,,,,,,,,,,,,,,,,,,,,,,,,3170,997,113,92,216,283,568,1768,422,654,1301,2109,217,173,1952,656,216,198,457,356,211,339,1404,136,216,504,119,215,164,216
ACSSF,2019m1,nc,000,0007,0000036,,,,,,,,,,,,,,,,,,,,,,,,,,,,,,,,,,,,,,,,,,,,,,,,,,,,,,,,,,,,,,,,,,,,,,,,,,,,,,,,,,,,,,,,,,,,,,,,,,,,,,,,,,,,,10222,2201,675,1260,895,284,1078,4930,912,2432,627,5422,911,775,5739,3685,545,1137,2439,637,1256,2341,2665,495,1699,1499,635,592,1142,970
ACSSF,2019m1,nc,000,0007,0000037,,,,,,,,,,,,,,,,,,,,,,,,,,,,,,,,,,,,,,,,,,,,,,,,,,,,,,,,,,,,,,,,,,,,,,,,,,,,,,,,,,,,,,,,,,,,,,,,,,,,,,,,,,,,,3059,1141,142,478,1073,361,334,1317,900,825,171,1636,47,1064,2006,1530,216,325,998,176,179,632,793,180,135,615,232,467,690,86
ACSSF,2019m1,nc,000,0007,0000038,,,,,,,,,,,,,,,,,,,,,,,,,,,,,,,,,,,,,,,,,,,,,,,,,,,,,,,,,,,,,,,,,,,,,,,,,,,,,,,,,,,,,,,,,,,,,,,,,,,,,,,,,,,,,,,,,,,,,,,,,,,,,,,,,,,,,,,,,,
ACSSF,2019m1,nc,000,0007,0000039,,,,,,,,,,,,,,,,,,,,,,,,,,,,,,,,,,,,,,,,,,,,,,,,,,,,,,,,,,,,,,,,,,,,,,,,,,,,,,,,,,,,,,,,,,,,,,,,,,,,,,,,,,,,,4928,1412,483,717,148,349,391,2033,888,1125,363,3427,528,454,2658,2534,334,769,1599,432,375,1324,1432,261,168,771,446,498,966,312
ACSSF,2019m1,nc,000,0007,0000040,,,,,,,,,,,,,,,,,,,,,,,,,,,,,,,,,,,,,,,,,,,,,,,,,,,,,,,,,,,,,,,,,,,,,,,,,,,,,,,,,,,,,,,,,,,,,,,,,,,,,,,,,,,,,5417,887,556,212,839,216,1337,3715,969,1274,618,3349,327,841,3833,2627,216,606,1145,487,354,2064,2294,182,379,760,216,255,1935,603
ACSSF,2019m1,nc,000,0007,0000041,,,,,,,,,,,,,,,,,,,,,,,,,,,,,,,,,,,,,,,,,,,,,,,,,,,,,,,,,,,,,,,,,,,,,,,,,,,,,,,,,,,,,,,,,,,,,,,,,,,,,,,,,,,,,4229,1113,70,836,430,608,279,2311,269,904,473,2505,125,62,2163,1284,116,623,929,139,742,852,712,228,151,883,98,70,666,559
ACSSF,2019m1,nc,000,0007,0000042,,,,,,,,,,,,,,,,,,,,,,,,,,,,,,,,,,,,,,,,,,,,,,,,,,,,,,,,,,,,,,,,,,,,,,,,,,,,,,,,,,,,,,,,,,,,,,,,,,,,,,,,,,,,,3522,1225,216,669,216,55,181,1819,547,592,144,1637,472,419,2082,868,158,491,829,216,213,750,817,167,1115,364,185,216,534,656
ACSSF,2019m1,nc,000,0007,0000043,,,,,,,,,,,,,,,,,,,,,,,,,,,,,,,,,,,,,,,,,,,,,,,,,,,,,,,,,,,,,,,,,,,,,,,,,,,,,,,,,,,,,,,,,,,,,,,,,,,,,,,,,,,,,,,,,,,,,,,,,,,,,,,,,,,,,,,,,,
ACSSF,2019m1,nc,000,0007,0000044,,,,,,,,,,,,,,,,,,,,,,,,,,,,,,,,,,,,,,,,,,,,,,,,,,,,,,,,,,,,,,,,,,,,,,,,,,,,,,,,,,,,,,,,,,,,,,,,,,,,,,,,,,,,,,,,,,,,,,,,,,,,,,,,,,,,,,,,,,
ACSSF,2019m1,nc,000,0007,0000045,,,,,,,,,,,,,,,,,,,,,,,,,,,,,,,,,,,,,,,,,,,,,,,,,,,,,,,,,,,,,,,,,,,,,,,,,,,,,,,,,,,,,,,,,,,,,,,,,,,,,,,,,,,,,,,,,,,,,,,,,,,,,,,,,,,,,,,,,,
ACSSF,2019m1,nc,000,0007,0000046,,,,,,,,,,,,,,,,,,,,,,,,,,,,,,,,,,,,,,,,,,,,,,,,,,,,,,,,,,,,,,,,,,,,,,,,,,,,,,,,,,,,,,,,,,,,,,,,,,,,,,,,,,,,,3514,876,196,387,96,314,771,1189,426,811,216,2368,122,171,1834,1451,216,360,330,186,604,1529,652,76,302,162,85,216,320,200
ACSSF,2019m1,nc,000,0007,0000047,,,,,,,,,,,,,,,,,,,,,,,,,,,,,,,,,,,,,,,,,,,,,,,,,,,,,,,,,,,,,,,,,,,,,,,,,,,,,,,,,,,,,,,,,,,,,,,,,,,,,,,,,,,,,,,,,,,,,,,,,,,,,,,,,,,,,,,,,,
ACSSF,2019m1,nc,000,0007,0000048,,,,,,,,,,,,,,,,,,,,,,,,,,,,,,,,,,,,,,,,,,,,,,,,,,,,,,,,,,,,,,,,,,,,,,,,,,,,,,,,,,,,,,,,,,,,,,,,,,,,,,,,,,,,,,,,,,,,,,,,,,,,,,,,,,,,,,,,,,
ACSSF,2019m1,nc,000,0007,0000049,,,,,,,,,,,,,,,,,,,,,,,,,,,,,,,,,,,,,,,,,,,,,,,,,,,,,,,,,,,,,,,,,,,,,,,,,,,,,,,,,,,,,,,,,,,,,,,,,,,,,,,,,,,,,4677,1235,216,728,226,93,762,2640,544,1165,576,3064,1037,567,2313,1818,427,421,1491,110,912,1206,1155,411,847,947,502,1120,850,122
ACSSF,2019m1,nc,000,0007,0000050,,,,,,,,,,,,,,,,,,,,,,,,,,,,,,,,,,,,,,,,,,,,,,,,,,,,,,,,,,,,,,,,,,,,,,,,,,,,,,,,,,,,,,,,,,,,,,,,,,,,,,,,,,,,,11111,5131,972,1613,1342,610,1569,5041,1347,3696,1240,6615,2217,1243,6489,3971,849,2141,3146,886,1611,2062,3110,785,1193,1698,957,550,2079,963
ACSSF,2019m1,nc,000,0007,0000051,,,,,,,,,,,,,,,,,,,,,,,,,,,,,,,,,,,,,,,,,,,,,,,,,,,,,,,,,,,,,,,,,,,,,,,,,,,,,,,,,,,,,,,,,,,,,,,,,,,,,,,,,,,,,,,,,,,,,,,,,,,,,,,,,,,,,,,,,,
ACSSF,2019m1,nc,000,0007,0000052,,,,,,,,,,,,,,,,,,,,,,,,,,,,,,,,,,,,,,,,,,,,,,,,,,,,,,,,,,,,,,,,,,,,,,,,,,,,,,,,,,,,,,,,,,,,,,,,,,,,,,,,,,,,,,,,,,,,,,,,,,,,,,,,,,,,,,,,,,
ACSSF,2019m1,nc,000,0007,0000053,,,,,,,,,,,,,,,,,,,,,,,,,,,,,,,,,,,,,,,,,,,,,,,,,,,,,,,,,,,,,,,,,,,,,,,,,,,,,,,,,,,,,,,,,,,,,,,,,,,,,,,,,,,,,,,,,,,,,,,,,,,,,,,,,,,,,,,,,,
ACSSF,2019m1,nc,000,0007,0000054,,,,,,,,,,,,,,,,,,,,,,,,,,,,,,,,,,,,,,,,,,,,,,,,,,,,,,,,,,,,,,,,,,,,,,,,,,,,,,,,,,,,,,,,,,,,,,,,,,,,,,,,,,,,,3368,943,238,481,276,663,674,1924,869,828,343,1449,550,372,1277,1037,216,829,551,216,208,1176,964,144,216,774,97,189,671,119
ACSSF,2019m1,nc,000,0007,0000055,,,,,,,,,,,,,,,,,,,,,,,,,,,,,,,,,,,,,,,,,,,,,,,,,,,,,,,,,,,,,,,,,,,,,,,,,,,,,,,,,,,,,,,,,,,,,,,,,,,,,,,,,,,,,5387,682,625,691,667,174,606,2464,302,942,560,2680,416,189,2488,2011,185,897,1184,667,550,634,1232,340,461,972,525,247,1442,216
ACSSF,2019m1,nc,000,0007,0000056,,,,,,,,,,,,,,,,,,,,,,,,,,,,,,,,,,,,,,,,,,,,,,,,,,,,,,,,,,,,,,,,,,,,,,,,,,,,,,,,,,,,,,,,,,,,,,,,,,,,,,,,,,,,,8261,1674,673,1192,875,265,895,4192,731,2119,605,4751,833,584,5212,2963,342,931,1860,458,833,2079,2366,469,1537,1089,391,558,928,509
ACSSF,2019m1,nc,000,0007,0000057,,,,,,,,,,,,,,,,,,,,,,,,,,,,,,,,,,,,,,,,,,,,,,,,,,,,,,,,,,,,,,,,,,,,,,,,,,,,,,,,,,,,,,,,,,,,,,,,,,,,,,,,,,,,,,,,,,,,,,,,,,,,,,,,,,,,,,,,,,
ACSSF,2019m1,nc,000,0007,0000058,,,,,,,,,,,,,,,,,,,,,,,,,,,,,,,,,,,,,,,,,,,,,,,,,,,,,,,,,,,,,,,,,,,,,,,,,,,,,,,,,,,,,,,,,,,,,,,,,,,,,,,,,,,,,5468,1871,679,715,391,599,378,2208,566,1189,559,2352,247,394,2119,1659,550,380,1125,350,573,1057,928,511,607,751,235,348,698,654
ACSSF,2019m1,nc,000,0007,0000059,,,,,,,,,,,,,,,,,,,,,,,,,,,,,,,,,,,,,,,,,,,,,,,,,,,,,,,,,,,,,,,,,,,,,,,,,,,,,,,,,,,,,,,,,,,,,,,,,,,,,,,,,,,,,4334,1509,172,651,268,578,755,1925,394,969,490,3043,497,175,2167,1380,135,458,981,188,150,427,827,216,630,1090,240,220,407,250
ACSSF,2019m1,nc,000,0007,0000060,,,,,,,,,,,,,,,,,,,,,,,,,,,,,,,,,,,,,,,,,,,,,,,,,,,,,,,,,,,,,,,,,,,,,,,,,,,,,,,,,,,,,,,,,,,,,,,,,,,,,,,,,,,,,,,,,,,,,,,,,,,,,,,,,,,,,,,,,,
ACSSF,2019m1,nc,000,0007,0000061,,,,,,,,,,,,,,,,,,,,,,,,,,,,,,,,,,,,,,,,,,,,,,,,,,,,,,,,,,,,,,,,,,,,,,,,,,,,,,,,,,,,,,,,,,,,,,,,,,,,,,,,,,,,,4495,860,304,524,340,331,522,2423,649,831,331,2227,161,530,2507,1783,152,406,786,159,191,1178,1113,231,655,565,235,76,379,688
ACSSF,2019m1,nc,000,0007,0000062,,,,,,,,,,,,,,,,,,,,,,,,,,,,,,,,,,,,,,,,,,,,,,,,,,,,,,,,,,,,,,,,,,,,,,,,,,,,,,,,,,,,,,,,,,,,,,,,,,,,,,,,,,,,,,,,,,,,,,,,,,,,,,,,,,,,,,,,,,
ACSSF,2019m1,nc,000,0007,0000063,,,,,,,,,,,,,,,,,,,,,,,,,,,,,,,,,,,,,,,,,,,,,,,,,,,,,,,,,,,,,,,,,,,,,,,,,,,,,,,,,,,,,,,,,,,,,,,,,,,,,,,,,,,,,,,,,,,,,,,,,,,,,,,,,,,,,,,,,,
ACSSF,2019m1,nc,000,0007,0000064,,,,,,,,,,,,,,,,,,,,,,,,,,,,,,,,,,,,,,,,,,,,,,,,,,,,,,,,,,,,,,,,,,,,,,,,,,,,,,,,,,,,,,,,,,,,,,,,,,,,,,,,,,,,,,,,,,,,,,,,,,,,,,,,,,,,,,,,,,
ACSSF,2019m1,nc,000,0007,0000065,,,,,,,,,,,,,,,,,,,,,,,,,,,,,,,,,,,,,,,,,,,,,,,,,,,,,,,,,,,,,,,,,,,,,,,,,,,,,,,,,,,,,,,,,,,,,,,,,,,,,,,,,,,,,7785,4410,677,1310,512,423,981,3084,714,2044,674,3600,718,769,3926,2399,353,794,2125,592,1224,1280,1462,648,741,649,329,448,914,709
ACSSF,2019m1,nc,000,0007,0000066,,,,,,,,,,,,,,,,,,,,,,,,,,,,,,,,,,,,,,,,,,,,,,,,,,,,,,,,,,,,,,,,,,,,,,,,,,,,,,,,,,,,,,,,,,,,,,,,,,,,,,,,,,,,,3700,1390,407,546,133,174,250,1849,860,945,336,1941,208,419,2067,1444,293,537,883,188,198,802,846,261,168,509,183,201,199,216
ACSSF,2019m1,nc,000,0007,0000067,,,,,,,,,,,,,,,,,,,,,,,,,,,,,,,,,,,,,,,,,,,,,,,,,,,,,,,,,,,,,,,,,,,,,,,,,,,,,,,,,,,,,,,,,,,,,,,,,,,,,,,,,,,,,5472,1382,248,323,300,245,578,3821,478,1012,190,3887,284,179,2431,1459,198,681,612,495,427,721,1552,154,649,762,293,216,1522,689
ACSSF,2019m1,nc,000,0007,0000068,,,,,,,,,,,,,,,,,,,,,,,,,,,,,,,,,,,,,,,,,,,,,,,,,,,,,,,,,,,,,,,,,,,,,,,,,,,,,,,,,,,,,,,,,,,,,,,,,,,,,,,,,,,,,3368,943,238,481,276,663,674,1924,869,828,343,1449,550,372,1277,1037,216,829,551,216,208,1176,964,144,216,774,97,189,671,119
ACSSF,2019m1,nc,000,0007,0000069,,,,,,,,,,,,,,,,,,,,,,,,,,,,,,,,,,,,,,,,,,,,,,,,,,,,,,,,,,,,,,,,,,,,,,,,,,,,,,,,,,,,,,,,,,,,,,,,,,,,,,,,,,,,,8261,1674,673,1192,875,265,895,4192,731,2119,605,4751,833,584,5212,2963,342,931,1860,458,833,2079,2366,469,1537,1089,391,558,928,509
ACSSF,2019m1,nc,000,0007,0000070,,,,,,,,,,,,,,,,,,,,,,,,,,,,,,,,,,,,,,,,,,,,,,,,,,,,,,,,,,,,,,,,,,,,,,,,,,,,,,,,,,,,,,,,,,,,,,,,,,,,,,,,,,,,,,,,,,,,,,,,,,,,,,,,,,,,,,,,,,
ACSSF,2019m1,nc,000,0007,0000071,,,,,,,,,,,,,,,,,,,,,,,,,,,,,,,,,,,,,,,,,,,,,,,,,,,,,,,,,,,,,,,,,,,,,,,,,,,,,,,,,,,,,,,,,,,,,,,,,,,,,,,,,,,,,,,,,,,,,,,,,,,,,,,,,,,,,,,,,,
ACSSF,2019m1,nc,000,0007,0000072,,,,,,,,,,,,,,,,,,,,,,,,,,,,,,,,,,,,,,,,,,,,,,,,,,,,,,,,,,,,,,,,,,,,,,,,,,,,,,,,,,,,,,,,,,,,,,,,,,,,,,,,,,,,,5454,1871,679,715,391,599,378,2195,566,1189,559,2340,247,394,2119,1659,550,380,1125,350,573,1057,928,511,607,751,235,348,698,654
ACSSF,2019m1,nc,000,0007,0000073,,,,,,,,,,,,,,,,,,,,,,,,,,,,,,,,,,,,,,,,,,,,,,,,,,,,,,,,,,,,,,,,,,,,,,,,,,,,,,,,,,,,,,,,,,,,,,,,,,,,,,,,,,,,,4334,1509,172,651,268,578,755,1925,394,969,490,3043,497,175,2167,1380,135,458,981,188,150,427,827,216,630,1090,240,220,407,250
ACSSF,2019m1,nc,000,0007,0000074,,,,,,,,,,,,,,,,,,,,,,,,,,,,,,,,,,,,,,,,,,,,,,,,,,,,,,,,,,,,,,,,,,,,,,,,,,,,,,,,,,,,,,,,,,,,,,,,,,,,,,,,,,,,,4495,860,304,524,340,331,522,2423,649,831,331,2227,161,530,2507,1783,152,406,786,159,191,1178,1113,231,655,565,235,76,379,688
ACSSF,2019m1,nc,000,0007,0000075,,,,,,,,,,,,,,,,,,,,,,,,,,,,,,,,,,,,,,,,,,,,,,,,,,,,,,,,,,,,,,,,,,,,,,,,,,,,,,,,,,,,,,,,,,,,,,,,,,,,,,,,,,,,,,,,,,,,,,,,,,,,,,,,,,,,,,,,,,
ACSSF,2019m1,nc,000,0007,0000076,,,,,,,,,,,,,,,,,,,,,,,,,,,,,,,,,,,,,,,,,,,,,,,,,,,,,,,,,,,,,,,,,,,,,,,,,,,,,,,,,,,,,,,,,,,,,,,,,,,,,,,,,,,,,,,,,,,,,,,,,,,,,,,,,,,,,,,,,,
ACSSF,2019m1,nc,000,0007,0000077,,,,,,,,,,,,,,,,,,,,,,,,,,,,,,,,,,,,,,,,,,,,,,,,,,,,,,,,,,,,,,,,,,,,,,,,,,,,,,,,,,,,,,,,,,,,,,,,,,,,,,,,,,,,,,,,,,,,,,,,,,,,,,,,,,,,,,,,,,
ACSSF,2019m1,nc,000,0007,0000078,,,,,,,,,,,,,,,,,,,,,,,,,,,,,,,,,,,,,,,,,,,,,,,,,,,,,,,,,,,,,,,,,,,,,,,,,,,,,,,,,,,,,,,,,,,,,,,,,,,,,,,,,,,,,5240,682,625,691,667,174,598,2381,302,922,560,2622,390,189,2491,1928,185,897,1184,667,550,634,1197,332,461,972,525,194,1442,216
ACSSF,2019m1,nc,000,0007,0000079,,,,,,,,,,,,,,,,,,,,,,,,,,,,,,,,,,,,,,,,,,,,,,,,,,,,,,,,,,,,,,,,,,,,,,,,,,,,,,,,,,,,,,,,,,,,,,,,,,,,,,,,,,,,,7764,4410,677,1310,512,423,981,3060,714,2044,637,3600,718,739,3936,2391,353,794,2125,592,1224,1285,1462,648,741,658,329,448,914,709
ACSSF,2019m1,nc,000,0007,0000080,,,,,,,,,,,,,,,,,,,,,,,,,,,,,,,,,,,,,,,,,,,,,,,,,,,,,,,,,,,,,,,,,,,,,,,,,,,,,,,,,,,,,,,,,,,,,,,,,,,,,,,,,,,,,3700,1390,407,546,133,174,250,1849,860,945,336,1941,208,419,2067,1444,293,537,883,188,198,802,846,261,168,509,183,201,199,216
ACSSF,2019m1,nc,000,0007,0000081,,,,,,,,,,,,,,,,,,,,,,,,,,,,,,,,,,,,,,,,,,,,,,,,,,,,,,,,,,,,,,,,,,,,,,,,,,,,,,,,,,,,,,,,,,,,,,,,,,,,,,,,,,,,,5472,1382,248,323,300,245,578,3821,478,1012,190,3887,284,179,2431,1459,198,681,612,495,427,721,1552,154,649,762,293,216,1522,689
ACSSF,2019m1,nc,000,0007,0000082,,,,,,,,,,,,,,,,,,,,,,,,,,,,,,,,,,,,,,,,,,,,,,,,,,,,,,,,,,,,,,,,,,,,,,,,,,,,,,,,,,,,,,,,,,,,,,,,,,,,,,,,,,,,,6361,2713,631,1501,449,620,681,3182,1138,1438,566,3098,408,261,3369,1871,591,988,1770,346,561,1317,1418,172,1373,936,302,355,986,855
ACSSF,2019m1,nc,000,0007,0000083,,,,,,,,,,,,,,,,,,,,,,,,,,,,,,,,,,,,,,,,,,,,,,,,,,,,,,,,,,,,,,,,,,,,,,,,,,,,,,,,,,,,,,,,,,,,,,,,,,,,,,,,,,,,,10563,3017,624,1332,963,540,1419,6436,1442,2896,977,6464,2064,1103,6348,3987,762,1770,2675,441,1878,1980,3305,650,891,2076,670,322,1725,980
ACSSF,2019m1,nc,000,0007,0000084,,,,,,,,,,,,,,,,,,,,,,,,,,,,,,,,,,,,,,,,,,,,,,,,,,,,,,,,,,,,,,,,,,,,,,,,,,,,,,,,,,,,,,,,,,,,,,,,,,,,,,,,,,,,,7992,2373,1035,1175,896,287,1552,5366,1503,2115,1160,4551,808,1104,5678,3390,168,849,1951,823,516,2430,2558,219,1153,1178,294,466,2115,1020
ACSSF,2019m1,nc,000,0007,0000085,,,,,,,,,,,,,,,,,,,,,,,,,,,,,,,,,,,,,,,,,,,,,,,,,,,,,,,,,,,,,,,,,,,,,,,,,,,,,,,,,,,,,,,,,,,,,,,,,,,,,,,,,,,,,11896,4783,840,1704,944,787,1095,4359,780,2399,957,5604,878,662,4450,3551,374,1446,2607,788,1500,1794,2124,906,1080,1508,601,474,1270,1195
ACSSF,2019m1,nc,000,0007,0000086,,,,,,,,,,,,,,,,,,,,,,,,,,,,,,,,,,,,,,,,,,,,,,,,,,,,,,,,,,,,,,,,,,,,,,,,,,,,,,,,,,,,,,,,,,,,,,,,,,,,,,,,,,,,,9318,2000,293,981,786,354,1816,5323,1063,1674,582,6279,447,673,4784,2330,383,999,1256,623,700,2037,2601,177,682,947,462,102,1714,798
ACSSF,2019m1,nc,000,0007,0000087,,,,,,,,,,,,,,,,,,,,,,,,,,,,,,,,,,,,,,,,,,,,,,,,,,,,,,,,,,,,,,,,,,,,,,,,,,,,,,,,,,,,,,,,,,,,,,,,,,,,,,,,,,,,,10411,2344,563,2090,556,657,1701,4710,1096,2503,546,5006,993,899,4917,2943,256,971,2024,472,695,2217,1735,421,569,1044,313,393,1312,817
ACSSF,2019m1,nc,000,0007,0000088,,,,,,,,,,,,,,,,,,,,,,,,,,,,,,,,,,,,,,,,,,,,,,,,,,,,,,,,,,,,,,,,,,,,,,,,,,,,,,,,,,,,,,,,,,,,,,,,,,,,,,,,,,,,,7674,4070,998,1068,670,498,873,4774,1799,2122,493,4791,738,851,3878,3732,536,1060,2046,587,737,1940,2368,295,533,843,513,640,2031,523
ACSSF,2019m1,nc,000,0007,0000089,,,,,,,,,,,,,,,,,,,,,,,,,,,,,,,,,,,,,,,,,,,,,,,,,,,,,,,,,,,,,,,,,,,,,,,,,,,,,,,,,,,,,,,,,,,,,,,,,,,,,,,,,,,,,9259,2461,320,1506,1177,918,1392,3659,1638,1401,703,5142,674,1156,4248,2877,256,1055,1808,350,818,1962,1792,729,2410,1294,647,607,1624,311
ACSSF,2019m1,nc,000,0007,0000090,,,,,,,,,,,,,,,,,,,,,,,,,,,,,,,,,,,,,,,,,,,,,,,,,,,,,,,,,,,,,,,,,,,,,,,,,,,,,,,,,,,,,,,,,,,,,,,,,,,,,,,,,,,,,7695,2130,359,1356,487,211,987,4886,951,2159,758,4078,1114,778,4824,2838,480,1000,2408,526,1135,1803,2457,600,1204,1437,601,1138,1242,229
ACSSF,2019m1,nc,000,0007,0000091,,,,,,,,,,,,,,,,,,,,,,,,,,,,,,,,,,,,,,,,,,,,,,,,,,,,,,,,,,,,,,,,,,,,,,,,,,,,,,,,,,,,,,,,,,,,,,,,,,,,,,,,,,,,,9281,1665,292,1121,557,742,1466,3868,1547,2023,1183,5193,582,526,4771,1851,138,983,2045,639,747,2114,2304,268,739,990,599,655,934,275
ACSSF,2019m1,nc,000,0007,0000092,,,,,,,,,,,,,,,,,,,,,,,,,,,,,,,,,,,,,,,,,,,,,,,,,,,,,,,,,,,,,,,,,,,,,,,,,,,,,,,,,,,,,,,,,,,,,,,,,,,,,,,,,,,,,8761,2822,407,1293,529,784,1627,4860,1115,1524,970,4828,1082,1208,4800,2708,378,641,1295,88,601,2923,1876,541,739,1118,409,310,1340,453
ACSSF,2019m1,nc,000,0007,0000093,,,,,,,,,,,,,,,,,,,,,,,,,,,,,,,,,,,,,,,,,,,,,,,,,,,,,,,,,,,,,,,,,,,,,,,,,,,,,,,,,,,,,,,,,,,,,,,,,,,,,,,,,,,,,8618,1914,615,841,788,207,866,3719,888,1753,431,4435,870,653,4487,2531,499,745,1709,548,1027,2046,1689,448,1286,1155,561,550,998,960
ACSSF,2019m1,nc,000,0007,0000094,,,,,,,,,,,,,,,,,,,,,,,,,,,,,,,,,,,,,,,,,,,,,,,,,,,,,,,,,,,,,,,,,,,,,,,,,,,,,,,,,,,,,,,,,,,,,,,,,,,,,,,,,,,,,8300,1562,448,628,516,501,1100,3834,1781,2006,1243,5655,602,432,4005,3052,509,647,1354,303,325,2163,1730,443,721,672,349,308,811,681
ACSSF,2019m1,nc,000,0007,0000095,,,,,,,,,,,,,,,,,,,,,,,,,,,,,,,,,,,,,,,,,,,,,,,,,,,,,,,,,,,,,,,,,,,,,,,,,,,,,,,,,,,,,,,,,,,,,,,,,,,,,,,,,,,,,3386,782,68,469,671,68,436,2118,797,850,400,2365,241,206,1224,997,123,309,957,12,508,1380,1084,72,64,409,226,102,594,305
ACSSF,2019m1,nc,000,0007,0000096,,,,,,,,,,,,,,,,,,,,,,,,,,,,,,,,,,,,,,,,,,,,,,,,,,,,,,,,,,,,,,,,,,,,,,,,,,,,,,,,,,,,,,,,,,,,,,,,,,,,,,,,,,,,,3271,940,216,304,216,229,340,1845,217,773,174,2326,216,176,1955,1155,40,601,428,216,118,947,1347,216,216,243,236,216,309,216
ACSSF,2019m1,nc,000,0007,0000097,,,,,,,,,,,,,,,,,,,,,,,,,,,,,,,,,,,,,,,,,,,,,,,,,,,,,,,,,,,,,,,,,,,,,,,,,,,,,,,,,,,,,,,,,,,,,,,,,,,,,,,,,,,,,,,,,,,,,,,,,,,,,,,,,,,,,,,,,,
ACSSF,2019m1,nc,000,0007,0000098,,,,,,,,,,,,,,,,,,,,,,,,,,,,,,,,,,,,,,,,,,,,,,,,,,,,,,,,,,,,,,,,,,,,,,,,,,,,,,,,,,,,,,,,,,,,,,,,,,,,,,,,,,,,,,,,,,,,,,,,,,,,,,,,,,,,,,,,,,
ACSSF,2019m1,nc,000,0007,0000099,,,,,,,,,,,,,,,,,,,,,,,,,,,,,,,,,,,,,,,,,,,,,,,,,,,,,,,,,,,,,,,,,,,,,,,,,,,,,,,,,,,,,,,,,,,,,,,,,,,,,,,,,,,,,,,,,,,,,,,,,,,,,,,,,,,,,,,,,,
ACSSF,2019m1,nc,000,0007,0000100,,,,,,,,,,,,,,,,,,,,,,,,,,,,,,,,,,,,,,,,,,,,,,,,,,,,,,,,,,,,,,,,,,,,,,,,,,,,,,,,,,,,,,,,,,,,,,,,,,,,,,,,,,,,,,,,,,,,,,,,,,,,,,,,,,,,,,,,,,
ACSSF,2019m1,nc,000,0007,0000101,,,,,,,,,,,,,,,,,,,,,,,,,,,,,,,,,,,,,,,,,,,,,,,,,,,,,,,,,,,,,,,,,,,,,,,,,,,,,,,,,,,,,,,,,,,,,,,,,,,,,,,,,,,,,2464,252,216,359,164,166,164,1375,222,1002,115,1554,405,67,1650,1164,137,517,632,214,341,370,541,216,114,505,36,216,405,422
ACSSF,2019m1,nc,000,0007,0000102,,,,,,,,,,,,,,,,,,,,,,,,,,,,,,,,,,,,,,,,,,,,,,,,,,,,,,,,,,,,,,,,,,,,,,,,,,,,,,,,,,,,,,,,,,,,,,,,,,,,,,,,,,,,,2716,623,922,174,216,216,295,1468,737,607,111,1258,40,138,1629,608,216,276,297,186,85,814,632,216,115,169,189,164,432,216
ACSSF,2019m1,nc,000,0007,0000103,,,,,,,,,,,,,,,,,,,,,,,,,,,,,,,,,,,,,,,,,,,,,,,,,,,,,,,,,,,,,,,,,,,,,,,,,,,,,,,,,,,,,,,,,,,,,,,,,,,,,,,,,,,,,,,,,,,,,,,,,,,,,,,,,,,,,,,,,,
ACSSF,2019m1,nc,000,0007,0000104,,,,,,,,,,,,,,,,,,,,,,,,,,,,,,,,,,,,,,,,,,,,,,,,,,,,,,,,,,,,,,,,,,,,,,,,,,,,,,,,,,,,,,,,,,,,,,,,,,,,,,,,,,,,,,,,,,,,,,,,,,,,,,,,,,,,,,,,,,
ACSSF,2019m1,nc,000,0007,0000105,,,,,,,,,,,,,,,,,,,,,,,,,,,,,,,,,,,,,,,,,,,,,,,,,,,,,,,,,,,,,,,,,,,,,,,,,,,,,,,,,,,,,,,,,,,,,,,,,,,,,,,,,,,,,6580,548,888,723,216,121,173,4087,391,1600,376,3182,397,379,3728,2168,216,362,1698,216,1209,1520,1546,377,580,1348,259,125,583,64
ACSSF,2019m1,nc,000,0007,0000106,,,,,,,,,,,,,,,,,,,,,,,,,,,,,,,,,,,,,,,,,,,,,,,,,,,,,,,,,,,,,,,,,,,,,,,,,,,,,,,,,,,,,,,,,,,,,,,,,,,,,,,,,,,,,4318,1984,684,376,326,320,646,1685,490,790,155,1482,371,247,1638,1550,115,313,833,166,361,502,1071,580,423,277,289,245,554,312
ACSSF,2019m1,nc,000,0007,0000107,,,,,,,,,,,,,,,,,,,,,,,,,,,,,,,,,,,,,,,,,,,,,,,,,,,,,,,,,,,,,,,,,,,,,,,,,,,,,,,,,,,,,,,,,,,,,,,,,,,,,,,,,,,,,5297,3264,496,799,229,216,402,2228,255,1399,255,1995,530,494,2340,1422,245,332,810,263,338,615,1008,180,297,430,153,307,653,399
ACSSF,2019m1,nc,000,0007,0000108,,,,,,,,,,,,,,,,,,,,,,,,,,,,,,,,,,,,,,,,,,,,,,,,,,,,,,,,,,,,,,,,,,,,,,,,,,,,,,,,,,,,,,,,,,,,,,,,,,,,,,,,,,,,,3683,1907,277,590,358,438,937,2053,892,1111,564,1839,475,538,2033,1406,155,582,1417,364,1078,487,980,363,496,850,60,212,618,216
ACSSF,2019m1,nc,000,0007,0000109,,,,,,,,,,,,,,,,,,,,,,,,,,,,,,,,,,,,,,,,,,,,,,,,,,,,,,,,,,,,,,,,,,,,,,,,,,,,,,,,,,,,,,,,,,,,,,,,,,,,,,,,,,,,,,,,,,,,,,,,,,,,,,,,,,,,,,,,,,
ACSSF,2019m1,nc,000,0007,0000110,,,,,,,,,,,,,,,,,,,,,,,,,,,,,,,,,,,,,,,,,,,,,,,,,,,,,,,,,,,,,,,,,,,,,,,,,,,,,,,,,,,,,,,,,,,,,,,,,,,,,,,,,,,,,4633,1806,96,391,412,93,629,2589,716,1306,692,2175,1933,477,2375,2521,323,1508,1294,70,387,553,1621,241,216,810,473,143,434,216
ACSSF,2019m1,nc,000,0007,0000111,,,,,,,,,,,,,,,,,,,,,,,,,,,,,,,,,,,,,,,,,,,,,,,,,,,,,,,,,,,,,,,,,,,,,,,,,,,,,,,,,,,,,,,,,,,,,,,,,,,,,,,,,,,,,4042,1127,140,817,167,222,448,1875,316,848,523,2102,349,362,1808,1061,97,175,883,175,583,943,977,134,704,278,263,123,534,404
ACSSF,2019m1,nc,000,0007,0000112,,,,,,,,,,,,,,,,,,,,,,,,,,,,,,,,,,,,,,,,,,,,,,,,,,,,,,,,,,,,,,,,,,,,,,,,,,,,,,,,,,,,,,,,,,,,,,,,,,,,,,,,,,,,,4517,666,542,628,606,165,646,2272,264,844,184,2496,194,116,2425,1920,142,870,1135,659,244,673,1033,236,198,947,245,130,1444,216
ACSSF,2019m1,nc,000,0007,0000113,,,,,,,,,,,,,,,,,,,,,,,,,,,,,,,,,,,,,,,,,,,,,,,,,,,,,,,,,,,,,,,,,,,,,,,,,,,,,,,,,,,,,,,,,,,,,,,,,,,,,,,,,,,,,4757,1055,366,643,827,381,562,2130,699,1531,372,3029,748,698,2607,1855,653,949,1037,145,463,742,1080,263,401,557,427,170,366,638
ACSSF,2019m1,nc,000,0007,0000114,,,,,,,,,,,,,,,,,,,,,,,,,,,,,,,,,,,,,,,,,,,,,,,,,,,,,,,,,,,,,,,,,,,,,,,,,,,,,,,,,,,,,,,,,,,,,,,,,,,,,,,,,,,,,4931,1622,675,651,256,473,338,2174,533,1113,522,2418,310,329,1852,1586,398,698,1377,162,426,986,853,511,239,662,136,139,330,1035
ACSSF,2019m1,nc,000,0007,0000115,,,,,,,,,,,,,,,,,,,,,,,,,,,,,,,,,,,,,,,,,,,,,,,,,,,,,,,,,,,,,,,,,,,,,,,,,,,,,,,,,,,,,,,,,,,,,,,,,,,,,,,,,,,,,3343,1504,74,447,332,382,144,1488,262,635,336,1177,83,206,1028,934,401,269,545,319,405,458,503,216,566,419,200,318,644,369
ACSSF,2019m1,nc,000,0007,0000116,,,,,,,,,,,,,,,,,,,,,,,,,,,,,,,,,,,,,,,,,,,,,,,,,,,,,,,,,,,,,,,,,,,,,,,,,,,,,,,,,,,,,,,,,,,,,,,,,,,,,,,,,,,,,4229,1113,70,836,430,608,279,2311,269,904,473,2505,125,62,2163,1284,116,623,929,139,742,852,712,228,151,883,98,70,666,559
ACSSF,2019m1,nc,000,0007,0000117,,,,,,,,,,,,,,,,,,,,,,,,,,,,,,,,,,,,,,,,,,,,,,,,,,,,,,,,,,,,,,,,,,,,,,,,,,,,,,,,,,,,,,,,,,,,,,,,,,,,,,,,,,,,,3477,1002,216,211,251,244,272,1805,663,1367,187,2092,435,303,1362,1125,177,823,601,219,549,659,752,93,103,702,89,232,594,175
ACSSF,2019m1,nc,000,0007,0000118,,,,,,,,,,,,,,,,,,,,,,,,,,,,,,,,,,,,,,,,,,,,,,,,,,,,,,,,,,,,,,,,,,,,,,,,,,,,,,,,,,,,,,,,,,,,,,,,,,,,,,,,,,,,,3993,748,210,605,74,286,967,2002,506,604,354,2653,455,391,1882,806,153,320,796,35,275,1152,586,307,204,490,67,69,772,661
ACSSF,2019m1,nc,000,0007,0000119,,,,,,,,,,,,,,,,,,,,,,,,,,,,,,,,,,,,,,,,,,,,,,,,,,,,,,,,,,,,,,,,,,,,,,,,,,,,,,,,,,,,,,,,,,,,,,,,,,,,,,,,,,,,,3324,878,200,472,340,318,392,1363,593,815,331,1512,137,530,1277,1132,152,401,699,77,147,810,683,231,469,550,198,216,325,438
ACSSF,2019m1,nc,000,0007,0000120,,,,,,,,,,,,,,,,,,,,,,,,,,,,,,,,,,,,,,,,,,,,,,,,,,,,,,,,,,,,,,,,,,,,,,,,,,,,,,,,,,,,,,,,,,,,,,,,,,,,,,,,,,,,,,,,,,,,,,,,,,,,,,,,,,,,,,,,,,
ACSSF,2019m1,nc,000,0007,0000121,,,,,,,,,,,,,,,,,,,,,,,,,,,,,,,,,,,,,,,,,,,,,,,,,,,,,,,,,,,,,,,,,,,,,,,,,,,,,,,,,,,,,,,,,,,,,,,,,,,,,,,,,,,,,4102,693,528,208,87,447,337,1666,587,1688,211,2217,187,188,2449,2124,136,224,1401,216,102,1339,658,216,175,446,118,102,595,216
ACSSF,2019m1,nc,000,0007,0000122,,,,,,,,,,,,,,,,,,,,,,,,,,,,,,,,,,,,,,,,,,,,,,,,,,,,,,,,,,,,,,,,,,,,,,,,,,,,,,,,,,,,,,,,,,,,,,,,,,,,,,,,,,,,,,,,,,,,,,,,,,,,,,,,,,,,,,,,,,
ACSSF,2019m1,nc,000,0007,0000123,,,,,,,,,,,,,,,,,,,,,,,,,,,,,,,,,,,,,,,,,,,,,,,,,,,,,,,,,,,,,,,,,,,,,,,,,,,,,,,,,,,,,,,,,,,,,,,,,,,,,,,,,,,,,4199,1093,182,233,174,60,300,3406,297,607,115,3191,191,123,1054,849,75,331,330,452,103,330,610,118,176,386,78,216,350,505
ACSSF,2019m1,nc,000,0007,0000124,,,,,,,,,,,,,,,,,,,,,,,,,,,,,,,,,,,,,,,,,,,,,,,,,,,,,,,,,,,,,,,,,,,,,,,,,,,,,,,,,,,,,,,,,,,,,,,,,,,,,,,,,,,,,4017,631,165,153,263,206,503,1145,336,839,172,2516,216,120,2229,750,163,609,404,216,371,699,765,101,627,661,271,216,555,444
ACSSF,2019m1,nc,000,0007,0000125,,,,,,,,,,,,,,,,,,,,,,,,,,,,,,,,,,,,,,,,,,,,,,,,,,,,,,,,,,,,,,,,,,,,,,,,,,,,,,,,,,,,,,,,,,,,,,,,,,,,,,,,,,,,,4382,902,122,742,163,166,931,1834,801,883,267,2623,331,462,2441,1395,301,306,857,416,268,936,1938,216,127,228,229,216,1440,192
ACSSF,2019m1,nc,000,0007,0000126,,,,,,,,,,,,,,,,,,,,,,,,,,,,,,,,,,,,,,,,,,,,,,,,,,,,,,,,,,,,,,,,,,,,,,,,,,,,,,,,,,,,,,,,,,,,,,,,,,,,,,,,,,,,,3318,593,81,184,421,216,373,1702,421,764,1204,2256,367,179,2134,1846,216,175,795,217,216,738,345,216,216,166,148,276,279,216
ACSSF,2019m1,nc,000,0007,0000127,,,,,,,,,,,,,,,,,,,,,,,,,,,,,,,,,,,,,,,,,,,,,,,,,,,,,,,,,,,,,,,,,,,,,,,,,,,,,,,,,,,,,,,,,,,,,,,,,,,,,,,,,,,,,3954,1386,216,233,333,216,1417,1957,589,165,209,2208,61,209,2668,727,216,133,535,216,216,1065,958,216,216,186,216,216,286,414
ACSSF,2019m1,nc,000,0007,0000128,,,,,,,,,,,,,,,,,,,,,,,,,,,,,,,,,,,,,,,,,,,,,,,,,,,,,,,,,,,,,,,,,,,,,,,,,,,,,,,,,,,,,,,,,,,,,,,,,,,,,,,,,,,,,,,,,,,,,,,,,,,,,,,,,,,,,,,,,,
ACSSF,2019m1,nc,000,0007,0000129,,,,,,,,,,,,,,,,,,,,,,,,,,,,,,,,,,,,,,,,,,,,,,,,,,,,,,,,,,,,,,,,,,,,,,,,,,,,,,,,,,,,,,,,,,,,,,,,,,,,,,,,,,,,,4208,1015,238,505,276,349,712,2701,898,914,239,1887,568,375,1467,1338,216,861,612,192,249,1294,1024,490,340,738,120,192,572,119
ACSSF,2019m1,nc,000,0007,0000130,,,,,,,,,,,,,,,,,,,,,,,,,,,,,,,,,,,,,,,,,,,,,,,,,,,,,,,,,,,,,,,,,,,,,,,,,,,,,,,,,,,,,,,,,,,,,,,,,,,,,,,,,,,,,4037,206,135,619,355,896,434,2421,89,723,253,2172,1036,164,1528,945,169,235,319,15,234,1121,1033,123,216,589,286,65,439,111
ACSSF,2019m1,nc,000,0007,0000131,,,,,,,,,,,,,,,,,,,,,,,,,,,,,,,,,,,,,,,,,,,,,,,,,,,,,,,,,,,,,,,,,,,,,,,,,,,,,,,,,,,,,,,,,,,,,,,,,,,,,,,,,,,,,3236,1472,279,771,130,122,1046,1714,181,505,823,2417,216,1041,1801,1032,110,167,481,216,452,991,615,124,216,331,170,66,584,216
ACSSF,2019m1,nc,000,0007,0000132,,,,,,,,,,,,,,,,,,,,,,,,,,,,,,,,,,,,,,,,,,,,,,,,,,,,,,,,,,,,,,,,,,,,,,,,,,,,,,,,,,,,,,,,,,,,,,,,,,,,,,,,,,,,,,,,,,,,,,,,,,,,,,,,,,,,,,,,,,
ACSSF,2019m1,nc,000,0007,0000133,,,,,,,,,,,,,,,,,,,,,,,,,,,,,,,,,,,,,,,,,,,,,,,,,,,,,,,,,,,,,,,,,,,,,,,,,,,,,,,,,,,,,,,,,,,,,,,,,,,,,,,,,,,,,3680,710,80,479,229,360,594,2023,229,851,296,2389,98,424,2595,955,104,514,467,68,198,858,759,61,216,617,145,252,863,180
ACSSF,2019m1,nc,000,0007,0000134,,,,,,,,,,,,,,,,,,,,,,,,,,,,,,,,,,,,,,,,,,,,,,,,,,,,,,,,,,,,,,,,,,,,,,,,,,,,,,,,,,,,,,,,,,,,,,,,,,,,,,,,,,,,,3089,310,216,137,232,314,208,1552,330,375,123,2094,68,216,1910,435,33,424,910,98,683,603,701,168,59,147,35,556,477,216
ACSSF,2019m1,nc,000,0007,0000135,,,,,,,,,,,,,,,,,,,,,,,,,,,,,,,,,,,,,,,,,,,,,,,,,,,,,,,,,,,,,,,,,,,,,,,,,,,,,,,,,,,,,,,,,,,,,,,,,,,,,,,,,,,,,3624,1058,113,271,22,283,601,1886,703,882,1301,2370,217,173,2335,683,64,238,467,356,211,489,1461,136,216,504,151,226,262,216
ACSSF,2019m1,nc,000,0007,0000136,,,,,,,,,,,,,,,,,,,,,,,,,,,,,,,,,,,,,,,,,,,,,,,,,,,,,,,,,,,,,,,,,,,,,,,,,,,,,,,,,,,,,,,,,,,,,,,,,,,,,,,,,,,,,,,,,,,,,,,,,,,,,,,,,,,,,,,,,,
ACSSF,2019m1,nc,000,0007,0000137,,,,,,,,,,,,,,,,,,,,,,,,,,,,,,,,,,,,,,,,,,,,,,,,,,,,,,,,,,,,,,,,,,,,,,,,,,,,,,,,,,,,,,,,,,,,,,,,,,,,,,,,,,,,,4197,503,117,210,168,165,627,1577,294,1055,262,3236,539,273,2448,1508,482,349,869,153,228,761,811,388,387,502,186,141,583,268
ACSSF,2019m1,nc,000,0007,0000138,,,,,,,,,,,,,,,,,,,,,,,,,,,,,,,,,,,,,,,,,,,,,,,,,,,,,,,,,,,,,,,,,,,,,,,,,,,,,,,,,,,,,,,,,,,,,,,,,,,,,,,,,,,,,2763,443,54,330,76,216,326,911,702,182,279,1593,216,279,1407,784,41,149,212,108,285,1107,528,94,340,309,47,216,129,252
ACSSF,2019m1,nc,000,0007,0000139,,,,,,,,,,,,,,,,,,,,,,,,,,,,,,,,,,,,,,,,,,,,,,,,,,,,,,,,,,,,,,,,,,,,,,,,,,,,,,,,,,,,,,,,,,,,,,,,,,,,,,,,,,,,,2749,751,268,828,216,216,868,1280,470,497,189,1932,153,23,1932,724,113,261,486,43,216,390,974,85,599,157,23,111,585,216
ACSSF,2019m1,nc,000,0007,0000140,,,,,,,,,,,,,,,,,,,,,,,,,,,,,,,,,,,,,,,,,,,,,,,,,,,,,,,,,,,,,,,,,,,,,,,,,,,,,,,,,,,,,,,,,,,,,,,,,,,,,,,,,,,,,3102,408,83,355,126,216,327,1404,285,550,166,1895,390,168,1019,1109,216,240,621,174,526,804,1442,187,436,408,308,314,374,310
ACSSF,2019m1,nc,000,0007,0000141,,,,,,,,,,,,,,,,,,,,,,,,,,,,,,,,,,,,,,,,,,,,,,,,,,,,,,,,,,,,,,,,,,,,,,,,,,,,,,,,,,,,,,,,,,,,,,,,,,,,,,,,,,,,,,,,,,,,,,,,,,,,,,,,,,,,,,,,,,
ACSSF,2019m1,nc,000,0007,0000142,,,,,,,,,,,,,,,,,,,,,,,,,,,,,,,,,,,,,,,,,,,,,,,,,,,,,,,,,,,,,,,,,,,,,,,,,,,,,,,,,,,,,,,,,,,,,,,,,,,,,,,,,,,,,,,,,,,,,,,,,,,,,,,,,,,,,,,,,,
ACSSF,2019m1,nc,000,0007,0000143,,,,,,,,,,,,,,,,,,,,,,,,,,,,,,,,,,,,,,,,,,,,,,,,,,,,,,,,,,,,,,,,,,,,,,,,,,,,,,,,,,,,,,,,,,,,,,,,,,,,,,,,,,,,,6314,803,348,967,812,188,551,2947,185,1539,448,3461,477,478,3145,1995,138,764,1529,256,322,866,1709,154,346,603,133,240,517,102
ACSSF,2019m1,nc,000,0007,0000144,,,,,,,,,,,,,,,,,,,,,,,,,,,,,,,,,,,,,,,,,,,,,,,,,,,,,,,,,,,,,,,,,,,,,,,,,,,,,,,,,,,,,,,,,,,,,,,,,,,,,,,,,,,,,4597,460,440,499,88,148,279,1324,419,742,260,2718,411,278,2345,806,259,255,596,192,214,1631,838,216,798,336,216,370,341,138
ACSSF,2019m1,nc,000,0007,0000145,,,,,,,,,,,,,,,,,,,,,,,,,,,,,,,,,,,,,,,,,,,,,,,,,,,,,,,,,,,,,,,,,,,,,,,,,,,,,,,,,,,,,,,,,,,,,,,,,,,,,,,,,,,,,3757,942,173,320,313,182,282,1900,519,941,276,2390,263,96,2424,2000,375,438,1040,417,715,657,766,216,625,796,502,289,595,403
ACSSF,2019m1,nc,000,0007,0000146,,,,,,,,,,,,,,,,,,,,,,,,,,,,,,,,,,,,,,,,,,,,,,,,,,,,,,,,,,,,,,,,,,,,,,,,,,,,,,,,,,,,,,,,,,,,,,,,,,,,,,,,,,,,,4584,492,240,445,99,216,477,1313,299,771,97,1903,126,579,1695,1221,148,501,1142,251,312,671,876,65,300,646,98,90,683,591
ACSSF,2019m1,nc,000,0007,0000147,,,,,,,,,,,,,,,,,,,,,,,,,,,,,,,,,,,,,,,,,,,,,,,,,,,,,,,,,,,,,,,,,,,,,,,,,,,,,,,,,,,,,,,,,,,,,,,,,,,,,,,,,,,,,4399,675,334,258,417,128,411,2379,190,1035,131,3031,419,169,2514,1071,226,424,883,216,494,679,1013,212,921,518,303,160,682,525
ACSSF,2019m1,nc,000,0007,0000148,,,,,,,,,,,,,,,,,,,,,,,,,,,,,,,,,,,,,,,,,,,,,,,,,,,,,,,,,,,,,,,,,,,,,,,,,,,,,,,,,,,,,,,,,,,,,,,,,,,,,,,,,,,,,5514,781,142,1250,153,560,750,1185,547,659,261,2697,168,129,2096,1878,216,142,987,49,174,984,955,699,2210,373,216,263,1071,165
ACSSF,2019m1,nc,000,0007,0000149,,,,,,,,,,,,,,,,,,,,,,,,,,,,,,,,,,,,,,,,,,,,,,,,,,,,,,,,,,,,,,,,,,,,,,,,,,,,,,,,,,,,,,,,,,,,,,,,,,,,,,,,,,,,,3347,316,39,207,85,264,301,1549,501,301,220,1849,216,55,1657,714,174,581,484,216,349,1306,628,216,784,401,252,216,559,216
ACSSF,2019m1,nc,000,0007,0000150,,,,,,,,,,,,,,,,,,,,,,,,,,,,,,,,,,,,,,,,,,,,,,,,,,,,,,,,,,,,,,,,,,,,,,,,,,,,,,,,,,,,,,,,,,,,,,,,,,,,,,,,,,,,,3543,876,196,387,96,314,771,1189,426,811,216,2368,122,171,1834,1451,216,360,284,186,604,1529,639,76,302,162,85,216,320,200
ACSSF,2019m1,nc,000,0007,0000151,,,,,,,,,,,,,,,,,,,,,,,,,,,,,,,,,,,,,,,,,,,,,,,,,,,,,,,,,,,,,,,,,,,,,,,,,,,,,,,,,,,,,,,,,,,,,,,,,,,,,,,,,,,,,3586,880,118,151,42,311,570,1686,481,547,216,2694,276,137,2041,801,131,90,511,104,216,630,555,77,216,212,216,216,237,216
ACSSF,2019m1,nc,000,0007,0000152,,,,,,,,,,,,,,,,,,,,,,,,,,,,,,,,,,,,,,,,,,,,,,,,,,,,,,,,,,,,,,,,,,,,,,,,,,,,,,,,,,,,,,,,,,,,,,,,,,,,,,,,,,,,,,,,,,,,,,,,,,,,,,,,,,,,,,,,,,
ACSSF,2019m1,nc,000,0007,0000153,,,,,,,,,,,,,,,,,,,,,,,,,,,,,,,,,,,,,,,,,,,,,,,,,,,,,,,,,,,,,,,,,,,,,,,,,,,,,,,,,,,,,,,,,,,,,,,,,,,,,,,,,,,,,3323,1171,142,478,1073,374,334,1411,1025,820,205,1663,145,1064,2002,1540,117,352,995,176,179,632,862,180,265,615,263,467,706,86
ACSSF,2019m1,nc,000,0007,0000154,,,,,,,,,,,,,,,,,,,,,,,,,,,,,,,,,,,,,,,,,,,,,,,,,,,,,,,,,,,,,,,,,,,,,,,,,,,,,,,,,,,,,,,,,,,,,,,,,,,,,,,,,,,,,3725,319,55,579,47,20,660,1701,632,1386,214,1946,279,182,1314,1371,34,154,733,37,911,600,1397,235,318,909,216,216,233,629
ACSSF,2019m1,nc,000,0007,0000155,,,,,,,,,,,,,,,,,,,,,,,,,,,,,,,,,,,,,,,,,,,,,,,,,,,,,,,,,,,,,,,,,,,,,,,,,,,,,,,,,,,,,,,,,,,,,,,,,,,,,,,,,,,,,,,,,,,,,,,,,,,,,,,,,,,,,,,,,,
ACSSF,2019m1,nc,000,0007,0000156,,,,,,,,,,,,,,,,,,,,,,,,,,,,,,,,,,,,,,,,,,,,,,,,,,,,,,,,,,,,,,,,,,,,,,,,,,,,,,,,,,,,,,,,,,,,,,,,,,,,,,,,,,,,,,,,,,,,,,,,,,,,,,,,,,,,,,,,,,
ACSSF,2019m1,nc,000,0007,0000157,,,,,,,,,,,,,,,,,,,,,,,,,,,,,,,,,,,,,,,,,,,,,,,,,,,,,,,,,,,,,,,,,,,,,,,,,,,,,,,,,,,,,,,,,,,,,,,,,,,,,,,,,,,,,,,,,,,,,,,,,,,,,,,,,,,,,,,,,,
ACSSF,2019m1,nc,000,0007,0000158,,,,,,,,,,,,,,,,,,,,,,,,,,,,,,,,,,,,,,,,,,,,,,,,,,,,,,,,,,,,,,,,,,,,,,,,,,,,,,,,,,,,,,,,,,,,,,,,,,,,,,,,,,,,,3522,1225,216,669,216,55,181,1819,547,592,144,1637,472,419,2082,868,158,491,829,216,213,750,817,167,1115,364,185,216,534,656
ACSSF,2019m1,nc,000,0007,0000159,,,,,,,,,,,,,,,,,,,,,,,,,,,,,,,,,,,,,,,,,,,,,,,,,,,,,,,,,,,,,,,,,,,,,,,,,,,,,,,,,,,,,,,,,,,,,,,,,,,,,,,,,,,,,2741,599,216,660,216,70,258,1317,369,521,1029,1431,297,216,1755,1241,216,158,804,288,120,652,491,97,534,460,179,266,286,606
ACSSF,2019m1,nc,000,0007,0000160,,,,,,,,,,,,,,,,,,,,,,,,,,,,,,,,,,,,,,,,,,,,,,,,,,,,,,,,,,,,,,,,,,,,,,,,,,,,,,,,,,,,,,,,,,,,,,,,,,,,,,,,,,,,,2616,1002,144,316,189,183,634,1994,345,1130,132,1501,307,255,1783,574,94,473,614,499,208,438,559,93,415,348,91,257,323,91
ACSSF,2019m1,nc,000,0007,0000161,,,,,,,,,,,,,,,,,,,,,,,,,,,,,,,,,,,,,,,,,,,,,,,,,,,,,,,,,,,,,,,,,,,,,,,,,,,,,,,,,,,,,,,,,,,,,,,,,,,,,,,,,,,,,5827,876,556,179,839,216,1271,3178,445,1274,258,2865,327,393,3312,2254,216,606,837,272,354,871,2217,182,379,723,216,255,765,603
ACSSF,2019m1,nc,000,0007,0000162,,,,,,,,,,,,,,,,,,,,,,,,,,,,,,,,,,,,,,,,,,,,,,,,,,,,,,,,,,,,,,,,,,,,,,,,,,,,,,,,,,,,,,,,,,,,,,,,,,,,,,,,,,,,,3611,592,123,264,216,153,306,1841,883,610,60,2693,266,201,2176,1916,280,573,1064,411,750,502,1137,144,216,437,66,391,927,312
ACSSF,2019m1,nc,000,0007,0000163,,,,,,,,,,,,,,,,,,,,,,,,,,,,,,,,,,,,,,,,,,,,,,,,,,,,,,,,,,,,,,,,,,,,,,,,,,,,,,,,,,,,,,,,,,,,,,,,,,,,,,,,,,,,,4129,1418,459,636,148,313,266,2013,862,992,363,2342,514,426,2468,1804,334,628,1356,188,198,1256,1118,261,168,601,446,290,714,216
ACSSF,2019m1,nc,000,0007,0000164,,,,,,,,,,,,,,,,,,,,,,,,,,,,,,,,,,,,,,,,,,,,,,,,,,,,,,,,,,,,,,,,,,,,,,,,,,,,,,,,,,,,,,,,,,,,,,,,,,,,,,,,,,,,,3880,560,216,532,632,298,667,2645,464,1256,198,2156,373,648,1726,1700,316,510,1089,216,167,1096,1092,111,204,293,129,124,808,390
ACSSF,2019m1,nc,000,0007,0000165,,,,,,,,,,,,,,,,,,,,,,,,,,,,,,,,,,,,,,,,,,,,,,,,,,,,,,,,,,,,,,,,,,,,,,,,,,,,,,,,,,,,,,,,,,,,,,,,,,,,,,,,,,,,,,,,,,,,,,,,,,,,,,,,,,,,,,,,,,
ACSSF,2019m1,nc,000,0007,0000166,,,,,,,,,,,,,,,,,,,,,,,,,,,,,,,,,,,,,,,,,,,,,,,,,,,,,,,,,,,,,,,,,,,,,,,,,,,,,,,,,,,,,,,,,,,,,,,,,,,,,,,,,,,,,3262,1342,172,224,195,397,561,1407,348,634,332,1896,281,143,1427,918,216,280,659,93,216,334,653,216,566,557,60,216,293,90
ACSSF,2019m1,nc,000,0007,0000167,,,,,,,,,,,,,,,,,,,,,,,,,,,,,,,,,,,,,,,,,,,,,,,,,,,,,,,,,,,,,,,,,,,,,,,,,,,,,,,,,,,,,,,,,,,,,,,,,,,,,,,,,,,,,3747,1291,216,732,216,216,486,1775,270,1039,360,2269,281,437,1652,1342,163,447,560,325,186,363,658,343,247,516,216,216,210,77
ACSSF,2019m1,nc,000,0007,0000168,,,,,,,,,,,,,,,,,,,,,,,,,,,,,,,,,,,,,,,,,,,,,,,,,,,,,,,,,,,,,,,,,,,,,,,,,,,,,,,,,,,,,,,,,,,,,,,,,,,,,,,,,,,,,2621,809,216,315,181,413,194,1374,371,526,330,1465,439,128,1193,930,216,465,793,96,119,404,543,216,287,1079,516,220,199,231
ACSSF,2019m1,nc,000,0007,0000169,,,,,,,,,,,,,,,,,,,,,,,,,,,,,,,,,,,,,,,,,,,,,,,,,,,,,,,,,,,,,,,,,,,,,,,,,,,,,,,,,,,,,,,,,,,,,,,,,,,,,,,,,,,,,,,,,,,,,,,,,,,,,,,,,,,,,,,,,,
ACSSF,2019m1,nc,000,0007,0000170,,,,,,,,,,,,,,,,,,,,,,,,,,,,,,,,,,,,,,,,,,,,,,,,,,,,,,,,,,,,,,,,,,,,,,,,,,,,,,,,,,,,,,,,,,,,,,,,,,,,,,,,,,,,,,,,,,,,,,,,,,,,,,,,,,,,,,,,,,
ACSSF,2019m1,nc,000,0007,0000171,,,,,,,,,,,,,,,,,,,,,,,,,,,,,,,,,,,,,,,,,,,,,,,,,,,,,,,,,,,,,,,,,,,,,,,,,,,,,,,,,,,,,,,,,,,,,,,,,,,,,,,,,,,,,2208,465,216,272,210,216,358,960,232,488,195,1171,134,375,1144,402,206,137,344,216,216,894,388,273,123,261,140,216,245,86
ACSSF,2019m1,nc,000,0007,0000172,,,,,,,,,,,,,,,,,,,,,,,,,,,,,,,,,,,,,,,,,,,,,,,,,,,,,,,,,,,,,,,,,,,,,,,,,,,,,,,,,,,,,,,,,,,,,,,,,,,,,,,,,,,,,4487,1169,216,720,83,93,680,2540,553,1073,556,2764,1019,444,2271,1845,381,402,1476,110,889,925,1095,306,829,967,475,1120,759,81
ACSSF,2019m1,nc,000,0007,0000173,,,,,,,,,,,,,,,,,,,,,,,,,,,,,,,,,,,,,,,,,,,,,,,,,,,,,,,,,,,,,,,,,,,,,,,,,,,,,,,,,,,,,,,,,,,,,,,,,,,,,,,,,,,,,4559,1985,172,547,268,578,597,2442,621,1022,470,2506,646,497,2148,1521,155,558,1026,311,192,607,1069,343,626,1233,521,220,407,262
ACSSF,2019m1,nc,000,0007,0000174,,,,,,,,,,,,,,,,,,,,,,,,,,,,,,,,,,,,,,,,,,,,,,,,,,,,,,,,,,,,,,,,,,,,,,,,,,,,,,,,,,,,,,,,,,,,,,,,,,,,,,,,,,,,,3522,1225,216,669,216,55,181,1819,547,592,144,1637,472,419,2082,868,158,491,829,216,213,750,817,167,1115,364,185,216,534,656
ACSSF,2019m1,nc,000,0007,0000175,,,,,,,,,,,,,,,,,,,,,,,,,,,,,,,,,,,,,,,,,,,,,,,,,,,,,,,,,,,,,,,,,,,,,,,,,,,,,,,,,,,,,,,,,,,,,,,,,,,,,,,,,,,,,3993,748,210,605,74,286,967,2002,506,604,354,2653,455,391,1882,806,153,320,796,35,275,1152,586,307,204,490,67,69,772,661
ACSSF,2019m1,nc,000,0007,0000176,,,,,,,,,,,,,,,,,,,,,,,,,,,,,,,,,,,,,,,,,,,,,,,,,,,,,,,,,,,,,,,,,,,,,,,,,,,,,,,,,,,,,,,,,,,,,,,,,,,,,,,,,,,,,3880,560,216,532,632,298,667,2645,464,1256,198,2156,373,648,1726,1700,316,510,1089,216,167,1096,1092,111,204,293,129,124,808,390
ACSSF,2019m1,nc,000,0007,0000177,,,,,,,,,,,,,,,,,,,,,,,,,,,,,,,,,,,,,,,,,,,,,,,,,,,,,,,,,,,,,,,,,,,,,,,,,,,,,,,,,,,,,,,,,,,,,,,,,,,,,,,,,,,,,5825,984,135,616,355,752,521,3294,756,902,321,2871,1141,259,1950,1628,169,839,709,194,294,1418,1227,509,197,900,296,78,567,165
ACSSF,2019m1,nc,000,0007,0000178,,,,,,,,,,,,,,,,,,,,,,,,,,,,,,,,,,,,,,,,,,,,,,,,,,,,,,,,,,,,,,,,,,,,,,,,,,,,,,,,,,,,,,,,,,,,,,,,,,,,,,,,,,,,,,,,,,,,,,,,,,,,,,,,,,,,,,,,,,
ACSSF,2019m1,nc,000,0007,0000179,,,,,,,,,,,,,,,,,,,,,,,,,,,,,,,,,,,,,,,,,,,,,,,,,,,,,,,,,,,,,,,,,,,,,,,,,,,,,,,,,,,,,,,,,,,,,,,,,,,,,,,,,,,,,5595,773,148,1234,157,597,759,1846,693,692,300,3345,159,129,2244,1800,216,469,1056,216,242,1461,967,699,2327,549,200,263,1096,165
ACSSF,2019m1,nc,000,0007,0000180,,,,,,,,,,,,,,,,,,,,,,,,,,,,,,,,,,,,,,,,,,,,,,,,,,,,,,,,,,,,,,,,,,,,,,,,,,,,,,,,,,,,,,,,,,,,,,,,,,,,,,,,,,,,,,,,,,,,,,,,,,,,,,,,,,,,,,,,,,
ACSSF,2019m1,nc,000,0007,0000181,,,,,,,,,,,,,,,,,,,,,,,,,,,,,,,,,,,,,,,,,,,,,,,,,,,,,,,,,,,,,,,,,,,,,,,,,,,,,,,,,,,,,,,,,,,,,,,,,,,,,,,,,,,,,2209,1011,144,155,167,89,572,1736,335,1205,126,1275,282,199,1533,551,216,296,407,484,124,364,461,65,415,278,91,216,255,91
ACSSF,2019m1,nc,000,0007,0000182,,,,,,,,,,,,,,,,,,,,,,,,,,,,,,,,,,,,,,,,,,,,,,,,,,,,,,,,,,,,,,,,,,,,,,,,,,,,,,,,,,,,,,,,,,,,,,,,,,,,,,,,,,,,,,,,,,,,,,,,,,,,,,,,,,,,,,,,,,
ACSSF,2019m1,nc,000,0007,0000183,,,,,,,,,,,,,,,,,,,,,,,,,,,,,,,,,,,,,,,,,,,,,,,,,,,,,,,,,,,,,,,,,,,,,,,,,,,,,,,,,,,,,,,,,,,,,,,,,,,,,,,,,,,,,3574,1006,70,751,408,596,192,1694,234,808,271,1851,91,62,1458,1049,65,614,937,101,578,570,569,221,216,803,98,70,645,554
ACSSF,2019m1,nc,000,0007,0000184,,,,,,,,,,,,,,,,,,,,,,,,,,,,,,,,,,,,,,,,,,,,,,,,,,,,,,,,,,,,,,,,,,,,,,,,,,,,,,,,,,,,,,,,,,,,,,,,,,,,,,,,,,,,,,,,,,,,,,,,,,,,,,,,,,,,,,,,,,
ACSSF,2019m1,nc,000,0007,0000185,,,,,,,,,,,,,,,,,,,,,,,,,,,,,,,,,,,,,,,,,,,,,,,,,,,,,,,,,,,,,,,,,,,,,,,,,,,,,,,,,,,,,,,,,,,,,,,,,,,,,,,,,,,,,,,,,,,,,,,,,,,,,,,,,,,,,,,,,,
ACSSF,2019m1,nc,000,0007,0000186,,,,,,,,,,,,,,,,,,,,,,,,,,,,,,,,,,,,,,,,,,,,,,,,,,,,,,,,,,,,,,,,,,,,,,,,,,,,,,,,,,,,,,,,,,,,,,,,,,,,,,,,,,,,,,,,,,,,,,,,,,,,,,,,,,,,,,,,,,
ACSSF,2019m1,nc,000,0007,0000187,,,,,,,,,,,,,,,,,,,,,,,,,,,,,,,,,,,,,,,,,,,,,,,,,,,,,,,,,,,,,,,,,,,,,,,,,,,,,,,,,,,,,,,,,,,,,,,,,,,,,,,,,,,,,5841,2016,679,784,429,599,378,2611,566,1214,633,2518,327,413,2076,1839,571,746,1489,350,571,1119,977,511,607,850,235,348,722,1080
ACSSF,2019m1,nc,000,0007,0000188,,,,,,,,,,,,,,,,,,,,,,,,,,,,,,,,,,,,,,,,,,,,,,,,,,,,,,,,,,,,,,,,,,,,,,,,,,,,,,,,,,,,,,,,,,,,,,,,,,,,,,,,,,,,,6787,1582,277,877,307,270,1128,4276,931,1386,325,4679,384,500,3426,1675,356,714,875,620,489,1143,1997,154,678,795,395,216,1566,706
ACSSF,2019m1,nc,000,0007,0000189,,,,,,,,,,,,,,,,,,,,,,,,,,,,,,,,,,,,,,,,,,,,,,,,,,,,,,,,,,,,,,,,,,,,,,,,,,,,,,,,,,,,,,,,,,,,,,,,,,,,,,,,,,,,,,,,,,,,,,,,,,,,,,,,,,,,,,,,,,
ACSSF,2019m1,nc,000,0007,0000190,,,,,,,,,,,,,,,,,,,,,,,,,,,,,,,,,,,,,,,,,,,,,,,,,,,,,,,,,,,,,,,,,,,,,,,,,,,,,,,,,,,,,,,,,,,,,,,,,,,,,,,,,,,,,3867,802,272,880,76,216,895,1428,885,529,351,2656,153,278,2303,1110,119,298,545,116,285,1136,1120,154,689,304,61,111,590,252
ACSSF,2019m1,nc,000,0007,0000191,,,,,,,,,,,,,,,,,,,,,,,,,,,,,,,,,,,,,,,,,,,,,,,,,,,,,,,,,,,,,,,,,,,,,,,,,,,,,,,,,,,,,,,,,,,,,,,,,,,,,,,,,,,,,6618,1364,642,558,499,564,651,3129,1680,2001,416,3884,240,707,3409,2432,204,515,1580,159,204,1471,1461,231,699,732,295,102,719,705
ACSSF,2019m1,nc,000,0007,0000192,,,,,,,,,,,,,,,,,,,,,,,,,,,,,,,,,,,,,,,,,,,,,,,,,,,,,,,,,,,,,,,,,,,,,,,,,,,,,,,,,,,,,,,,,,,,,,,,,,,,,,,,,,,,,3725,319,55,579,47,20,660,1701,632,1386,214,1946,279,182,1314,1371,34,154,733,37,911,600,1397,235,318,909,216,216,233,629
ACSSF,2019m1,nc,000,0007,0000193,,,,,,,,,,,,,,,,,,,,,,,,,,,,,,,,,,,,,,,,,,,,,,,,,,,,,,,,,,,,,,,,,,,,,,,,,,,,,,,,,,,,,,,,,,,,,,,,,,,,,,,,,,,,,3728,636,80,394,229,360,509,2009,193,842,281,2322,98,412,2559,887,104,484,419,68,154,748,605,61,216,504,145,252,860,180
ACSSF,2019m1,nc,000,0007,0000194,,,,,,,,,,,,,,,,,,,,,,,,,,,,,,,,,,,,,,,,,,,,,,,,,,,,,,,,,,,,,,,,,,,,,,,,,,,,,,,,,,,,,,,,,,,,,,,,,,,,,,,,,,,,,4363,581,117,184,450,216,412,1578,273,869,1175,2960,96,163,2229,1281,450,304,711,121,228,804,732,390,337,504,146,300,393,211
ACSSF,2019m1,nc,000,0007,0000195,,,,,,,,,,,,,,,,,,,,,,,,,,,,,,,,,,,,,,,,,,,,,,,,,,,,,,,,,,,,,,,,,,,,,,,,,,,,,,,,,,,,,,,,,,,,,,,,,,,,,,,,,,,,,6580,548,888,723,216,121,173,4087,391,1600,376,3182,397,379,3728,2168,216,362,1698,216,1209,1520,1546,377,580,1348,259,125,583,64
ACSSF,2019m1,nc,000,0007,0000196,,,,,,,,,,,,,,,,,,,,,,,,,,,,,,,,,,,,,,,,,,,,,,,,,,,,,,,,,,,,,,,,,,,,,,,,,,,,,,,,,,,,,,,,,,,,,,,,,,,,,,,,,,,,,3170,997,113,92,216,283,568,1768,422,654,1301,2109,217,173,1952,656,216,198,457,356,211,339,1404,136,216,504,119,215,164,216
ACSSF,2019m1,nc,000,0007,0000197,,,,,,,,,,,,,,,,,,,,,,,,,,,,,,,,,,,,,,,,,,,,,,,,,,,,,,,,,,,,,,,,,,,,,,,,,,,,,,,,,,,,,,,,,,,,,,,,,,,,,,,,,,,,,10222,2201,675,1260,895,284,1078,4930,912,2432,627,5422,911,775,5739,3685,545,1137,2439,637,1256,2341,2665,495,1699,1499,635,592,1142,970
ACSSF,2019m1,nc,000,0007,0000198,,,,,,,,,,,,,,,,,,,,,,,,,,,,,,,,,,,,,,,,,,,,,,,,,,,,,,,,,,,,,,,,,,,,,,,,,,,,,,,,,,,,,,,,,,,,,,,,,,,,,,,,,,,,,3059,1141,142,478,1073,361,334,1317,900,825,171,1636,47,1064,2006,1530,216,325,998,176,179,632,793,180,135,615,232,467,690,86
ACSSF,2019m1,nc,000,0007,0000199,,,,,,,,,,,,,,,,,,,,,,,,,,,,,,,,,,,,,,,,,,,,,,,,,,,,,,,,,,,,,,,,,,,,,,,,,,,,,,,,,,,,,,,,,,,,,,,,,,,,,,,,,,,,,,,,,,,,,,,,,,,,,,,,,,,,,,,,,,
ACSSF,2019m1,nc,000,0007,0000200,,,,,,,,,,,,,,,,,,,,,,,,,,,,,,,,,,,,,,,,,,,,,,,,,,,,,,,,,,,,,,,,,,,,,,,,,,,,,,,,,,,,,,,,,,,,,,,,,,,,,,,,,,,,,2741,599,216,660,216,70,258,1317,369,521,1029,1431,297,216,1755,1241,216,158,804,288,120,652,491,97,534,460,179,266,286,606
ACSSF,2019m1,nc,000,0007,0000201,,,,,,,,,,,,,,,,,,,,,,,,,,,,,,,,,,,,,,,,,,,,,,,,,,,,,,,,,,,,,,,,,,,,,,,,,,,,,,,,,,,,,,,,,,,,,,,,,,,,,,,,,,,,,4928,1412,483,717,148,349,391,2033,888,1125,363,3427,528,454,2658,2534,334,769,1599,432,375,1324,1432,261,168,771,446,498,966,312
ACSSF,2019m1,nc,000,0007,0000202,,,,,,,,,,,,,,,,,,,,,,,,,,,,,,,,,,,,,,,,,,,,,,,,,,,,,,,,,,,,,,,,,,,,,,,,,,,,,,,,,,,,,,,,,,,,,,,,,,,,,,,,,,,,,5010,742,181,162,839,216,1161,3466,924,662,618,3085,327,841,3794,2542,216,567,1023,447,285,1958,2294,182,324,738,216,255,1932,235
ACSSF,2019m1,nc,000,0007,0000203,,,,,,,,,,,,,,,,,,,,,,,,,,,,,,,,,,,,,,,,,,,,,,,,,,,,,,,,,,,,,,,,,,,,,,,,,,,,,,,,,,,,,,,,,,,,,,,,,,,,,,,,,,,,,,,,,,,,,,,,,,,,,,,,,,,,,,,,,,
ACSSF,2019m1,nc,000,0007,0000204,,,,,,,,,,,,,,,,,,,,,,,,,,,,,,,,,,,,,,,,,,,,,,,,,,,,,,,,,,,,,,,,,,,,,,,,,,,,,,,,,,,,,,,,,,,,,,,,,,,,,,,,,,,,,,,,,,,,,,,,,,,,,,,,,,,,,,,,,,
ACSSF,2019m1,nc,000,0007,0000205,,,,,,,,,,,,,,,,,,,,,,,,,,,,,,,,,,,,,,,,,,,,,,,,,,,,,,,,,,,,,,,,,,,,,,,,,,,,,,,,,,,,,,,,,,,,,,,,,,,,,,,,,,,,,,,,,,,,,,,,,,,,,,,,,,,,,,,,,,
ACSSF,2019m1,nc,000,0007,0000206,,,,,,,,,,,,,,,,,,,,,,,,,,,,,,,,,,,,,,,,,,,,,,,,,,,,,,,,,,,,,,,,,,,,,,,,,,,,,,,,,,,,,,,,,,,,,,,,,,,,,,,,,,,,,3493,737,196,387,96,314,771,1151,281,811,216,2301,122,75,1839,1429,216,360,330,186,604,1526,633,76,302,162,85,216,320,200
ACSSF,2019m1,nc,000,0007,0000207,,,,,,,,,,,,,,,,,,,,,,,,,,,,,,,,,,,,,,,,,,,,,,,,,,,,,,,,,,,,,,,,,,,,,,,,,,,,,,,,,,,,,,,,,,,,,,,,,,,,,,,,,,,,,,,,,,,,,,,,,,,,,,,,,,,,,,,,,,
ACSSF,2019m1,nc,000,0007,0000208,,,,,,,,,,,,,,,,,,,,,,,,,,,,,,,,,,,,,,,,,,,,,,,,,,,,,,,,,,,,,,,,,,,,,,,,,,,,,,,,,,,,,,,,,,,,,,,,,,,,,,,,,,,,,4677,1235,216,728,226,93,762,2640,544,1165,576,3064,1037,567,2313,1818,427,421,1491,110,912,1206,1155,411,847,947,502,1120,850,122
ACSSF,2019m1,nc,000,0007,0000209,,,,,,,,,,,,,,,,,,,,,,,,,,,,,,,,,,,,,,,,,,,,,,,,,,,,,,,,,,,,,,,,,,,,,,,,,,,,,,,,,,,,,,,,,,,,,,,,,,,,,,,,,,,,,11111,5131,972,1613,1342,610,1569,5041,1347,3696,1240,6615,2217,1243,6489,3971,849,2141,3146,886,1611,2062,3110,785,1193,1698,957,550,2079,963
ACSSF,2019m1,nc,000,0007,0000210,,,,,,,,,,,,,,,,,,,,,,,,,,,,,,,,,,,,,,,,,,,,,,,,,,,,,,,,,,,,,,,,,,,,,,,,,,,,,,,,,,,,,,,,,,,,,,,,,,,,,,,,,,,,,,,,,,,,,,,,,,,,,,,,,,,,,,,,,,
ACSSF,2019m1,nc,000,0007,0000211,,,,,,,,,,,,,,,,,,,,,,,,,,,,,,,,,,,,,,,,,,,,,,,,,,,,,,,,,,,,,,,,,,,,,,,,,,,,,,,,,,,,,,,,,,,,,,,,,,,,,,,,,,,,,,,,,,,,,,,,,,,,,,,,,,,,,,,,,,
ACSSF,2019m1,nc,000,0007,0000212,,,,,,,,,,,,,,,,,,,,,,,,,,,,,,,,,,,,,,,,,,,,,,,,,,,,,,,,,,,,,,,,,,,,,,,,,,,,,,,,,,,,,,,,,,,,,,,,,,,,,,,,,,,,,,,,,,,,,,,,,,,,,,,,,,,,,,,,,,
