ACSSF,2019m1,nc,000,0108,0000001,212,267,1768,1833,1467,2256,1617,2388,2554,4002,1985,1182,9433,2791,5361,6139,4594,3693,1055,1758,1980,3988,2444,1010,1240,2138,1499,1893,2065,1039,3775,476,976,448,626,2072,861,231,675,1576,1801,2371,3763,3735,11671,2645,937,1312,6057,927,4119,544,842,1272,551,1105,1841,4307,2756,707,1010,1267,361,1489,278,3060,3096,5572,4658,947,1171,2718,1106
ACSSF,2019m1,nc,000,0108,0000002,289,367,1006,3559,1898,2207,1849,5000,4130,5774,2332,1833,16267,3327,6403,7820,10360,8195,1015,1496,2097,7226,2698,1078,1525,3018,2008,1343,1832,3065,5013,719,1649,687,794,2554,1650,276,1126,932,1187,1663,2481,2780,6831,2597,1108,1718,11918,1129,3782,864,1045,1783,792,1652,2863,4830,5336,777,1444,1897,494,1610,425,3404,4647,6125,6855,857,1661,3175,1729
ACSSF,2019m1,nc,000,0108,0000003,371,484,1462,3058,4172,4426,5438,7734,7215,12608,2860,2272,30822,3769,9186,6315,22781,3063,1826,5854,3418,2547,3967,1390,1133,3100,2227,3900,3204,983,4197,714,1880,857,2073,1094,1076,368,1611,1995,2527,3380,4078,9879,11630,7041,1266,3112,5701,3246,6127,955,2705,2421,761,1491,2901,9510,3918,1141,1430,1919,605,2700,516,5276,2616,10083,18109,1082,1972,3291,2064
ACSSF,2019m1,nc,000,0108,0000004,226,275,1006,1346,3057,2220,1476,2633,2613,7149,1667,1175,9292,2999,4616,6008,6941,3979,1073,1760,2066,3867,3152,818,1216,2066,1662,1621,2085,1530,3498,531,1004,475,651,2162,832,233,897,1602,1925,2375,4205,3097,13250,2597,1060,1321,6171,949,4110,571,861,1366,615,977,2049,4256,2832,766,1080,1329,387,1375,298,3717,3826,5420,3209,982,1131,2706,1145
ACSSF,2019m1,nc,000,0108,0000005,252,276,844,1773,2256,2214,1852,4558,2950,8435,1705,1500,9674,3314,3679,6019,6333,3448,1180,2441,2123,4128,3865,876,1244,2298,1671,1006,2122,782,2575,578,1526,668,728,2424,978,268,1002,906,1392,1538,2909,2409,14528,2952,1319,1496,6583,1061,3654,756,907,1654,807,887,1679,4864,7871,806,1232,1385,720,1336,340,4435,6542,5803,3393,1018,1265,2654,1091
ACSSF,2019m1,nc,000,0108,0000006,424,461,1580,4892,4038,3293,2054,4054,5871,16308,3940,2601,31656,5516,5611,15513,18616,10532,1129,1832,2107,9619,7758,1903,2680,6538,2327,1586,2747,2926,987,1112,3458,2136,1860,3914,2138,540,627,1672,2514,2647,3531,3832,25743,3275,1834,2324,10227,2255,2460,4066,3854,3374,1648,1772,10636,4011,16645,1241,1878,3661,871,2257,654,7686,10846,7531,5699,882,1742,4765,1738
ACSSF,2019m1,nc,000,0108,0000007,348,396,972,2094,4205,4666,4760,4519,3621,9376,2475,2311,20952,3715,5701,7022,12369,3530,1070,6031,1436,4411,3683,1546,1662,2562,2323,2028,4284,962,5263,735,1840,613,1951,960,1155,318,1240,2380,3043,3207,6395,6093,16871,6046,1503,2218,7929,1121,5596,622,2345,2629,596,1363,1655,16738,6086,1172,2140,1441,1299,1495,464,4454,11192,6107,11705,1029,1458,3010,1534
ACSSF,2019m1,nc,000,0108,0000008,480,837,2898,6555,7438,9143,8083,9595,12224,20126,5358,3700,12465,3134,23100,22210,38853,7484,2164,9149,2814,14785,1585,1352,3126,10432,2138,2982,2913,1186,8827,1226,2922,1303,1359,2830,3525,974,1013,1582,3359,3670,9135,13844,18014,9576,2042,3546,9845,3572,5212,4441,3960,4747,1604,2366,5955,10694,6983,965,3599,681,969,4253,730,10875,8767,9756,9142,2777,2394,10756,7696
ACSSF,2019m1,nc,000,0108,0000009,1212,3962,4938,28059,37564,29794,10193,20478,24957,19851,5840,10322,41830,9963,23273,78995,13658,38232,1786,11967,4580,37344,4085,5376,4042,62839,7402,12645,6927,6900,17592,3447,4012,5844,6428,9445,5269,1872,2304,6752,12116,7936,11526,5024,66653,38686,2583,3219,.,11410,15605,6239,9479,9946,5470,4328,15726,32000,4105,7092,13387,1122,1651,7512,2460,4195,.,59120,6920,3353,3238,17464,6597
ACSSF,2019m1,nc,000,0108,0000010,553,886,3841,6123,8586,11824,10022,13529,11479,41810,7656,4355,59190,3018,11284,14757,63942,7007,3554,12104,3803,11414,3149,1745,4462,8749,2783,3656,4160,1391,9135,1870,4790,2746,1320,3246,2929,1291,1069,1872,3822,5975,9145,27672,20267,18020,4586,4790,11944,5253,7151,4254,4105,3932,1478,2526,15931,11891,4196,1010,3359,1259,877,4283,759,15974,14030,34061,32070,2154,4040,14236,10312
ACSSF,2019m1,nc,000,0108,0000011,614,943,3273,6269,5690,24201,11208,21745,14713,10315,4836,13958,195807,3609,28202,14424,47116,22699,6573,12586,4802,7453,6075,1185,6085,10288,7864,9722,11033,2575,4382,3426,1956,4625,4773,6148,5437,964,2152,7374,6987,16792,20583,20690,61854,29336,4544,2052,8584,5708,19570,7371,6324,2562,1647,3007,5326,17931,5227,3335,6824,8054,2186,4665,1245,3812,3026,35020,7604,1484,1932,15675,4539
ACSSF,2019m1,nc,000,0108,0000012,369,569,2523,2813,3111,10574,6733,7864,8632,23689,3230,3841,23720,4023,19619,7763,47848,9164,2273,6060,2201,8526,1595,793,3742,15417,1967,3576,2606,3564,4397,906,1396,1192,1116,2881,2924,559,787,1449,2387,3438,8745,10657,14519,11256,3238,1484,8319,6324,8169,3132,3178,2355,1116,2088,3762,11647,5928,946,2950,910,939,3175,641,3658,5744,9136,4248,1724,2538,8199,4455
ACSSF,2019m1,nc,000,0108,0000013,2679,2968,9737,12134,10848,16951,20443,16850,42113,7453,3479,4293,.,6136,18277,1661,.,19658,4554,.,19917,39670,18776,11925,3482,21089,7176,15693,9219,3591,57701,8040,21946,2620,3750,7270,13290,2676,5695,8601,12475,13493,16990,16973,32787,31869,8562,22952,.,10529,13931,8227,17387,3136,5129,13391,18874,.,.,2485,8611,15558,5078,5632,7643,7958,.,15718,.,2302,2513,11646,14235
ACSSF,2019m1,nc,000,0108,0000014,2121,4355,9779,7612,7408,86676,24335,18901,63989,46389,6330,7192,.,31024,.,71487,101208,35568,7389,.,19689,21028,9798,22864,9122,23820,7944,9108,31632,3718,.,6708,21376,10323,19686,7007,124637,4836,3484,11116,11718,31677,68683,30173,185837,236985,6193,29742,.,7542,57946,13669,44795,10528,7236,12230,.,.,.,3249,4820,12403,5021,7210,7330,63200,.,.,28106,1315,10015,2015,31421
ACSSF,2019m1,nc,000,0108,0000015,2955,3309,5557,17681,22226,21708,7283,8403,19141,30662,8728,9757,1872,9672,6794,98084,90215,117469,9108,.,6881,11066,18542,10029,8360,20201,8994,7415,12103,3433,10896,6149,18689,8552,12565,2593,18362,2296,1595,11194,13363,19377,24854,24514,.,58794,2834,5084,155805,4512,13512,2175,8068,15639,2057,8847,955,.,955,1925,2546,9209,3083,3252,2564,19592,.,51740,23533,3667,7445,25951,13406
ACSSF,2019m1,nc,000,0108,0000016,1433,2654,5125,11604,17114,55933,13929,70606,28724,36909,5663,16256,.,3588,.,40513,47895,.,4559,5404,9805,.,12507,3322,5821,72287,4036,14095,3384,8184,.,9843,20917,3531,4649,31585,4590,3332,4411,6145,8329,6432,84992,.,.,189168,12612,13295,.,25126,2172,11618,11824,9758,10804,14586,560,.,.,3187,25308,11183,3705,4697,2345,.,.,.,.,1324,1464,.,.
ACSSF,2019m1,nc,000,0108,0000017,3978,2177,8674,15076,20265,39222,10536,9830,22170,.,20790,26662,145062,13743,15266,43333,123582,36733,1044,5907,11817,6610,26350,8446,18507,16233,10060,11552,18615,5880,.,13031,14318,2038,8883,14509,9041,3509,3199,5903,4848,9545,11657,27314,.,46492,7027,9744,2517,2994,12620,11749,10585,18289,5170,3584,88853,.,.,3890,26435,4137,5178,15882,1395,28818,.,.,.,10753,17762,7456,9406
ACSSF,2019m1,nc,000,0108,0000018,2748,2936,25790,18194,13920,39228,51120,84932,20548,.,5123,.,.,15000,41417,.,.,.,25511,.,18768,.,.,1579,17702,.,12514,22634,11596,9062,.,6840,7954,4129,3577,9182,16707,2407,8869,6297,27085,4779,16808,.,.,23217,6088,20793,.,10674,9046,13901,62412,7250,5247,2860,41126,.,.,12661,4382,44034,5979,14124,1680,.,.,.,.,6621,9727,18655,24758
ACSSF,2019m1,nc,000,0108,0000019,2673,3891,12198,10708,17770,13583,31220,49504,30084,69750,9185,9304,.,26740,.,69967,91875,.,6959,.,9721,.,9721,7359,7797,.,9030,11701,10992,18724,.,64379,6699,10523,11362,30490,9400,3474,4201,5376,13649,25768,28040,61696,54185,35611,9278,16073,.,12687,.,30851,18815,28123,6816,16582,.,.,.,10543,37882,3803,3362,11405,3617,2835,.,.,.,8599,20971,13237,17033
ACSSF,2019m1,nc,000,0108,0000020,1691,2366,10121,15952,17276,26546,24053,67708,33025,55622,8138,8384,171958,15664,87251,65138,169243,42693,11797,21876,27298,13356,59592,1984,15384,.,7503,8160,10984,13827,.,5948,7426,2770,3771,13582,5219,2790,5856,13264,5237,3772,72070,190003,.,.,6071,10834,.,6431,20290,10332,15369,3201,6139,6457,.,.,.,1667,7377,9480,9386,7848,4065,39114,.,30161,11929,6415,8747,.,3116
ACSSF,2019m1,nc,000,0108,0000021,5372,5795,10676,10347,57041,11886,40483,59749,25763,114370,29537,49277,56715,48890,70455,74713,159606,69780,9756,.,22915,.,.,13875,9655,.,54600,104881,.,1867,.,5722,28770,13736,23780,26042,12753,8180,7829,9967,11341,44419,88330,197700,.,.,16109,.,.,40295,17641,17316,7167,34208,1400,7880,.,.,.,3857,6448,26150,7165,12009,12383,.,.,.,.,18663,25235,.,11361
ACSSF,2019m1,nc,000,0108,0000022,2593,4511,13728,55476,49284,26777,31007,22373,21999,106605,15335,26796,.,40164,.,26022,172117,.,25659,.,18945,150,11594,1528,10078,.,4711,4859,25304,7936,.,4690,13421,2865,1400,7662,13532,1526,5116,7754,19451,12277,26034,.,26034,.,19948,8918,40206,23051,25087,13703,10406,14167,6073,10349,30519,30519,.,3200,13014,871,1454,21559,1698,.,.,.,.,13641,20835,518,45822
ACSSF,2019m1,nc,000,0108,0000023,1929,8544,6117,14632,57372,17257,16766,40246,3756,.,21721,8447,.,1008,36738,95120,204379,.,6844,.,43459,.,43568,4383,3574,28829,28913,38615,37664,13201,.,15998,13741,8099,26252,33507,22250,3856,5936,19144,7410,16893,33728,.,48267,96300,16459,43903,.,14934,.,10044,20107,27537,2789,14749,.,.,.,1674,8562,22884,4464,6346,5512,.,.,.,.,7188,15125,41097,.
ACSSF,2019m1,nc,000,0108,0000024,1717,2361,5084,14360,15225,32897,15401,28392,39205,13456,6943,2714,70141,2855,5650,15010,65331,9580,3984,10435,9167,12921,17989,6303,3949,2415,3742,3327,8046,3489,18361,3967,9465,2081,5003,6441,5239,1134,2734,6135,8077,14852,31033,44688,37896,.,3511,1896,13597,5392,8316,3315,10733,5473,860,3472,5498,36301,3849,2156,7060,2246,1941,2549,2519,31166,.,21980,59121,2758,6226,3988,7276
ACSSF,2019m1,nc,000,0108,0000025,1211,1802,5605,16184,20757,3155,12213,44279,5330,.,5820,8470,.,5245,19539,27219,52323,.,2857,.,19256,9913,23162,14986,7085,17930,17046,12342,7382,5192,2932,7251,2853,2560,9997,10845,8301,1276,4945,13289,14535,13573,28663,9459,.,.,2460,17888,25324,2626,75958,4681,12310,16733,3629,6392,.,.,.,8449,13330,20874,2355,2973,2900,7953,.,.,446,9100,4915,6224,4043
ACSSF,2019m1,nc,000,0108,0000026,1423,3111,3415,5485,23280,3106,8403,5898,15911,25098,10177,7760,64568,19236,11820,11963,10572,5190,4700,24980,37013,58386,.,6744,8572,13108,6474,10410,10306,3047,57628,3205,14774,1262,9424,3049,9490,3207,4120,6710,26933,5220,12576,25332,29309,28093,7346,11655,74421,8578,8115,9184,3914,6112,4417,5237,43319,35433,.,8973,6204,10782,5151,2433,2044,57328,.,70905,57542,9302,12133,16426,21801
ACSSF,2019m1,nc,000,0108,0000027,1592,1196,4937,6289,7320,7274,13900,29766,12027,2421,9534,13695,87257,5707,18725,44013,70413,34085,2743,7065,27281,17208,1692,3960,2598,33785,5142,11444,6096,6013,33665,3506,6957,5899,10936,7431,11486,1262,2528,4700,4738,5555,11092,13714,20715,30348,4861,7443,31701,8236,18293,6100,8550,8661,5343,3252,16499,11828,56515,4806,3732,2833,3141,4456,1522,21936,8853,7812,577,7844,12004,2556,9379
ACSSF,2019m1,nc,000,0108,0000028,3303,4649,34729,9454,7591,75381,30021,51673,164787,.,3435,2073,.,1923,47592,21267,.,.,5830,.,20965,14782,42122,13846,6851,.,8657,8532,45765,10206,.,10726,39129,16948,26175,16814,7956,4405,12158,25131,44593,50190,6981,9454,.,.,14318,31368,.,12813,.,2660,41990,2111,4010,5735,.,.,.,43701,33884,47225,9720,19620,9647,.,.,.,.,10613,8396,.,22302
ACSSF,2019m1,nc,000,0108,0000029,1555,1557,10226,9758,8097,19337,18951,25246,21798,38248,13229,7077,101256,13991,8059,55626,170671,3631,4158,2563,19680,25817,18837,4151,4556,10202,5237,6526,22997,5684,18756,4199,14374,3691,2547,6395,7708,1041,3002,10738,13603,11805,8238,11074,29450,18483,4895,5957,34247,9069,8209,5780,5305,3058,4952,2775,17095,31404,.,5312,12690,9521,3645,8646,1391,39996,.,.,5673,8418,14259,19481,5787
ACSSF,2019m1,nc,000,0108,0000030,2003,2261,4019,8079,9451,13333,7003,19245,14131,30841,6517,3954,88179,7715,26361,28677,23399,266785,2419,19651,13752,19580,26060,2125,7634,921,3780,8478,3603,2072,6989,2722,5688,2163,2579,5936,3556,1763,2431,5737,6746,9597,14954,19697,25955,6189,3751,4418,11366,5704,11516,10586,13228,11492,2021,4075,39594,948,.,1864,6338,2062,1659,4306,1277,3649,.,10041,18948,1905,4006,1461,6103
ACSSF,2019m1,nc,000,0108,0000031,3061,5746,4963,21078,20822,43449,16918,22583,14608,.,9593,32843,.,18659,60283,26077,.,14166,9295,51142,17329,18524,18709,1808,11925,17567,6799,14343,6511,4935,33177,5193,11276,4771,3254,12618,1923,4187,5251,7989,9948,2754,1663,39196,2200,2361,5825,18490,6686,6512,33716,11177,23363,7743,2526,3918,58080,48695,.,2968,1956,7262,3237,9288,4740,59506,.,59506,.,6732,15675,8699,9658
ACSSF,2019m1,nc,000,0108,0000032,4399,4185,6348,14150,13717,18262,27966,30697,24131,.,10445,69416,289960,31548,16361,21119,72188,25978,5800,4116,47045,22488,.,4750,2695,18587,14073,12644,3959,5344,29911,4149,6869,9120,6896,10284,10856,2228,10659,15044,24829,15343,74945,42623,.,.,7614,35035,34547,6865,43547,9515,11239,43580,3537,23884,52966,.,.,4663,21476,363,5509,4793,3361,889,.,.,.,6435,3353,.,4397
ACSSF,2019m1,nc,000,0108,0000033,998,6426,4522,12570,13019,19929,6098,9867,16492,52498,24632,38130,.,18137,57396,25126,34798,.,9325,.,8270,56135,7918,19078,21301,50139,7653,15974,5710,5601,.,10543,7424,3836,3750,25883,10456,2182,4447,13393,16314,19764,10203,8498,.,.,6622,8818,23451,6967,10589,15784,9039,4964,4416,13712,.,.,.,5004,3558,10311,3786,8372,3035,19705,.,27292,11703,5303,8208,25970,9780
ACSSF,2019m1,nc,000,0108,0000034,831,5294,15125,18100,17119,37838,24924,31596,59272,12638,16352,17625,8111,34294,64813,7197,75655,12969,9777,26417,6012,7418,11164,6612,16888,.,21002,28802,4150,5410,3929,3559,12578,5381,23633,5035,7072,3270,1973,2230,1628,12373,25037,40076,23502,19178,6011,9683,27276,5586,54010,3315,8673,12890,6812,9064,15025,.,.,6706,11541,32013,4120,15410,7475,111237,.,.,.,2301,14089,.,2548
ACSSF,2019m1,nc,000,0108,0000035,2414,8757,13685,9728,18665,16218,43170,50565,45413,.,22107,.,.,46909,29643,165621,165621,.,10504,.,33969,37185,42203,11307,28553,.,9770,12455,27132,19046,.,16893,36736,4889,10767,20043,11205,4539,7203,11668,19588,36486,60322,20731,.,.,12379,21542,27363,17197,.,10458,23363,13745,4554,8263,.,.,.,12363,18335,7805,4532,4739,7615,.,.,.,.,13047,3236,37109,7509
ACSSF,2019m1,nc,000,0108,0000036,518,1512,2524,7252,7418,7261,5523,7087,4596,84022,8658,10570,65143,4455,13033,17331,35885,13483,2361,17107,3437,10920,16268,4622,5416,26196,4669,5004,3875,2427,5462,913,3537,4059,7686,10270,5160,1200,2247,2275,8581,4402,3801,4411,52669,23620,1393,5025,7513,3421,13023,7018,5092,5303,1089,1647,12048,9248,51633,2774,3804,1947,1264,3125,2685,7824,.,8699,37351,3013,6328,3670,6614
ACSSF,2019m1,nc,000,0108,0000037,2652,3931,18732,14093,55499,19184,21824,45735,20954,.,24358,10322,.,27654,35427,21966,178595,19220,1081,2778,6395,6116,24380,482,8862,11019,13619,24049,12415,13327,9468,12503,26613,3302,6809,41029,8359,3974,4893,6386,29372,6052,24827,.,.,.,12480,27386,.,14674,8189,6123,8519,21773,2237,7417,31115,.,24684,2404,32489,1041,5284,19092,4605,29873,.,.,.,19863,.,22929,45948
ACSSF,2019m1,nc,000,0108,0000038,4650,5500,6908,15882,25626,16131,16771,74675,5704,.,4886,5482,.,7543,.,.,.,.,4699,.,39900,38191,.,6754,15878,.,15767,14094,21885,16282,102871,22374,48198,6416,4111,13729,18263,3117,6751,5858,10161,29905,13986,.,.,.,12470,18722,101350,12756,.,4769,6407,21394,7401,4951,16445,13909,.,9327,12183,3678,3397,4139,2180,.,.,.,.,17608,12317,.,12103
ACSSF,2019m1,nc,000,0108,0000039,3122,2178,9870,10640,18055,13258,21764,32423,50716,47558,20106,10031,56031,40887,42618,21534,22384,118746,6489,25233,4793,2168,12639,5407,3105,5639,4252,2772,11862,7773,166657,6313,1178,7953,10439,2610,12658,2362,3656,5179,7117,20618,5397,40145,52936,11351,2322,15563,35128,3986,31620,5105,10937,8552,2145,16955,1068,1068,.,2146,4120,9790,4299,5300,11040,34547,.,.,.,15450,6498,83499,26732
ACSSF,2019m1,nc,000,0108,0000040,3394,2774,14766,3624,10827,13223,14715,90040,23696,.,31399,47705,.,34338,.,24375,277,32640,5801,.,11727,71350,19009,4263,3395,49280,10308,9560,23067,8828,6235,793,3290,10283,18416,23764,5468,3179,7404,9434,15615,4312,22133,17599,101025,.,16267,27349,183163,19516,24910,8451,47518,15707,2860,21144,6323,.,.,3482,7938,3932,4850,5498,7754,11443,.,.,.,18183,21884,14903,.
ACSSF,2019m1,nc,000,0108,0000041,2889,7844,10137,47871,53882,48857,12341,12245,38993,27113,16083,34378,87028,20133,35373,83100,83100,.,10955,.,36956,70709,50529,7915,13711,1613,12119,11246,18538,11670,.,10385,2914,8447,7832,24914,5720,3025,7935,10367,16015,26115,16619,24438,.,6393,15694,9250,47342,5797,52712,18187,13005,7948,4644,11524,96976,.,.,5278,38079,18854,5139,6002,7570,16471,.,.,.,10965,3882,4927,20196
ACSSF,2019m1,nc,000,0108,0000042,2644,4401,5153,16417,21172,22778,12986,25516,26879,37966,8244,11924,4476,12802,20504,26859,87167,12563,8374,19367,43641,53022,30243,3094,29896,13245,11723,22768,15901,9241,.,8722,18664,11829,18765,9717,3609,1358,5963,19959,18709,34621,21976,33353,.,32965,12582,6494,61845,15691,16449,11221,8172,11113,5444,4461,44061,.,44061,12196,12198,5866,7514,4992,5339,18939,.,.,.,12514,10282,89464,4481
ACSSF,2019m1,nc,000,0108,0000043,2128,3234,2522,4849,4518,13025,5080,31646,10565,.,11408,12164,.,20803,.,25853,12154,.,13682,.,29189,22188,6628,.,7536,24543,12467,9709,11337,4374,18482,25562,10602,5284,5227,5165,18883,2149,5437,9411,19365,15086,12431,47624,35798,.,11683,.,26192,16173,21754,12258,17946,19836,1380,11047,48199,.,.,3720,11284,9681,4522,4099,4876,.,.,.,.,2887,3168,5444,10400
ACSSF,2019m1,nc,000,0108,0000044,2104,1153,8792,11930,19190,30110,32024,24219,43281,.,6373,12958,.,15998,.,75725,83626,8302,6114,1253,9960,12511,2922,18914,10656,.,6551,15963,3352,3955,5710,1152,3978,1555,4630,11008,3947,1464,2676,10658,13520,12481,10933,72135,8916,.,5164,8799,.,6264,.,2671,10046,4094,1556,4411,2518,.,9512,2292,11436,15040,4563,8133,1556,11832,11832,.,.,3611,3929,19176,9424
ACSSF,2019m1,nc,000,0108,0000045,2007,4975,7636,13163,13572,60656,28629,.,88410,.,40780,35355,.,60377,159793,225287,134519,.,16044,.,11802,27592,696,22050,7419,.,25969,23889,24198,11517,4064,12936,28172,8670,8531,28808,2507,3701,8384,18968,5867,21702,45573,.,.,.,8176,24642,.,12275,.,12561,9191,18838,5287,16497,.,.,.,4403,3065,10198,5301,18596,4771,.,.,.,.,9029,5573,30363,25373
ACSSF,2019m1,nc,000,0108,0000046,2567,2172,11030,11205,9599,58087,27390,61275,20607,.,13920,38258,.,7088,48259,82562,174417,.,15018,21715,1640,31005,1775,3303,19421,39968,12993,10372,16000,8076,10866,8931,7758,8269,5349,16108,10768,4415,3358,5198,6734,10034,14211,20122,18109,53067,14228,17098,.,5088,34875,9121,17133,20000,4206,8650,.,.,.,6187,7961,8931,6709,12891,4118,30771,.,.,.,5094,9023,13373,5823
ACSSF,2019m1,nc,000,0108,0000047,4108,6774,7871,27472,33629,.,17170,148528,15279,.,6026,.,.,339761,41229,23803,297266,3728,15163,6142,19141,.,11183,2030,3035,.,23151,32473,40815,4563,.,3024,7409,16822,32534,141370,1804,1893,8936,11162,18502,28786,.,.,.,.,11314,.,.,8649,.,11827,11852,38468,3385,729,.,.,.,21035,18729,5204,10186,27550,11790,11148,.,.,10661,10562,11112,.,12820
ACSSF,2019m1,nc,000,0108,0000048,3682,3184,12123,14620,21363,5897,9165,5381,44712,.,17139,74320,.,18540,238275,63390,110248,58613,5138,40419,11076,53777,.,13089,8470,44370,7627,19627,77874,10846,14129,8653,7482,4479,15999,4206,2866,2168,7654,2722,4205,17149,75404,75404,.,.,10021,7378,.,4737,17822,19263,11186,15146,3693,5172,.,.,.,9981,1101,4043,3083,8354,8510,.,.,.,.,5969,2531,16436,26936
ACSSF,2019m1,nc,000,0108,0000049,1137,1893,10725,12707,16120,32272,16142,26085,37114,.,15944,16664,141230,5842,29709,176587,121323,.,6310,87498,8555,22858,9122,2464,1891,17109,9411,11132,14888,6809,30341,5958,5982,6112,6062,15245,6761,3478,3578,8020,18836,8665,28959,40619,30686,23295,5519,8082,71145,6467,33700,9609,7926,8313,2492,12683,27433,3704,12484,2082,18911,10370,3494,11176,3246,278,.,.,.,14340,10515,38858,11235
ACSSF,2019m1,nc,000,0108,0000050,1072,3101,2148,5791,6090,9644,3397,4019,4532,18743,3590,8313,45514,6523,7702,17494,15506,10847,3162,11832,7083,29069,18701,3796,5541,2539,4410,7494,3486,1729,10927,6270,5343,1772,4024,3397,5522,914,2338,3712,6311,5221,7214,8989,16272,19635,2824,7984,23574,4452,20896,4499,7016,7521,1354,4599,31582,52763,22311,3953,2924,3793,1340,2160,1727,2975,16919,3927,11875,4222,5053,10473,5027
ACSSF,2019m1,nc,000,0108,0000051,2739,3605,8754,22256,23519,14994,22217,.,34034,118774,7873,37197,.,27895,.,142097,40405,7478,4152,.,28817,15388,27106,6554,13702,.,12187,15986,43056,8103,12141,9696,11384,8548,6980,8201,7596,2895,7507,7945,15984,14778,32839,.,.,.,4208,2653,.,14385,20639,10645,22521,5204,3975,17173,30154,.,30154,2012,35779,5326,6357,4897,7354,44025,.,.,.,14027,13634,31480,18074
ACSSF,2019m1,nc,000,0108,0000052,3260,4121,24140,36055,39034,10978,39580,135614,.,.,24592,40294,.,75339,18872,910,.,.,22603,49009,75197,75197,.,16034,20199,.,9343,20609,14158,3940,.,3881,20855,7273,11417,16068,10933,3318,12996,18337,21730,39132,.,.,.,.,27409,21810,.,34945,.,15309,14214,30540,12981,9058,.,.,.,4380,26367,.,7246,18651,10095,.,.,.,.,8796,17951,.,13558
ACSSF,2019m1,nc,000,0108,0000053,4385,7155,16243,37212,57436,5947,42300,74416,57061,16571,15994,8509,.,23059,.,.,.,.,9968,.,68468,29774,64873,13603,6554,.,36532,26567,39722,5769,1871,15579,3041,5334,13808,43798,15329,5995,2220,13966,19260,12078,28297,.,.,.,36425,.,.,37758,3248,12946,27478,2304,8015,12594,.,.,.,12372,6028,1651,2744,12478,3991,.,.,.,.,13861,12965,.,25189
ACSSF,2019m1,nc,000,0108,0000054,1778,3702,13147,17205,15656,73612,24666,36302,41268,.,14637,16409,.,9540,8355,88599,77498,57854,4517,.,.,.,.,16247,2334,3808,13602,15865,1751,11640,.,12990,63825,20236,20669,25358,10392,3523,4354,10200,12459,39417,80724,49713,97247,78365,4520,7004,179108,16288,20474,31716,48359,9256,7575,10290,.,.,.,5315,.,39772,2032,2857,8266,16883,.,51740,22758,15963,21286,24705,.
ACSSF,2019m1,nc,000,0108,0000055,4763,6383,3441,14488,7148,9058,2881,2842,25664,61952,11691,38469,25019,20461,28953,126532,92212,34817,7834,63941,8219,17480,25864,5307,25683,53918,9049,6273,4785,18383,.,19406,9150,5490,6535,27764,7399,4723,6554,9864,16102,8130,7660,7863,16429,17466,5444,24664,226353,6549,23484,18806,12730,21496,12674,10729,94472,.,.,16717,5042,10401,1595,7376,5252,.,.,.,.,25253,65245,22959,20958
ACSSF,2019m1,nc,000,0108,0000056,610,1878,4782,8407,14308,13513,3299,6468,6840,78181,9537,15337,96301,7008,9609,20618,52305,14249,2535,13940,3386,16399,19294,2678,7101,10803,4406,5893,4263,2764,6574,1830,4402,2348,6600,7614,4974,1285,2782,3317,5762,4098,4273,3242,46630,18182,1675,1513,7998,4806,10505,6370,7333,6956,1212,1519,7013,3150,13349,2498,3581,3549,2444,3163,2669,8487,.,9508,51249,2896,5716,4171,6893
ACSSF,2019m1,nc,000,0108,0000057,4625,5711,12629,17441,23261,27792,18017,27896,33893,.,9056,76250,38913,46507,12666,190749,180131,.,6246,.,50003,7991,24127,15596,28816,.,20374,24493,44101,4670,.,23787,18217,12895,12780,33305,10935,3477,3020,3416,4409,17074,60531,36157,.,16065,17177,53374,6070,20855,21125,16943,20998,61145,6924,2668,.,.,.,10041,20165,14431,6263,19907,1540,.,.,.,.,18398,8157,17068,34741
ACSSF,2019m1,nc,000,0108,0000058,1711,2455,3809,5803,24924,3898,8342,6835,31220,23823,12590,6625,71850,13386,11160,13677,12570,5190,5443,33649,37013,58386,.,6744,10292,19974,7921,9270,12576,4136,.,4128,25213,1168,9240,2801,9153,3314,4700,7944,28945,6301,9502,25332,34496,27983,6176,9013,66153,7609,12975,10215,4090,5374,4227,5673,43319,35433,.,8184,6204,15375,5114,2627,2456,57328,.,70905,57542,10250,11268,29734,21864
ACSSF,2019m1,nc,000,0108,0000059,2041,1026,10718,12009,26414,33550,46221,28474,65648,21756,5692,17864,75402,13321,9444,32236,54866,50451,6261,.,11168,12104,7511,4337,2149,2525,3691,3639,4738,3181,12685,6933,3448,3017,4083,10302,10209,2134,2889,8883,11516,12638,27694,51435,.,.,5573,1457,19415,6065,1449,4332,6340,10662,979,5713,8126,35504,7036,3414,7406,2939,2031,3101,3674,.,.,.,.,5262,3665,18923,6442
ACSSF,2019m1,nc,000,0108,0000060,2803,3465,3818,12263,26670,28039,4715,59204,7130,36602,10416,126015,114967,9767,.,.,.,.,4931,1769,25506,34021,27626,19482,11582,33189,7070,9621,37457,10471,.,4664,8739,4995,3520,14337,15776,3213,4152,18003,10837,48974,30792,29977,.,.,8126,34138,.,11940,41580,24863,26693,2056,7464,20599,53923,92827,.,13942,13179,12993,10157,9575,4834,46845,.,.,.,11718,16273,19047,13090
ACSSF,2019m1,nc,000,0108,0000061,2933,3084,1786,3278,10461,10462,18806,15898,11035,67500,5960,16661,72602,4643,32649,125468,38270,.,2979,25979,8163,13513,127440,2752,3633,11388,5699,8223,4108,2042,5064,6314,8346,2743,7500,9317,3066,3643,2851,6356,9327,11785,20144,22122,87930,103242,3592,3936,25142,5170,17604,11519,11861,19291,2277,8153,33662,.,.,6006,9007,2115,2085,10829,4239,26126,.,32038,43087,2291,3871,3613,18302
ACSSF,2019m1,nc,000,0108,0000062,2992,4755,10762,15845,6996,.,48814,52309,18060,.,11746,.,7689,6089,30998,53050,84166,78908,5240,12272,37254,.,.,4951,72286,7804,12345,26798,20016,84496,.,138627,32016,8394,28924,14395,6178,3542,7870,24483,12737,22927,32484,76413,.,34370,26865,42554,.,27845,35870,25127,13220,28025,6732,3533,.,.,.,13263,13395,1961,9683,7475,6347,.,.,.,.,27050,21423,92219,5070
ACSSF,2019m1,nc,000,0108,0000063,1380,3809,8413,13862,8815,55930,17897,32882,32567,97086,14529,31140,267063,59650,34873,47037,76793,.,5669,.,11200,10470,55522,4681,5675,2549,3496,14102,4009,11959,.,16538,11267,4981,3894,16138,3741,4266,5839,2429,20655,7282,38282,58060,.,.,8548,15917,.,17320,22766,17431,37197,3888,3903,3988,.,.,.,3743,7094,13351,6931,11321,2031,.,.,.,.,4807,15489,41132,3577
ACSSF,2019m1,nc,000,0108,0000064,7636,12921,16604,22026,16171,101609,.,.,.,.,69476,.,.,86861,.,.,.,.,8374,.,17093,.,7441,3079,8679,.,22270,25884,31783,15459,.,5046,526,13072,.,48522,21659,6616,13085,18647,17237,.,.,.,.,.,18716,.,.,20331,.,78265,39671,.,5169,12646,.,.,.,3283,13872,12113,7506,13189,11513,.,.,.,.,.,.,.,.
ACSSF,2019m1,nc,000,0108,0000065,1341,1807,5047,9557,8830,10588,5466,16180,6996,27409,2619,15539,78944,4367,4355,43993,61203,10673,3547,11377,25199,38122,45518,4562,6280,24491,6154,15463,5305,4275,.,1761,3708,4912,7097,5217,6794,2111,3005,6491,8212,8814,19424,15051,9527,14763,4461,7530,13236,4126,27968,5361,11070,5599,2169,12594,33610,83070,8241,6618,2485,5366,3671,3186,3385,12747,.,43352,.,1949,8163,11784,6180
ACSSF,2019m1,nc,000,0108,0000066,1871,3569,14836,16890,16000,32012,22370,64407,124677,.,35870,22028,21042,40145,39919,44529,46457,150272,9380,25233,32551,44718,.,10488,10251,29939,4529,2959,26126,10187,.,5366,15479,5063,10608,9001,11600,3476,1564,7726,17866,16430,28073,64803,34599,41322,10426,18757,33125,6085,16789,14410,12549,5888,3306,26575,4968,4968,.,3007,9842,10799,3001,2664,3731,923,.,.,.,16750,10141,115393,10588
ACSSF,2019m1,nc,000,0108,0000067,1277,3396,7911,17680,17278,2566,14168,38623,20392,1835,14745,17895,63314,5825,15761,57984,78513,85205,1897,4534,35338,2433,815,11070,4616,42564,6402,15282,4795,9513,.,9942,4605,5898,11773,7879,12147,2820,4315,6236,11996,10359,11366,17289,.,41631,6545,15410,31701,11049,19591,10769,11162,10212,8266,6097,10813,15191,43465,4593,2606,4941,3903,5442,3199,6665,.,10183,.,8924,16215,2145,13127
ACSSF,2019m1,nc,000,0108,0000068,1778,3702,13147,17205,15656,73612,24666,36302,41268,.,14637,16409,.,9540,8355,88599,77498,57854,4517,.,.,.,.,16247,2334,3808,13602,15865,1751,11640,.,12990,63825,20236,20669,25358,10392,3523,4354,10200,12459,39417,80724,49713,97247,78365,4520,7004,179108,16288,20474,31716,48359,9256,7575,10290,.,.,.,5315,.,39772,2032,2857,8266,16883,.,51740,22758,15963,21286,24705,.
ACSSF,2019m1,nc,000,0108,0000069,610,1878,4782,8407,14308,13513,3299,6468,6840,78181,9537,15337,96301,7008,9609,20618,52305,14249,2535,13940,3386,16399,19294,2678,7101,10803,4406,5893,4263,2764,6574,1830,4402,2348,6600,7614,4974,1285,2782,3317,5762,4098,4273,3242,46630,18182,1675,1513,7998,4806,10505,6370,7333,6956,1212,1519,7013,3150,13349,2498,3581,3549,2444,3163,2669,8487,.,9508,51249,2896,5716,4171,6893
ACSSF,2019m1,nc,000,0108,0000070,4625,5711,12629,17441,23261,27792,18017,27896,33893,.,9056,76250,38913,46507,12666,190749,180131,.,6246,.,50003,7991,24127,15596,28816,.,20374,24493,44101,4670,.,23787,18217,12895,12780,33305,10935,3477,3020,3416,4409,17074,60531,36157,.,16065,17177,53374,6070,20855,21125,16943,20998,61145,6924,2668,.,.,.,10041,20165,14431,6263,19907,1540,.,.,.,.,18398,8157,17068,34741
ACSSF,2019m1,nc,000,0108,0000071,2803,3465,3818,12263,26670,28039,4715,59204,7130,36602,10416,126015,114967,9767,.,.,.,.,4931,1769,25506,34021,27626,19482,11582,33189,7070,9621,37457,10471,.,4664,8739,4995,3520,14337,15776,3213,4152,18003,10837,48974,30792,29977,.,.,8126,34138,.,11940,41580,24863,26693,2056,7464,20599,53923,92827,.,13942,13179,12993,10157,9575,4834,46845,.,.,.,11718,16273,19047,13090
ACSSF,2019m1,nc,000,0108,0000072,1721,2444,3766,5474,27760,3898,8233,6705,31220,23823,12590,6625,71850,13386,11160,13677,12570,5190,5443,33649,37013,58386,.,6744,10292,19974,7921,9270,12576,4136,.,4128,25213,1168,9240,2801,9153,3299,4617,7895,28945,5350,9502,25332,34496,27983,6176,9013,66153,7609,12975,10215,4090,5374,4227,5673,43319,35433,.,8184,6204,15375,5114,2627,2456,57328,.,70905,57542,10250,11268,29734,21864
ACSSF,2019m1,nc,000,0108,0000073,2041,1026,10718,12009,26414,33550,46221,28474,65648,21756,5692,17864,75402,13321,9444,32236,54866,50451,6261,.,11168,12104,7511,4337,2149,2525,3691,3639,4738,3181,12685,6933,3448,3017,4083,10302,10209,2134,2889,8883,11516,12638,27694,51435,.,.,5573,1457,19415,6065,1449,4332,6340,10662,979,5713,8126,35504,7036,3414,7406,2939,2031,3101,3674,.,.,.,.,5262,3665,18923,6442
ACSSF,2019m1,nc,000,0108,0000074,2933,3084,1786,3278,10461,10462,18806,15898,11035,67500,5960,16661,72602,4643,32649,125468,38270,.,2979,25979,8163,13513,127440,2752,3633,11388,5699,8223,4108,2042,5064,6314,8346,2743,7500,9317,3066,3643,2851,6356,9327,11785,20144,22122,87930,103242,3592,3936,25142,5170,17604,11519,11861,19291,2277,8153,33662,.,.,6006,9007,2115,2085,10829,4239,26126,.,32038,43087,2291,3871,3613,18302
ACSSF,2019m1,nc,000,0108,0000075,1445,3572,7111,17887,8393,55114,19474,59499,32567,97086,16421,31140,267063,40559,34873,47037,76793,.,4970,.,12301,10470,.,4681,5675,2549,4565,14102,5029,11521,.,16538,9990,4973,3824,16370,2932,3006,8633,1925,30090,16907,38282,58060,.,.,6455,15917,.,14218,22766,14271,50995,3888,3754,3988,.,.,.,3743,8437,13351,6492,11321,1841,.,.,.,.,5028,15489,41132,4265
ACSSF,2019m1,nc,000,0108,0000076,2992,4755,10762,15845,6996,.,48814,52309,18060,.,11746,.,7689,6089,30998,53050,84166,78908,5240,12272,37254,.,.,4951,72286,7804,12345,26798,20016,84496,.,138627,32016,8394,28924,14395,6178,3542,7870,24483,12737,22927,32484,76413,.,34370,26865,42554,.,27845,35870,25127,13220,28025,6732,3533,.,.,.,13263,13395,1961,9683,7475,6347,.,.,.,.,27050,21423,92219,5070
ACSSF,2019m1,nc,000,0108,0000077,7636,12921,16604,22026,16171,101609,.,.,.,.,69476,.,.,86861,.,.,.,.,8374,.,17093,.,7441,3079,8679,.,22270,25884,31783,15459,.,5046,526,13072,.,48522,21659,6616,13085,18647,17237,.,.,.,.,.,18716,.,.,20331,.,78265,39671,.,5169,12646,.,.,.,3283,13872,12113,7506,13189,11513,.,.,.,.,.,.,.,.
ACSSF,2019m1,nc,000,0108,0000078,5322,6403,3410,14237,7078,9877,2869,2941,25664,61952,11691,38469,25019,20461,28953,126532,92212,34817,7834,63941,8219,17480,25864,5307,25683,53918,9198,7991,4785,17279,.,19406,10257,4860,6535,27764,11893,4853,6808,9501,13644,8130,7660,7863,16429,17466,5444,24664,226353,6549,23484,17393,9391,21496,14310,10729,94472,.,.,16717,5042,14109,1633,7376,5183,.,.,.,.,25253,65245,22959,20958
ACSSF,2019m1,nc,000,0108,0000079,1241,1758,5075,9543,9209,10307,5780,17139,6996,27409,2619,15539,78944,4367,4355,43993,61203,10673,3547,11377,25199,38122,45518,4562,6280,24491,5961,15463,5139,4275,.,1761,3708,4912,7097,5217,6794,2155,2988,6520,8614,8814,19424,15051,9527,14763,4511,7530,13236,4138,27968,5361,11070,5599,2169,12594,33610,83070,8241,6618,2485,5366,3684,3149,3385,12747,.,43352,.,1949,8163,11784,6180
ACSSF,2019m1,nc,000,0108,0000080,1871,3569,14836,16890,16000,32012,22370,64407,124677,.,35870,22028,21042,40145,39919,44529,46457,150272,9380,25233,32551,44718,.,10488,10251,29939,4529,2959,26126,10187,.,5366,15479,5063,10608,9001,11600,3476,1564,7726,17866,16430,28073,64803,34599,41322,10426,18757,33125,6085,16789,14410,12549,5888,3306,26575,4968,4968,.,3007,9842,10799,3001,2664,3731,923,.,.,.,16750,10141,115393,10588
ACSSF,2019m1,nc,000,0108,0000081,1277,3396,7911,17680,17278,2566,14168,38623,20392,1835,14745,17895,63314,5825,15761,57984,78513,85205,1897,4534,35338,2433,815,11070,4616,42564,6402,15282,4795,9513,.,9942,4605,5898,11773,7879,12147,2820,4315,6236,11996,10359,11366,17289,.,41631,6545,15410,31701,11049,19591,10769,11162,10212,8266,6097,10813,15191,43465,4593,2606,4941,3903,5442,3199,6665,.,10183,.,8924,16215,2145,13127
ACSSF,2019m1,nc,000,0108,0000082,2586,3240,4207,4302,9934,5882,7032,5769,8440,6438,9535,10835,5887,14801,11706,13081,33800,20504,2716,20785,7331,8447,3311,4169,3622,9947,4703,5101,8083,2878,4156,4454,5876,2862,3820,7802,3856,1442,1387,1404,6408,3976,12388,18666,3029,17288,3575,8552,74199,10079,14298,7500,4770,7052,3871,4137,7100,24156,2310,3095,2498,4014,2104,1704,4538,20907,3592,29269,74754,3774,5190,31922,7124
ACSSF,2019m1,nc,000,0108,0000083,1122,1751,5678,7296,2332,9096,5547,13613,5372,27677,4526,5851,31714,9713,12791,32840,42973,4510,3144,7185,7003,6902,16743,4302,4970,29958,8145,12215,5044,4489,11779,5297,5101,3976,2661,4446,3664,1264,1352,4772,7882,7247,10401,11172,22728,7312,4229,8732,32797,4960,14125,2725,6758,1970,2849,2649,12310,13616,31866,3816,3515,7178,2990,4644,1545,8235,2673,18492,27974,3537,4403,5605,5676
ACSSF,2019m1,nc,000,0108,0000084,865,1794,1740,4438,7074,9361,6361,23047,8967,9152,8031,8630,40950,6413,18110,10451,44321,4169,3407,11603,2442,29454,5451,3222,4324,30305,8664,11764,11386,1805,24378,2886,1919,3542,4201,9983,6640,1735,1406,2611,3879,4158,23644,20309,9938,41778,1712,4980,998,2166,4589,6583,8992,3132,2212,5592,2976,35510,8945,3528,3413,5687,1943,4430,2451,4860,4445,8905,8664,1615,4011,7077,7863
ACSSF,2019m1,nc,000,0108,0000085,1997,1641,1779,7815,6881,7950,5217,2409,13169,30082,1699,10697,53143,4729,5554,26765,33783,9851,3545,18631,11662,9983,12395,3055,4789,4649,4062,6453,5985,6067,9555,2685,6145,3022,3319,3753,4707,2182,2600,5501,9036,6663,5524,12329,9595,6151,3177,7023,14388,2941,22927,4761,5809,7118,1114,3556,25145,48570,14366,3444,1355,5672,2286,2415,1590,929,2656,8182,79253,1204,6048,10680,4484
ACSSF,2019m1,nc,000,0108,0000086,1489,1063,7095,3475,7015,4326,3734,9523,4471,4977,8023,5279,89422,5950,22519,11880,52637,12729,2794,24703,12016,18716,9321,5236,5437,15152,3323,5742,3518,2076,4380,3275,5142,1896,5329,3450,4463,873,1833,3123,3887,5986,8664,11714,13647,14929,4279,3457,33118,10620,12139,2071,6263,5404,3433,2001,25248,29053,7799,2963,5893,2212,1606,2705,1075,11790,49500,6804,21071,2568,5333,14149,4486
ACSSF,2019m1,nc,000,0108,0000087,1814,1267,5193,5099,6599,21005,8100,14051,13473,46340,3451,5365,34278,6376,17309,51521,38673,11004,4232,23127,4975,8423,3696,6191,4700,4275,3036,4778,5037,4269,16521,1885,4686,1579,4028,3603,4934,1756,1905,3905,7156,4568,9307,17053,9234,13446,6664,6916,15423,6205,8782,3230,5598,6979,1301,5205,24998,21465,972,1447,2855,4693,3643,3326,1865,16596,.,21911,18233,1450,1965,7868,7613
ACSSF,2019m1,nc,000,0108,0000088,624,900,7031,5053,4525,9411,13839,14021,32418,29772,6217,6642,64527,5792,21076,17960,18842,21209,3762,7458,3563,4954,8208,3450,1086,7519,3290,3416,6539,3442,5689,1930,6201,4560,3789,6212,5627,1596,2821,4112,3424,5822,5221,15307,22063,9315,3398,8491,48597,4539,11995,1404,4646,5963,1873,4412,6759,12121,18809,3596,4792,6916,1646,4625,3205,12316,3081,14691,62031,3051,4921,6363,4764
ACSSF,2019m1,nc,000,0108,0000089,1445,2487,6854,7001,8455,16389,8464,16006,10446,34514,4172,11283,58182,7598,20307,18584,47226,19614,1264,4537,5134,8936,6531,4982,3242,7270,2075,3240,6111,4938,8565,4006,1498,1839,3848,5296,2978,902,3414,3236,1364,3138,13160,17435,4471,13239,3641,5995,6255,6124,5706,3601,4290,5500,858,4667,10500,11716,6027,2305,7130,2483,2398,4703,1386,16342,8077,25852,43086,2057,3046,5448,5488
ACSSF,2019m1,nc,000,0108,0000090,762,2701,2996,7430,10432,12931,5748,12645,14329,29234,4732,10719,83679,4658,22905,25151,55794,16596,4010,14826,4538,4179,6367,3986,4781,10796,8567,2007,10265,2620,12806,1911,6990,1102,4744,5555,5111,1551,2062,7367,10777,6801,13635,10319,55663,19777,2332,8011,26347,3031,24358,1829,2013,6361,1482,2213,4517,11704,6420,1163,6605,3549,1932,5275,2231,17452,18962,2396,40219,2034,2210,8059,5190
ACSSF,2019m1,nc,000,0108,0000091,1664,2188,3432,6192,7625,11040,5792,7563,13394,39793,2738,5243,40353,5996,10477,23284,30801,3481,3051,1541,4639,13667,23110,6006,2527,10618,5566,2821,3956,2816,17120,2149,5143,1328,4043,4356,3433,896,2158,4214,7268,6378,8971,16600,17587,21521,2384,3234,12269,8344,9735,2470,5475,2731,2893,1674,16612,7868,11507,4153,7181,3162,1382,4662,2046,12573,.,27233,19490,5496,4266,14523,7294
ACSSF,2019m1,nc,000,0108,0000092,1188,1084,4740,8322,9345,19723,10565,22022,21815,23596,3466,3181,31512,6254,15312,21028,34846,34079,3354,7153,3990,12738,3291,3365,4024,18290,2402,3482,6085,3973,6765,3163,1346,1951,4604,5658,1762,1564,1319,9958,4996,5818,10596,68086,8011,11783,1947,5951,32067,3885,17912,6318,3833,4632,1669,3173,19743,31585,34740,1544,3278,4854,1256,3756,2167,9264,5119,29046,13742,4144,4810,14765,2922
ACSSF,2019m1,nc,000,0108,0000093,1022,1381,2374,9114,5263,5370,3248,5302,4117,81968,6981,6151,10733,6221,14826,13793,43056,5889,2377,13617,3230,13330,14164,4745,6009,28393,2412,5820,4730,4937,6981,1066,3732,3309,6528,10837,5833,1168,1288,3497,5188,4080,6566,5291,43752,88174,1778,4946,12573,6217,12157,6841,5386,5485,1236,1611,12093,5936,50174,2696,4081,2475,1314,2948,2993,7562,.,8577,37351,3153,6554,3890,5335
ACSSF,2019m1,nc,000,0108,0000094,751,810,3228,4575,2713,6098,5446,14632,8105,40401,4092,4185,24006,4429,24531,29485,62999,13703,1925,13304,9699,10359,3564,2044,5792,1172,4211,7110,4605,2678,4083,4317,3240,2145,2354,4496,3696,976,2278,3390,3986,7559,15285,12482,38379,28597,4400,5072,15012,5479,7199,3925,8987,5597,2082,2847,50734,37132,.,2374,2830,2455,1870,6532,1033,4819,.,9235,8169,1895,2909,1828,2591
ACSSF,2019m1,nc,000,0108,0000095,2201,2005,11524,8113,6508,15466,69707,26893,15202,.,10811,49406,324679,13450,23101,35970,98203,41428,7380,.,6118,6392,7788,7993,5973,1926,3283,5440,10167,4043,6318,6006,6698,4014,5859,2445,4976,1319,3905,6701,6214,40267,14721,49690,.,22055,4488,21706,.,20918,31211,19916,33166,8409,2813,4296,.,.,.,4312,2794,5973,2281,12280,1878,9974,.,.,3585,9754,20663,.,5665
ACSSF,2019m1,nc,000,0108,0000096,1568,2049,8865,16826,15182,2638,8589,13514,23363,.,8641,36597,.,19187,26574,9785,85162,25242,5212,40498,17659,52403,12968,13288,7791,31971,6195,9656,7640,3209,11063,4190,8210,4713,8841,5173,6341,2441,3612,3706,2512,15754,40589,40589,.,.,8280,10904,15102,5716,25454,6221,13553,5276,3560,3042,.,.,.,6138,16056,4819,2106,4540,5785,.,.,.,.,3685,6034,16250,13172
ACSSF,2019m1,nc,000,0108,0000097,2292,5215,14043,9775,10281,34710,26245,.,75185,.,26070,21463,.,33671,40850,76114,65352,.,14017,.,4840,16575,2897,16532,44817,.,2799,3454,24456,4547,3464,6110,9992,8150,10988,24614,2370,3430,7099,4409,14672,48329,42299,.,.,.,13920,47199,54651,11826,.,13613,13658,25740,2739,17532,.,.,.,3533,2967,21435,4595,14138,6347,.,.,.,.,9146,8613,39481,24858
ACSSF,2019m1,nc,000,0108,0000098,4470,3218,7715,28908,27130,60189,24651,49500,65755,45725,16447,9470,.,15406,152312,9804,.,8200,3630,50181,27113,13354,20270,966,6910,.,7538,10585,8087,4951,1808,8217,6316,9822,5418,7039,12838,4180,6398,13046,21045,18492,31536,237442,.,.,10027,11093,20661,5308,6111,15470,18925,25925,3511,15137,32311,39824,.,867,8694,12570,9541,7296,7235,.,.,.,.,14422,19778,75912,31918
ACSSF,2019m1,nc,000,0108,0000099,1558,5925,18783,12907,12652,75381,12229,51546,69265,10943,2847,12654,.,9516,31664,15046,59966,11820,6488,.,5201,32983,12479,9172,10566,.,10947,10781,38947,3080,60295,6232,30745,7880,23194,18891,7131,1389,7276,9201,21002,11216,1856,2766,.,.,3241,4965,32138,5011,.,6909,38957,4087,5609,6794,13485,.,.,12284,14591,37150,3741,6087,3861,.,.,.,.,7769,7847,.,7234
ACSSF,2019m1,nc,000,0108,0000100,3870,5518,9549,22209,21804,11908,15624,347,70559,47191,23193,.,.,19741,3774,32943,32943,.,13512,.,36802,.,5248,2388,1758,.,3459,23318,34675,2183,4961,14572,7884,4678,9278,5210,7356,1498,3984,7019,9371,5233,39074,108832,.,.,9341,10409,105349,3382,.,12658,12216,16241,4107,5140,9510,22590,2041,12456,29193,10590,5268,8731,5108,34626,.,.,.,1734,6200,34115,5889
ACSSF,2019m1,nc,000,0108,0000101,2664,5750,6668,19580,16962,6374,37028,6348,53051,102468,33568,6779,.,13114,2359,715,359789,891,10658,.,18598,79509,26124,4309,12381,.,11497,16376,24433,13963,1446,15343,11908,5604,23801,17073,23875,2468,1759,8511,6337,6661,66812,114056,.,.,3816,25100,.,1932,13472,16973,63745,10040,4939,2616,3768,36560,.,16730,9055,5758,2576,2884,2573,49409,.,36630,.,754,992,.,9882
ACSSF,2019m1,nc,000,0108,0000102,2500,5044,4671,3187,2980,81795,29713,49918,38541,72328,16024,27216,.,18231,175996,28930,127916,.,2192,43479,4528,34394,6784,3529,5336,.,20728,13156,49067,4726,38714,6748,15216,10104,8770,16616,3020,2908,6095,15313,10005,26788,17048,27484,.,.,6973,6368,.,12005,131557,12968,7141,26838,8243,17523,20162,45337,.,5019,16968,19798,6038,9571,9426,5611,.,72687,.,6380,6153,.,13592
ACSSF,2019m1,nc,000,0108,0000103,3489,2964,6737,12536,22940,15908,15409,62290,8446,.,4242,5482,.,11676,78947,.,.,.,6698,.,8656,44646,9026,5530,12760,.,8761,8645,12236,14273,42799,11964,22441,5013,4356,11265,12505,3641,4134,5316,7739,16818,19839,1845,.,.,10094,12585,47111,11661,.,3748,10137,19356,2476,2240,21592,13909,1287,8780,13586,20308,4065,8592,1809,9617,.,.,.,11931,9966,18493,9945
ACSSF,2019m1,nc,000,0108,0000104,2745,2960,11561,32038,49152,12888,33445,74416,50159,7126,6298,6218,.,12134,.,.,.,.,7139,.,35329,29774,59906,5930,12599,.,27278,23715,41139,6725,7629,11063,3371,3192,5607,33202,10640,4129,2335,13752,19834,3730,27672,16240,.,.,19811,.,.,18696,2811,9077,22861,5414,9706,12955,10214,.,.,17449,10467,1222,2515,6964,4423,.,.,.,.,9559,7733,.,24229
ACSSF,2019m1,nc,000,0108,0000105,831,5294,15125,18100,17119,37838,24924,31596,59272,12638,16352,17625,8111,34294,64813,7197,75655,12969,9777,26417,6012,7418,11164,6612,16888,.,21002,28802,4150,5410,3929,3559,12578,5381,23633,5035,7072,3270,1973,2230,1628,12373,25037,40076,23502,19178,6011,9683,27276,5586,54010,3315,8673,12890,6812,9064,15025,.,.,6706,11541,32013,4120,15410,7475,111237,.,.,.,2301,14089,.,2548
ACSSF,2019m1,nc,000,0108,0000106,3835,5977,5937,14568,14026,8151,12795,27776,26621,29721,5404,63808,73488,13935,27796,32115,.,19683,1324,32067,43592,41628,.,3198,1412,13082,6558,3932,10666,3053,.,3788,13449,2347,8156,2037,15784,3844,2354,6485,3055,9141,6795,38060,34874,7157,8967,11256,13397,11530,21289,14763,7603,19278,5258,22561,.,.,.,7291,14593,17608,4477,9817,10680,25967,.,.,.,9229,7106,31145,17490
ACSSF,2019m1,nc,000,0108,0000107,1770,5639,10842,15306,20821,22091,11894,21239,19395,36476,16144,13131,105989,19517,49658,112059,193793,1068,11909,5499,59612,45001,.,22580,19033,.,10081,15579,11645,5629,.,6359,14164,9916,29406,24562,9196,2972,2404,8902,13709,13965,11167,13110,57711,81139,4393,26389,93938,8966,7443,9284,27890,23335,3633,9658,26619,26619,.,12354,13921,6272,4787,10538,6241,.,.,.,.,7273,6500,13730,5194
ACSSF,2019m1,nc,000,0108,0000108,7439,7904,8892,12786,24449,22076,20713,25468,7222,39309,8632,71518,35962,25322,.,19571,15951,19937,12803,.,38299,64011,.,13526,12273,.,16108,23134,48917,7560,.,15656,13191,8411,6601,27988,8338,9244,5636,13603,16660,22719,6096,12117,16195,73727,14224,16247,.,17812,59165,11182,12380,11225,3328,12457,.,.,.,1718,5972,25548,6719,22378,4053,.,.,.,.,81612,136983,.,.
ACSSF,2019m1,nc,000,0108,0000109,3883,4434,8000,8442,25458,38735,8058,63633,4709,27114,5087,86740,.,26270,34479,39097,42969,.,11911,43669,28468,92143,25011,18376,15280,37637,10152,19971,4591,2975,1825,9573,3617,12003,38948,9845,6056,5234,7819,15869,7946,28891,8643,2771,.,7721,14703,12644,.,20606,5197,7024,8522,29794,5755,14295,6764,.,.,11953,5578,4453,5309,7110,2656,18389,.,16413,.,1071,3589,.,100933
ACSSF,2019m1,nc,000,0108,0000110,4929,4584,7810,14079,25448,20737,11889,14518,12671,72183,11457,951,.,5551,10103,123765,123765,.,11936,.,48647,81356,24813,22789,21391,42494,9071,14531,6946,2967,.,8300,11067,6121,13772,14418,865,7382,4431,8987,7705,14030,11069,41393,41566,26093,6181,27850,13867,8245,22622,20892,8115,19001,5198,35028,.,.,.,19775,4677,16342,3435,31096,2961,.,.,.,.,4038,3231,.,3154
ACSSF,2019m1,nc,000,0108,0000111,5313,3677,4432,23610,15362,28760,3157,2333,33486,88083,22945,111621,247887,12090,8423,133480,100115,279891,13455,.,.,.,.,24663,19180,1478,16675,16130,57022,33339,.,73014,37140,9241,2588,25312,17972,6058,4809,18178,36310,17846,13320,26845,50707,13248,12828,22932,80143,6539,35411,8643,13690,17905,3373,33781,.,.,.,.,.,977,2909,20317,3176,.,.,.,.,37928,25021,.,.
ACSSF,2019m1,nc,000,0108,0000112,4588,9666,3650,9165,19039,4208,8215,6067,29192,47682,8354,42675,70717,11256,10997,113468,154404,34817,9378,19747,5786,17480,13979,7226,11999,54956,3474,17593,7028,16845,.,16084,14273,6220,4002,24503,6709,3189,5105,11716,25891,8052,10301,19535,45653,28583,5753,13739,88965,17414,8613,14543,8445,22744,14456,12219,94472,.,.,25200,2811,26312,2271,21845,3336,.,.,.,.,22267,57664,18391,3386
ACSSF,2019m1,nc,000,0108,0000113,6765,9633,4836,9736,6698,19649,4650,5531,13251,75982,17006,2474,.,20505,111415,118423,126108,.,5722,.,19515,26834,.,15656,9960,37235,23222,31549,29175,16466,.,72662,18298,6797,11019,5072,10247,8368,3952,7586,12176,21195,10671,13994,53716,47088,15344,25241,95493,21944,17649,13447,36392,15642,16297,46261,.,.,.,2311,.,1464,5437,12384,4754,.,.,.,.,30572,31856,.,8423
ACSSF,2019m1,nc,000,0108,0000114,3257,4844,5911,11228,27244,6490,9176,6293,26097,20043,17329,5389,72852,9154,50135,11590,84864,25864,8275,.,62704,102171,.,6866,10364,8576,6228,9797,9645,9072,.,7865,27450,6274,11219,8561,14898,4134,4998,24248,28658,14624,10107,34403,32119,27911,11222,13167,57130,29674,31492,13691,4451,8275,8740,27397,.,.,.,5463,19021,22112,7651,5306,4516,.,.,.,.,12915,8052,.,.
ACSSF,2019m1,nc,000,0108,0000115,4166,1754,2679,9212,44595,3077,12089,13355,31142,37966,11855,9549,104407,52968,22674,25669,19389,897,6809,1068,.,.,.,10315,7923,24610,24525,25883,33651,3595,57628,3068,23182,1476,20509,15153,15386,6276,4426,5247,5991,7823,28337,28695,.,3710,4695,17968,38522,5688,7687,4809,5793,54140,4941,3363,.,.,.,10687,174008,7847,4662,7511,8979,68536,.,70905,.,10097,9804,22846,23770
ACSSF,2019m1,nc,000,0108,0000116,2888,7836,10137,47871,53882,48857,12341,12245,38993,27113,16083,34378,87028,20133,35373,83100,83100,.,10955,.,36956,70709,50529,7915,13711,1613,12119,11246,18538,11070,.,10385,2933,8447,7832,24914,5720,3025,7935,10367,16015,26115,16619,24438,.,6393,15694,9250,47342,5797,52712,18187,13005,7948,4644,11524,96976,.,.,5278,38079,18854,5139,6002,7570,16471,.,.,.,10965,3882,4927,20196
ACSSF,2019m1,nc,000,0108,0000117,3140,2675,8259,9714,21993,11230,19308,23326,27531,106072,22383,28726,56715,23110,64891,105152,82075,105089,9671,.,15926,17882,20037,7078,14024,10401,10765,12985,18477,4741,1045,3680,13174,5975,5852,12269,960,6180,8104,9704,8973,15193,34028,49098,43927,.,11997,10555,.,20743,17641,13669,11008,6440,2746,3863,.,.,.,3404,4498,9328,8903,25559,7615,15043,.,.,.,5756,11503,.,3461
ACSSF,2019m1,nc,000,0108,0000118,2678,2966,9737,12134,10848,16951,20443,16850,42113,7453,3479,4293,.,6136,18277,1661,.,19658,4554,.,19917,39670,18776,11925,3482,21089,7176,15693,9219,3587,57701,8040,22154,2620,3750,7270,13290,2676,5695,8601,12475,13493,16990,16973,32787,31869,8562,22952,.,10529,13931,8227,17387,3136,5129,13391,18874,.,.,2485,8611,15558,5078,5632,7643,7958,.,15718,.,2302,2513,11646,14235
ACSSF,2019m1,nc,000,0108,0000119,3433,6280,8964,14055,27307,14846,6933,15500,43748,.,12658,12521,58612,14391,36882,.,149833,.,5239,20118,18061,12149,144084,7735,23082,.,6751,9511,15968,9442,.,14612,9819,2414,11029,7749,1918,4581,5130,12307,9310,13788,39119,14095,.,97768,1606,5971,44088,1786,17334,11066,58980,19534,5122,3257,.,.,.,8239,9967,4198,5796,20387,7143,16886,.,.,.,3775,11231,733,22846
ACSSF,2019m1,nc,000,0108,0000120,2504,6185,14675,17102,9487,48721,13591,60181,1463,.,22491,55936,.,17348,.,129017,.,.,2767,.,.,.,.,9197,1976,17893,12533,8501,36512,2298,.,8590,6472,5086,14632,18489,3967,2715,4993,8184,41494,12634,6118,13450,.,.,8878,5351,25364,28593,12324,18661,12073,67426,2466,8890,.,.,.,3260,7715,2659,11680,9077,6003,.,.,.,.,4653,4858,10657,6530
ACSSF,2019m1,nc,000,0108,0000121,3744,6009,16044,24151,14972,37345,11584,42396,16830,.,10653,4860,.,31907,57756,147621,268808,31320,10608,.,6678,6678,.,12256,13605,9319,13280,11653,6651,13778,.,14541,19673,8145,17200,14314,49328,3541,1622,4216,19246,21339,45568,33376,51456,1886,24140,29264,35339,19002,15277,35481,26640,4266,11304,25392,.,.,.,1500,21552,8084,9375,4827,4681,19249,.,.,14033,31780,40900,.,1092
ACSSF,2019m1,nc,000,0108,0000122,1253,3122,7093,4904,6578,41670,9515,19497,13418,59556,25667,29532,267063,10000,98857,60002,86340,26760,5800,.,9774,10470,21837,5980,6366,1426,4011,7267,3923,6218,2172,9286,8678,2860,3089,12706,16248,4946,6410,5846,25439,8152,48152,45250,.,.,4992,13445,.,12977,32814,23537,33424,19684,3376,3076,.,.,.,4244,9285,7599,7263,11453,4155,.,.,.,.,3974,11263,29252,4238
ACSSF,2019m1,nc,000,0108,0000123,1942,7041,15760,39381,35792,39205,13781,16734,51321,2122,29734,.,63314,21910,34545,233023,235230,413845,4557,.,26260,26260,.,12025,10890,34038,13915,19317,4788,7597,.,17149,32215,4658,17824,9914,16667,5444,3687,21258,43797,23840,16602,10724,.,.,14136,44829,139700,16358,18308,11483,52362,56471,4198,16689,24966,15191,.,1954,5120,19289,4627,6894,2802,9783,.,.,.,7620,11395,2797,.
ACSSF,2019m1,nc,000,0108,0000124,2420,3758,3645,3538,14297,16529,14599,87085,2184,37023,14196,12470,.,4842,25187,16475,20116,85110,5743,.,853,8402,867,7578,6645,63753,6191,9886,11361,18355,.,11439,3851,8738,7408,2119,25598,2156,5091,5254,7541,18766,7166,6541,.,39670,8508,17033,8556,6662,39182,20851,13702,11328,5753,4399,.,.,.,21224,11541,5275,4846,8248,3252,24779,.,9385,.,13936,14418,45160,17304
ACSSF,2019m1,nc,000,0108,0000125,2004,4951,12297,8530,10763,45036,16301,10545,33531,15014,12563,70703,.,13675,68967,92767,238739,33041,10308,.,15745,32143,21253,1810,9587,57532,13811,17981,15794,7455,.,6404,7177,7916,7816,17288,12406,3081,3116,4560,4990,6389,15655,38565,.,.,4211,9876,.,17242,31437,12135,13954,15456,4510,5489,89131,.,.,3444,.,3868,3797,7569,1822,47449,.,.,.,15478,12130,37306,50200
ACSSF,2019m1,nc,000,0108,0000126,2786,2756,10906,33267,36093,16516,17645,18013,28523,.,26567,13319,.,49811,35988,34612,95886,55448,19357,.,6825,47815,1538,6180,151425,12113,13965,24402,14287,8184,8429,3337,10052,5589,4776,8590,4965,2073,6091,13824,24347,33676,42897,62872,.,.,20965,25845,.,19123,.,5113,8031,7004,8482,3710,64581,.,.,12747,1288,9187,3163,12403,1923,17782,.,33159,39262,3271,4661,14930,15199
ACSSF,2019m1,nc,000,0108,0000127,3139,2805,19450,28225,17510,11377,19629,31966,49938,.,6956,.,.,14207,31882,.,.,.,15675,.,23614,38820,30282,6888,17702,.,11250,23387,6493,7613,.,7210,5205,4671,6642,12371,16667,3433,6231,19232,24347,10252,10156,30891,.,33624,5991,14254,.,10343,4754,26862,13956,7343,7273,2982,16986,.,20275,6907,1024,17791,3321,11287,1849,201414,.,.,.,4034,7354,16538,21922
ACSSF,2019m1,nc,000,0108,0000128,1799,1420,4941,9346,14575,27087,22355,66435,21556,36909,6286,16157,.,3588,.,40513,47895,.,3586,7660,19966,.,21453,4283,7847,54276,1339,1570,13269,10622,.,16287,14701,4031,5205,19878,4505,2452,4458,5647,7336,11209,74087,.,.,189168,14900,12635,.,14158,17858,7887,9284,3710,5739,9273,75107,77174,.,6617,11545,6802,3157,3801,2367,.,.,.,.,2060,1091,.,19469
ACSSF,2019m1,nc,000,0108,0000129,1411,3530,12436,19066,20098,72633,21239,32772,41425,16068,7769,15364,101613,13799,7952,53945,50807,52161,9624,.,30166,.,.,14056,13732,13914,11353,16868,4158,9342,16690,11115,46783,11395,8499,10235,12044,2942,3289,12953,15347,20705,52770,53003,97247,69194,9706,8965,109613,11485,24096,16918,28585,25178,4147,8130,.,.,.,3834,17757,9059,3388,3009,5601,15405,.,30999,22758,4713,3771,2304,.
ACSSF,2019m1,nc,000,0108,0000130,3442,1505,4406,21285,27572,31289,10156,10794,17142,53629,4284,12161,664,2831,16638,110811,98255,.,16956,.,13578,8456,30180,3502,20729,19492,15539,11268,2954,4958,3093,8965,18558,5606,17734,8316,22697,3655,2770,13378,16623,38486,38380,73530,.,89725,2468,4595,.,2921,14947,6880,7697,19136,2676,22985,.,.,.,2412,3478,35645,6676,7178,1759,83415,.,.,1373,2873,22366,.,14592
ACSSF,2019m1,nc,000,0108,0000131,2659,1999,13886,16121,19880,35220,59432,89990,94695,.,4960,3254,295501,8799,52852,94065,84488,.,5185,27890,19208,8641,6504,6802,4217,11875,9308,2519,12701,8276,16386,8496,15653,7810,15684,23262,12535,5545,4580,3602,4007,24258,13123,.,.,31349,3418,17661,23112,12075,51997,10897,5197,11157,6531,8290,1717,1717,.,4994,10017,26232,5056,13999,6540,162,.,215,.,9303,19488,401,.
ACSSF,2019m1,nc,000,0108,0000132,1717,5200,11883,7860,11768,18314,41730,21207,28547,99862,35070,.,3013,51771,28923,35509,.,.,15579,27528,12483,54213,7299,7769,15296,40226,19717,27921,16226,4079,18978,6582,18021,4975,17495,18639,4262,3494,7281,5266,4444,24630,36373,14408,.,118403,7564,9179,.,17930,38111,10392,19463,50790,3562,10169,45474,39040,.,6447,14618,21669,5726,6102,5260,930,.,.,.,11826,19452,.,1772
ACSSF,2019m1,nc,000,0108,0000133,1887,3447,7032,10947,12521,27643,22816,30697,13581,.,6560,69416,289960,9138,15845,17777,80453,29047,4967,5838,32077,22488,.,13371,9783,24076,14196,9183,7394,4739,29911,6860,6111,6570,11098,8228,2062,2908,8677,23778,27663,13858,12609,23671,.,64434,3186,29497,34547,1527,36312,9724,9950,24932,4070,8059,52966,.,.,4422,7942,782,4725,4518,4887,424,.,.,.,6213,3370,5992,4397
ACSSF,2019m1,nc,000,0108,0000134,2495,2891,10030,10274,18399,68233,24094,29913,13274,116102,11204,39370,.,13258,21787,28962,74762,13490,26698,6370,15570,17819,10083,1732,9841,28004,21687,29278,16933,8022,.,11032,11970,6681,9500,25919,3850,1598,4651,10461,11888,17849,62154,.,18969,.,14033,11109,.,21901,24247,10062,15305,10674,4921,1206,13856,13856,.,5817,14203,2611,3619,14707,3543,7678,.,16340,10661,14288,10751,13773,22230
ACSSF,2019m1,nc,000,0108,0000135,3372,3467,12807,11900,14296,15114,29467,49545,24450,51050,19617,8078,.,10763,19276,227669,227762,.,8920,.,25353,42740,2997,6971,21262,.,5008,10570,17682,10980,.,1986,17331,8662,13622,18017,8221,2625,5957,12584,19495,33792,50885,20731,.,.,11501,11943,18463,15878,59830,5489,14679,16317,5511,8836,.,.,.,8656,15435,2991,4011,13978,6537,.,.,.,.,12420,10598,2212,14337
ACSSF,2019m1,nc,000,0108,0000136,1732,2363,10121,15952,17276,26546,24053,67708,33025,55622,8138,8384,171958,15664,87251,65138,169243,42693,11797,21876,27298,13356,59592,1984,15384,.,6773,8071,10984,13827,.,5948,7426,2651,3771,14060,5219,2738,5900,14194,5237,4351,72070,190003,.,.,6071,10834,.,6431,20290,10332,15369,3201,6105,6457,.,.,.,1620,7377,9480,9469,8186,4065,39114,.,30161,11929,6415,8747,.,3116
ACSSF,2019m1,nc,000,0108,0000137,1608,6951,6740,12199,16339,19445,5549,9400,24043,52498,20366,43069,.,22946,55390,108473,136582,.,5131,.,28039,.,19906,19078,20925,.,9548,16689,9832,6475,.,12109,6757,4013,3602,23450,11892,2328,5592,14585,22950,23181,7367,6119,.,.,5488,9675,35385,4535,10589,20175,13222,4219,6049,12314,.,.,.,4801,7999,9061,4741,14364,4546,29969,.,32821,.,5636,11672,25970,10133
ACSSF,2019m1,nc,000,0108,0000138,2372,1740,8756,19141,18460,37414,18288,24001,32616,.,11628,31378,.,13562,18494,18791,52687,7936,11134,.,27909,20618,24540,3617,13899,38153,6385,5030,33128,6590,.,9236,10612,4371,4070,18766,9542,1503,5413,8724,12648,11286,19097,23270,30278,9840,4057,10189,.,18064,.,8945,3386,11170,10754,7073,27229,27229,.,7361,15694,18965,3166,6385,2281,25694,.,.,.,6142,13087,778,12702
ACSSF,2019m1,nc,000,0108,0000139,4695,4863,15916,7303,14932,16275,15905,59288,26486,25223,20314,15796,101256,24676,9539,.,.,.,5143,1769,41182,60560,74701,12875,6150,11884,16461,18328,23478,6109,.,8489,10769,4817,2612,3508,8103,1715,3794,25939,22837,24185,16513,20333,.,.,3301,14681,15829,10691,14125,11265,16723,1435,4848,2809,82495,45103,.,11355,11864,10267,4070,10404,2837,46845,.,.,.,15260,17207,13581,24552
ACSSF,2019m1,nc,000,0108,0000140,5256,4321,7625,13956,24543,10926,16840,19218,19519,84947,23608,.,299277,31904,21277,55424,26804,256170,9859,.,4294,13148,.,14005,13382,69790,7765,7710,7814,2190,.,3863,29661,9195,3378,9247,14378,3639,2661,5104,11486,6989,17831,17977,40454,168759,6756,3675,25667,7185,31167,12942,19663,4621,6123,6362,7092,12758,.,9453,2489,12106,6242,9473,8076,.,.,.,.,4496,8304,.,2810
ACSSF,2019m1,nc,000,0108,0000141,2041,3239,3587,3757,8781,7562,24806,34320,37936,.,24563,11902,.,33899,24893,66731,.,65398,9161,951,12587,2367,680,5432,12887,40164,9763,19270,9889,3625,.,5283,5944,2510,3174,16722,8194,3576,2765,9016,9289,15351,24691,31154,.,.,12382,20436,.,14754,876,2902,8406,4972,2535,7132,41419,.,.,5717,4283,11365,7743,16115,5516,36707,.,.,4750,3777,8727,4085,2844
ACSSF,2019m1,nc,000,0108,0000142,1308,1524,5840,5915,9073,21755,8871,3869,28324,.,37121,72527,.,23295,37994,.,.,.,5187,.,14070,14070,.,15815,10106,39155,7799,10286,32504,5571,.,5286,7827,3017,16303,24682,8523,3694,2162,6843,6971,6445,15325,1346,.,.,2146,1039,.,9174,47446,54163,46776,36060,1917,6289,19961,.,15943,6764,6177,4697,2713,6675,5984,18370,.,18475,.,4436,4301,16696,7557
ACSSF,2019m1,nc,000,0108,0000143,5487,12937,8372,14449,39902,25517,21955,43195,25120,.,56885,80456,16585,42340,168894,51292,91852,61214,8642,11785,78320,7462,.,20357,5366,68207,19438,32156,16030,9905,.,17980,14970,14782,16272,5502,13936,4491,6552,10353,19890,13737,36054,21809,111306,47787,5532,8970,5529,10151,37055,17310,6869,19789,3672,25466,157254,157254,.,17615,4697,8538,5949,11367,9740,.,.,.,.,21753,17547,20733,9390
ACSSF,2019m1,nc,000,0108,0000144,3462,3696,6956,17021,32984,4396,10887,17121,14964,367262,18662,20545,105685,9117,24820,309041,.,40610,3512,.,32580,52871,.,11974,8391,.,10695,10661,36444,5254,.,6329,16970,9883,16246,19109,18065,5919,5508,22411,27211,16211,15035,24991,44451,.,5089,8338,85955,17990,21494,11038,18434,38595,2512,575,12416,12416,.,10089,3259,8259,8703,11268,8517,11269,.,11269,.,19252,16386,16462,13686
ACSSF,2019m1,nc,000,0108,0000145,3395,8034,6480,9550,13910,10247,12809,19441,31480,21691,17057,46739,19127,47015,17930,51917,133418,17415,10675,.,3868,44018,45202,6817,24366,35492,15858,14222,17879,10863,.,17376,18097,15726,9953,11079,27755,3807,4176,15649,16592,33551,25283,54542,.,.,5993,9070,49021,6355,24208,9718,16902,12578,4283,13556,61058,43309,.,17929,.,13258,5162,5215,12226,10542,.,.,.,17703,17129,12298,12238
ACSSF,2019m1,nc,000,0108,0000146,2293,3928,8245,5968,10112,18457,15563,4881,14781,.,8544,44418,.,4061,24855,41125,116455,42264,9798,29650,13226,12109,100661,9671,11780,26720,9212,17982,7659,8361,.,5243,7255,8491,9545,16294,13416,3495,3504,18336,13147,13951,20538,20778,.,.,11275,5170,36168,20352,38192,10756,10244,29957,6513,10690,18282,26683,.,3694,2965,5689,4535,5725,3647,.,.,.,.,5240,43106,54864,6942
ACSSF,2019m1,nc,000,0108,0000147,2918,10019,6971,10885,17394,14711,19977,29924,19799,108170,36577,79833,33429,83639,72206,42992,41560,.,6494,.,31181,43423,8043,9180,12265,33034,8039,26540,8485,4435,.,20209,2237,7205,30929,28390,16383,5577,5605,17219,48768,12698,6589,6604,35598,161513,7280,5004,52714,16362,33509,16670,12708,12266,6540,12984,2432,2432,.,1497,2198,27076,7387,16688,8334,73391,.,43349,.,13380,7062,27314,13646
ACSSF,2019m1,nc,000,0108,0000148,4062,2286,15467,19509,26321,52944,10479,15548,50186,.,26004,26662,145062,13148,19126,105801,166850,.,2058,.,13636,20966,56275,14456,16533,21828,11503,16859,13401,5594,.,7875,12658,1155,5320,7890,8063,3109,3010,5351,5464,8835,13858,45740,.,16065,7254,10550,3412,5116,17920,12120,19116,16864,4534,3147,88853,.,.,2628,24910,4960,4009,21900,1207,.,.,.,.,10662,17582,7456,14100
ACSSF,2019m1,nc,000,0108,0000149,3771,3925,17282,15966,15116,22517,29011,75501,27234,.,14625,13017,.,35438,11968,78101,.,64198,11673,.,17542,50853,26632,5570,20793,.,19291,11708,14407,10590,.,18203,22576,10992,14409,7784,4610,3137,5785,14412,30120,19169,30810,25554,.,.,10705,29132,9267,16834,56672,10952,4544,7424,7719,11100,36498,.,.,14200,6397,9731,6964,10468,8031,19209,19209,.,.,3332,4103,11034,.
ACSSF,2019m1,nc,000,0108,0000150,2567,2172,11030,11205,9599,58087,27390,61275,20607,.,13920,38258,.,7088,48259,82562,174417,.,15018,21715,1640,31005,1775,3303,19421,39968,12993,10372,16000,8076,10866,8931,7758,8269,5349,16108,10768,4415,3358,5198,6734,10034,14211,20122,18109,53067,14228,17098,.,5088,34875,9121,17133,20000,4206,8650,.,.,.,6187,7961,8931,6709,12891,4118,30771,.,.,.,5094,9023,13373,5823
ACSSF,2019m1,nc,000,0108,0000151,1211,1802,5605,16184,20757,3155,12213,44279,5330,.,5820,8470,.,5245,19539,27219,52323,.,2857,.,19256,9913,23162,14986,7085,17930,17046,12342,7382,5192,2932,7251,2853,2560,9997,10845,8301,1276,4945,13289,14535,13573,28663,9459,.,.,2460,17888,25324,2626,75958,4681,12310,16733,3629,6392,.,.,.,8449,13330,20874,2355,2973,2900,7953,.,.,446,9100,4915,6224,4043
ACSSF,2019m1,nc,000,0108,0000152,2128,3234,2522,4849,4518,13025,5080,31646,10565,.,11408,12164,.,20803,.,25853,12154,.,13682,.,29189,22188,6628,.,7536,24543,12467,9709,11337,4374,18482,25562,10602,5284,5227,5165,18883,2149,5437,9411,19365,15086,12431,47624,35798,.,11683,.,26192,16173,21754,12258,17946,19836,1380,11047,48199,.,.,3720,11284,9681,4522,4099,4876,.,.,.,.,2887,3168,5444,10400
ACSSF,2019m1,nc,000,0108,0000153,1211,2984,15937,8518,27742,16011,19220,45735,29404,1837,22929,10378,.,29444,25598,21966,178595,19220,1008,2778,7725,6492,37188,482,2492,11019,13261,17241,8960,8395,20726,11378,11354,2977,2799,32035,9990,4339,3222,11263,27549,7487,12606,.,.,97109,6901,16611,.,7675,8189,12128,7133,3702,4082,9283,31115,.,24684,7419,2074,1041,5409,18027,3725,29873,.,.,.,6721,9293,22929,46736
ACSSF,2019m1,nc,000,0108,0000154,3061,5746,4963,21078,20822,43449,16918,22583,14608,.,9593,32843,.,18659,60283,26077,.,14166,9295,51142,17329,18524,18709,1808,11925,17567,6799,14343,6511,4935,33177,5193,11276,4771,3254,12618,1923,4187,5251,7989,9948,2754,1663,39196,2200,2361,5825,18490,6686,6512,33716,11177,23363,7743,2526,3918,58080,48695,.,2968,1956,7262,3237,9288,4740,59506,.,59506,.,6732,15675,8699,9658
ACSSF,2019m1,nc,000,0108,0000155,1862,2812,10211,13749,13806,134760,59418,62667,71178,.,10191,30323,.,5681,.,16102,25786,.,5733,13922,21355,9035,4234,1220,7418,19373,6512,7660,18580,3072,8526,6227,6070,5408,5348,16952,9637,2106,3731,7966,11528,19434,70519,70519,.,.,4146,23060,205527,6983,3082,9128,5045,61492,3949,3616,34353,38665,.,8258,5034,5772,4156,7203,3371,13373,2152,21458,.,4632,8218,39134,4339
ACSSF,2019m1,nc,000,0108,0000156,2739,3605,8754,22256,23519,14994,22217,.,34034,118774,7873,37197,.,27895,.,142097,40405,7478,4152,.,28817,15388,27106,6554,13702,.,12187,15986,43056,8103,12141,9696,11384,8548,6980,8201,7596,2895,7507,7945,15984,14778,32839,.,.,.,4208,2653,.,14385,20639,10645,22521,5204,3975,17173,30154,.,30154,2012,35779,5326,6357,4897,7354,44025,.,.,.,14027,13634,31480,18074
ACSSF,2019m1,nc,000,0108,0000157,2671,2992,10033,10989,12588,43272,12770,228860,23146,.,35323,66402,.,17321,.,48800,48800,.,6068,2401,33784,55514,72442,8374,12093,.,23777,28069,44584,2225,35175,7639,1168,8360,13278,21900,3031,3605,3738,4145,7861,30012,49316,34469,.,.,17345,11758,42182,19546,69777,14916,10259,7224,4173,5656,8808,.,18700,6205,23083,14758,2293,4278,2560,18292,.,.,.,9176,14443,15020,26663
ACSSF,2019m1,nc,000,0108,0000158,2644,4401,5153,16417,21172,22778,12986,25516,26879,37966,8244,11924,4476,12802,20504,26859,87167,12563,8374,19367,43641,53022,30243,3094,29896,13245,11723,22768,15901,9241,.,8722,18664,11829,18765,9717,3609,1358,5963,19959,18709,34621,21976,33353,.,32965,12582,6494,61845,15691,16449,11221,8172,11113,5444,4461,44061,.,44061,12196,12198,5866,7514,4992,5339,18939,.,.,.,12514,10282,89464,4481
ACSSF,2019m1,nc,000,0108,0000159,1929,8544,6117,14632,57372,17257,16766,40246,3756,.,21721,8447,.,1008,36738,95120,204379,.,6844,.,43459,.,43568,4383,3574,28829,28913,38615,37664,13201,.,15998,13741,8099,26252,33507,22250,3856,5936,19144,7410,16893,33728,.,48267,96300,16459,43903,.,14934,.,10044,20107,27537,2789,14749,.,.,.,1674,8562,22884,4464,6346,5512,.,.,.,.,7188,15125,41097,.
ACSSF,2019m1,nc,000,0108,0000160,3663,4036,10002,12102,20409,13043,15715,63054,24012,11465,10037,7364,.,26466,14958,69967,91875,.,3927,.,14995,6764,7296,3405,8687,.,14175,11008,19227,8047,40714,15642,8822,7842,16556,6877,10154,2217,1874,4920,8661,9482,41022,33847,66107,35611,5548,4903,.,8755,47056,20157,9701,5457,3277,24104,19666,.,.,3073,15127,1755,1483,7703,1773,2358,.,78321,.,7746,9127,14277,14335
ACSSF,2019m1,nc,000,0108,0000161,4856,5764,13077,8107,20335,24471,17849,29396,59748,.,35254,.,.,43601,.,30641,.,32640,5607,.,11532,71350,18655,4129,11425,49280,13351,25517,6812,19277,54711,650,8634,9762,20073,10766,5329,2919,1595,3856,7551,5631,16746,42779,.,.,8273,27349,183163,8211,27555,19173,35539,2899,2278,23154,.,.,.,4329,5008,7042,8038,15659,13564,30406,.,.,.,5916,9661,.,.
ACSSF,2019m1,nc,000,0108,0000162,2667,4226,10206,17014,17909,53457,33950,33079,36608,54137,17504,15180,49149,41744,36024,30096,73482,.,3307,.,11415,12770,27653,6004,5769,6837,9662,10531,113911,2554,72181,6595,22453,10953,11037,56407,4444,4779,4018,6144,4932,38275,40804,79704,.,86360,10492,15651,93075,11833,112410,20507,12952,21520,2898,12092,.,.,.,3564,13593,5553,7753,10571,10072,39042,.,45692,.,27940,45885,.,15495
ACSSF,2019m1,nc,000,0108,0000163,2825,3030,9526,9453,20040,17283,19730,32027,49791,6961,32161,28304,21042,16511,60581,39268,37793,150272,7436,25233,6590,12889,12639,7077,13415,5383,6299,8361,17879,10392,7846,8865,12276,3225,19776,6852,12719,3952,3798,6771,5860,18273,18851,52231,56394,40263,1934,23089,45107,1313,16989,12900,11986,4076,1717,23286,4968,4968,.,3378,4120,10589,4544,4928,11565,34547,.,.,.,11613,3298,83499,25796
ACSSF,2019m1,nc,000,0108,0000164,2121,4355,9779,7612,7408,86676,24335,18901,63989,46389,6330,7192,.,31024,.,71487,101208,35568,7389,.,19689,21028,9798,22864,9122,23820,7944,9108,31632,3718,.,6708,21376,10323,19686,7007,124637,4836,3484,11116,11718,31677,68683,30173,185837,236985,6193,29742,.,7542,57946,13669,44795,10528,7236,12230,.,.,.,3249,4820,12403,5021,7210,7330,63200,.,.,28106,1315,10015,2015,31421
ACSSF,2019m1,nc,000,0108,0000165,1873,4521,9999,30324,46238,24193,31535,26255,15181,.,23070,31878,.,25541,.,40640,.,40640,10929,.,6122,.,18431,85009,20735,.,10780,18266,43249,7931,1701,8804,12847,8056,7644,13787,6952,2806,7291,8789,8867,30296,26329,.,44577,.,8356,6889,.,23986,.,25718,31017,7839,3394,2655,39527,.,.,2275,15974,42269,969,17290,6019,47087,.,.,.,1046,6623,20900,3418
ACSSF,2019m1,nc,000,0108,0000166,1916,1702,13530,22459,30855,79818,26536,42408,63927,59824,12340,490858,75402,12101,7174,82827,88246,53372,7723,.,10946,7233,776,9368,6624,46507,3268,3473,2380,5941,.,4942,8421,6398,10519,15429,8130,2925,4609,11873,19686,16287,39463,51435,.,.,6827,5528,25718,10587,1251,7397,24453,11034,1886,6533,41393,.,.,2635,9297,5120,2333,6114,4128,.,.,.,.,7403,6049,17977,13072
ACSSF,2019m1,nc,000,0108,0000167,1746,4369,4519,19989,39264,50688,32057,39842,87248,.,4205,13030,.,2367,310251,4087,.,244,11181,.,86434,.,50957,.,9158,6262,8946,15904,24967,11861,.,10070,20606,7320,8222,8846,8107,4074,8235,17979,16995,40546,27092,34400,.,.,7922,58879,64348,17668,.,4594,10957,18647,4666,10733,25994,.,25994,4901,10491,5443,2852,4244,4350,35833,.,25971,.,13785,5217,1987,14145
ACSSF,2019m1,nc,000,0108,0000168,1336,5919,15412,20164,17117,64336,11455,18566,11971,25268,11793,41984,.,46267,19482,31714,39870,.,3690,17240,7515,31390,15690,16049,5676,.,14236,18831,54123,5500,.,12227,7792,5456,7770,8991,13537,1906,3894,21061,37220,26020,.,.,.,.,5597,8865,.,8022,30555,5485,8265,7634,1999,7321,10084,44455,7103,1396,6706,5046,2305,8939,5093,28350,.,.,.,4876,7901,14722,7471
ACSSF,2019m1,nc,000,0108,0000169,2350,1457,8250,14320,21124,18265,851,24219,.,.,5781,21635,.,13467,.,75725,83626,8302,6217,1253,8483,12511,2400,9317,10303,.,7007,14924,5266,2540,5710,1068,4372,2205,6677,21710,4891,2081,2937,12329,13269,18288,10933,72135,8916,.,4040,9348,.,5531,.,2943,10018,3478,1730,4338,14350,.,.,2164,18444,17105,4199,11217,1615,11832,11832,.,.,4299,5267,22037,7458
ACSSF,2019m1,nc,000,0108,0000170,2004,5266,12050,9482,11122,87895,57927,21790,39604,.,9673,36323,.,16533,26274,70566,137453,72594,15754,.,12005,58236,11482,9462,13606,34579,25865,33203,16583,9082,11303,14011,6642,6284,8656,20128,6549,2431,4345,6288,35388,2293,.,.,.,.,11384,18118,7624,12330,8028,8982,5487,19367,4903,7256,10207,11132,14575,6581,25353,9079,5792,5632,5299,13863,.,.,.,2843,2944,.,11863
ACSSF,2019m1,nc,000,0108,0000171,2185,5636,13462,22396,21174,35137,51125,42594,18217,.,19583,.,.,10966,.,9363,18141,.,6858,25188,29827,31822,47162,11295,13964,.,8964,17205,5681,11228,21481,7260,6846,4844,2918,11480,14709,3997,8273,7114,8588,17528,19920,21730,.,26005,12617,8863,196027,20660,90929,15901,18361,17903,5462,6944,11189,.,27076,1350,5910,3599,4168,17035,4424,.,.,.,.,3122,4174,4391,5145
ACSSF,2019m1,nc,000,0108,0000172,3270,5502,13218,21982,22513,24061,14567,28824,119053,.,35509,27548,106841,8841,26753,46466,59907,.,12279,.,9926,24857,8270,2473,33226,27244,16890,16561,17249,14621,.,13457,21539,5260,15296,3142,7593,1764,4622,17619,21090,13067,17005,24843,30956,76683,4787,12074,80255,6667,27550,13236,11887,16544,3292,20348,62673,.,.,1830,10301,13939,5150,12037,6811,278,.,.,.,6449,4236,9121,29592
ACSSF,2019m1,nc,000,0108,0000173,1592,2212,5084,14360,15225,32897,15401,28392,39205,13456,6943,2714,70141,2855,5650,15010,65331,9580,3996,10435,9167,12921,17989,6566,3949,2415,3915,3221,8046,3803,18361,3660,9185,2122,4985,6164,5239,1194,2644,5787,8077,12866,31033,44688,37896,.,2670,1896,13597,4467,8316,3325,9692,5804,859,3321,5498,36301,3849,2156,7060,2266,2034,2666,2692,31166,.,21980,59121,2477,6540,3988,5584
ACSSF,2019m1,nc,000,0108,0000174,2644,4401,5153,16417,21172,22778,12986,25516,26879,37966,8244,11924,4476,12802,20504,26859,87167,12563,8374,19367,43641,53022,30243,3094,29896,13245,11723,22768,15901,9241,.,8722,18664,11829,18765,9717,3609,1358,5963,19959,18709,34621,21976,33353,.,32965,12582,6494,61845,15691,16449,11221,8172,11113,5444,4461,44061,.,44061,12196,12198,5866,7514,4992,5339,18939,.,.,.,12514,10282,89464,4481
ACSSF,2019m1,nc,000,0108,0000175,2679,2968,9737,12134,10848,16951,20443,16850,42113,7453,3479,4293,.,6136,18277,1661,.,19658,4554,.,19917,39670,18776,11925,3482,21089,7176,15693,9219,3591,57701,8040,21946,2620,3750,7270,13290,2676,5695,8601,12475,13493,16990,16973,32787,31869,8562,22952,.,10529,13931,8227,17387,3136,5129,13391,18874,.,.,2485,8611,15558,5078,5632,7643,7958,.,15718,.,2302,2513,11646,14235
ACSSF,2019m1,nc,000,0108,0000176,2121,4355,9779,7612,7408,86676,24335,18901,63989,46389,6330,7192,.,31024,.,71487,101208,35568,7389,.,19689,21028,9798,22864,9122,23820,7944,9108,31632,3718,.,6708,21376,10323,19686,7007,124637,4836,3484,11116,11718,31677,68683,30173,185837,236985,6193,29742,.,7542,57946,13669,44795,10528,7236,12230,.,.,.,3249,4820,12403,5021,7210,7330,63200,.,.,28106,1315,10015,2015,31421
ACSSF,2019m1,nc,000,0108,0000177,3142,2884,3448,19365,24063,31063,12546,8620,15666,41401,7875,10404,2130,12055,14482,93006,112524,134666,8870,.,4940,11066,23833,5613,13137,19184,11547,8487,14561,3201,10896,6247,19002,6544,15394,1288,18785,2601,1749,11520,12984,17857,31362,28517,.,92330,3138,14984,165532,4414,16237,2792,8863,16912,2428,10706,955,.,955,2566,2919,11456,4879,3303,2390,28323,.,.,742,4466,7140,47358,10327
ACSSF,2019m1,nc,000,0108,0000178,1433,2654,5125,11604,17114,55933,13929,70606,28724,36909,5663,16256,.,3588,.,40513,47895,.,4559,5404,9805,.,12507,3322,5821,72287,4036,14095,3384,8184,.,9843,20917,3531,4649,31585,4590,3332,4411,6145,8329,6432,84992,.,.,189168,12612,13295,.,25126,2172,11618,11824,9758,10804,14586,560,.,.,3187,25308,11183,3705,4697,2345,.,.,.,.,1324,1464,.,.
ACSSF,2019m1,nc,000,0108,0000179,1884,5588,9600,18387,22076,39389,4402,13151,19975,.,11095,36406,38913,13016,24600,43333,123582,36733,3103,5907,30545,26596,43419,8650,20515,16233,12376,8092,42024,3801,.,21240,14280,2574,13322,16738,8094,2898,1804,7089,10475,8434,11579,23801,.,46492,9473,16263,2984,8053,12620,9595,11135,24895,6324,3812,.,.,.,4673,34828,7015,4636,12353,1315,28818,.,.,.,14297,7645,17068,42492
ACSSF,2019m1,nc,000,0108,0000180,2748,2936,25790,18194,13920,39228,51120,84932,20548,.,5123,.,.,15000,41417,.,.,.,25511,.,18768,.,.,1579,17702,.,12514,22634,11596,9062,.,6840,7954,4129,3577,9182,16707,2407,8869,6297,27085,4779,16808,.,.,23217,6088,20793,.,10674,9046,13901,62412,7250,5247,2860,41126,.,.,12661,4382,44034,5979,14124,1680,.,.,.,.,6621,9727,18655,24758
ACSSF,2019m1,nc,000,0108,0000181,2673,3891,12198,10708,17770,13583,31220,49504,30084,69750,9185,9304,.,26740,.,69967,91875,.,6959,.,9721,.,9721,7359,7797,.,9030,11701,10992,18724,.,64379,6699,10523,11362,30490,9400,3474,4201,5376,13649,25768,28040,61696,54185,35611,9278,16073,.,12687,.,30851,18815,28123,6816,16582,.,.,.,10543,37882,3803,3362,11405,3617,2835,.,.,.,8599,20971,13237,17033
ACSSF,2019m1,nc,000,0108,0000182,2315,3567,12516,15250,17854,29900,21855,109048,21281,115798,8593,11658,.,26712,42644,26006,58703,.,20674,.,45165,36919,59592,6437,14393,.,5108,6879,12474,15328,.,6400,9357,2441,3837,10563,9528,4251,9040,16186,15233,11916,124309,.,.,.,8716,10518,.,3506,21126,17885,12416,6434,5945,7500,.,.,.,6791,8068,11216,8193,12776,3944,40997,.,30161,.,7525,7667,.,16211
ACSSF,2019m1,nc,000,0108,0000183,7482,7826,13605,63121,64196,12687,24128,28135,54013,28058,19642,34378,132876,14460,31862,87052,87052,.,7933,.,54416,.,.,7858,12925,2391,10622,10243,31244,11533,.,49229,.,25273,63759,.,2791,5463,17088,14694,45658,25138,24342,23534,.,9506,5137,32322,73190,3772,16691,43188,13927,8783,7612,8132,.,.,.,4001,715,36763,10686,10565,27135,68465,.,.,.,18866,690,4731,.
ACSSF,2019m1,nc,000,0108,0000184,5372,5795,10676,10347,57041,11886,40483,59749,25763,114370,29537,49277,56715,48890,70455,74713,159606,69780,9756,.,22915,.,.,13875,9655,.,54600,104881,.,1867,.,5722,28770,13736,23780,26042,12753,8180,7829,9967,11341,44419,88330,197700,.,.,16109,.,.,40295,17641,17316,7167,34208,1400,7880,.,.,.,3857,6448,26150,7165,12009,12383,.,.,.,.,18663,25235,.,11361
ACSSF,2019m1,nc,000,0108,0000185,2593,4511,13728,55476,49284,26777,31007,22373,21999,106605,15335,26796,.,40164,.,26022,172117,.,25659,.,18945,150,11594,1528,10078,.,4711,4859,25304,7936,.,4690,13421,2865,1400,7662,13532,1526,5116,7754,19451,12277,26034,.,26034,.,19948,8918,40206,23051,25087,13703,10406,14167,6073,10349,30519,30519,.,3200,13014,871,1454,21559,1698,.,.,.,.,13641,20835,518,45822
ACSSF,2019m1,nc,000,0108,0000186,1790,4740,8881,16340,22138,8649,14150,26986,5330,.,10401,8316,.,8928,14113,19100,35030,.,10806,.,7898,17315,23162,15038,1250,17930,22877,15013,8140,9550,2757,8435,3701,8954,2690,13468,9971,2332,4790,13223,20165,12052,28663,9459,.,.,3623,19958,22874,5790,73791,9174,12722,15232,5175,10384,.,.,.,10684,12889,19700,2591,4071,3226,513,.,.,.,8592,3780,.,3026
ACSSF,2019m1,nc,000,0108,0000187,1423,3111,3415,5485,23280,3106,8403,5898,15911,25098,10177,7760,64568,19236,11820,11963,10572,5190,4700,24980,37013,58386,.,6744,8572,13108,6474,10410,10306,3047,57628,3205,14774,1262,9424,3049,9490,3207,4120,6710,26933,5220,12576,25332,29309,28093,7346,11655,74421,8578,8115,9184,3914,6112,4417,5237,43319,35433,.,8973,6204,10782,5151,2433,2044,57328,.,70905,57542,9302,12133,16426,21801
ACSSF,2019m1,nc,000,0108,0000188,1592,1196,4937,6289,7320,7274,13900,29766,12027,2421,9534,13695,87257,5707,18725,44013,70413,34085,2743,7065,27281,17208,1692,3960,2598,33785,5142,11444,6096,6013,33665,3506,6957,5899,10936,7431,11486,1262,2528,4700,4738,5555,11092,13714,20715,30348,4861,7443,31701,8236,18293,6100,8550,8661,5343,3252,16499,11828,56515,4806,3732,2833,3141,4456,1522,21936,8853,7812,577,7844,12004,2556,9379
ACSSF,2019m1,nc,000,0108,0000189,3303,4649,34729,9454,7591,75381,30021,51673,164787,.,3435,2073,.,1923,47592,21267,.,.,5830,.,20965,14782,42122,13846,6851,.,8657,8532,45765,10206,.,10726,39129,16948,26175,16814,7956,4405,12158,25131,44593,50190,6981,9454,.,.,14318,31368,.,12813,.,2660,41990,2111,4010,5735,.,.,.,43701,33884,47225,9720,19620,9647,.,.,.,.,10613,8396,.,22302
ACSSF,2019m1,nc,000,0108,0000190,1555,1557,10226,9758,8097,19337,18951,25246,21798,38248,13229,7077,101256,13991,8059,55626,170671,3631,4158,2563,19680,25817,18837,4151,4556,10202,5237,6526,22997,5684,18756,4199,14374,3691,2547,6395,7708,1041,3002,10738,13603,11805,8238,11074,29450,18483,4895,5957,34247,9069,8209,5780,5305,3058,4952,2775,17095,31404,.,5312,12690,9521,3645,8646,1391,39996,.,.,5673,8418,14259,19481,5787
ACSSF,2019m1,nc,000,0108,0000191,2003,2261,4019,8079,9451,13333,7003,19245,14131,30841,6517,3954,88179,7715,26361,28677,23399,266785,2419,19651,13752,19580,26060,2125,7634,921,3780,8478,3603,2072,6989,2722,5688,2163,2579,5936,3556,1763,2431,5737,6746,9597,14954,19697,25955,6189,3751,4418,11366,5704,11516,10586,13228,11492,2021,4075,39594,948,.,1864,6338,2062,1659,4306,1277,3649,.,10041,18948,1905,4006,1461,6103
ACSSF,2019m1,nc,000,0108,0000192,3061,5746,4963,21078,20822,43449,16918,22583,14608,.,9593,32843,.,18659,60283,26077,.,14166,9295,51142,17329,18524,18709,1808,11925,17567,6799,14343,6511,4935,33177,5193,11276,4771,3254,12618,1923,4187,5251,7989,9948,2754,1663,39196,2200,2361,5825,18490,6686,6512,33716,11177,23363,7743,2526,3918,58080,48695,.,2968,1956,7262,3237,9288,4740,59506,.,59506,.,6732,15675,8699,9658
ACSSF,2019m1,nc,000,0108,0000193,4399,4185,6348,14150,13717,18262,27966,30697,24131,.,10445,69416,289960,31548,16361,21119,72188,25978,5800,4116,47045,22488,.,4750,2695,18587,14073,12644,3959,5344,29911,4149,6869,9120,6896,10284,10856,2228,10659,15044,24829,15343,74945,42623,.,.,7614,35035,34547,6865,43547,9515,11239,43580,3537,23884,52966,.,.,4663,21476,363,5509,4793,3361,889,.,.,.,6435,3353,.,4397
ACSSF,2019m1,nc,000,0108,0000194,1029,6189,6564,16921,18027,14269,6789,8738,27000,52498,31671,38102,.,64825,69775,55688,75349,.,12159,.,8053,56135,6552,.,12734,50139,8816,21344,5128,6741,.,11753,7926,3783,6683,24492,11151,2400,7224,15951,18008,35957,9037,5362,.,.,7623,9789,53170,7259,8324,19960,9866,11089,5315,13610,.,.,.,11765,3558,10067,4054,17564,3622,33903,.,27132,11703,3877,4791,25970,10159
ACSSF,2019m1,nc,000,0108,0000195,831,5294,15125,18100,17119,37838,24924,31596,59272,12638,16352,17625,8111,34294,64813,7197,75655,12969,9777,26417,6012,7418,11164,6612,16888,.,21002,28802,4150,5410,3929,3559,12578,5381,23633,5035,7072,3270,1973,2230,1628,12373,25037,40076,23502,19178,6011,9683,27276,5586,54010,3315,8673,12890,6812,9064,15025,.,.,6706,11541,32013,4120,15410,7475,111237,.,.,.,2301,14089,.,2548
ACSSF,2019m1,nc,000,0108,0000196,2414,8757,13685,9728,18665,16218,43170,50565,45413,.,22107,.,.,46909,29643,165621,165621,.,10504,.,33969,37185,42203,11307,28553,.,9770,12455,27132,19046,.,16893,36736,4889,10767,20043,11205,4539,7203,11668,19588,36486,60322,20731,.,.,12379,21542,27363,17197,.,10458,23363,13745,4554,8263,.,.,.,12363,18335,7805,4532,4739,7615,.,.,.,.,13047,3236,37109,7509
ACSSF,2019m1,nc,000,0108,0000197,518,1512,2524,7252,7418,7261,5523,7087,4596,84022,8658,10570,65143,4455,13033,17331,35885,13483,2361,17107,3437,10920,16268,4622,5416,26196,4669,5004,3875,2427,5462,913,3537,4059,7686,10270,5160,1200,2247,2275,8581,4402,3801,4411,52669,23620,1393,5025,7513,3421,13023,7018,5092,5303,1089,1647,12048,9248,51633,2774,3804,1947,1264,3125,2685,7824,.,8699,37351,3013,6328,3670,6614
ACSSF,2019m1,nc,000,0108,0000198,2652,3931,18732,14093,55499,19184,21824,45735,20954,.,24358,10322,.,27654,35427,21966,178595,19220,1081,2778,6395,6116,24380,482,8862,11019,13619,24049,12415,13327,9468,12503,26613,3302,6809,41029,8359,3974,4893,6386,29372,6052,24827,.,.,.,12480,27386,.,14674,8189,6123,8519,21773,2237,7417,31115,.,24684,2404,32489,1041,5284,19092,4605,29873,.,.,.,19863,.,22929,45948
ACSSF,2019m1,nc,000,0108,0000199,4132,4583,8171,12822,25180,16131,16771,74675,5704,.,3505,5482,.,15976,.,.,.,.,3815,.,39900,38191,.,6754,15326,.,16285,11793,877,16282,102871,22374,48198,7779,4058,13804,12989,1973,6035,5962,8034,26252,23269,.,.,.,12470,18722,101350,12756,.,5966,6407,20071,6602,4951,16445,13909,.,6104,12183,3678,7447,5852,2180,20164,.,.,.,15408,14751,23940,2566
ACSSF,2019m1,nc,000,0108,0000200,1929,8544,6117,14632,57372,17257,16766,40246,3756,.,21721,8447,.,1008,36738,95120,204379,.,6844,.,43459,.,43568,4383,3574,28829,28913,38615,37664,13201,.,15998,13741,8099,26252,33507,22250,3856,5936,19144,7410,16893,33728,.,48267,96300,16459,43903,.,14934,.,10044,20107,27537,2789,14749,.,.,.,1674,8562,22884,4464,6346,5512,.,.,.,.,7188,15125,41097,.
ACSSF,2019m1,nc,000,0108,0000201,3122,2178,9870,10640,18055,13258,21764,32423,50716,47558,20106,10031,56031,40887,42618,21534,22384,118746,6489,25233,4793,2168,12639,5407,3105,5639,4252,2772,11862,7773,166657,6313,1178,7953,10439,2610,12658,2362,3656,5179,7117,20618,5397,40145,52936,11351,2322,15563,35128,3986,31620,5105,10937,8552,2145,16955,1068,1068,.,2146,4120,9790,4299,5300,11040,34547,.,.,.,15450,6498,83499,26732
ACSSF,2019m1,nc,000,0108,0000202,3417,2853,15018,3654,10602,13223,12601,90040,22955,.,31399,47705,.,34338,.,24375,277,32640,5283,.,10505,.,19009,4263,3395,49280,8930,9560,27610,8896,6235,929,5913,10566,15269,26267,5468,3177,7379,11048,15615,8812,49701,102710,101025,.,17409,27349,183163,19516,9866,8890,43069,15707,3157,21144,.,.,.,3567,9003,3230,4333,5830,8051,11443,.,.,.,18183,21884,14903,.
ACSSF,2019m1,nc,000,0108,0000203,3354,3570,2645,3590,3986,17722,6975,33067,9376,.,30419,27585,.,44178,.,48785,10197,.,15971,.,28755,42303,6628,.,7019,29671,16430,17331,11202,5073,18482,6439,9467,6274,7025,9514,15528,2472,6731,8932,20607,12219,21056,47624,.,.,13811,.,.,15068,21754,19826,7850,11109,1062,11047,.,.,.,5465,18068,19355,6332,4920,5030,.,.,.,.,3483,4240,8042,5919
ACSSF,2019m1,nc,000,0108,0000204,2104,1153,8792,11930,19190,30110,32024,24219,43281,.,6373,12958,.,15998,.,75725,83626,8302,6114,1253,9960,12511,2922,18914,10656,.,6551,15963,3352,3955,5710,1152,3978,1555,4630,11008,3947,1464,2676,10658,13520,12481,10933,72135,8916,.,5164,8799,.,6264,.,2671,10046,4094,1556,4411,2518,.,9512,2292,11436,15040,4563,8133,1556,11832,11832,.,.,3611,3929,19176,9424
ACSSF,2019m1,nc,000,0108,0000205,2007,4975,7636,13163,13572,60656,28629,.,88410,.,40780,35355,.,60377,159793,225287,134519,.,16044,.,11802,27592,696,22050,7419,.,25969,23889,24198,11517,4064,12936,28172,8670,8531,28808,2507,3701,8384,18968,5867,21702,45573,.,.,.,8176,24642,.,12275,.,12561,9191,18838,5287,16497,.,.,.,4403,3065,10198,5301,18596,4771,.,.,.,.,9029,5573,30363,25373
ACSSF,2019m1,nc,000,0108,0000206,2520,4511,11465,6933,5320,58087,22956,61275,41026,.,13920,38258,.,7088,48259,82562,174417,.,11956,21715,1640,31005,1775,4639,19421,39968,8149,8150,27310,7756,10866,6626,11430,8267,4977,16108,20613,3989,3357,5543,6444,11799,17347,4259,18109,53067,15784,21698,.,5088,34875,15096,17642,14959,3643,9885,.,.,.,6187,7961,8931,6492,12614,5004,77595,.,.,.,4335,7167,19509,5823
ACSSF,2019m1,nc,000,0108,0000207,4108,6774,7871,27472,33629,.,17170,148528,15279,.,6026,.,.,339761,41229,23803,297266,3728,15163,6142,19141,.,11183,2030,3035,.,23151,32473,40815,4563,.,3024,7409,16822,32534,141370,1804,1893,8936,11162,18502,28786,.,.,.,.,11314,.,.,8649,.,11827,11852,38468,3385,729,.,.,.,21035,18729,5204,10186,27550,11790,11148,.,.,10661,10562,11112,.,12820
ACSSF,2019m1,nc,000,0108,0000208,1137,1893,10725,12707,16120,32272,16142,26085,37114,.,15944,16664,141230,5842,29709,176587,121323,.,6310,87498,8555,22858,9122,2464,1891,17109,9411,11132,14888,6809,30341,5958,5982,6112,6062,15245,6761,3478,3578,8020,18836,8665,28959,40619,30686,23295,5519,8082,71145,6467,33700,9609,7926,8313,2492,12683,27433,3704,12484,2082,18911,10370,3494,11176,3246,278,.,.,.,14340,10515,38858,11235
ACSSF,2019m1,nc,000,0108,0000209,1072,3101,2148,5791,6090,9644,3397,4019,4532,18743,3590,8313,45514,6523,7702,17494,15506,10847,3162,11832,7083,29069,18701,3796,5541,2539,4410,7494,3486,1729,10927,6270,5343,1772,4024,3397,5522,914,2338,3712,6311,5221,7214,8989,16272,19635,2824,7984,23574,4452,20896,4499,7016,7521,1354,4599,31582,52763,22311,3953,2924,3793,1340,2160,1727,2975,16919,3927,11875,4222,5053,10473,5027
ACSSF,2019m1,nc,000,0108,0000210,2739,3605,8754,22256,23519,14994,22217,.,34034,118774,7873,37197,.,27895,.,142097,40405,7478,4152,.,28817,15388,27106,6554,13702,.,12187,15986,43056,8103,12141,9696,11384,8548,6980,8201,7596,2895,7507,7945,15984,14778,32839,.,.,.,4208,2653,.,14385,20639,10645,22521,5204,3975,17173,30154,.,30154,2012,35779,5326,6357,4897,7354,44025,.,.,.,14027,13634,31480,18074
ACSSF,2019m1,nc,000,0108,0000211,3260,4121,24140,36055,39034,10978,39580,135614,.,.,24592,40294,.,75339,18872,910,.,.,22603,49009,75197,75197,.,16034,20199,.,9343,20609,14158,3940,.,3881,20855,7273,11417,16068,10933,3318,12996,18337,21730,39132,.,.,.,.,27409,21810,.,34945,.,15309,14214,30540,12981,9058,.,.,.,4380,26367,.,7246,18651,10095,.,.,.,.,8796,17951,.,13558
ACSSF,2019m1,nc,000,0108,0000212,4385,7155,16243,37212,57436,5947,42300,74416,57061,16571,15994,8509,.,23059,.,.,.,.,9968,.,68468,29774,64873,13603,6554,.,36532,26567,39722,5769,1871,15579,3041,5334,13808,43798,15329,5995,2220,13966,19260,12078,28297,.,.,.,36425,.,.,37758,3248,12946,27478,2304,8015,12594,.,.,.,12372,6028,1651,2744,12478,3991,.,.,.,.,13861,12965,.,25189
