ACSSF,2019m1,nc,000,0178,0000001,14955,7810,10491,9133,5189,14955,7760,15158,24434,20696,16786,21205,17673,15256,21553,23913,691
ACSSF,2019m1,nc,000,0178,0000002,26657,11802,15126,16399,10445,26657,6364,11987,18186,18495,14023,19540,14846,26859,18416,29849,923
ACSSF,2019m1,nc,000,0178,0000003,23417,10035,14065,13385,10531,23417,5086,9228,17529,14132,11110,10677,8044,24133,11780,26230,1056
ACSSF,2019m1,nc,000,0178,0000004,15066,8202,10767,9439,5588,15066,7630,14989,22526,20190,16074,20562,16836,15242,20759,22529,725
ACSSF,2019m1,nc,000,0178,0000005,14754,7086,10250,7931,4972,14754,6893,13883,21961,18795,14785,19002,15519,14536,18612,20830,584
ACSSF,2019m1,nc,000,0178,0000006,14924,9189,9464,9984,7530,14924,4401,7569,13525,14640,8575,14958,11598,15767,13480,22582,1238
ACSSF,2019m1,nc,000,0178,0000007,15934,9080,11693,9537,8147,15934,5454,10592,19021,13134,12148,13375,9398,15713,14346,20231,1016
ACSSF,2019m1,nc,000,0178,0000008,3811,3858,3972,3971,2625,3811,3057,5028,8965,7690,5532,6623,4776,4990,8614,9900,1164
ACSSF,2019m1,nc,000,0178,0000009,7559,4298,4450,4426,3746,7559,1518,3413,4442,4692,3286,3870,2469,7714,4686,8527,2313
ACSSF,2019m1,nc,000,0178,0000010,7940,4346,5061,5176,4431,7940,2763,4309,8515,6654,5408,5784,3882,8226,7392,9756,1493
ACSSF,2019m1,nc,000,0178,0000011,4716,3197,3554,3597,2706,4716,2115,3619,6208,5301,3119,3930,3001,5013,4794,6642,1276
ACSSF,2019m1,nc,000,0178,0000012,4965,3808,4364,4311,3011,4965,3930,6426,10428,9147,6581,7832,5910,6179,9750,12103,837
ACSSF,2019m1,nc,000,0178,0000013,2288,1194,973,693,698,2288,943,1807,3374,2410,1851,2552,1460,2459,2582,4051,3921
ACSSF,2019m1,nc,000,0178,0000014,950,1308,1391,884,740,950,815,1260,3081,2675,2230,1912,1652,1265,1956,2373,3281
ACSSF,2019m1,nc,000,0178,0000015,2721,1451,1575,1640,1119,2721,1062,2073,3800,3489,2680,4130,2364,2898,2577,3373,4066
ACSSF,2019m1,nc,000,0178,0000016,1411,938,923,1039,510,1411,899,1685,2327,1966,1552,1296,1359,1546,2311,2381,4177
ACSSF,2019m1,nc,000,0178,0000017,1957,1530,1169,1099,1194,1957,1257,2309,4089,3280,2667,4040,2332,2079,2354,3302,4752
ACSSF,2019m1,nc,000,0178,0000018,998,738,468,718,409,998,1075,2177,2216,2207,1740,1556,968,1147,1546,1875,3749
ACSSF,2019m1,nc,000,0178,0000019,554,568,483,669,296,554,380,1682,1635,1899,788,1263,1147,612,1161,1324,3932
ACSSF,2019m1,nc,000,0178,0000020,1321,870,1102,1225,495,1321,843,2095,2889,2779,2330,2363,1643,1637,3165,3224,3803
ACSSF,2019m1,nc,000,0178,0000021,1528,902,1615,1165,902,1528,846,1579,1695,1657,1416,1894,2264,1562,1268,2047,6794
ACSSF,2019m1,nc,000,0178,0000022,814,484,940,788,89,814,992,1468,2782,2088,2074,1594,1200,910,2867,2989,3416
ACSSF,2019m1,nc,000,0178,0000023,1045,914,912,825,537,1045,728,1652,2300,2338,1664,1748,1054,1810,2167,2341,5087
ACSSF,2019m1,nc,000,0178,0000024,1643,901,1197,1002,664,1643,985,1915,3182,2930,2088,2871,2074,3612,3122,4281,1765
ACSSF,2019m1,nc,000,0178,0000025,1607,890,1400,1250,482,1607,1599,1949,3174,3239,1869,2340,1360,1638,4020,4341,6194
ACSSF,2019m1,nc,000,0178,0000026,2649,1554,1487,1895,1335,2649,1317,2476,4225,3765,2853,4488,4473,3960,3792,5333,5189
ACSSF,2019m1,nc,000,0178,0000027,2463,1298,1558,1552,586,2463,1906,3264,4497,5005,2758,3898,2886,3059,3859,4077,2894
ACSSF,2019m1,nc,000,0178,0000028,1132,1063,1149,906,257,1132,501,881,1860,1843,1648,1638,776,1367,1506,1977,8480
ACSSF,2019m1,nc,000,0178,0000029,1582,421,946,922,577,1582,1126,2316,3529,2912,1758,2960,1512,1996,2183,2980,3131
ACSSF,2019m1,nc,000,0178,0000030,3664,2169,1911,1363,1079,3664,1418,3303,5688,5506,3908,5081,3830,3941,5650,6443,2998
ACSSF,2019m1,nc,000,0178,0000031,1376,483,1129,1382,570,1376,669,1492,2919,2815,1415,2025,1446,1494,2788,2898,5209
ACSSF,2019m1,nc,000,0178,0000032,1123,864,1340,924,537,1123,542,2003,2419,2692,1917,2212,1446,1283,1372,2080,3995
ACSSF,2019m1,nc,000,0178,0000033,1680,813,1320,1522,506,1680,857,1679,2830,2526,1623,2103,1603,1706,2046,2649,3739
ACSSF,2019m1,nc,000,0178,0000034,2107,1046,1621,1321,695,2107,1031,2387,4342,4136,4011,3530,1744,2172,2579,3359,7978
ACSSF,2019m1,nc,000,0178,0000035,509,717,775,1212,590,509,649,1234,2192,2148,1713,1679,1204,580,1565,1478,3225
ACSSF,2019m1,nc,000,0178,0000036,5459,2465,3108,2759,1411,5459,2806,3720,7017,8784,5321,8407,5253,5809,6085,7310,1718
ACSSF,2019m1,nc,000,0178,0000037,1010,865,1079,843,654,1010,737,1116,2570,2404,1304,2442,1884,1042,1681,1834,5368
ACSSF,2019m1,nc,000,0178,0000038,900,666,875,999,130,900,991,2067,2603,1954,1416,1927,825,1115,2387,2385,3107
ACSSF,2019m1,nc,000,0178,0000039,1282,788,1385,1423,283,1282,1203,2169,3480,3744,2414,3472,2751,1848,3323,3688,3574
ACSSF,2019m1,nc,000,0178,0000040,1697,1270,2098,1359,397,1697,804,2028,4326,5090,2309,3427,1458,2878,3171,4172,4214
ACSSF,2019m1,nc,000,0178,0000041,1418,750,1036,1345,613,1418,869,1175,2710,3218,1276,2425,2224,2702,2308,3277,5615
ACSSF,2019m1,nc,000,0178,0000042,1460,638,978,1248,162,1460,1164,1963,3488,3253,2365,3058,2054,1802,4147,4616,3167
ACSSF,2019m1,nc,000,0178,0000043,1086,659,909,1020,859,1086,1212,2308,2982,2745,1981,1888,1268,1285,2933,3152,2307
ACSSF,2019m1,nc,000,0178,0000044,547,368,337,344,259,547,627,1750,1844,1722,1054,1353,751,1004,2562,2506,2998
ACSSF,2019m1,nc,000,0178,0000045,868,565,1375,903,162,868,1005,1765,2487,2327,1285,1238,820,1202,2272,2598,3853
ACSSF,2019m1,nc,000,0178,0000046,1295,713,978,646,332,1295,1117,1830,3034,2785,2114,1967,1463,1386,2130,2292,3851
ACSSF,2019m1,nc,000,0178,0000047,564,641,633,1109,658,564,1089,1686,2004,2013,1431,1566,760,756,2266,2371,3615
ACSSF,2019m1,nc,000,0178,0000048,764,655,468,504,362,764,753,1406,1821,1499,1355,1343,629,913,1765,1773,4398
ACSSF,2019m1,nc,000,0178,0000049,1786,873,1450,1192,726,1786,938,1867,2796,2987,2080,2706,2377,1838,2195,3007,5046
ACSSF,2019m1,nc,000,0178,0000050,6062,2943,3578,2852,1178,6062,1979,3673,8068,7178,4640,7656,6949,6730,6153,9024,2572
ACSSF,2019m1,nc,000,0178,0000051,1181,752,872,912,464,1181,794,1601,2493,2467,2023,1516,953,1272,2085,2286,2833
ACSSF,2019m1,nc,000,0178,0000052,1085,627,864,517,614,1085,841,1343,2190,2000,1335,1557,629,1095,1776,1620,5345
ACSSF,2019m1,nc,000,0178,0000053,1283,1074,948,700,109,1283,917,1894,2288,2106,1434,1457,908,1415,1915,2288,4895
ACSSF,2019m1,nc,000,0178,0000054,3287,1983,2422,2430,1979,3287,659,1266,2133,1979,1616,2492,1404,3351,1482,3395,3208
ACSSF,2019m1,nc,000,0178,0000055,4056,2574,2776,2652,2046,4056,338,802,2080,2318,1216,3457,2428,4029,1361,4216,7155
ACSSF,2019m1,nc,000,0178,0000056,6443,3684,3972,4027,3027,6443,2482,2925,6709,8833,4644,8416,4616,6951,5374,7724,3359
ACSSF,2019m1,nc,000,0178,0000057,2344,2498,2234,2488,1761,2344,858,1546,2763,1939,1686,2295,1946,2409,1434,2670,7186
ACSSF,2019m1,nc,000,0178,0000058,3859,1950,2055,2350,2085,3859,1295,2429,4102,3533,2781,4299,4373,4249,3653,5035,5502
ACSSF,2019m1,nc,000,0178,0000059,2880,2251,2008,2128,1709,2880,778,1367,2842,2645,1747,2326,1595,4070,2157,4274,2060
ACSSF,2019m1,nc,000,0178,0000060,1874,1481,1836,2060,1497,1874,618,1555,2546,1965,806,1430,1070,2075,1122,2002,7280
ACSSF,2019m1,nc,000,0178,0000061,4460,3602,2913,3362,3152,4460,1126,2334,4584,3719,2564,3858,3037,4956,4318,6227,2903
ACSSF,2019m1,nc,000,0178,0000062,2368,2127,1685,1822,1695,2368,855,1283,2938,2883,1797,2474,1892,2762,3566,4303,5934
ACSSF,2019m1,nc,000,0178,0000063,3035,2596,2089,2394,2336,3035,1270,1338,2290,2478,1879,1943,1285,3204,2011,3620,3519
ACSSF,2019m1,nc,000,0178,0000064,2149,2723,1962,1418,1443,2149,546,1080,2875,2677,1243,1694,644,2843,1325,3020,3325
ACSSF,2019m1,nc,000,0178,0000065,7374,5386,4644,4642,3549,7374,1243,2444,5877,5573,2995,6043,4429,7769,4304,9488,2928
ACSSF,2019m1,nc,000,0178,0000066,2394,2454,1909,2547,1876,2394,1046,1736,2619,3046,1523,2507,1933,2721,3123,4119,3641
ACSSF,2019m1,nc,000,0178,0000067,3385,2149,2512,2559,2101,3385,1410,2629,3878,3997,2320,3079,2185,3502,3551,4654,3824
ACSSF,2019m1,nc,000,0178,0000068,3287,1983,2422,2430,1979,3287,659,1266,2133,1979,1616,2492,1404,3351,1482,3395,3208
ACSSF,2019m1,nc,000,0178,0000069,6443,3684,3972,4027,3027,6443,2482,2925,6709,8833,4644,8416,4616,6951,5374,7724,3359
ACSSF,2019m1,nc,000,0178,0000070,2344,2498,2234,2488,1761,2344,858,1546,2763,1939,1686,2295,1946,2409,1434,2670,7186
ACSSF,2019m1,nc,000,0178,0000071,1874,1481,1836,2060,1497,1874,618,1555,2546,1965,806,1430,1070,2075,1122,2002,7280
ACSSF,2019m1,nc,000,0178,0000072,3861,1926,2055,2350,2085,3861,1295,2429,4095,3533,2781,4299,4350,4249,3653,5059,5491
ACSSF,2019m1,nc,000,0178,0000073,2880,2251,2008,2128,1709,2880,778,1367,2842,2645,1747,2326,1595,4070,2157,4274,2060
ACSSF,2019m1,nc,000,0178,0000074,4460,3602,2913,3362,3152,4460,1126,2334,4584,3719,2564,3858,3037,4956,4318,6227,2903
ACSSF,2019m1,nc,000,0178,0000075,3048,2582,2033,2281,2345,3048,1270,1327,2178,2462,1866,1955,1275,3216,2011,3695,2991
ACSSF,2019m1,nc,000,0178,0000076,2368,2127,1685,1822,1695,2368,855,1283,2938,2883,1797,2474,1892,2762,3566,4303,5934
ACSSF,2019m1,nc,000,0178,0000077,2149,2723,1962,1418,1443,2149,546,1080,2875,2677,1243,1694,644,2843,1325,3020,3325
ACSSF,2019m1,nc,000,0178,0000078,3982,2563,2757,2712,1874,3982,338,802,2057,2269,1170,3383,2436,3954,1333,4116,7465
ACSSF,2019m1,nc,000,0178,0000079,7314,5376,4647,4618,3396,7314,1243,2444,5877,5607,2995,5911,4418,7757,4304,9441,2970
ACSSF,2019m1,nc,000,0178,0000080,2394,2454,1909,2547,1876,2394,1046,1736,2619,3046,1523,2507,1933,2721,3123,4119,3641
ACSSF,2019m1,nc,000,0178,0000081,3385,2149,2512,2559,2101,3385,1410,2629,3878,3997,2320,3079,2185,3502,3551,4654,3824
ACSSF,2019m1,nc,000,0178,0000082,6246,4068,3568,3633,2346,6246,2643,4721,6225,7169,3666,5994,4608,6805,7056,9402,2300
ACSSF,2019m1,nc,000,0178,0000083,9351,5441,5664,5712,3549,9351,1684,4047,7539,6976,5457,6195,4284,9163,5566,10581,3819
ACSSF,2019m1,nc,000,0178,0000084,5278,3909,4053,3905,2067,5278,2039,3785,6969,8488,4269,6371,3338,5938,6426,7727,1763
ACSSF,2019m1,nc,000,0178,0000085,10792,5287,5978,5653,3360,10792,1790,3297,7109,7679,3200,7871,5957,10996,4980,12349,2727
ACSSF,2019m1,nc,000,0178,0000086,3146,2377,3037,2480,1358,3146,2920,4103,6515,6683,4076,5933,3675,3998,4803,5755,2219
ACSSF,2019m1,nc,000,0178,0000087,7797,4322,4219,4485,3222,7797,2486,5727,7703,6371,4541,5435,4286,7772,6518,8967,2032
ACSSF,2019m1,nc,000,0178,0000088,5499,3529,3492,3765,2086,5499,2170,4075,6575,7352,5046,5282,4330,5638,5467,7161,2924
ACSSF,2019m1,nc,000,0178,0000089,5194,3348,3367,3700,2788,5194,2040,3353,6771,5857,4536,6242,3992,5686,4705,7046,2273
ACSSF,2019m1,nc,000,0178,0000090,6482,4243,4757,4312,2916,6482,1653,3427,5111,5891,3833,5414,4167,6366,5111,7893,2886
ACSSF,2019m1,nc,000,0178,0000091,6320,3145,3925,4161,3261,6320,2390,3881,7324,6519,4889,5489,3832,6444,5439,7364,1865
ACSSF,2019m1,nc,000,0178,0000092,6082,3226,3229,3661,3247,6082,2424,4115,7807,6459,4619,5799,4639,6787,5636,8419,2382
ACSSF,2019m1,nc,000,0178,0000093,7685,3526,4668,3879,2718,7685,2782,3356,6725,8304,5163,7180,4175,7687,5433,8351,2677
ACSSF,2019m1,nc,000,0178,0000094,8891,5439,4252,4241,3401,8891,2572,4171,6074,6587,4456,5732,3671,9063,5535,9356,2246
ACSSF,2019m1,nc,000,0178,0000095,1794,1451,1301,1570,1161,1794,694,1434,2708,2834,1958,2323,1626,2287,2026,2503,3074
ACSSF,2019m1,nc,000,0178,0000096,1571,966,1125,929,997,1571,1292,2092,2943,2657,2015,2334,884,1645,2673,2824,3196
ACSSF,2019m1,nc,000,0178,0000097,1053,765,1597,1361,220,1053,1215,2377,3299,2600,1812,1849,1239,1318,3216,3241,3927
ACSSF,2019m1,nc,000,0178,0000098,1139,902,1659,1313,898,1139,985,2342,2857,2549,1484,1782,966,2293,2492,3203,6500
ACSSF,2019m1,nc,000,0178,0000099,1708,1535,1789,1800,1042,1708,806,1732,2966,2300,2174,1943,1135,1934,2032,2889,4540
ACSSF,2019m1,nc,000,0178,0000100,1315,1156,1222,1343,1009,1315,1013,1432,1993,1945,1308,1473,1128,1612,2044,2376,3940
ACSSF,2019m1,nc,000,0178,0000101,1914,1482,1811,2057,1319,1914,1168,1048,2439,2823,968,1964,1278,2083,2289,2858,4736
ACSSF,2019m1,nc,000,0178,0000102,2095,1392,1170,1852,1491,2095,958,1628,2114,2290,1758,1770,1056,2382,2078,2828,2881
ACSSF,2019m1,nc,000,0178,0000103,1193,834,1128,1305,130,1193,1283,2352,3051,2909,1569,2213,992,1350,2894,3060,4356
ACSSF,2019m1,nc,000,0178,0000104,2080,1265,1440,1152,832,2080,995,2015,2598,2307,1560,1512,953,2007,2012,2789,5830
ACSSF,2019m1,nc,000,0178,0000105,2107,1046,1621,1321,695,2107,1031,2387,4342,4136,4011,3530,1744,2172,2579,3359,7978
ACSSF,2019m1,nc,000,0178,0000106,6385,4617,3365,2940,1980,6385,941,1726,3477,4126,1441,3207,2004,6099,2848,5883,4592
ACSSF,2019m1,nc,000,0178,0000107,6498,3530,3496,3296,2760,6498,722,993,2773,3328,1561,3485,2270,6546,1442,6584,5304
ACSSF,2019m1,nc,000,0178,0000108,5900,2444,4303,4081,2698,5900,619,1482,2443,2698,2408,3260,2942,5948,1439,5860,8128
ACSSF,2019m1,nc,000,0178,0000109,7837,4057,4362,3983,2626,7837,750,2328,3813,3398,1670,3339,3377,7876,3606,7567,6936
ACSSF,2019m1,nc,000,0178,0000110,5381,3581,2788,3180,2457,5381,1015,1280,3294,2927,1763,3057,1740,5399,1403,5298,8273
ACSSF,2019m1,nc,000,0178,0000111,4745,2256,2705,3229,1717,4745,170,484,1980,1761,1384,3031,2846,4745,1557,4776,8774
ACSSF,2019m1,nc,000,0178,0000112,4091,2308,3043,3192,2149,4091,317,851,2003,1937,1111,3168,2441,4059,1240,4204,7708
ACSSF,2019m1,nc,000,0178,0000113,3629,2390,2540,3233,1811,3629,717,955,1939,2101,1485,2553,2092,3597,1512,3699,10184
ACSSF,2019m1,nc,000,0178,0000114,6339,3084,3090,3117,2480,6339,676,2042,3438,3552,2363,2944,3487,6729,2082,6312,3607
ACSSF,2019m1,nc,000,0178,0000115,5935,3292,3123,3005,2184,5935,1120,1811,3475,3173,1669,3024,2052,6375,3351,6208,6285
ACSSF,2019m1,nc,000,0178,0000116,1419,750,1039,1345,613,1419,869,1175,2710,3218,1276,2425,2224,2701,2308,3274,5608
ACSSF,2019m1,nc,000,0178,0000117,1815,1447,2053,1534,1034,1815,1178,2069,2544,2597,2137,2199,2482,1859,2030,2814,6308
ACSSF,2019m1,nc,000,0178,0000118,2280,1194,971,693,708,2280,943,1807,3374,2406,1851,2543,1460,2452,2582,4052,3914
ACSSF,2019m1,nc,000,0178,0000119,5353,2831,3167,3460,2588,5353,755,1316,2922,2948,1768,2336,2209,5589,2665,5700,5993
ACSSF,2019m1,nc,000,0178,0000120,5784,3835,3158,2500,1794,5784,884,1799,3135,3140,1729,2889,1036,5775,2583,5237,3344
ACSSF,2019m1,nc,000,0178,0000121,6112,3791,2204,3072,2248,6112,770,2498,2352,3322,1927,3100,1920,6113,3225,5647,8264
ACSSF,2019m1,nc,000,0178,0000122,4555,2491,2450,3216,2456,4555,1320,1563,2804,3235,2218,2338,1528,4778,2495,4898,7384
ACSSF,2019m1,nc,000,0178,0000123,4804,2711,2152,2563,1728,4804,875,1395,3071,2494,1345,1953,2065,4535,2531,4420,7701
ACSSF,2019m1,nc,000,0178,0000124,4921,2563,2952,2919,1898,4921,1247,2173,2889,2804,1833,2363,1451,4872,2623,5151,3941
ACSSF,2019m1,nc,000,0178,0000125,4133,1992,2215,2690,2394,4133,1471,1853,2712,2772,1550,2650,1980,4147,2395,3970,5739
ACSSF,2019m1,nc,000,0178,0000126,2832,1519,1686,1821,1196,2832,1029,1582,2746,2414,1853,1605,1133,2841,1660,3140,5605
ACSSF,2019m1,nc,000,0178,0000127,1227,1111,1171,1266,456,1227,1232,2381,2547,2487,1981,1856,1166,1683,1888,2468,4445
ACSSF,2019m1,nc,000,0178,0000128,1527,1119,997,1224,837,1527,1043,2065,2880,2521,1744,1634,1526,2040,2612,2889,3970
ACSSF,2019m1,nc,000,0178,0000129,4534,2347,2740,2808,2265,4534,751,1364,3237,2514,2120,3062,1852,4598,2110,4431,4878
ACSSF,2019m1,nc,000,0178,0000130,4562,2153,2523,2941,2129,4562,701,1472,3606,2650,1955,2609,2163,4545,1582,4869,4611
ACSSF,2019m1,nc,000,0178,0000131,2687,1533,1550,2087,1372,2687,1013,1582,2730,2817,1416,2148,1734,2525,2033,3174,4409
ACSSF,2019m1,nc,000,0178,0000132,2386,1283,1190,1380,1291,2386,768,1506,2447,2304,1277,1916,1711,2804,2257,3066,4658
ACSSF,2019m1,nc,000,0178,0000133,1483,1339,1406,1296,1463,1483,641,2074,2520,3188,2025,2760,1647,1587,2125,2734,2695
ACSSF,2019m1,nc,000,0178,0000134,3899,1606,2279,2426,1811,3899,1503,1946,3558,2801,1897,2170,1243,3906,2781,4631,3380
ACSSF,2019m1,nc,000,0178,0000135,3752,1628,2212,2202,1533,3752,842,1471,3140,2662,2534,2086,1468,3725,2855,3861,4737
ACSSF,2019m1,nc,000,0178,0000136,1403,870,1080,1239,515,1403,843,2095,2936,2754,2329,2363,1643,1721,3165,3213,3762
ACSSF,2019m1,nc,000,0178,0000137,3312,1457,1776,2152,1213,3312,828,1290,2636,2408,1549,2067,1607,3372,1715,3609,4986
ACSSF,2019m1,nc,000,0178,0000138,3382,1463,1725,2070,1590,3382,894,1671,2417,2233,1206,2066,662,3342,1789,3633,3135
ACSSF,2019m1,nc,000,0178,0000139,3294,1514,1850,2185,1594,3294,864,1841,2848,2258,1206,1976,1393,3396,1293,3177,6576
ACSSF,2019m1,nc,000,0178,0000140,5655,3747,2875,2381,1422,5655,808,1189,2751,2730,1403,2898,1630,5417,2704,4965,5941
ACSSF,2019m1,nc,000,0178,0000141,6398,3473,2736,2639,1512,6398,1234,1959,2941,4617,1965,2453,1114,6538,1844,6905,3241
ACSSF,2019m1,nc,000,0178,0000142,7430,4083,2942,3169,1949,7430,970,1217,3617,4094,2431,2104,1259,7455,1955,7270,6416
ACSSF,2019m1,nc,000,0178,0000143,5669,2992,3867,2877,2357,5669,647,608,2271,2519,1425,3952,2628,5684,1137,5895,10080
ACSSF,2019m1,nc,000,0178,0000144,5723,3084,3110,2806,1757,5723,1160,811,2359,3585,1705,3344,1817,5739,2372,6070,2784
ACSSF,2019m1,nc,000,0178,0000145,5934,3305,3643,2913,2844,5934,717,1309,2258,3947,1987,3322,2363,6033,2356,5776,7181
ACSSF,2019m1,nc,000,0178,0000146,5540,3160,2780,3094,2204,5540,501,1354,3458,2744,1725,3387,1946,5646,2359,5361,5054
ACSSF,2019m1,nc,000,0178,0000147,6572,3121,3444,3113,2145,6572,1495,1586,2308,3181,2296,3429,2222,6606,1870,6273,7762
ACSSF,2019m1,nc,000,0178,0000148,4089,2443,2761,2036,1815,4089,1244,1958,3202,2961,2188,3468,1962,4089,1611,4458,4821
ACSSF,2019m1,nc,000,0178,0000149,3890,1887,2554,2005,1841,3890,599,1543,3307,2384,1588,2289,1415,3940,2034,3891,7403
ACSSF,2019m1,nc,000,0178,0000150,1296,713,981,646,332,1296,1117,1830,3034,2798,2114,1967,1463,1394,2130,2307,3852
ACSSF,2019m1,nc,000,0178,0000151,1607,890,1400,1250,482,1607,1599,1949,3174,3239,1869,2340,1360,1638,4020,4341,6194
ACSSF,2019m1,nc,000,0178,0000152,1086,659,909,1020,859,1086,1212,2308,2982,2745,1981,1888,1268,1285,2933,3152,2307
ACSSF,2019m1,nc,000,0178,0000153,1272,1037,1330,1420,816,1272,870,1236,2659,2972,1659,2796,2010,1269,1957,2124,3015
ACSSF,2019m1,nc,000,0178,0000154,1376,483,1129,1382,570,1376,669,1492,2919,2815,1415,2025,1446,1494,2788,2898,5209
ACSSF,2019m1,nc,000,0178,0000155,1827,1405,1449,1103,471,1827,667,1680,3030,2537,1677,1621,1253,2101,1797,2823,5337
ACSSF,2019m1,nc,000,0178,0000156,1185,752,872,912,485,1185,794,1601,2490,2465,2023,1516,953,1279,2085,2278,2839
ACSSF,2019m1,nc,000,0178,0000157,5286,3404,2148,2549,1383,5286,677,2189,3053,4159,2089,2599,1020,5270,2977,5508,5655
ACSSF,2019m1,nc,000,0178,0000158,1460,638,978,1248,162,1460,1164,1963,3488,3253,2365,3058,2054,1802,4147,4616,3167
ACSSF,2019m1,nc,000,0178,0000159,1045,914,912,825,537,1045,728,1652,2300,2338,1664,1748,1054,1810,2167,2341,5087
ACSSF,2019m1,nc,000,0178,0000160,1435,1104,1310,1548,918,1435,796,2108,2864,2516,1364,1683,1592,1645,2046,2533,4313
ACSSF,2019m1,nc,000,0178,0000161,5352,3446,2474,2030,1259,5352,774,1522,4019,4561,1743,2646,1342,5750,2559,5819,3822
ACSSF,2019m1,nc,000,0178,0000162,3412,2396,2171,2275,1753,3412,434,1697,2393,2905,1651,2802,2197,3279,1475,3694,6664
ACSSF,2019m1,nc,000,0178,0000163,3462,2274,2461,2413,1671,3462,1141,1977,3052,3344,1924,2723,2089,3851,3208,4783,5422
ACSSF,2019m1,nc,000,0178,0000164,950,1308,1391,884,740,950,815,1260,3081,2675,2230,1912,1652,1265,1956,2373,3281
ACSSF,2019m1,nc,000,0178,0000165,1576,1674,1692,1447,848,1576,753,1816,2800,2049,1364,1976,976,1644,2976,3008,5139
ACSSF,2019m1,nc,000,0178,0000166,3478,2449,2117,1838,1471,3478,512,1045,2133,2550,1117,1686,1136,3443,1934,3433,2445
ACSSF,2019m1,nc,000,0178,0000167,3649,2759,1968,1980,1516,3649,597,1272,2366,2618,1462,1610,1031,3285,1958,3285,3248
ACSSF,2019m1,nc,000,0178,0000168,3798,2131,2350,1894,1332,3798,715,1092,2224,2359,1308,1447,1341,3797,1624,3495,4008
ACSSF,2019m1,nc,000,0178,0000169,1508,840,1006,883,685,1508,548,1650,1858,1648,1045,1376,710,1592,2488,2367,4578
ACSSF,2019m1,nc,000,0178,0000170,1094,1140,1871,2007,916,1094,863,1803,2684,2228,2202,1703,1134,1786,2877,3182,4118
ACSSF,2019m1,nc,000,0178,0000171,4010,2154,1941,2283,1420,4010,648,2071,2568,2585,1437,2001,929,3932,2345,4268,4639
ACSSF,2019m1,nc,000,0178,0000172,3737,1796,1798,2210,1244,3737,744,1088,2368,2460,1658,2767,2215,3733,891,3856,5266
ACSSF,2019m1,nc,000,0178,0000173,3468,3041,1259,998,664,3468,991,1911,3048,3107,1997,2775,2032,3547,3122,4239,1783
ACSSF,2019m1,nc,000,0178,0000174,1460,638,978,1248,162,1460,1164,1963,3488,3253,2365,3058,2054,1802,4147,4616,3167
ACSSF,2019m1,nc,000,0178,0000175,2288,1194,973,693,698,2288,943,1807,3374,2410,1851,2552,1460,2459,2582,4051,3921
ACSSF,2019m1,nc,000,0178,0000176,950,1308,1391,884,740,950,815,1260,3081,2675,2230,1912,1652,1265,1956,2373,3281
ACSSF,2019m1,nc,000,0178,0000177,3638,1964,2251,2193,1511,3638,1056,1848,3834,3352,2455,3613,2268,3725,2593,4309,4607
ACSSF,2019m1,nc,000,0178,0000178,1411,938,923,1039,510,1411,899,1685,2327,1966,1552,1296,1359,1546,2311,2381,4177
ACSSF,2019m1,nc,000,0178,0000179,2821,1981,2186,1895,1960,2821,987,1938,3959,3116,2479,3742,2328,2893,2245,3476,5439
ACSSF,2019m1,nc,000,0178,0000180,998,738,468,718,409,998,1075,2177,2216,2207,1740,1556,968,1147,1546,1875,3749
ACSSF,2019m1,nc,000,0178,0000181,554,568,483,669,296,554,380,1682,1635,1899,788,1263,1147,612,1161,1324,3932
ACSSF,2019m1,nc,000,0178,0000182,3162,1650,1426,2256,1286,3162,771,1751,2923,2054,2010,2001,1135,3289,2371,3662,7896
ACSSF,2019m1,nc,000,0178,0000183,2482,1541,1482,1956,1363,2482,697,517,2296,2911,882,2343,2051,3378,2066,3828,9524
ACSSF,2019m1,nc,000,0178,0000184,1528,902,1615,1165,902,1528,846,1579,1695,1657,1416,1894,2264,1562,1268,2047,6794
ACSSF,2019m1,nc,000,0178,0000185,814,484,940,788,89,814,992,1468,2782,2088,2074,1594,1200,910,2867,2989,3416
ACSSF,2019m1,nc,000,0178,0000186,2583,928,1357,1641,944,2583,1335,1708,2597,3012,1826,2211,1151,2568,3619,4298,4161
ACSSF,2019m1,nc,000,0178,0000187,2649,1554,1487,1895,1335,2649,1317,2476,4225,3765,2853,4488,4473,3960,3792,5333,5189
ACSSF,2019m1,nc,000,0178,0000188,2463,1298,1558,1552,586,2463,1906,3264,4497,5005,2758,3898,2886,3059,3859,4077,2894
ACSSF,2019m1,nc,000,0178,0000189,1132,1063,1149,906,257,1132,501,881,1860,1843,1648,1638,776,1367,1506,1977,8480
ACSSF,2019m1,nc,000,0178,0000190,1582,421,946,922,577,1582,1126,2316,3529,2912,1758,2960,1512,1996,2183,2980,3131
ACSSF,2019m1,nc,000,0178,0000191,3664,2169,1911,1363,1079,3664,1418,3303,5688,5506,3908,5081,3830,3941,5650,6443,2998
ACSSF,2019m1,nc,000,0178,0000192,1376,483,1129,1382,570,1376,669,1492,2919,2815,1415,2025,1446,1494,2788,2898,5209
ACSSF,2019m1,nc,000,0178,0000193,1123,864,1340,924,537,1123,542,2003,2419,2692,1917,2212,1446,1283,1372,2080,3995
ACSSF,2019m1,nc,000,0178,0000194,2689,1508,1386,1887,799,2689,801,1723,2728,2454,1533,2128,1622,2675,1415,2731,4370
ACSSF,2019m1,nc,000,0178,0000195,2107,1046,1621,1321,695,2107,1031,2387,4342,4136,4011,3530,1744,2172,2579,3359,7978
ACSSF,2019m1,nc,000,0178,0000196,509,717,775,1212,590,509,649,1234,2192,2148,1713,1679,1204,580,1565,1478,3225
ACSSF,2019m1,nc,000,0178,0000197,5459,2465,3108,2759,1411,5459,2806,3720,7017,8784,5321,8407,5253,5809,6085,7310,1718
ACSSF,2019m1,nc,000,0178,0000198,1010,865,1079,843,654,1010,737,1116,2570,2404,1304,2442,1884,1042,1681,1834,5368
ACSSF,2019m1,nc,000,0178,0000199,1739,1232,987,1298,409,1739,1009,2136,2812,2223,1424,1935,825,1912,2374,2642,4255
ACSSF,2019m1,nc,000,0178,0000200,1045,914,912,825,537,1045,728,1652,2300,2338,1664,1748,1054,1810,2167,2341,5087
ACSSF,2019m1,nc,000,0178,0000201,1282,788,1385,1423,283,1282,1203,2169,3480,3744,2414,3472,2751,1848,3323,3688,3574
ACSSF,2019m1,nc,000,0178,0000202,3198,2421,2347,1521,397,3198,804,2017,4494,4919,2215,3336,1449,3227,3073,4330,4613
ACSSF,2019m1,nc,000,0178,0000203,2237,1096,1199,1324,1651,2237,1199,1909,3016,2399,1913,1612,1135,2250,2475,3234,2526
ACSSF,2019m1,nc,000,0178,0000204,547,368,337,344,259,547,627,1750,1844,1722,1054,1353,751,1004,2562,2506,2998
ACSSF,2019m1,nc,000,0178,0000205,868,565,1375,903,162,868,1005,1765,2487,2327,1285,1238,820,1202,2272,2598,3853
ACSSF,2019m1,nc,000,0178,0000206,1772,1253,1250,880,597,1772,1117,1760,2759,2785,2037,1729,1419,1744,2199,2265,4012
ACSSF,2019m1,nc,000,0178,0000207,564,641,633,1109,658,564,1089,1686,2004,2013,1431,1566,760,756,2266,2371,3615
ACSSF,2019m1,nc,000,0178,0000208,1786,873,1450,1192,726,1786,938,1867,2796,2987,2080,2706,2377,1838,2195,3007,5046
ACSSF,2019m1,nc,000,0178,0000209,6062,2943,3578,2852,1178,6062,1979,3673,8068,7178,4640,7656,6949,6730,6153,9024,2572
ACSSF,2019m1,nc,000,0178,0000210,1181,752,872,912,464,1181,794,1601,2493,2467,2023,1516,953,1272,2085,2286,2833
ACSSF,2019m1,nc,000,0178,0000211,1085,627,864,517,614,1085,841,1343,2190,2000,1335,1557,629,1095,1776,1620,5345
ACSSF,2019m1,nc,000,0178,0000212,1283,1074,948,700,109,1283,917,1894,2288,2106,1434,1457,908,1415,1915,2288,4895
