ACSSF,2019m1,nc,000,0005,0000001,0,657,657,16653,9247,4117,6466,12254,3275,6850,8273,3615,1946,9968,1988,5992,1482,679,1146,3798,2573,208,2845,1541,3682,94,6273,2873,2306,292,5413,0,657,3780,13920,3323,6872,1374,4630,15892,2174,15640,657,18388,5328,3848,1492,1628,16724,5804,3754,3938,0,657,657,0,657,657,16653,9247,4117,6466,12254,5992,6273,0,657,3780,13920,3323,6872,1374,4630,15892,2174,15640,657
ACSSF,2019m1,nc,000,0005,0000002,32584,32320,11356,15739,8050,3558,6390,11461,2888,6225,8115,2570,1931,9359,1923,5919,1240,679,1169,3897,2345,192,2696,1541,3621,94,5465,2580,1898,101,4503,32584,32320,27689,19327,3502,8018,1282,4505,14256,1745,14209,11356,17684,5049,3422,939,289,15489,4968,3000,3673,32584,32320,11356,32584,32320,11356,15739,8050,3558,6390,11461,5919,5465,32584,32320,27689,19327,3502,8018,1282,4505,14256,1745,14209,11356
ACSSF,2019m1,nc,000,0005,0000003,32584,32582,11418,11319,4415,2209,1327,5484,1032,3587,3236,2721,280,2002,467,2451,611,216,447,2131,632,82,727,216,362,216,2982,1144,1256,276,2185,32584,32582,27874,17412,4145,5686,605,1441,6014,1111,5820,11418,10899,1801,1686,1182,1607,8759,3192,2774,1480,32584,32582,11418,32584,32582,11418,11319,4415,2209,1327,5484,2451,2982,32584,32582,27874,17412,4145,5686,605,1441,6014,1111,5820,11418
ACSSF,2019m1,nc,000,0005,0000004,3698,3566,1597,16205,9149,4126,6447,12070,3253,6903,7840,3672,1946,9980,1923,5989,1503,679,1146,3719,2573,208,2845,1541,3683,94,5920,2860,1955,292,4959,3698,3566,4431,14070,3249,6623,1387,4621,15635,2174,15377,1597,18193,5353,3817,1492,1621,16329,5626,3540,3763,3698,3566,1597,3698,3566,1597,16205,9149,4126,6447,12070,5989,5920,3698,3566,4431,14070,3249,6623,1387,4621,15635,2174,15377,1597
ACSSF,2019m1,nc,000,0005,0000005,2195,2157,867,15563,8829,3968,6573,12263,3248,6505,8321,3617,1872,9988,1923,5925,1445,679,1146,3758,2430,208,2567,1541,3667,94,5843,2592,1933,292,4800,2195,2157,4027,12927,2498,6363,1117,4685,14537,2127,14355,867,16628,4536,3434,1397,1608,15392,5440,3325,3605,2195,2157,867,2195,2157,867,15563,8829,3968,6573,12263,5925,5843,2195,2157,4027,12927,2498,6363,1117,4685,14537,2127,14355,867
ACSSF,2019m1,nc,000,0005,0000006,5379,12779,12998,13024,6016,2238,5771,10132,1774,5582,7541,2034,1717,7410,1676,4955,1156,657,875,2491,1781,63,1446,1376,3018,216,4110,1685,471,101,3438,5379,12779,17599,16255,2050,6928,482,3588,10596,1349,10350,12998,14209,4766,2534,652,152,13260,3249,2102,2212,5379,12779,12998,5379,12779,12998,13024,6016,2238,5771,10132,4955,4110,5379,12779,17599,16255,2050,6928,482,3588,10596,1349,10350,12998
ACSSF,2019m1,nc,000,0005,0000007,5835,13221,13102,13938,6604,3196,2692,8400,2120,3682,4084,3052,628,5834,909,4263,686,114,837,2668,1775,199,1954,612,2480,94,4524,1950,1911,276,3537,5835,13221,17091,18248,2193,5654,1127,2602,9574,1377,9431,13102,14598,3685,2562,1198,1609,9939,3845,2607,2622,5835,13221,13102,5835,13221,13102,13938,6604,3196,2692,8400,4263,4524,5835,13221,17091,18248,2193,5654,1127,2602,9574,1377,9431,13102
ACSSF,2019m1,nc,000,0005,0000008,,,,,,,,,,,,,,,,,,,,,,,,,,,,,,,,3075,3140,3216,4616,1851,2043,596,874,3219,188,3207,1254,4806,2744,1192,571,171,3973,1540,1245,873,3075,3140,1254,3075,3140,1254,4501,2232,1091,856,3611,1898,1910,3075,3140,3216,4616,1851,2043,596,874,3219,188,3207,1254
ACSSF,2019m1,nc,000,0005,0000009,,,,,,,,,,,,,,,,,,,,,,,,,,,,,,,,9929,10222,9157,7023,1742,1214,326,437,1654,161,1619,3890,3625,1954,1128,571,216,2947,989,782,704,9929,10222,3890,9929,10222,3890,3283,1544,863,698,1676,1659,926,9929,10222,9157,7023,1742,1214,326,437,1654,161,1619,3890
ACSSF,2019m1,nc,000,0005,0000010,,,,,,,,,,,,,,,,,,,,,,,,,,,,,,,,10816,10710,9599,7422,2575,1789,508,763,2778,91,2763,3992,4415,1394,494,216,171,4031,1048,900,547,10816,10710,3992,10816,10710,3992,4557,1679,578,543,2959,1006,1605,10816,10710,9599,7422,2575,1789,508,763,2778,91,2763,3992
ACSSF,2019m1,nc,000,0005,0000011,,,,,,,,,,,,,,,,,,,,,,,,,,,,,,,,3698,3551,3825,3332,1234,1645,190,252,2145,124,2164,1723,3399,406,283,216,85,3236,1268,893,780,3698,3551,1723,3698,3551,1723,3365,903,472,394,2488,507,2201,3698,3551,3825,3332,1234,1645,190,252,2145,124,2164,1723
ACSSF,2019m1,nc,000,0005,0000012,2195,2179,1192,5097,2529,1221,1102,3534,443,2410,2063,658,239,1236,467,1952,260,216,216,1522,475,216,904,216,790,216,2821,1689,1260,216,1935,2195,2179,2170,5226,2107,2640,594,913,3911,225,3906,1192,5990,2776,1212,571,213,5028,2233,1609,1336,2195,2179,1192,2195,2179,1192,5097,2529,1221,1102,3534,1952,2821,2195,2179,2170,5226,2107,2640,594,913,3911,225,3906,1192
ACSSF,2019m1,nc,000,0005,0000013,,,,,,,,,,,,,,,,,,,,,,,,,,,,,,,,0,0,212,1959,192,411,132,75,2009,144,1995,0,3013,556,1675,210,216,3152,323,157,276,0,0,0,0,0,0,2353,667,12,739,1966,1271,387,0,0,212,1959,192,411,132,75,2009,144,1995,0
ACSSF,2019m1,nc,000,0005,0000014,,,,,,,,,,,,,,,,,,,,,,,,,,,,,,,,,,,,,,,,,,,,,,,,,,,,,0,0,0,,,,,,,,,,,0,0,108,2031,677,388,32,216,2267,108,2265,0
ACSSF,2019m1,nc,000,0005,0000015,,,,,,,,,,,,,,,,,,,,,,,,,,,,,,,,,,,,,,,,,,,,,,,,,,,,,0,0,0,0,0,0,2390,1019,652,216,2448,1894,486,0,0,105,1164,743,600,107,101,1334,29,1332,0
ACSSF,2019m1,nc,000,0005,0000016,,,,,,,,,,,,,,,,,,,,,,,,,,,,,,,,0,0,393,1143,522,236,553,2085,1181,273,1111,0,882,88,851,216,216,1094,40,216,40,0,0,0,0,0,0,1217,324,216,216,1092,216,688,0,0,393,1143,522,236,553,2085,1181,273,1111,0
ACSSF,2019m1,nc,000,0005,0000017,,,,,,,,,,,,,,,,,,,,,,,,,,,,,,,,,,,,,,,,,,,,,,,,,,,,,0,0,0,0,0,0,3268,1668,782,1878,1224,1020,1343,0,0,1431,2718,261,1028,216,1422,2912,595,2789,0
ACSSF,2019m1,nc,000,0005,0000018,,,,,,,,,,,,,,,,,,,,,,,,,,,,,,,,,,,,,,,,,,,,,,,,,,,,,0,0,0,0,0,0,984,867,216,216,218,106,352,,,,,,,,,,,,
ACSSF,2019m1,nc,000,0005,0000019,,,,,,,,,,,,,,,,,,,,,,,,,,,,,,,,,,,,,,,,,,,,,,,,,,,,,0,0,0,,,,,,,,,,,0,0,62,403,178,251,216,370,528,216,528,0
ACSSF,2019m1,nc,000,0005,0000020,,,,,,,,,,,,,,,,,,,,,,,,,,,,,,,,,,,,,,,,,,,,,,,,,,,,,0,0,0,0,0,0,1350,948,370,216,831,281,147,0,0,216,1284,280,280,216,216,1334,216,1334,0
ACSSF,2019m1,nc,000,0005,0000021,,,,,,,,,,,,,,,,,,,,,,,,,,,,,,,,,,,,,,,,,,,,,,,,,,,,,0,0,0,,,,,,,,,,,0,0,1948,1297,216,324,216,1965,1337,35,1333,0
ACSSF,2019m1,nc,000,0005,0000022,,,,,,,,,,,,,,,,,,,,,,,,,,,,,,,,,,,,,,,,,,,,,,,,,,,,,0,0,0,,,,,,,,,,,,,,,,,,,,,,
ACSSF,2019m1,nc,000,0005,0000023,,,,,,,,,,,,,,,,,,,,,,,,,,,,,,,,,,,,,,,,,,,,,,,,,,,,,0,0,0,0,0,0,1335,841,216,202,844,178,247,0,0,145,678,159,1210,77,216,1426,145,1411,0
ACSSF,2019m1,nc,000,0005,0000024,,,,,,,,,,,,,,,,,,,,,,,,,,,,,,,,0,0,215,2515,618,756,159,1165,2824,638,2737,0,2543,1612,264,216,156,2047,1444,824,1199,0,0,0,0,0,0,2313,2576,945,1396,2068,1229,1111,0,0,215,2515,618,756,159,1165,2824,638,2737,0
ACSSF,2019m1,nc,000,0005,0000025,,,,,,,,,,,,,,,,,,,,,,,,,,,,,,,,,,,,,,,,,,,,,,,,,,,,,0,0,0,0,0,0,2101,1958,216,216,1940,443,255,0,0,216,754,184,542,177,104,844,216,844,0
ACSSF,2019m1,nc,000,0005,0000026,,,,,,,,,,,,,,,,,,,,,,,,,,,,,,,,,,,,,,,,,,,,,,,,,,,,,0,0,0,0,0,0,3829,1194,967,977,3900,997,372,0,0,126,2239,236,1594,250,1690,2450,673,2342,0
ACSSF,2019m1,nc,000,0005,0000027,,,,,,,,,,,,,,,,,,,,,,,,,,,,,,,,0,0,395,2374,251,740,108,372,2478,104,2482,0,3237,2093,425,128,113,2638,1427,1275,407,0,0,0,0,0,0,4035,1853,482,577,3224,1683,988,0,0,395,2374,251,740,108,372,2478,104,2482,0
ACSSF,2019m1,nc,000,0005,0000028,,,,,,,,,,,,,,,,,,,,,,,,,,,,,,,,,,,,,,,,,,,,,,,,,,,,,0,0,0,,,,,,,,,,,0,0,107,1442,199,309,216,183,1393,216,1393,0
ACSSF,2019m1,nc,000,0005,0000029,,,,,,,,,,,,,,,,,,,,,,,,,,,,,,,,0,0,539,1477,551,554,622,539,1418,178,1413,0,1937,107,222,216,130,1868,464,454,120,0,0,0,0,0,0,1825,1010,1045,931,1349,731,339,0,0,539,1477,551,554,622,539,1418,178,1413,0
ACSSF,2019m1,nc,000,0005,0000030,0,0,0,3417,1923,308,756,2896,129,1925,1240,258,1668,1828,216,1513,424,249,143,1192,375,216,346,123,248,216,1503,1166,72,216,958,0,0,1135,3892,628,1248,192,1298,4693,333,4614,0,3581,1451,585,216,105,3568,1883,1576,1166,0,0,0,0,0,0,3417,1923,308,756,2896,1513,1503,0,0,1135,3892,628,1248,192,1298,4693,333,4614,0
ACSSF,2019m1,nc,000,0005,0000031,,,,,,,,,,,,,,,,,,,,,,,,,,,,,,,,0,0,82,957,458,323,216,179,1033,216,1033,0,2346,1423,76,1175,1559,2273,491,440,187,0,0,0,0,0,0,2096,1848,743,663,628,216,779,0,0,82,957,458,323,216,179,1033,216,1033,0
ACSSF,2019m1,nc,000,0005,0000032,,,,,,,,,,,,,,,,,,,,,,,,,,,,,,,,,,,,,,,,,,,,,,,,,,,,,0,0,0,,,,,,,,,,,0,0,229,804,420,555,216,229,995,216,995,0
ACSSF,2019m1,nc,000,0005,0000033,,,,,,,,,,,,,,,,,,,,,,,,,,,,,,,,,,,,,,,,,,,,,,,,,,,,,0,0,0,0,0,0,2353,727,58,651,1657,1336,661,0,0,261,1680,323,431,216,216,1932,261,1868,0
ACSSF,2019m1,nc,000,0005,0000034,,,,,,,,,,,,,,,,,,,,,,,,,,,,,,,,0,0,246,1368,607,335,216,65,1245,237,1225,0,3644,492,216,216,216,3624,540,496,239,0,0,0,0,0,0,3111,2174,377,328,2791,600,350,0,0,246,1368,607,335,216,65,1245,237,1225,0
ACSSF,2019m1,nc,000,0005,0000035,,,,,,,,,,,,,,,,,,,,,,,,,,,,,,,,,,,,,,,,,,,,,,,,,,,,,0,0,0,,,,,,,,,,,0,0,129,672,330,131,129,129,580,216,580,0
ACSSF,2019m1,nc,000,0005,0000036,0,0,0,7003,3832,1306,3730,6480,1463,3026,5575,732,378,4802,216,3765,161,216,127,2550,1845,216,1628,1351,1957,216,1440,417,94,216,1371,0,0,1086,4331,1194,2602,229,1223,5483,449,5336,0,7524,2312,1567,232,216,7868,1231,1015,661,0,0,0,0,0,0,7003,3832,1306,3730,6480,3765,1440,0,0,1086,4331,1194,2602,229,1223,5483,449,5336,0
ACSSF,2019m1,nc,000,0005,0000037,,,,,,,,,,,,,,,,,,,,,,,,,,,,,,,,,,,,,,,,,,,,,,,,,,,,,0,0,0,,,,,,,,,,,0,0,169,1031,640,403,326,172,687,144,669,0
ACSSF,2019m1,nc,000,0005,0000038,,,,,,,,,,,,,,,,,,,,,,,,,,,,,,,,,,,,,,,,,,,,,,,,,,,,,0,0,0,,,,,,,,,,,0,0,216,1112,268,247,216,216,1018,216,1018,0
ACSSF,2019m1,nc,000,0005,0000039,,,,,,,,,,,,,,,,,,,,,,,,,,,,,,,,,,,,,,,,,,,,,,,,,,,,,0,0,0,0,0,0,2326,522,252,349,1950,227,1704,0,0,525,1843,402,497,222,525,1904,216,1904,0
ACSSF,2019m1,nc,000,0005,0000040,,,,,,,,,,,,,,,,,,,,,,,,,,,,,,,,0,0,75,2109,562,555,48,115,2185,565,2095,0,2278,923,242,289,216,1102,1613,1129,1269,0,0,0,0,0,0,3086,1766,235,819,1266,1316,491,0,0,75,2109,562,555,48,115,2185,565,2095,0
ACSSF,2019m1,nc,000,0005,0000041,,,,,,,,,,,,,,,,,,,,,,,,,,,,,,,,,,,,,,,,,,,,,,,,,,,,,0,0,0,0,0,0,2036,942,512,78,1598,1182,719,0,0,66,1407,289,607,17,711,1327,309,1305,0
ACSSF,2019m1,nc,000,0005,0000042,,,,,,,,,,,,,,,,,,,,,,,,,,,,,,,,,,,,,,,,,,,,,,,,,,,,,0,0,0,0,0,0,1421,747,654,216,407,240,1073,0,0,636,2329,428,1030,344,629,2444,853,2504,0
ACSSF,2019m1,nc,000,0005,0000043,,,,,,,,,,,,,,,,,,,,,,,,,,,,,,,,,,,,,,,,,,,,,,,,,,,,,0,0,0,0,0,0,1906,1122,1340,53,973,216,330,0,0,216,1925,374,1458,216,216,1237,216,1237,0
ACSSF,2019m1,nc,000,0005,0000044,,,,,,,,,,,,,,,,,,,,,,,,,,,,,,,,,,,,,,,,,,,,,,,,,,,,,0,0,0,0,0,0,1307,315,43,216,1386,60,388,0,0,382,424,855,372,95,599,867,76,857,0
ACSSF,2019m1,nc,000,0005,0000045,,,,,,,,,,,,,,,,,,,,,,,,,,,,,,,,,,,,,,,,,,,,,,,,,,,,,0,0,0,,,,,,,,,,,,,,,,,,,,,,
ACSSF,2019m1,nc,000,0005,0000046,,,,,,,,,,,,,,,,,,,,,,,,,,,,,,,,,,,,,,,,,,,,,,,,,,,,,0,0,0,0,0,0,1650,681,201,771,1565,489,939,0,0,584,1234,199,523,216,517,1338,433,1288,0
ACSSF,2019m1,nc,000,0005,0000047,,,,,,,,,,,,,,,,,,,,,,,,,,,,,,,,,,,,,,,,,,,,,,,,,,,,,0,0,0,,,,,,,,,,,0,0,216,863,84,135,216,209,795,216,795,0
ACSSF,2019m1,nc,000,0005,0000048,,,,,,,,,,,,,,,,,,,,,,,,,,,,,,,,,,,,,,,,,,,,,,,,,,,,,0,0,0,,,,,,,,,,,0,0,28,795,347,84,216,216,604,28,604,0
ACSSF,2019m1,nc,000,0005,0000049,,,,,,,,,,,,,,,,,,,,,,,,,,,,,,,,0,0,321,1462,445,757,161,646,1777,327,1670,0,2760,525,216,216,184,2602,700,411,632,0,0,0,0,0,0,2637,2403,446,401,915,1371,928,0,0,321,1462,445,757,161,646,1777,327,1670,0
ACSSF,2019m1,nc,000,0005,0000050,0,0,0,7632,3843,2212,4602,5587,875,1126,2647,928,429,4826,1242,2316,613,327,286,721,603,63,565,97,1984,216,3327,1145,162,216,3308,0,0,742,3565,859,1738,113,858,4486,836,4413,0,6280,2876,1578,479,193,6189,1775,949,1353,0,0,0,0,0,0,7632,3843,2212,4602,5587,2316,3327,0,0,742,3565,859,1738,113,858,4486,836,4413,0
ACSSF,2019m1,nc,000,0005,0000051,,,,,,,,,,,,,,,,,,,,,,,,,,,,,,,,,,,,,,,,,,,,,,,,,,,,,0,0,0,0,0,0,2211,831,216,216,2497,1114,289,0,0,364,803,224,426,12,107,1023,352,966,0
ACSSF,2019m1,nc,000,0005,0000052,,,,,,,,,,,,,,,,,,,,,,,,,,,,,,,,,,,,,,,,,,,,,,,,,,,,,0,0,0,,,,,,,,,,,,,,,,,,,,,,
ACSSF,2019m1,nc,000,0005,0000053,,,,,,,,,,,,,,,,,,,,,,,,,,,,,,,,,,,,,,,,,,,,,,,,,,,,,0,0,0,,,,,,,,,,,,,,,,,,,,,,
ACSSF,2019m1,nc,000,0005,0000054,,,,,,,,,,,,,,,,,,,,,,,,,,,,,,,,,,,,,,,,,,,,,,,,,,,,,40,2550,2543,,,,,,,,,,,40,2550,3397,2376,765,832,216,216,699,29,697,2543
ACSSF,2019m1,nc,000,0005,0000055,,,,,,,,,,,,,,,,,,,,,,,,,,,,,,,,888,3088,4842,3397,426,3741,98,489,1330,502,1290,3076,2074,1205,173,479,216,2160,528,295,428,888,3088,3076,888,3088,3076,2157,836,751,440,1203,730,481,888,3088,4842,3397,426,3741,98,489,1330,502,1290,3076
ACSSF,2019m1,nc,000,0005,0000056,49,5253,5258,6601,3777,920,3745,6399,1465,2956,5431,732,360,4697,216,3187,161,216,108,1757,1677,216,1235,1351,657,216,1321,417,94,216,1235,49,5253,6347,6573,1194,3299,220,1153,5388,441,5237,5258,7741,2408,1563,232,216,7801,1116,866,661,49,5253,5258,49,5253,5258,6601,3777,920,3745,6399,3187,1321,49,5253,6347,6573,1194,3299,220,1153,5388,441,5237,5258
ACSSF,2019m1,nc,000,0005,0000057,,,,,,,,,,,,,,,,,,,,,,,,,,,,,,,,,,,,,,,,,,,,,,,,,,,,,27,3349,3346,27,3349,3346,4186,752,558,1887,676,941,1170,27,3349,4659,3780,261,1510,216,1377,1036,550,895,3346
ACSSF,2019m1,nc,000,0005,0000058,,,,,,,,,,,,,,,,,,,,,,,,,,,,,,,,,,,,,,,,,,,,,,,,,,,,,452,3154,3095,452,3154,3095,3229,1176,967,956,3667,792,321,452,3154,3233,3019,236,1319,250,1690,2295,216,2295,3095
ACSSF,2019m1,nc,000,0005,0000059,,,,,,,,,,,,,,,,,,,,,,,,,,,,,,,,59,2275,3610,3511,884,1372,403,962,2437,638,2400,2262,2314,1639,147,216,216,1696,964,489,836,59,2275,2262,59,2275,2262,2056,2254,766,1396,1725,1100,1054,59,2275,3610,3511,884,1372,403,962,2437,638,2400,2262
ACSSF,2019m1,nc,000,0005,0000060,,,,,,,,,,,,,,,,,,,,,,,,,,,,,,,,,,,,,,,,,,,,,,,,,,,,,35,1916,1908,35,1916,1908,1786,990,127,931,1246,690,130,35,1916,2838,3019,296,829,216,490,1128,178,1113,1908
ACSSF,2019m1,nc,000,0005,0000061,,,,,,,,,,,,,,,,,,,,,,,,,,,,,,,,72,3940,5276,6538,1197,2115,192,981,3812,280,3769,3934,4051,1161,585,216,216,2819,1200,400,1127,72,3940,3934,72,3940,3934,2876,1873,214,756,2931,1138,1137,72,3940,5276,6538,1197,2115,192,981,3812,280,3769,3934
ACSSF,2019m1,nc,000,0005,0000062,,,,,,,,,,,,,,,,,,,,,,,,,,,,,,,,,,,,,,,,,,,,,,,,,,,,,37,681,683,,,,,,,,,,,37,681,2875,3355,216,1060,216,629,2236,154,2190,683
ACSSF,2019m1,nc,000,0005,0000063,,,,,,,,,,,,,,,,,,,,,,,,,,,,,,,,,,,,,,,,,,,,,,,,,,,,,1311,3619,3518,1311,3619,3518,2796,682,207,216,1149,425,999,1311,3619,4419,4713,1158,2060,216,255,1307,194,1302,3518
ACSSF,2019m1,nc,000,0005,0000064,,,,,,,,,,,,,,,,,,,,,,,,,,,,,,,,22,2975,3755,2915,292,683,48,75,1652,107,1645,2972,3158,667,118,289,216,475,1289,444,1264,22,2975,2972,22,2975,2972,3400,1393,226,592,606,356,365,22,2975,3755,2915,292,683,48,75,1652,107,1645,2972
ACSSF,2019m1,nc,000,0005,0000065,,,,,,,,,,,,,,,,,,,,,,,,,,,,,,,,769,7191,9102,7935,1059,3533,216,394,2338,1059,2077,6944,5412,1871,1559,216,113,6507,942,464,802,769,7191,6944,769,7191,6944,6359,3039,1081,4439,4780,2404,2468,769,7191,9102,7935,1059,3533,216,394,2338,1059,2077,6944
ACSSF,2019m1,nc,000,0005,0000066,,,,,,,,,,,,,,,,,,,,,,,,,,,,,,,,,,,,,,,,,,,,,,,,,,,,,62,2086,2091,62,2086,2091,2123,381,208,153,1086,227,523,62,2086,2947,2595,344,542,178,403,1261,216,1261,2091
ACSSF,2019m1,nc,000,0005,0000067,,,,,,,,,,,,,,,,,,,,,,,,,,,,,,,,38,2677,4145,3823,444,1139,216,333,2257,104,2263,2677,3535,2068,158,216,216,2505,1194,1116,275,38,2677,2677,38,2677,2677,4287,1595,390,221,2795,1523,927,38,2677,4145,3823,444,1139,216,333,2257,104,2263,2677
ACSSF,2019m1,nc,000,0005,0000068,,,,,,,,,,,,,,,,,,,,,,,,,,,,,,,,,,,,,,,,,,,,,,,,,,,,,40,2550,2543,,,,,,,,,,,40,2550,3397,2376,765,832,216,216,699,29,697,2543
ACSSF,2019m1,nc,000,0005,0000069,49,5253,5258,6601,3777,920,3745,6399,1465,2956,5431,732,360,4697,216,3187,161,216,108,1757,1677,216,1235,1351,657,216,1321,417,94,216,1235,49,5253,6347,6573,1194,3299,220,1153,5388,441,5237,5258,7741,2408,1563,232,216,7801,1116,866,661,49,5253,5258,49,5253,5258,6601,3777,920,3745,6399,3187,1321,49,5253,6347,6573,1194,3299,220,1153,5388,441,5237,5258
ACSSF,2019m1,nc,000,0005,0000070,,,,,,,,,,,,,,,,,,,,,,,,,,,,,,,,,,,,,,,,,,,,,,,,,,,,,27,3349,3346,27,3349,3346,4186,752,558,1887,676,941,1170,27,3349,4659,3780,261,1510,216,1377,1036,550,895,3346
ACSSF,2019m1,nc,000,0005,0000071,,,,,,,,,,,,,,,,,,,,,,,,,,,,,,,,,,,,,,,,,,,,,,,,,,,,,35,1916,1908,35,1916,1908,1786,990,127,931,1246,690,130,35,1916,2838,3019,296,829,216,490,1128,178,1113,1908
ACSSF,2019m1,nc,000,0005,0000072,,,,,,,,,,,,,,,,,,,,,,,,,,,,,,,,,,,,,,,,,,,,,,,,,,,,,43,3097,3095,43,3097,3095,3229,1176,967,956,3667,792,321,43,3097,3223,3019,236,1562,250,1690,2295,216,2295,3095
ACSSF,2019m1,nc,000,0005,0000073,,,,,,,,,,,,,,,,,,,,,,,,,,,,,,,,59,2275,3610,3511,884,1372,403,962,2437,638,2400,2262,2314,1639,147,216,216,1696,964,489,836,59,2275,2262,59,2275,2262,2056,2254,766,1396,1725,1100,1054,59,2275,3610,3511,884,1372,403,962,2437,638,2400,2262
ACSSF,2019m1,nc,000,0005,0000074,,,,,,,,,,,,,,,,,,,,,,,,,,,,,,,,72,3940,5276,6538,1197,2115,192,981,3812,280,3769,3934,4051,1161,585,216,216,2819,1200,400,1127,72,3940,3934,72,3940,3934,2876,1873,214,756,2931,1138,1137,72,3940,5276,6538,1197,2115,192,981,3812,280,3769,3934
ACSSF,2019m1,nc,000,0005,0000075,,,,,,,,,,,,,,,,,,,,,,,,,,,,,,,,,,,,,,,,,,,,,,,,,,,,,48,3522,3518,48,3522,3518,2796,682,207,216,1149,425,999,48,3522,4302,4764,1151,2060,216,255,1271,194,1264,3518
ACSSF,2019m1,nc,000,0005,0000076,,,,,,,,,,,,,,,,,,,,,,,,,,,,,,,,,,,,,,,,,,,,,,,,,,,,,37,681,683,,,,,,,,,,,37,681,2875,3355,216,1060,216,629,2236,154,2190,683
ACSSF,2019m1,nc,000,0005,0000077,,,,,,,,,,,,,,,,,,,,,,,,,,,,,,,,22,2975,3755,2915,292,683,48,75,1652,107,1645,2972,3158,667,118,289,216,475,1289,444,1264,22,2975,2972,22,2975,2972,3400,1393,226,592,606,356,365,22,2975,3755,2915,292,683,48,75,1652,107,1645,2972
ACSSF,2019m1,nc,000,0005,0000078,,,,,,,,,,,,,,,,,,,,,,,,,,,,,,,,56,3080,4797,3388,426,3741,98,489,1373,502,1293,3071,2084,1205,173,479,216,2160,528,295,428,56,3080,3071,56,3080,3071,2157,836,751,440,1203,730,469,56,3080,4797,3388,426,3741,98,489,1373,502,1293,3071
ACSSF,2019m1,nc,000,0005,0000079,,,,,,,,,,,,,,,,,,,,,,,,,,,,,,,,73,6948,9086,7931,1059,3464,216,394,2219,685,2077,6944,5412,1871,1559,216,113,6507,942,464,802,73,6948,6944,73,6948,6944,6359,3039,1081,4439,4780,2404,2468,73,6948,9086,7931,1059,3464,216,394,2219,685,2077,6944
ACSSF,2019m1,nc,000,0005,0000080,,,,,,,,,,,,,,,,,,,,,,,,,,,,,,,,,,,,,,,,,,,,,,,,,,,,,62,2086,2091,62,2086,2091,2123,381,208,153,1086,227,523,62,2086,2947,2595,344,542,178,403,1261,216,1261,2091
ACSSF,2019m1,nc,000,0005,0000081,,,,,,,,,,,,,,,,,,,,,,,,,,,,,,,,38,2677,4145,3823,444,1139,216,333,2257,104,2263,2677,3535,2068,158,216,216,2505,1194,1116,275,38,2677,2677,38,2677,2677,4287,1595,390,221,2795,1523,927,38,2677,4145,3823,444,1139,216,333,2257,104,2263,2677
ACSSF,2019m1,nc,000,0005,0000082,,,,,,,,,,,,,,,,,,,,,,,,,,,,,,,,7648,7383,5378,7045,643,3463,377,1748,4006,311,4010,3382,4236,578,163,216,216,3865,1038,736,578,7648,7383,3382,7648,7383,3382,4569,1520,1416,746,4101,1336,1212,7648,7383,5378,7045,643,3463,377,1748,4006,311,4010,3382
ACSSF,2019m1,nc,000,0005,0000083,10987,11268,7127,7088,3685,1838,1408,4204,547,967,2410,2510,96,2411,1199,1007,397,63,216,444,487,63,452,216,416,216,1365,699,132,216,1230,10987,11268,10719,8604,1078,3420,216,548,3566,416,3506,7127,7492,2550,265,1175,1567,5737,1644,1126,1057,10987,11268,7127,10987,11268,7127,7088,3685,1838,1408,4204,1007,1365,10987,11268,10719,8604,1078,3420,216,548,3566,416,3506,7127
ACSSF,2019m1,nc,000,0005,0000084,,,,,,,,,,,,,,,,,,,,,,,,,,,,,,,,5503,5718,4458,5027,842,1990,416,377,3380,1018,3478,2006,3387,1573,254,317,42,2995,1886,1293,1504,5503,5718,2006,5503,5718,2006,4211,2364,742,863,1799,1519,788,5503,5718,4458,5027,842,1990,416,377,3380,1018,3478,2006
ACSSF,2019m1,nc,000,0005,0000085,10713,10682,6571,6750,3579,1450,4681,5061,877,1995,2474,408,433,4410,1242,2643,584,520,825,1043,573,27,423,97,1969,216,3473,1013,91,216,3289,10713,10682,9008,8256,1059,4592,113,991,3685,1072,3465,6571,6559,2522,1594,479,113,6791,1548,820,1131,10713,10682,6571,10713,10682,6571,6750,3579,1450,4681,5061,2643,3473,10713,10682,9008,8256,1059,4592,113,991,3685,1072,3465,6571
ACSSF,2019m1,nc,000,0005,0000086,,,,,,,,,,,,,,,,,,,,,,,,,,,,,,,,1723,1723,1765,2658,794,1414,498,421,2749,111,2750,5,3605,2108,425,449,113,2933,1474,1282,707,1723,1723,5,1723,1723,5,4177,2127,640,804,3248,1709,2369,1723,1723,1765,2658,794,1414,498,421,2749,111,2750,5
ACSSF,2019m1,nc,000,0005,0000087,,,,,,,,,,,,,,,,,,,,,,,,,,,,,,,,9694,9218,6067,8574,641,2941,300,2156,5224,149,5212,3240,5817,2669,2727,441,216,5769,1166,835,931,9694,9218,3240,9694,9218,3240,4754,2608,1376,939,3716,1519,1363,9694,9218,6067,8574,641,2941,300,2156,5224,149,5212,3240
ACSSF,2019m1,nc,000,0005,0000088,,,,,,,,,,,,,,,,,,,,,,,,,,,,,,,,6685,6491,6331,5471,1095,1343,295,546,3748,469,3806,3152,4683,456,294,216,118,3570,1293,819,911,6685,6491,3152,6685,6491,3152,4855,1464,496,349,3999,1401,2761,6685,6491,6331,5471,1095,1343,295,546,3748,469,3806,3152
ACSSF,2019m1,nc,000,0005,0000089,5694,5451,2461,5142,3262,1063,2377,3674,1426,2012,1672,706,886,1589,909,1490,328,282,354,1049,216,135,591,216,1077,216,1856,956,175,216,1487,5694,5451,5202,5475,1498,1811,368,1818,5469,1051,5435,2461,5805,1837,1347,216,152,5654,1854,943,1560,5694,5451,2461,5694,5451,2461,5142,3262,1063,2377,3674,1490,1856,5694,5451,5202,5475,1498,1811,368,1818,5469,1051,5435,2461
ACSSF,2019m1,nc,000,0005,0000090,9544,9289,4033,4050,2953,590,642,3355,110,1865,2521,68,355,615,216,1748,216,96,291,1070,1004,216,683,76,422,94,1180,829,496,216,729,9544,9289,8906,6091,1680,3504,203,1001,3457,352,3410,4033,4403,751,208,216,244,4535,971,790,692,9544,9289,4033,9544,9289,4033,4050,2953,590,642,3355,1748,1180,9544,9289,8906,6091,1680,3504,203,1001,3457,352,3410,4033
ACSSF,2019m1,nc,000,0005,0000091,,,,,,,,,,,,,,,,,,,,,,,,,,,,,,,,6318,6620,6381,3887,1216,2079,637,636,2367,181,2356,3069,4586,306,692,104,130,3586,2080,1634,1185,6318,6620,3069,6318,6620,3069,3681,1689,1289,931,3091,1727,752,6318,6620,6381,3887,1216,2079,637,636,2367,181,2356,3069
ACSSF,2019m1,nc,000,0005,0000092,,,,,,,,,,,,,,,,,,,,,,,,,,,,,,,,5595,6060,6010,3001,1242,1235,563,2120,1963,273,1900,3008,3846,756,1089,212,114,3972,985,914,259,5595,6060,3008,5595,6060,3008,4173,1487,1190,415,2402,2038,1232,5595,6060,6010,3001,1242,1235,563,2120,1963,273,1900,3008
ACSSF,2019m1,nc,000,0005,0000093,8784,8398,3789,6825,3585,1221,3747,6131,1463,3013,5153,730,360,4700,216,3782,161,216,127,2549,1765,216,1529,1346,1951,216,1368,401,94,216,1283,8784,8398,7498,5377,1209,4056,229,1185,4838,432,4691,3789,8298,2296,1570,232,216,7980,1119,866,672,8784,8398,3789,8784,8398,3789,6825,3585,1221,3747,6131,3782,1368,8784,8398,7498,5377,1209,4056,229,1185,4838,432,4691,3789
ACSSF,2019m1,nc,000,0005,0000094,11045,10505,4223,4953,2859,287,1091,3738,130,1893,1013,264,506,3433,216,1685,424,249,216,1222,416,216,516,458,248,216,1576,1222,358,216,1027,11045,10505,6691,7813,824,2503,177,1022,3490,457,3359,4223,4470,2187,715,132,105,3320,1918,1715,1187,11045,10505,4223,11045,10505,4223,4953,2859,287,1091,3738,1685,1576,11045,10505,6691,7813,824,2503,177,1022,3490,457,3359,4223
ACSSF,2019m1,nc,000,0005,0000095,,,,,,,,,,,,,,,,,,,,,,,,,,,,,,,,1513,1390,1395,600,389,385,86,121,510,29,514,548,959,216,216,447,216,927,579,482,309,1513,1390,548,,,,,,,,,,,1513,1390,1395,600,389,385,86,121,510,29,514,548
ACSSF,2019m1,nc,000,0005,0000096,,,,,,,,,,,,,,,,,,,,,,,,,,,,,,,,,,,,,,,,,,,,,,,,,,,,,1513,1385,508,,,,,,,,,,,1513,1385,1350,1244,368,191,488,216,934,28,933,508
ACSSF,2019m1,nc,000,0005,0000097,,,,,,,,,,,,,,,,,,,,,,,,,,,,,,,,,,,,,,,,,,,,,,,,,,,,,0,0,0,,,,,,,,,,,0,0,216,1413,571,346,210,216,1272,216,1272,0
ACSSF,2019m1,nc,000,0005,0000098,,,,,,,,,,,,,,,,,,,,,,,,,,,,,,,,113,216,1453,1955,470,705,243,230,1085,232,1099,179,1648,225,953,216,216,1882,1017,961,282,113,216,179,,,,,,,,,,,113,216,1453,1955,470,705,243,230,1085,232,1099,179
ACSSF,2019m1,nc,000,0005,0000099,,,,,,,,,,,,,,,,,,,,,,,,,,,,,,,,,,,,,,,,,,,,,,,,,,,,,1299,1303,682,,,,,,,,,,,1299,1303,1122,2554,519,350,216,183,1741,216,1741,682
ACSSF,2019m1,nc,000,0005,0000100,,,,,,,,,,,,,,,,,,,,,,,,,,,,,,,,,,,,,,,,,,,,,,,,,,,,,1299,1242,671,,,,,,,,,,,1299,1242,1587,1772,288,839,72,71,837,216,837,671
ACSSF,2019m1,nc,000,0005,0000101,,,,,,,,,,,,,,,,,,,,,,,,,,,,,,,,,,,,,,,,,,,,,,,,,,,,,2043,2262,812,2043,2262,812,820,937,258,216,677,598,381,2043,2262,1991,1899,107,653,146,95,971,216,971,812
ACSSF,2019m1,nc,000,0005,0000102,,,,,,,,,,,,,,,,,,,,,,,,,,,,,,,,,,,,,,,,,,,,,,,,,,,,,1539,1723,788,,,,,,,,,,,1539,1723,2735,2518,410,334,98,216,302,21,300,788
ACSSF,2019m1,nc,000,0005,0000103,,,,,,,,,,,,,,,,,,,,,,,,,,,,,,,,,,,,,,,,,,,,,,,,,,,,,0,0,0,,,,,,,,,,,0,0,216,1476,268,302,93,216,1349,216,1349,0
ACSSF,2019m1,nc,000,0005,0000104,,,,,,,,,,,,,,,,,,,,,,,,,,,,,,,,,,,,,,,,,,,,,,,,,,,,,1973,1946,831,,,,,,,,,,,1973,1946,1653,1770,201,681,70,17,841,116,836,831
ACSSF,2019m1,nc,000,0005,0000105,,,,,,,,,,,,,,,,,,,,,,,,,,,,,,,,0,0,246,1368,607,335,216,65,1245,237,1225,0,3644,492,216,216,216,3624,540,496,239,0,0,0,0,0,0,3111,2174,377,328,2791,600,350,0,0,246,1368,607,335,216,65,1245,237,1225,0
ACSSF,2019m1,nc,000,0005,0000106,,,,,,,,,,,,,,,,,,,,,,,,,,,,,,,,,,,,,,,,,,,,,,,,,,,,,9562,8716,3667,9562,8716,3667,3352,1112,852,81,1738,1151,1323,9562,8716,5445,5847,497,1857,216,252,990,286,971,3667
ACSSF,2019m1,nc,000,0005,0000107,,,,,,,,,,,,,,,,,,,,,,,,,,,,,,,,9502,7570,6892,5644,583,2011,216,266,1389,486,1262,5208,1465,413,216,216,216,5237,468,109,460,9502,7570,5208,9502,7570,5208,3719,536,281,736,2643,2019,2478,9502,7570,6892,5644,583,2011,216,266,1389,486,1262,5208
ACSSF,2019m1,nc,000,0005,0000108,,,,,,,,,,,,,,,,,,,,,,,,,,,,,,,,,,,,,,,,,,,,,,,,,,,,,9516,9177,5125,9516,9177,5125,4135,2211,350,2016,2189,469,668,9516,9177,7603,5680,115,1373,216,498,1312,387,1264,5125
ACSSF,2019m1,nc,000,0005,0000109,,,,,,,,,,,,,,,,,,,,,,,,,,,,,,,,,,,,,,,,,,,,,,,,,,,,,10941,11433,5778,10941,11433,5778,4083,2446,615,4101,3268,431,511,10941,11433,6000,9092,137,2455,216,498,2148,216,2148,5778
ACSSF,2019m1,nc,000,0005,0000110,,,,,,,,,,,,,,,,,,,,,,,,,,,,,,,,7124,6135,6854,6215,1356,2754,216,141,969,216,969,4832,4027,1852,84,216,216,1624,460,316,257,7124,6135,4832,7124,6135,4832,4204,1188,301,216,2217,538,272,7124,6135,6854,6215,1356,2754,216,141,969,216,969,4832
ACSSF,2019m1,nc,000,0005,0000111,,,,,,,,,,,,,,,,,,,,,,,,,,,,,,,,,,,,,,,,,,,,,,,,,,,,,6815,6966,2274,,,,,,,,,,,6815,6966,6790,3007,315,4044,216,347,1823,369,1768,2274
ACSSF,2019m1,nc,000,0005,0000112,,,,,,,,,,,,,,,,,,,,,,,,,,,,,,,,6342,5527,4846,3314,365,2923,98,159,1247,309,1268,3237,2256,1205,173,479,216,2620,528,295,428,6342,5527,3237,6342,5527,3237,2673,494,176,440,887,669,1397,6342,5527,4846,3314,365,2923,98,159,1247,309,1268,3237
ACSSF,2019m1,nc,000,0005,0000113,,,,,,,,,,,,,,,,,,,,,,,,,,,,,,,,,,,,,,,,,,,,,,,,,,,,,4715,5723,4070,4715,5723,4070,3840,848,1732,216,949,685,862,4715,5723,6064,3772,134,3055,59,191,953,420,924,4070
ACSSF,2019m1,nc,000,0005,0000114,,,,,,,,,,,,,,,,,,,,,,,,,,,,,,,,,,,,,,,,,,,,,,,,,,,,,7684,6696,4483,7684,6696,4483,2740,1089,337,868,4048,666,110,7684,6696,3800,6281,215,1793,216,1690,1629,660,1543,4483
ACSSF,2019m1,nc,000,0005,0000115,,,,,,,,,,,,,,,,,,,,,,,,,,,,,,,,,,,,,,,,,,,,,,,,,,,,,7684,6696,4483,7684,6696,4483,3494,423,877,415,3837,689,324,7684,6696,3804,5779,91,1203,250,216,2194,126,2198,4483
ACSSF,2019m1,nc,000,0005,0000116,,,,,,,,,,,,,,,,,,,,,,,,,,,,,,,,,,,,,,,,,,,,,,,,,,,,,22,22,4,22,22,4,2036,942,512,78,1598,1182,719,22,22,69,1407,289,607,17,711,1327,309,1305,4
ACSSF,2019m1,nc,000,0005,0000117,,,,,,,,,,,,,,,,,,,,,,,,,,,,,,,,,,,,,,,,,,,,,,,,,,,,,0,0,0,0,0,0,2988,767,216,394,2173,768,1384,0,0,1948,1581,81,324,216,1965,1623,35,1620,0
ACSSF,2019m1,nc,000,0005,0000118,,,,,,,,,,,,,,,,,,,,,,,,,,,,,,,,115,115,240,1959,192,411,132,75,2009,144,1995,2,3013,556,1675,210,216,3152,323,157,276,115,115,2,115,115,2,2353,667,12,739,1966,1271,387,115,115,240,1959,192,411,132,75,2009,144,1995,2
ACSSF,2019m1,nc,000,0005,0000119,,,,,,,,,,,,,,,,,,,,,,,,,,,,,,,,8037,7552,4990,6536,924,1915,192,830,3428,95,3413,2916,2206,562,254,216,216,1705,364,213,271,8037,7552,2916,8037,7552,2916,1866,1293,214,216,1593,1032,305,8037,7552,4990,6536,924,1915,192,830,3428,95,3413,2916
ACSSF,2019m1,nc,000,0005,0000120,,,,,,,,,,,,,,,,,,,,,,,,,,,,,,,,,,,,,,,,,,,,,,,,,,,,,8168,6889,3631,8168,6889,3631,2105,1382,216,624,2495,541,1048,8168,6889,3743,6177,739,2206,216,465,1895,261,1861,3631
ACSSF,2019m1,nc,000,0005,0000121,,,,,,,,,,,,,,,,,,,,,,,,,,,,,,,,,,,,,,,,,,,,,,,,,,,,,9159,8693,2509,,,,,,,,,,,9159,8693,5332,7431,269,1961,216,846,1665,216,1665,2509
ACSSF,2019m1,nc,000,0005,0000122,,,,,,,,,,,,,,,,,,,,,,,,,,,,,,,,,,,,,,,,,,,,,,,,,,,,,5315,6120,3988,5315,6120,3988,3568,672,207,216,1162,830,1004,5315,6120,5300,4948,1120,2092,216,255,1444,194,1426,3988
ACSSF,2019m1,nc,000,0005,0000123,,,,,,,,,,,,,,,,,,,,,,,,,,,,,,,,,,,,,,,,,,,,,,,,,,,,,5956,5972,3239,5956,5972,3239,1881,1042,171,93,1727,1106,832,5956,5972,4567,4258,122,844,216,314,348,73,348,3239
ACSSF,2019m1,nc,000,0005,0000124,,,,,,,,,,,,,,,,,,,,,,,,,,,,,,,,,,,,,,,,,,,,,,,,,,,,,6983,6829,4628,6983,6829,4628,4764,1128,325,201,2327,565,349,6983,6829,6011,4680,431,1135,216,119,2282,77,2281,4628
ACSSF,2019m1,nc,000,0005,0000125,,,,,,,,,,,,,,,,,,,,,,,,,,,,,,,,,,,,,,,,,,,,,,,,,,,,,4281,4772,2672,4281,4772,2672,2475,954,244,554,952,1029,300,4281,4772,4687,3167,487,1258,108,183,702,216,702,2672
ACSSF,2019m1,nc,000,0005,0000126,,,,,,,,,,,,,,,,,,,,,,,,,,,,,,,,,,,,,,,,,,,,,,,,,,,,,3799,3529,740,,,,,,,,,,,3799,3529,3434,1490,97,358,216,126,1035,121,1032,740
ACSSF,2019m1,nc,000,0005,0000127,,,,,,,,,,,,,,,,,,,,,,,,,,,,,,,,,,,,,,,,,,,,,,,,,,,,,0,0,0,0,0,0,1023,878,216,216,218,106,444,0,0,216,1132,216,607,216,216,1016,216,1016,0
ACSSF,2019m1,nc,000,0005,0000128,,,,,,,,,,,,,,,,,,,,,,,,,,,,,,,,474,371,540,1291,522,320,553,2085,1238,273,1193,107,1322,88,848,216,216,1487,40,216,40,474,371,107,474,371,107,1247,372,114,216,1092,170,688,474,371,540,1291,522,320,553,2085,1238,273,1193,107
ACSSF,2019m1,nc,000,0005,0000129,,,,,,,,,,,,,,,,,,,,,,,,,,,,,,,,,,,,,,,,,,,,,,,,,,,,,4967,5067,2835,4967,5067,2835,2461,796,485,216,2246,1288,345,4967,5067,5162,1878,746,896,216,101,1024,29,1025,2835
ACSSF,2019m1,nc,000,0005,0000130,,,,,,,,,,,,,,,,,,,,,,,,,,,,,,,,,,,,,,,,,,,,,,,,,,,,,4967,5067,2834,,,,,,,,,,,4967,5067,5153,1449,97,833,107,216,843,216,843,2834
ACSSF,2019m1,nc,000,0005,0000131,,,,,,,,,,,,,,,,,,,,,,,,,,,,,,,,3087,2871,2773,559,1057,547,216,216,966,216,966,1085,1003,119,430,212,75,1045,723,723,216,3087,2871,1085,3087,2871,1085,849,907,596,57,401,216,891,3087,2871,2773,559,1057,547,216,216,966,216,966,1085
ACSSF,2019m1,nc,000,0005,0000132,,,,,,,,,,,,,,,,,,,,,,,,,,,,,,,,,,,,,,,,,,,,,,,,,,,,,3087,2875,1077,3087,2875,1077,1020,346,281,379,267,459,128,3087,2875,2748,744,912,474,216,53,516,216,516,1077
ACSSF,2019m1,nc,000,0005,0000133,,,,,,,,,,,,,,,,,,,,,,,,,,,,,,,,,,,,,,,,,,,,,,,,,,,,,30,668,669,,,,,,,,,,,30,668,939,1277,420,555,216,229,1073,216,1073,669
ACSSF,2019m1,nc,000,0005,0000134,,,,,,,,,,,,,,,,,,,,,,,,,,,,,,,,,,,,,,,,,,,,,,,,,,,,,4526,4741,1317,,,,,,,,,,,4526,4741,3940,3201,1147,320,216,209,967,216,967,1317
ACSSF,2019m1,nc,000,0005,0000135,,,,,,,,,,,,,,,,,,,,,,,,,,,,,,,,,,,,,,,,,,,,,,,,,,,,,4498,4588,1181,,,,,,,,,,,4498,4588,3851,2794,330,1352,129,288,780,216,780,1181
ACSSF,2019m1,nc,000,0005,0000136,,,,,,,,,,,,,,,,,,,,,,,,,,,,,,,,,,,,,,,,,,,,,,,,,,,,,538,447,108,538,447,108,1360,948,370,216,831,281,147,538,447,428,1319,280,280,216,216,1334,216,1334,108
ACSSF,2019m1,nc,000,0005,0000137,,,,,,,,,,,,,,,,,,,,,,,,,,,,,,,,,,,,,,,,,,,,,,,,,,,,,3811,3544,740,3811,3544,740,2498,727,58,651,1657,1336,654,3811,3544,3390,2110,323,608,216,216,1823,261,1755,740
ACSSF,2019m1,nc,000,0005,0000138,,,,,,,,,,,,,,,,,,,,,,,,,,,,,,,,,,,,,,,,,,,,,,,,,,,,,4037,3917,1921,4037,3917,1921,1260,70,1017,931,477,140,280,4037,3917,3871,2557,544,984,622,235,785,216,785,1921
ACSSF,2019m1,nc,000,0005,0000139,,,,,,,,,,,,,,,,,,,,,,,,,,,,,,,,,,,,,,,,,,,,,,,,,,,,,4042,3924,1922,4042,3924,1922,1922,1004,996,216,1275,724,194,4042,3924,3940,2984,296,825,216,490,1154,178,1140,1922
ACSSF,2019m1,nc,000,0005,0000140,,,,,,,,,,,,,,,,,,,,,,,,,,,,,,,,7321,7471,3898,6096,1187,2551,229,535,1438,54,1437,4326,1219,291,1441,57,216,4027,669,640,229,7321,7471,4326,7321,7471,4326,3642,315,317,1501,1888,512,205,7321,7471,3898,6096,1187,2551,229,535,1438,54,1437,4326
ACSSF,2019m1,nc,000,0005,0000141,,,,,,,,,,,,,,,,,,,,,,,,,,,,,,,,,,,,,,,,,,,,,,,,,,,,,9496,8585,4280,9496,8585,4280,2347,409,88,1538,2713,611,228,9496,8585,2606,8988,195,1950,110,226,1658,216,1658,4280
ACSSF,2019m1,nc,000,0005,0000142,,,,,,,,,,,,,,,,,,,,,,,,,,,,,,,,,,,,,,,,,,,,,,,,,,,,,10420,8553,5973,10420,8553,5973,4032,1292,186,2902,3864,232,1125,10420,8553,2993,8016,216,3093,183,216,2220,163,2206,5973
ACSSF,2019m1,nc,000,0005,0000143,,,,,,,,,,,,,,,,,,,,,,,,,,,,,,,,,,,,,,,,,,,,,,,,,,,,,8568,7988,3931,8568,7988,3931,1990,1593,163,341,2813,1392,67,8568,7988,7118,2878,207,2541,216,511,2903,121,2906,3931
ACSSF,2019m1,nc,000,0005,0000144,,,,,,,,,,,,,,,,,,,,,,,,,,,,,,,,,,,,,,,,,,,,,,,,,,,,,9397,8150,5205,9397,8150,5205,4173,1290,257,1065,3228,1286,411,9397,8150,5148,6069,282,1662,216,265,1012,216,1012,5205
ACSSF,2019m1,nc,000,0005,0000145,,,,,,,,,,,,,,,,,,,,,,,,,,,,,,,,,,,,,,,,,,,,,,,,,,,,,7361,7142,4499,7361,7142,4499,3044,803,980,943,1357,2675,276,7361,7142,5802,6808,216,1252,26,236,1062,62,1061,4499
ACSSF,2019m1,nc,000,0005,0000146,,,,,,,,,,,,,,,,,,,,,,,,,,,,,,,,,,,,,,,,,,,,,,,,,,,,,7404,7601,4906,7404,7601,4906,2968,2993,480,818,2051,877,547,7404,7601,4443,7265,216,2611,216,740,2964,353,2739,4906
ACSSF,2019m1,nc,000,0005,0000147,,,,,,,,,,,,,,,,,,,,,,,,,,,,,,,,,,,,,,,,,,,,,,,,,,,,,9891,9185,4371,9891,9185,4371,2276,1039,443,362,2412,2598,274,9891,9185,6123,7859,216,3320,81,308,1356,216,1356,4371
ACSSF,2019m1,nc,000,0005,0000148,,,,,,,,,,,,,,,,,,,,,,,,,,,,,,,,,,,,,,,,,,,,,,,,,,,,,5608,5446,2231,5608,5446,2231,3790,1135,782,1724,1016,980,1343,5608,5446,4184,3565,261,1396,216,389,2610,595,2507,2231
ACSSF,2019m1,nc,000,0005,0000149,,,,,,,,,,,,,,,,,,,,,,,,,,,,,,,,,,,,,,,,,,,,,,,,,,,,,5608,5446,2231,5608,5446,2231,1577,1429,213,813,1125,457,216,5608,5446,3801,4264,216,1315,216,1345,1419,216,1419,2231
ACSSF,2019m1,nc,000,0005,0000150,,,,,,,,,,,,,,,,,,,,,,,,,,,,,,,,,,,,,,,,,,,,,,,,,,,,,120,120,216,120,120,216,1650,681,201,771,1565,489,939,120,120,597,1234,199,523,216,517,1338,433,1288,216
ACSSF,2019m1,nc,000,0005,0000151,,,,,,,,,,,,,,,,,,,,,,,,,,,,,,,,,,,,,,,,,,,,,,,,,,,,,0,0,0,0,0,0,2101,1958,216,216,1940,443,255,0,0,216,754,184,542,177,104,844,216,844,0
ACSSF,2019m1,nc,000,0005,0000152,,,,,,,,,,,,,,,,,,,,,,,,,,,,,,,,,,,,,,,,,,,,,,,,,,,,,0,0,0,0,0,0,1906,1122,1340,53,973,216,330,0,0,216,1925,374,1458,216,216,1237,216,1237,0
ACSSF,2019m1,nc,000,0005,0000153,,,,,,,,,,,,,,,,,,,,,,,,,,,,,,,,,,,,,,,,,,,,,,,,,,,,,0,0,0,0,0,0,2465,1137,159,35,2017,174,124,0,0,169,1349,637,1146,326,172,861,144,848,0
ACSSF,2019m1,nc,000,0005,0000154,,,,,,,,,,,,,,,,,,,,,,,,,,,,,,,,0,0,82,957,458,323,216,179,1033,216,1033,0,2346,1423,76,1175,1559,2273,491,440,187,0,0,0,0,0,0,2096,1848,743,663,628,216,779,0,0,82,957,458,323,216,179,1033,216,1033,0
ACSSF,2019m1,nc,000,0005,0000155,,,,,,,,,,,,,,,,,,,,,,,,,,,,,,,,0,0,146,1696,670,849,128,190,1051,20,1061,0,2286,376,101,216,216,2192,350,139,313,0,0,0,0,0,0,3194,340,71,216,2100,172,2234,0,0,146,1696,670,849,128,190,1051,20,1061,0
ACSSF,2019m1,nc,000,0005,0000156,,,,,,,,,,,,,,,,,,,,,,,,,,,,,,,,,,,,,,,,,,,,,,,,,,,,,132,132,216,132,132,216,2211,831,216,216,2497,1114,289,132,132,381,803,224,426,12,107,1023,352,966,216
ACSSF,2019m1,nc,000,0005,0000157,,,,,,,,,,,,,,,,,,,,,,,,,,,,,,,,,,,,,,,,,,,,,,,,,,,,,6738,6457,2231,,,,,,,,,,,6738,6457,6421,2645,262,440,216,216,1713,551,1641,2231
ACSSF,2019m1,nc,000,0005,0000158,,,,,,,,,,,,,,,,,,,,,,,,,,,,,,,,,,,,,,,,,,,,,,,,,,,,,0,0,0,0,0,0,1421,747,654,216,407,240,1073,0,0,636,2329,428,1030,344,629,2444,853,2504,0
ACSSF,2019m1,nc,000,0005,0000159,,,,,,,,,,,,,,,,,,,,,,,,,,,,,,,,,,,,,,,,,,,,,,,,,,,,,0,0,0,0,0,0,1335,841,216,202,844,178,247,0,0,145,678,159,1210,77,216,1426,145,1411,0
ACSSF,2019m1,nc,000,0005,0000160,,,,,,,,,,,,,,,,,,,,,,,,,,,,,,,,,,,,,,,,,,,,,,,,,,,,,1469,1435,324,,,,,,,,,,,1469,1435,1486,1535,226,273,216,370,595,216,595,324
ACSSF,2019m1,nc,000,0005,0000161,,,,,,,,,,,,,,,,,,,,,,,,,,,,,,,,6636,6255,6305,2352,548,699,48,115,2303,107,2323,2095,2760,858,242,289,216,1100,1289,444,1264,6636,6255,2095,6636,6255,2095,3185,1854,235,819,649,356,491,6636,6255,6305,2352,548,699,48,115,2303,107,2323,2095
ACSSF,2019m1,nc,000,0005,0000162,,,,,,,,,,,,,,,,,,,,,,,,,,,,,,,,,,,,,,,,,,,,,,,,,,,,,4688,4543,2006,,,,,,,,,,,4688,4543,4219,1888,282,681,149,324,1775,216,1775,2006
ACSSF,2019m1,nc,000,0005,0000163,,,,,,,,,,,,,,,,,,,,,,,,,,,,,,,,,,,,,,,,,,,,,,,,,,,,,4688,4544,2007,4688,4544,2007,2150,522,208,349,1103,208,1704,4688,4544,4204,2498,361,606,222,437,1282,216,1282,2007
ACSSF,2019m1,nc,000,0005,0000164,,,,,,,,,,,,,,,,,,,,,,,,,,,,,,,,,,,,,,,,,,,,,,,,,,,,,0,0,0,,,,,,,,,,,0,0,108,2031,677,388,32,216,2267,108,2265,0
ACSSF,2019m1,nc,000,0005,0000165,,,,,,,,,,,,,,,,,,,,,,,,,,,,,,,,,,,,,,,,,,,,,,,,,,,,,2275,2384,1300,,,,,,,,,,,2275,2384,1130,2375,1579,685,216,216,1493,82,1491,1300
ACSSF,2019m1,nc,000,0005,0000166,,,,,,,,,,,,,,,,,,,,,,,,,,,,,,,,4526,4173,2999,3667,541,1255,454,650,1959,106,1981,2439,1545,1493,216,216,216,1349,752,304,670,4526,4173,2439,4526,4173,2439,1450,1105,754,588,1338,1026,279,4526,4173,2999,3667,541,1255,454,650,1959,106,1981,2439
ACSSF,2019m1,nc,000,0005,0000167,,,,,,,,,,,,,,,,,,,,,,,,,,,,,,,,5257,4789,3716,3991,937,747,432,406,1107,22,1106,2414,1987,292,216,216,156,1205,760,250,704,5257,4789,2414,5257,4789,2414,1697,1343,549,216,932,468,611,5257,4789,3716,3991,937,747,432,406,1107,22,1106,2414
ACSSF,2019m1,nc,000,0005,0000168,,,,,,,,,,,,,,,,,,,,,,,,,,,,,,,,6370,5784,3606,3706,899,1252,308,709,1529,629,1279,2618,2247,780,264,216,216,1357,1038,734,714,6370,5784,2618,6370,5784,2618,1634,2037,60,1278,1450,575,945,6370,5784,3606,3706,899,1252,308,709,1529,629,1279,2618
ACSSF,2019m1,nc,000,0005,0000169,,,,,,,,,,,,,,,,,,,,,,,,,,,,,,,,,,,,,,,,,,,,,,,,,,,,,2275,2241,1197,2275,2241,1197,1782,305,216,216,1350,60,371,2275,2241,1158,1588,1748,372,95,599,859,76,852,1197
ACSSF,2019m1,nc,000,0005,0000170,,,,,,,,,,,,,,,,,,,,,,,,,,,,,,,,0,158,441,2100,893,603,216,451,2270,216,2270,158,1271,579,241,216,216,1160,580,583,26,0,158,158,0,158,158,1248,1276,88,237,967,493,531,0,158,441,2100,893,603,216,451,2270,216,2270,158
ACSSF,2019m1,nc,000,0005,0000171,,,,,,,,,,,,,,,,,,,,,,,,,,,,,,,,,,,,,,,,,,,,,,,,,,,,,4772,4449,2764,4772,4449,2764,2755,239,375,49,109,440,280,4772,4449,4462,3016,500,1326,216,282,1209,216,1209,2764
ACSSF,2019m1,nc,000,0005,0000172,,,,,,,,,,,,,,,,,,,,,,,,,,,,,,,,,,,,,,,,,,,,,,,,,,,,,4772,4478,2769,4772,4478,2769,1966,2379,421,401,914,1324,884,4772,4478,4267,2225,249,817,161,581,1091,327,1001,2769
ACSSF,2019m1,nc,000,0005,0000173,,,,,,,,,,,,,,,,,,,,,,,,,,,,,,,,3506,3402,2929,2695,618,791,159,1165,2781,638,2690,1242,2390,1590,264,216,156,2024,1390,777,1176,3506,3402,1242,3506,3402,1242,2218,2559,882,1396,2068,1191,1106,3506,3402,2929,2695,618,791,159,1165,2781,638,2690,1242
ACSSF,2019m1,nc,000,0005,0000174,,,,,,,,,,,,,,,,,,,,,,,,,,,,,,,,,,,,,,,,,,,,,,,,,,,,,0,0,0,0,0,0,1421,747,654,216,407,240,1073,0,0,636,2329,428,1030,344,629,2444,853,2504,0
ACSSF,2019m1,nc,000,0005,0000175,,,,,,,,,,,,,,,,,,,,,,,,,,,,,,,,0,0,212,1959,192,411,132,75,2009,144,1995,0,3013,556,1675,210,216,3152,323,157,276,0,0,0,0,0,0,2353,667,12,739,1966,1271,387,0,0,212,1959,192,411,132,75,2009,144,1995,0
ACSSF,2019m1,nc,000,0005,0000176,,,,,,,,,,,,,,,,,,,,,,,,,,,,,,,,,,,,,,,,,,,,,,,,,,,,,0,0,0,,,,,,,,,,,0,0,108,2031,677,388,32,216,2267,108,2265,0
ACSSF,2019m1,nc,000,0005,0000177,,,,,,,,,,,,,,,,,,,,,,,,,,,,,,,,,,,,,,,,,,,,,,,,,,,,,3842,3825,1009,3842,3825,1009,2537,1019,604,216,2452,1894,486,3842,3825,3113,2310,733,765,107,101,1205,29,1203,1009
ACSSF,2019m1,nc,000,0005,0000178,,,,,,,,,,,,,,,,,,,,,,,,,,,,,,,,0,0,393,1143,522,236,553,2085,1181,273,1111,0,882,88,851,216,216,1094,40,216,40,0,0,0,0,0,0,1217,324,216,216,1092,216,688,0,0,393,1143,522,236,553,2085,1181,273,1111,0
ACSSF,2019m1,nc,000,0005,0000179,,,,,,,,,,,,,,,,,,,,,,,,,,,,,,,,,,,,,,,,,,,,,,,,,,,,,3171,3369,2009,3171,3369,2009,3545,1673,782,1878,1153,1026,1343,3171,3369,3223,4408,261,1017,216,1422,2870,595,2745,2009
ACSSF,2019m1,nc,000,0005,0000180,,,,,,,,,,,,,,,,,,,,,,,,,,,,,,,,,,,,,,,,,,,,,,,,,,,,,0,0,0,0,0,0,984,867,216,216,218,106,352,,,,,,,,,,,,
ACSSF,2019m1,nc,000,0005,0000181,,,,,,,,,,,,,,,,,,,,,,,,,,,,,,,,,,,,,,,,,,,,,,,,,,,,,0,0,0,,,,,,,,,,,0,0,62,403,178,251,216,370,528,216,528,0
ACSSF,2019m1,nc,000,0005,0000182,,,,,,,,,,,,,,,,,,,,,,,,,,,,,,,,,,,,,,,,,,,,,,,,,,,,,4014,3618,1927,,,,,,,,,,,4014,3618,3367,2375,272,1143,216,216,624,216,624,1927
ACSSF,2019m1,nc,000,0005,0000183,,,,,,,,,,,,,,,,,,,,,,,,,,,,,,,,,,,,,,,,,,,,,,,,,,,,,3284,3124,2175,3284,3124,2175,766,769,313,78,1617,1035,357,3284,3124,2882,1720,214,1137,216,66,1371,309,1352,2175
ACSSF,2019m1,nc,000,0005,0000184,,,,,,,,,,,,,,,,,,,,,,,,,,,,,,,,,,,,,,,,,,,,,,,,,,,,,0,0,0,,,,,,,,,,,0,0,1948,1297,216,324,216,1965,1337,35,1333,0
ACSSF,2019m1,nc,000,0005,0000185,,,,,,,,,,,,,,,,,,,,,,,,,,,,,,,,,,,,,,,,,,,,,,,,,,,,,0,0,0,,,,,,,,,,,,,,,,,,,,,,
ACSSF,2019m1,nc,000,0005,0000186,,,,,,,,,,,,,,,,,,,,,,,,,,,,,,,,,,,,,,,,,,,,,,,,,,,,,4704,3812,2390,,,,,,,,,,,,,,,,,,,,,,
ACSSF,2019m1,nc,000,0005,0000187,,,,,,,,,,,,,,,,,,,,,,,,,,,,,,,,,,,,,,,,,,,,,,,,,,,,,0,0,0,0,0,0,3829,1194,967,977,3900,997,372,0,0,126,2239,236,1594,250,1690,2450,673,2342,0
ACSSF,2019m1,nc,000,0005,0000188,,,,,,,,,,,,,,,,,,,,,,,,,,,,,,,,0,0,395,2374,251,740,108,372,2478,104,2482,0,3237,2093,425,128,113,2638,1427,1275,407,0,0,0,0,0,0,4035,1853,482,577,3224,1683,988,0,0,395,2374,251,740,108,372,2478,104,2482,0
ACSSF,2019m1,nc,000,0005,0000189,,,,,,,,,,,,,,,,,,,,,,,,,,,,,,,,,,,,,,,,,,,,,,,,,,,,,0,0,0,,,,,,,,,,,0,0,107,1442,199,309,216,183,1393,216,1393,0
ACSSF,2019m1,nc,000,0005,0000190,,,,,,,,,,,,,,,,,,,,,,,,,,,,,,,,0,0,539,1477,551,554,622,539,1418,178,1413,0,1937,107,222,216,130,1868,464,454,120,0,0,0,0,0,0,1825,1010,1045,931,1349,731,339,0,0,539,1477,551,554,622,539,1418,178,1413,0
ACSSF,2019m1,nc,000,0005,0000191,0,0,0,3417,1923,308,756,2896,129,1925,1240,258,1668,1828,216,1513,424,249,143,1192,375,216,346,123,248,216,1503,1166,72,216,958,0,0,1135,3892,628,1248,192,1298,4693,333,4614,0,3581,1451,585,216,105,3568,1883,1576,1166,0,0,0,0,0,0,3417,1923,308,756,2896,1513,1503,0,0,1135,3892,628,1248,192,1298,4693,333,4614,0
ACSSF,2019m1,nc,000,0005,0000192,,,,,,,,,,,,,,,,,,,,,,,,,,,,,,,,0,0,82,957,458,323,216,179,1033,216,1033,0,2346,1423,76,1175,1559,2273,491,440,187,0,0,0,0,0,0,2096,1848,743,663,628,216,779,0,0,82,957,458,323,216,179,1033,216,1033,0
ACSSF,2019m1,nc,000,0005,0000193,,,,,,,,,,,,,,,,,,,,,,,,,,,,,,,,,,,,,,,,,,,,,,,,,,,,,0,0,0,,,,,,,,,,,0,0,229,804,420,555,216,229,995,216,995,0
ACSSF,2019m1,nc,000,0005,0000194,,,,,,,,,,,,,,,,,,,,,,,,,,,,,,,,,,,,,,,,,,,,,,,,,,,,,2700,2565,1658,2700,2565,1658,2173,725,58,651,1628,1292,567,2700,2565,2490,1716,323,431,216,216,1344,261,1283,1658
ACSSF,2019m1,nc,000,0005,0000195,,,,,,,,,,,,,,,,,,,,,,,,,,,,,,,,0,0,246,1368,607,335,216,65,1245,237,1225,0,3644,492,216,216,216,3624,540,496,239,0,0,0,0,0,0,3111,2174,377,328,2791,600,350,0,0,246,1368,607,335,216,65,1245,237,1225,0
ACSSF,2019m1,nc,000,0005,0000196,,,,,,,,,,,,,,,,,,,,,,,,,,,,,,,,,,,,,,,,,,,,,,,,,,,,,0,0,0,,,,,,,,,,,0,0,129,672,330,131,129,129,580,216,580,0
ACSSF,2019m1,nc,000,0005,0000197,0,0,0,7003,3832,1306,3730,6480,1463,3026,5575,732,378,4802,216,3765,161,216,127,2550,1845,216,1628,1351,1957,216,1440,417,94,216,1371,0,0,1086,4331,1194,2602,229,1223,5483,449,5336,0,7524,2312,1567,232,216,7868,1231,1015,661,0,0,0,0,0,0,7003,3832,1306,3730,6480,3765,1440,0,0,1086,4331,1194,2602,229,1223,5483,449,5336,0
ACSSF,2019m1,nc,000,0005,0000198,,,,,,,,,,,,,,,,,,,,,,,,,,,,,,,,,,,,,,,,,,,,,,,,,,,,,0,0,0,,,,,,,,,,,0,0,169,1031,640,403,326,172,687,144,669,0
ACSSF,2019m1,nc,000,0005,0000199,,,,,,,,,,,,,,,,,,,,,,,,,,,,,,,,,,,,,,,,,,,,,,,,,,,,,2156,2156,2,,,,,,,,,,,2156,2156,590,2299,268,265,216,216,1257,216,1257,2
ACSSF,2019m1,nc,000,0005,0000200,,,,,,,,,,,,,,,,,,,,,,,,,,,,,,,,,,,,,,,,,,,,,,,,,,,,,0,0,0,0,0,0,1335,841,216,202,844,178,247,0,0,145,678,159,1210,77,216,1426,145,1411,0
ACSSF,2019m1,nc,000,0005,0000201,,,,,,,,,,,,,,,,,,,,,,,,,,,,,,,,,,,,,,,,,,,,,,,,,,,,,0,0,0,0,0,0,2326,522,252,349,1950,227,1704,0,0,525,1843,402,497,222,525,1904,216,1904,0
ACSSF,2019m1,nc,000,0005,0000202,,,,,,,,,,,,,,,,,,,,,,,,,,,,,,,,3708,3440,3249,2245,450,692,216,115,2066,551,1916,1358,2817,701,204,216,216,1095,1613,1110,1268,3708,3440,1358,3708,3440,1358,3543,1572,136,767,1239,1272,444,3708,3440,3249,2245,450,692,216,115,2066,551,1916,1358
ACSSF,2019m1,nc,000,0005,0000203,,,,,,,,,,,,,,,,,,,,,,,,,,,,,,,,,,,,,,,,,,,,,,,,,,,,,2908,2500,2333,,,,,,,,,,,2908,2500,2655,1587,365,1451,216,216,1116,216,1116,2333
ACSSF,2019m1,nc,000,0005,0000204,,,,,,,,,,,,,,,,,,,,,,,,,,,,,,,,,,,,,,,,,,,,,,,,,,,,,0,0,0,0,0,0,1307,315,43,216,1386,60,388,0,0,382,424,855,372,95,599,867,76,857,0
ACSSF,2019m1,nc,000,0005,0000205,,,,,,,,,,,,,,,,,,,,,,,,,,,,,,,,,,,,,,,,,,,,,,,,,,,,,0,0,0,,,,,,,,,,,,,,,,,,,,,,
ACSSF,2019m1,nc,000,0005,0000206,,,,,,,,,,,,,,,,,,,,,,,,,,,,,,,,,,,,,,,,,,,,,,,,,,,,,2918,2799,1824,2918,2799,1824,1542,681,201,771,1222,489,939,2918,2799,2308,1901,199,523,216,517,1256,433,1193,1824
ACSSF,2019m1,nc,000,0005,0000207,,,,,,,,,,,,,,,,,,,,,,,,,,,,,,,,,,,,,,,,,,,,,,,,,,,,,0,0,0,,,,,,,,,,,0,0,216,863,84,135,216,209,795,216,795,0
ACSSF,2019m1,nc,000,0005,0000208,,,,,,,,,,,,,,,,,,,,,,,,,,,,,,,,0,0,321,1462,445,757,161,646,1777,327,1670,0,2760,525,216,216,184,2602,700,411,632,0,0,0,0,0,0,2637,2403,446,401,915,1371,928,0,0,321,1462,445,757,161,646,1777,327,1670,0
ACSSF,2019m1,nc,000,0005,0000209,0,0,0,7632,3843,2212,4602,5587,875,1126,2647,928,429,4826,1242,2316,613,327,286,721,603,63,565,97,1984,216,3327,1145,162,216,3308,0,0,742,3565,859,1738,113,858,4486,836,4413,0,6280,2876,1578,479,193,6189,1775,949,1353,0,0,0,0,0,0,7632,3843,2212,4602,5587,2316,3327,0,0,742,3565,859,1738,113,858,4486,836,4413,0
ACSSF,2019m1,nc,000,0005,0000210,,,,,,,,,,,,,,,,,,,,,,,,,,,,,,,,,,,,,,,,,,,,,,,,,,,,,0,0,0,0,0,0,2211,831,216,216,2497,1114,289,0,0,364,803,224,426,12,107,1023,352,966,0
ACSSF,2019m1,nc,000,0005,0000211,,,,,,,,,,,,,,,,,,,,,,,,,,,,,,,,,,,,,,,,,,,,,,,,,,,,,0,0,0,,,,,,,,,,,,,,,,,,,,,,
ACSSF,2019m1,nc,000,0005,0000212,,,,,,,,,,,,,,,,,,,,,,,,,,,,,,,,,,,,,,,,,,,,,,,,,,,,,0,0,0,,,,,,,,,,,,,,,,,,,,,,
