ACSSF,2019m1,nc,000,0027,0000001,25667,33431,25795,48625,37619,31691,26109,46751,25202,11377,9299,21949,17934,7956,5101,14848,11894,5313,3526,10895,,,,,,,,,,,,,,,,,,,,,25799,52721,47553,36977,56022,41575,25112,16833,23011,17843,10509,14367,12407,8143,9928,,,,,,,,,,,,,,,
ACSSF,2019m1,nc,000,0027,0000002,,,,,,,,,,,,,,,,,,,,,,,,,,,,,,,,,,,,,,,,,,,,,,,,,,,,,,,,,,,,,,,,,,,,,,
ACSSF,2019m1,nc,000,0027,0000003,,,,,,,,,,,,,,,,,,,,,,,,,,,,,,,,,,,,,,,,,,,,,,,,,,,,,,,,,,,,,,,,,,,,,,
ACSSF,2019m1,nc,000,0027,0000004,,,,,,,,,,,,,,,,,,,,,,,,,,,,,,,,,,,,,,,,,,,,,,,,,,,,,,,,,,,,,,,,,,,,,,
ACSSF,2019m1,nc,000,0027,0000005,,,,,,,,,,,,,,,,,,,,,,,,,,,,,,,,,,,,,,,,,,,,,,,,,,,,,,,,,,,,,,,,,,,,,,
ACSSF,2019m1,nc,000,0027,0000006,,,,,,,,,,,,,,,,,,,,,,,,,,,,,,,,,,,,,,,,,,,,,,,,,,,,,,,,,,,,,,,,,,,,,,
ACSSF,2019m1,nc,000,0027,0000007,,,,,,,,,,,,,,,,,,,,,,,,,,,,,,,,,,,,,,,,,,,,,,,,,,,,,,,,,,,,,,,,,,,,,,
ACSSF,2019m1,nc,000,0027,0000008,,,,,,,,,,,,,,,,,,,,,,,,,,,,,,,,,,,,,,,,,,,,,,,,,,,,,,,,,,,,,,,,,,,,,,
ACSSF,2019m1,nc,000,0027,0000009,,,,,,,,,,,,,,,,,,,,,,,,,,,,,,,,,,,,,,,,,,,,,,,,,,,,,,,,,,,,,,,,,,,,,,
ACSSF,2019m1,nc,000,0027,0000010,,,,,,,,,,,,,,,,,,,,,,,,,,,,,,,,,,,,,,,,,,,,,,,,,,,,,,,,,,,,,,,,,,,,,,
ACSSF,2019m1,nc,000,0027,0000011,,,,,,,,,,,,,,,,,,,,,,,,,,,,,,,,,,,,,,,,,,,,,,,,,,,,,,,,,,,,,,,,,,,,,,
ACSSF,2019m1,nc,000,0027,0000012,,,,,,,,,,,,,,,,,,,,,,,,,,,,,,,,,,,,,,,,,,,,,,,,,,,,,,,,,,,,,,,,,,,,,,
ACSSF,2019m1,nc,000,0027,0000013,4786,3959,3458,6296,4636,3628,3468,5470,3049,1543,104,2685,2577,1140,273,2113,1602,88,216,1557,,,,,,,,,,,,,,,,,,,,,4716,5199,5437,4656,5221,4853,3049,2421,1832,2573,924,2311,1602,273,1600,,,,,,,,,,,,,,,
ACSSF,2019m1,nc,000,0027,0000014,3622,3219,1894,4708,3823,3089,1739,5040,1924,532,484,1732,1254,172,22,1205,1346,326,94,1365,,,,,,,,,,,,,,,,,,,,,3606,4473,3644,3814,4554,2969,1907,1489,1295,1254,1202,800,1346,848,1051,,,,,,,,,,,,,,,
ACSSF,2019m1,nc,000,0027,0000015,4334,4174,4677,5983,4444,4030,4456,6497,3033,679,919,3019,2921,659,807,2753,1586,465,270,1496,,,,,,,,,,,,,,,,,,,,,4339,7826,7796,4300,7685,7826,3021,1565,2328,2921,1871,2069,1552,1050,1109,,,,,,,,,,,,,,,
ACSSF,2019m1,nc,000,0027,0000016,2421,3555,2110,4297,2502,3114,2086,3898,2597,2058,684,1454,1361,477,101,1267,929,607,203,680,,,,,,,,,,,,,,,,,,,,,2399,3462,3550,2505,3233,3383,2597,1882,2155,1361,828,1109,929,424,813,,,,,,,,,,,,,,,
ACSSF,2019m1,nc,000,0027,0000017,4930,3963,4511,7398,5017,3039,3843,6613,4135,1790,2321,2729,3416,1110,727,3281,1302,706,319,1074,,,,,,,,,,,,,,,,,,,,,4920,7899,7842,5017,7305,6222,4301,2233,3716,3413,2097,2609,1335,1224,707,,,,,,,,,,,,,,,
ACSSF,2019m1,nc,000,0027,0000018,2536,1745,3383,3630,3705,1745,3413,3929,1786,700,498,1416,908,282,135,912,149,203,136,59,,,,,,,,,,,,,,,,,,,,,2524,4102,3497,3695,4710,3369,1787,1623,837,908,391,822,149,149,203,,,,,,,,,,,,,,,
ACSSF,2019m1,nc,000,0027,0000019,2095,1593,1132,2474,2111,1550,1088,2551,1700,119,266,1657,1387,318,360,1310,613,86,203,586,,,,,,,,,,,,,,,,,,,,,2108,3049,3262,2110,3100,2805,1700,1495,807,1387,610,1231,613,494,393,,,,,,,,,,,,,,,
ACSSF,2019m1,nc,000,0027,0000020,3719,5313,3485,6554,3694,5117,3141,6473,2936,297,991,2848,2522,901,587,2014,1528,613,760,721,,,,,,,,,,,,,,,,,,,,,3828,5950,5705,3735,6260,5580,2936,2764,1266,2522,2238,1051,1776,520,1689,,,,,,,,,,,,,,,
ACSSF,2019m1,nc,000,0027,0000021,2570,2142,2546,3404,2504,1977,2517,3306,903,361,96,822,724,567,105,519,1461,107,203,1463,,,,,,,,,,,,,,,,,,,,,2657,3548,2802,2585,3509,2450,901,813,389,724,497,590,1461,653,1303,,,,,,,,,,,,,,,
ACSSF,2019m1,nc,000,0027,0000022,3062,4993,1990,4024,2493,4477,1846,4301,1327,385,805,1185,2454,2296,203,823,497,203,393,303,,,,,,,,,,,,,,,,,,,,,2992,5561,5184,2488,4820,4583,1367,995,1284,2482,2348,872,497,188,467,,,,,,,,,,,,,,,
ACSSF,2019m1,nc,000,0027,0000023,3514,3130,3019,4722,3284,3149,2548,4122,2258,1452,1228,1302,1414,148,575,1363,2205,781,591,1893,,,,,,,,,,,,,,,,,,,,,3450,4734,3854,3197,4111,3420,2544,1084,2433,1414,1406,775,2197,2121,1098,,,,,,,,,,,,,,,
ACSSF,2019m1,nc,000,0027,0000024,9091,5129,4383,10278,5753,4115,3479,7390,4272,2009,1802,3467,3522,1390,1008,3107,5827,2203,2523,4358,,,,,,,,,,,,,,,,,,,,,9181,7619,8963,5746,7352,6230,4342,2348,3711,3519,2474,2760,5827,2246,5149,,,,,,,,,,,,,,,
ACSSF,2019m1,nc,000,0027,0000025,2505,6473,3293,6809,3031,5768,3137,6644,2428,2210,648,1319,1469,437,473,1374,805,189,578,452,,,,,,,,,,,,,,,,,,,,,2322,5929,5789,3002,5903,6030,2510,1221,2451,1453,1094,1007,761,330,674,,,,,,,,,,,,,,,
ACSSF,2019m1,nc,000,0027,0000026,7399,6130,4867,9544,8198,4750,4503,9674,6247,2773,1924,4873,4211,2483,1530,2478,2022,1123,373,1719,,,,,,,,,,,,,,,,,,,,,7409,11064,11243,8242,10507,9315,6180,2265,5911,4213,2333,3350,2022,1221,1866,,,,,,,,,,,,,,,
ACSSF,2019m1,nc,000,0027,0000027,4874,6749,6299,9354,6458,6354,5167,8878,5353,3185,3004,4435,2187,520,634,2210,1712,612,109,1566,,,,,,,,,,,,,,,,,,,,,4896,8428,8324,6488,8771,8748,5326,2515,4763,2166,1833,1247,1712,722,1590,,,,,,,,,,,,,,,
ACSSF,2019m1,nc,000,0027,0000028,,,,,,,,,,,,,,,,,,,,,,,,,,,,,,,,,,,,,,,,,3296,4330,4155,2990,4222,3468,1604,907,1358,1704,1144,1249,244,102,220,,,,,,,,,,,,,,,
ACSSF,2019m1,nc,000,0027,0000029,3743,3413,5012,5623,4710,3121,4518,5230,3652,822,2168,2844,1720,634,755,1378,1048,378,88,1075,,,,,,,,,,,,,,,,,,,,,3864,5970,6598,4759,5667,6611,3789,2036,3604,1899,1105,1663,1048,812,668,,,,,,,,,,,,,,,
ACSSF,2019m1,nc,000,0027,0000030,7800,10061,8059,9534,8249,9207,7460,8554,7293,4471,1267,4598,4135,2873,1070,2852,2064,433,281,2022,,,,,,,,,,,,,,,,,,,,,7793,11294,12201,8169,10463,9991,7299,2853,6858,4135,2205,3481,2064,1420,1266,,,,,,,,,,,,,,,
ACSSF,2019m1,nc,000,0027,0000031,3884,4816,2582,5418,4139,4756,2555,5258,2088,482,160,2048,1698,888,915,1081,1405,618,203,1155,,,,,,,,,,,,,,,,,,,,,3940,5961,5959,4154,5416,6284,2089,715,1775,1700,1206,1306,1405,921,1037,,,,,,,,,,,,,,,
ACSSF,2019m1,nc,000,0027,0000032,3330,3308,2349,4949,3026,3148,2344,4706,1461,447,203,1437,1069,276,158,1083,801,322,203,743,,,,,,,,,,,,,,,,,,,,,3363,5360,4595,2976,4871,4581,1457,1066,898,1075,1108,310,801,789,207,,,,,,,,,,,,,,,
ACSSF,2019m1,nc,000,0027,0000033,4802,2967,3851,6791,5117,2936,3054,6857,3909,432,2641,2500,2352,288,440,2243,1734,489,97,1705,,,,,,,,,,,,,,,,,,,,,4688,5566,5928,5101,6605,4836,3909,3300,1504,2266,961,2096,1733,699,1616,,,,,,,,,,,,,,,
ACSSF,2019m1,nc,000,0027,0000034,5947,6441,4059,7892,5444,5646,3713,7357,3455,2966,95,1442,3159,1792,1034,2045,1650,1325,432,927,,,,,,,,,,,,,,,,,,,,,6007,6377,6947,5536,6441,6600,3452,1340,3250,3159,1279,2785,1650,662,1492,,,,,,,,,,,,,,,
ACSSF,2019m1,nc,000,0027,0000035,2156,2029,1457,3419,2298,1866,1387,3408,1644,699,203,1445,1038,268,33,914,884,462,172,722,,,,,,,,,,,,,,,,,,,,,2224,4569,4511,2326,4194,4265,1644,1099,1234,1094,705,828,884,528,703,,,,,,,,,,,,,,,
ACSSF,2019m1,nc,000,0027,0000036,12850,10899,9457,14747,12617,10196,9004,13882,9047,2527,4093,6451,5357,1472,1456,4583,6417,1934,1115,5978,,,,,,,,,,,,,,,,,,,,,13244,17175,16174,12870,15755,14916,9141,4408,8497,5372,4057,3346,6721,5398,4559,,,,,,,,,,,,,,,
ACSSF,2019m1,nc,000,0027,0000037,2998,2694,3104,3635,3724,2497,2558,4072,3022,1392,293,2512,1719,199,1483,884,808,203,203,808,,,,,,,,,,,,,,,,,,,,,2962,4764,4080,3766,4625,3221,3297,2080,2724,1719,1619,575,808,744,380,,,,,,,,,,,,,,,
ACSSF,2019m1,nc,000,0027,0000038,3077,2847,5582,5536,3697,2653,5393,5356,2380,615,1303,2077,1796,331,643,1515,482,203,49,479,,,,,,,,,,,,,,,,,,,,,3027,4185,4198,3697,4066,3759,2420,2001,1575,1762,1436,921,479,386,278,,,,,,,,,,,,,,,
ACSSF,2019m1,nc,000,0027,0000039,5445,4799,5659,7854,5210,4377,5629,6707,3422,1284,1723,2726,3300,1897,547,2644,1473,521,235,1383,,,,,,,,,,,,,,,,,,,,,5488,6672,8058,5180,6361,7759,3425,1970,3005,3300,1231,3143,1473,1218,1121,,,,,,,,,,,,,,,
ACSSF,2019m1,nc,000,0027,0000040,7335,6000,5716,8461,7664,5098,5272,8378,5765,2208,1436,5285,2058,794,677,1793,3656,1409,625,3115,,,,,,,,,,,,,,,,,,,,,7328,7280,9126,7641,6439,7867,5767,2111,5439,2058,1104,1779,3656,2371,2564,,,,,,,,,,,,,,,
ACSSF,2019m1,nc,000,0027,0000041,4279,2985,2444,5396,4105,2370,2261,4629,3060,2277,1136,1831,2358,770,444,2220,987,394,109,893,,,,,,,,,,,,,,,,,,,,,4208,4135,4417,4093,4457,3388,3046,1776,2535,2337,1221,1983,981,425,938,,,,,,,,,,,,,,,
ACSSF,2019m1,nc,000,0027,0000042,5142,5161,3842,7053,4889,4597,3625,6505,3363,1694,505,3632,2978,2280,797,1611,1300,664,413,994,,,,,,,,,,,,,,,,,,,,,5079,6436,7588,4836,6163,6003,3359,1373,3443,2941,1075,2519,1282,838,958,,,,,,,,,,,,,,,
ACSSF,2019m1,nc,000,0027,0000043,4073,4535,4292,6270,3936,3523,4067,4781,4063,2268,1932,3083,3447,1886,281,2865,695,203,653,278,,,,,,,,,,,,,,,,,,,,,4017,6303,6846,3912,5658,5539,4054,2492,3672,3486,1147,3143,695,278,653,,,,,,,,,,,,,,,
ACSSF,2019m1,nc,000,0027,0000044,1675,3789,2984,3994,1884,3815,2824,3887,1540,624,463,1281,912,444,254,667,927,759,194,500,,,,,,,,,,,,,,,,,,,,,1961,3903,3942,1858,3974,3966,1538,1138,945,1422,551,1322,927,256,870,,,,,,,,,,,,,,,
ACSSF,2019m1,nc,000,0027,0000045,3428,3387,2619,4426,4024,3288,2532,3855,3471,885,337,3373,688,197,166,630,2166,104,135,2167,,,,,,,,,,,,,,,,,,,,,3242,3963,4110,4046,4302,3500,3478,1959,2389,688,458,505,2161,478,2128,,,,,,,,,,,,,,,
ACSSF,2019m1,nc,000,0027,0000046,3917,2746,3875,4897,4147,2506,3558,5051,2547,1065,1140,1715,1017,533,398,895,646,159,71,624,,,,,,,,,,,,,,,,,,,,,3785,4138,4166,4040,4449,3931,2546,1141,2254,1015,668,866,646,443,558,,,,,,,,,,,,,,,
ACSSF,2019m1,nc,000,0027,0000047,1691,2943,2513,3179,2895,3046,2332,3286,2227,1042,1111,1207,227,135,203,186,621,160,135,619,,,,,,,,,,,,,,,,,,,,,1673,3650,3412,2914,3701,3022,2227,1207,1835,227,217,58,621,574,389,,,,,,,,,,,,,,,
ACSSF,2019m1,nc,000,0027,0000048,1241,2677,2493,3361,1991,2342,2393,3480,1758,1164,584,840,512,295,189,401,350,203,203,350,,,,,,,,,,,,,,,,,,,,,1240,2819,2428,1967,2975,2563,1754,1236,1080,512,357,391,350,339,101,,,,,,,,,,,,,,,
ACSSF,2019m1,nc,000,0027,0000049,5546,3581,3280,6427,5961,2966,2878,6414,3550,1395,1875,2853,2488,715,286,2230,2320,624,158,2149,,,,,,,,,,,,,,,,,,,,,5434,6795,6144,5882,6755,5062,3576,1932,3061,2469,1760,1618,2320,1499,1798,,,,,,,,,,,,,,,
ACSSF,2019m1,nc,000,0027,0000050,10935,9473,7817,15144,11326,7738,7005,13628,9266,3418,3273,8936,4654,1804,1349,3819,2865,775,209,2784,,,,,,,,,,,,,,,,,,,,,10856,14953,15567,11162,14255,13353,9365,7292,8344,4654,3557,2985,2862,1736,2092,,,,,,,,,,,,,,,
ACSSF,2019m1,nc,000,0027,0000051,3695,3444,3797,5262,3639,3692,3373,4960,3123,1852,1596,2059,1680,1116,386,1286,1649,189,203,1669,,,,,,,,,,,,,,,,,,,,,3756,4920,5183,3656,4732,4479,3109,2144,2346,2032,1529,1128,1649,1221,1074,,,,,,,,,,,,,,,
ACSSF,2019m1,nc,000,0027,0000052,1267,2721,2181,3324,1446,2740,1932,3357,1226,447,1051,505,787,67,203,783,224,163,203,156,,,,,,,,,,,,,,,,,,,,,1260,3835,3681,1432,3765,3677,1225,500,1148,787,774,137,224,126,190,,,,,,,,,,,,,,,
ACSSF,2019m1,nc,000,0027,0000053,2812,3843,2975,4083,2482,3332,2896,3942,1726,1042,540,1088,1804,1353,207,924,510,203,203,510,,,,,,,,,,,,,,,,,,,,,2662,3610,4000,2340,3557,3534,1726,527,1662,1755,472,1672,510,86,499,,,,,,,,,,,,,,,
ACSSF,2019m1,nc,000,0027,0000054,3269,3066,2612,4401,3147,3049,2549,4612,2141,484,626,2115,1582,434,643,1464,1285,308,186,1226,,,,,,,,,,,,,,,,,,,,,3319,4203,4570,3170,3893,4268,2112,1099,1700,1582,1447,721,1250,779,931,,,,,,,,,,,,,,,
ACSSF,2019m1,nc,000,0027,0000055,5296,1843,2468,5375,4454,1505,1880,4752,3406,680,202,3358,1533,624,982,947,861,317,69,818,,,,,,,,,,,,,,,,,,,,,5335,5721,4565,4483,5387,3536,3477,2607,2514,1533,842,1191,862,722,510,,,,,,,,,,,,,,,
ACSSF,2019m1,nc,000,0027,0000056,12817,9822,8385,13476,11613,9117,7969,12805,8112,2364,3618,6107,5137,1473,1403,4369,5674,1931,1096,5303,,,,,,,,,,,,,,,,,,,,,13196,15477,15964,11823,14468,14490,8250,3907,7214,5142,3619,3311,5955,4574,4102,,,,,,,,,,,,,,,
ACSSF,2019m1,nc,000,0027,0000057,4190,2787,3156,5270,4060,1542,2268,4652,3683,1791,2312,2079,2512,888,585,2420,983,200,162,911,,,,,,,,,,,,,,,,,,,,,4149,5545,5623,4075,4979,3296,3877,2018,3382,2512,1615,2281,974,765,652,,,,,,,,,,,,,,,
ACSSF,2019m1,nc,000,0027,0000058,6894,6321,4412,7656,7147,4824,3695,7961,5677,2753,1958,4035,4094,2401,1530,2379,2023,1087,142,1695,,,,,,,,,,,,,,,,,,,,,6860,10486,11085,7170,9838,9140,5601,2203,5413,4098,2011,3384,2024,1201,1866,,,,,,,,,,,,,,,
ACSSF,2019m1,nc,000,0027,0000059,7798,4270,3827,7824,4453,3094,2408,5884,3524,1577,1663,2692,3300,1165,993,2878,4216,2087,2513,2488,,,,,,,,,,,,,,,,,,,,,7833,5936,7035,4430,5390,5049,3601,1879,3243,3297,2199,2557,4216,2121,3812,,,,,,,,,,,,,,,
ACSSF,2019m1,nc,000,0027,0000060,3294,2159,3660,4213,3044,2061,3213,4101,2346,707,1715,1370,857,180,322,703,662,255,88,583,,,,,,,,,,,,,,,,,,,,,3327,4197,4152,3001,4017,3934,2361,669,2265,1038,773,561,662,378,526,,,,,,,,,,,,,,,
ACSSF,2019m1,nc,000,0027,0000061,6558,8088,5946,7412,6215,7492,5637,6629,5394,3955,1075,3197,2977,2214,266,2040,1571,417,174,1566,,,,,,,,,,,,,,,,,,,,,6448,8696,9566,6212,7689,8466,5359,1745,5019,2979,1479,2594,1571,1120,1116,,,,,,,,,,,,,,,
ACSSF,2019m1,nc,000,0027,0000062,4516,3845,2095,5310,3999,3553,1905,4519,2856,1141,203,2794,1821,1037,809,1192,1261,624,396,990,,,,,,,,,,,,,,,,,,,,,4459,4225,5204,3987,3921,4373,2853,1177,2708,1738,744,1532,1242,832,937,,,,,,,,,,,,,,,
ACSSF,2019m1,nc,000,0027,0000063,3108,4264,3481,5560,4330,3479,3383,5160,3728,2704,146,2142,974,457,462,769,713,94,208,651,,,,,,,,,,,,,,,,,,,,,3207,5944,6403,4440,5732,5857,3728,1371,3694,974,546,798,713,585,357,,,,,,,,,,,,,,,
ACSSF,2019m1,nc,000,0027,0000064,5791,1826,2680,5202,4583,1406,2268,4261,2865,1113,1211,2503,1544,581,621,1261,2693,665,458,2495,,,,,,,,,,,,,,,,,,,,,5788,3620,5559,4589,3127,4313,2853,1113,2620,1544,519,1518,2693,1145,2271,,,,,,,,,,,,,,,
ACSSF,2019m1,nc,000,0027,0000065,9685,7786,6403,12834,9547,5968,5548,11244,7980,3099,2920,6753,2218,334,687,1816,2362,614,192,2281,,,,,,,,,,,,,,,,,,,,,9682,12957,12943,9499,12077,10504,8009,5076,7726,2218,1575,1414,2355,723,2080,,,,,,,,,,,,,,,
ACSSF,2019m1,nc,000,0027,0000066,4543,4449,4486,6222,3714,4038,4539,5652,2756,1062,985,2299,3216,1876,448,2624,1193,505,235,1101,,,,,,,,,,,,,,,,,,,,,4635,4968,6452,3713,4559,5463,2759,1287,2558,3216,1207,3103,1181,929,907,,,,,,,,,,,,,,,
ACSSF,2019m1,nc,000,0027,0000067,5210,6405,5913,7988,5436,6074,4896,7535,5049,3132,2993,3605,1306,495,634,1118,1448,607,109,1300,,,,,,,,,,,,,,,,,,,,,5131,7414,7915,5495,7524,7337,5023,1548,4789,1229,1072,944,1448,694,1298,,,,,,,,,,,,,,,
ACSSF,2019m1,nc,000,0027,0000068,3269,3066,2612,4401,3147,3049,2549,4612,2141,484,626,2115,1582,434,643,1464,1285,308,186,1226,,,,,,,,,,,,,,,,,,,,,3319,4203,4570,3170,3893,4268,2112,1099,1700,1582,1447,721,1250,779,931,,,,,,,,,,,,,,,
ACSSF,2019m1,nc,000,0027,0000069,12817,9822,8385,13476,11613,9117,7969,12805,8112,2364,3618,6107,5137,1473,1403,4369,5674,1931,1096,5303,,,,,,,,,,,,,,,,,,,,,13196,15477,15964,11823,14468,14490,8250,3907,7214,5142,3619,3311,5955,4574,4102,,,,,,,,,,,,,,,
ACSSF,2019m1,nc,000,0027,0000070,4190,2787,3156,5270,4060,1542,2268,4652,3683,1791,2312,2079,2512,888,585,2420,983,200,162,911,,,,,,,,,,,,,,,,,,,,,4149,5545,5623,4075,4979,3296,3877,2018,3382,2512,1615,2281,974,765,652,,,,,,,,,,,,,,,
ACSSF,2019m1,nc,000,0027,0000071,3294,2159,3660,4213,3044,2061,3213,4101,2346,707,1715,1370,857,180,322,703,662,255,88,583,,,,,,,,,,,,,,,,,,,,,3327,4197,4152,3001,4017,3934,2361,669,2265,1038,773,561,662,378,526,,,,,,,,,,,,,,,
ACSSF,2019m1,nc,000,0027,0000072,6866,6251,4412,7667,7176,4770,3695,7980,5677,2753,1958,4035,4094,2401,1530,2379,2023,1087,142,1695,,,,,,,,,,,,,,,,,,,,,6847,10561,11085,7202,9922,9140,5601,2203,5413,4098,2011,3384,2024,1201,1866,,,,,,,,,,,,,,,
ACSSF,2019m1,nc,000,0027,0000073,7798,4270,3827,7824,4453,3094,2408,5884,3524,1577,1663,2692,3300,1165,993,2878,4216,2087,2513,2488,,,,,,,,,,,,,,,,,,,,,7833,5936,7035,4430,5390,5049,3601,1879,3243,3297,2199,2557,4216,2121,3812,,,,,,,,,,,,,,,
ACSSF,2019m1,nc,000,0027,0000074,6558,8088,5946,7412,6215,7492,5637,6629,5394,3955,1075,3197,2977,2214,266,2040,1571,417,174,1566,,,,,,,,,,,,,,,,,,,,,6448,8696,9566,6212,7689,8466,5359,1745,5019,2979,1479,2594,1571,1120,1116,,,,,,,,,,,,,,,
ACSSF,2019m1,nc,000,0027,0000075,3008,4264,3481,5430,3993,3479,3383,4959,3750,2704,146,2180,974,457,462,769,660,94,208,598,,,,,,,,,,,,,,,,,,,,,3135,5826,6356,4137,5603,5781,3750,1365,3694,974,546,798,660,522,357,,,,,,,,,,,,,,,
ACSSF,2019m1,nc,000,0027,0000076,4516,3845,2095,5310,3999,3553,1905,4519,2856,1141,203,2794,1821,1037,809,1192,1261,624,396,990,,,,,,,,,,,,,,,,,,,,,4459,4225,5204,3987,3921,4373,2853,1177,2708,1738,744,1532,1242,832,937,,,,,,,,,,,,,,,
ACSSF,2019m1,nc,000,0027,0000077,5791,1826,2680,5202,4583,1406,2268,4261,2865,1113,1211,2503,1544,581,621,1261,2693,665,458,2495,,,,,,,,,,,,,,,,,,,,,5788,3620,5559,4589,3127,4313,2853,1113,2620,1544,519,1518,2693,1145,2271,,,,,,,,,,,,,,,
ACSSF,2019m1,nc,000,0027,0000078,5026,1809,2468,5129,4182,1473,1880,4463,3406,680,202,3358,1524,624,982,929,861,294,69,818,,,,,,,,,,,,,,,,,,,,,5078,5459,4543,4209,5226,3531,3477,2607,2514,1524,835,1185,861,722,500,,,,,,,,,,,,,,,
ACSSF,2019m1,nc,000,0027,0000079,9510,7786,6403,12747,9554,5968,5548,11154,7764,3099,2920,6513,2218,334,687,1816,2362,614,192,2281,,,,,,,,,,,,,,,,,,,,,9526,12979,12813,9522,12043,10518,7794,5099,7534,2218,1575,1414,2355,723,2080,,,,,,,,,,,,,,,
ACSSF,2019m1,nc,000,0027,0000080,4543,4449,4486,6222,3714,4038,4539,5652,2756,1062,985,2299,3216,1876,448,2624,1193,505,235,1101,,,,,,,,,,,,,,,,,,,,,4635,4968,6452,3713,4559,5463,2759,1287,2558,3216,1207,3103,1181,929,907,,,,,,,,,,,,,,,
ACSSF,2019m1,nc,000,0027,0000081,5210,6405,5913,7988,5436,6074,4896,7535,5049,3132,2993,3605,1306,495,634,1118,1448,607,109,1300,,,,,,,,,,,,,,,,,,,,,5131,7414,7915,5495,7524,7337,5023,1548,4789,1229,1072,944,1448,694,1298,,,,,,,,,,,,,,,
ACSSF,2019m1,nc,000,0027,0000082,,,,,,,,,,,,,,,,,,,,,,,,,,,,,,,,,,,,,,,,,,,,,,,,,,,,,,,,,,,,,,,,,,,,,,
ACSSF,2019m1,nc,000,0027,0000083,,,,,,,,,,,,,,,,,,,,,,,,,,,,,,,,,,,,,,,,,,,,,,,,,,,,,,,,,,,,,,,,,,,,,,
ACSSF,2019m1,nc,000,0027,0000084,,,,,,,,,,,,,,,,,,,,,,,,,,,,,,,,,,,,,,,,,,,,,,,,,,,,,,,,,,,,,,,,,,,,,,
ACSSF,2019m1,nc,000,0027,0000085,,,,,,,,,,,,,,,,,,,,,,,,,,,,,,,,,,,,,,,,,,,,,,,,,,,,,,,,,,,,,,,,,,,,,,
ACSSF,2019m1,nc,000,0027,0000086,,,,,,,,,,,,,,,,,,,,,,,,,,,,,,,,,,,,,,,,,,,,,,,,,,,,,,,,,,,,,,,,,,,,,,
ACSSF,2019m1,nc,000,0027,0000087,,,,,,,,,,,,,,,,,,,,,,,,,,,,,,,,,,,,,,,,,,,,,,,,,,,,,,,,,,,,,,,,,,,,,,
ACSSF,2019m1,nc,000,0027,0000088,,,,,,,,,,,,,,,,,,,,,,,,,,,,,,,,,,,,,,,,,,,,,,,,,,,,,,,,,,,,,,,,,,,,,,
ACSSF,2019m1,nc,000,0027,0000089,,,,,,,,,,,,,,,,,,,,,,,,,,,,,,,,,,,,,,,,,,,,,,,,,,,,,,,,,,,,,,,,,,,,,,
ACSSF,2019m1,nc,000,0027,0000090,,,,,,,,,,,,,,,,,,,,,,,,,,,,,,,,,,,,,,,,,,,,,,,,,,,,,,,,,,,,,,,,,,,,,,
ACSSF,2019m1,nc,000,0027,0000091,,,,,,,,,,,,,,,,,,,,,,,,,,,,,,,,,,,,,,,,,,,,,,,,,,,,,,,,,,,,,,,,,,,,,,
ACSSF,2019m1,nc,000,0027,0000092,,,,,,,,,,,,,,,,,,,,,,,,,,,,,,,,,,,,,,,,,,,,,,,,,,,,,,,,,,,,,,,,,,,,,,
ACSSF,2019m1,nc,000,0027,0000093,,,,,,,,,,,,,,,,,,,,,,,,,,,,,,,,,,,,,,,,,,,,,,,,,,,,,,,,,,,,,,,,,,,,,,
ACSSF,2019m1,nc,000,0027,0000094,,,,,,,,,,,,,,,,,,,,,,,,,,,,,,,,,,,,,,,,,,,,,,,,,,,,,,,,,,,,,,,,,,,,,,
ACSSF,2019m1,nc,000,0027,0000095,,,,,,,,,,,,,,,,,,,,,,,,,,,,,,,,,,,,,,,,,,,,,,,,,,,,,,,,,,,,,,,,,,,,,,
ACSSF,2019m1,nc,000,0027,0000096,,,,,,,,,,,,,,,,,,,,,,,,,,,,,,,,,,,,,,,,,,,,,,,,,,,,,,,,,,,,,,,,,,,,,,
ACSSF,2019m1,nc,000,0027,0000097,,,,,,,,,,,,,,,,,,,,,,,,,,,,,,,,,,,,,,,,,,,,,,,,,,,,,,,,,,,,,,,,,,,,,,
ACSSF,2019m1,nc,000,0027,0000098,,,,,,,,,,,,,,,,,,,,,,,,,,,,,,,,,,,,,,,,,,,,,,,,,,,,,,,,,,,,,,,,,,,,,,
ACSSF,2019m1,nc,000,0027,0000099,,,,,,,,,,,,,,,,,,,,,,,,,,,,,,,,,,,,,,,,,,,,,,,,,,,,,,,,,,,,,,,,,,,,,,
ACSSF,2019m1,nc,000,0027,0000100,,,,,,,,,,,,,,,,,,,,,,,,,,,,,,,,,,,,,,,,,,,,,,,,,,,,,,,,,,,,,,,,,,,,,,
ACSSF,2019m1,nc,000,0027,0000101,,,,,,,,,,,,,,,,,,,,,,,,,,,,,,,,,,,,,,,,,,,,,,,,,,,,,,,,,,,,,,,,,,,,,,
ACSSF,2019m1,nc,000,0027,0000102,,,,,,,,,,,,,,,,,,,,,,,,,,,,,,,,,,,,,,,,,,,,,,,,,,,,,,,,,,,,,,,,,,,,,,
ACSSF,2019m1,nc,000,0027,0000103,,,,,,,,,,,,,,,,,,,,,,,,,,,,,,,,,,,,,,,,,,,,,,,,,,,,,,,,,,,,,,,,,,,,,,
ACSSF,2019m1,nc,000,0027,0000104,,,,,,,,,,,,,,,,,,,,,,,,,,,,,,,,,,,,,,,,,,,,,,,,,,,,,,,,,,,,,,,,,,,,,,
ACSSF,2019m1,nc,000,0027,0000105,,,,,,,,,,,,,,,,,,,,,,,,,,,,,,,,,,,,,,,,,,,,,,,,,,,,,,,,,,,,,,,,,,,,,,
ACSSF,2019m1,nc,000,0027,0000106,,,,,,,,,,,,,,,,,,,,,,,,,,,,,,,,,,,,,,,,,,,,,,,,,,,,,,,,,,,,,,,,,,,,,,
ACSSF,2019m1,nc,000,0027,0000107,,,,,,,,,,,,,,,,,,,,,,,,,,,,,,,,,,,,,,,,,,,,,,,,,,,,,,,,,,,,,,,,,,,,,,
ACSSF,2019m1,nc,000,0027,0000108,,,,,,,,,,,,,,,,,,,,,,,,,,,,,,,,,,,,,,,,,,,,,,,,,,,,,,,,,,,,,,,,,,,,,,
ACSSF,2019m1,nc,000,0027,0000109,,,,,,,,,,,,,,,,,,,,,,,,,,,,,,,,,,,,,,,,,,,,,,,,,,,,,,,,,,,,,,,,,,,,,,
ACSSF,2019m1,nc,000,0027,0000110,,,,,,,,,,,,,,,,,,,,,,,,,,,,,,,,,,,,,,,,,,,,,,,,,,,,,,,,,,,,,,,,,,,,,,
ACSSF,2019m1,nc,000,0027,0000111,,,,,,,,,,,,,,,,,,,,,,,,,,,,,,,,,,,,,,,,,,,,,,,,,,,,,,,,,,,,,,,,,,,,,,
ACSSF,2019m1,nc,000,0027,0000112,,,,,,,,,,,,,,,,,,,,,,,,,,,,,,,,,,,,,,,,,,,,,,,,,,,,,,,,,,,,,,,,,,,,,,
ACSSF,2019m1,nc,000,0027,0000113,,,,,,,,,,,,,,,,,,,,,,,,,,,,,,,,,,,,,,,,,,,,,,,,,,,,,,,,,,,,,,,,,,,,,,
ACSSF,2019m1,nc,000,0027,0000114,,,,,,,,,,,,,,,,,,,,,,,,,,,,,,,,,,,,,,,,,,,,,,,,,,,,,,,,,,,,,,,,,,,,,,
ACSSF,2019m1,nc,000,0027,0000115,,,,,,,,,,,,,,,,,,,,,,,,,,,,,,,,,,,,,,,,,,,,,,,,,,,,,,,,,,,,,,,,,,,,,,
ACSSF,2019m1,nc,000,0027,0000116,,,,,,,,,,,,,,,,,,,,,,,,,,,,,,,,,,,,,,,,,,,,,,,,,,,,,,,,,,,,,,,,,,,,,,
ACSSF,2019m1,nc,000,0027,0000117,,,,,,,,,,,,,,,,,,,,,,,,,,,,,,,,,,,,,,,,,,,,,,,,,,,,,,,,,,,,,,,,,,,,,,
ACSSF,2019m1,nc,000,0027,0000118,,,,,,,,,,,,,,,,,,,,,,,,,,,,,,,,,,,,,,,,,,,,,,,,,,,,,,,,,,,,,,,,,,,,,,
ACSSF,2019m1,nc,000,0027,0000119,,,,,,,,,,,,,,,,,,,,,,,,,,,,,,,,,,,,,,,,,,,,,,,,,,,,,,,,,,,,,,,,,,,,,,
ACSSF,2019m1,nc,000,0027,0000120,,,,,,,,,,,,,,,,,,,,,,,,,,,,,,,,,,,,,,,,,,,,,,,,,,,,,,,,,,,,,,,,,,,,,,
ACSSF,2019m1,nc,000,0027,0000121,,,,,,,,,,,,,,,,,,,,,,,,,,,,,,,,,,,,,,,,,,,,,,,,,,,,,,,,,,,,,,,,,,,,,,
ACSSF,2019m1,nc,000,0027,0000122,,,,,,,,,,,,,,,,,,,,,,,,,,,,,,,,,,,,,,,,,,,,,,,,,,,,,,,,,,,,,,,,,,,,,,
ACSSF,2019m1,nc,000,0027,0000123,,,,,,,,,,,,,,,,,,,,,,,,,,,,,,,,,,,,,,,,,,,,,,,,,,,,,,,,,,,,,,,,,,,,,,
ACSSF,2019m1,nc,000,0027,0000124,,,,,,,,,,,,,,,,,,,,,,,,,,,,,,,,,,,,,,,,,,,,,,,,,,,,,,,,,,,,,,,,,,,,,,
ACSSF,2019m1,nc,000,0027,0000125,,,,,,,,,,,,,,,,,,,,,,,,,,,,,,,,,,,,,,,,,,,,,,,,,,,,,,,,,,,,,,,,,,,,,,
ACSSF,2019m1,nc,000,0027,0000126,,,,,,,,,,,,,,,,,,,,,,,,,,,,,,,,,,,,,,,,,,,,,,,,,,,,,,,,,,,,,,,,,,,,,,
ACSSF,2019m1,nc,000,0027,0000127,,,,,,,,,,,,,,,,,,,,,,,,,,,,,,,,,,,,,,,,,,,,,,,,,,,,,,,,,,,,,,,,,,,,,,
ACSSF,2019m1,nc,000,0027,0000128,,,,,,,,,,,,,,,,,,,,,,,,,,,,,,,,,,,,,,,,,,,,,,,,,,,,,,,,,,,,,,,,,,,,,,
ACSSF,2019m1,nc,000,0027,0000129,,,,,,,,,,,,,,,,,,,,,,,,,,,,,,,,,,,,,,,,,,,,,,,,,,,,,,,,,,,,,,,,,,,,,,
ACSSF,2019m1,nc,000,0027,0000130,,,,,,,,,,,,,,,,,,,,,,,,,,,,,,,,,,,,,,,,,,,,,,,,,,,,,,,,,,,,,,,,,,,,,,
ACSSF,2019m1,nc,000,0027,0000131,,,,,,,,,,,,,,,,,,,,,,,,,,,,,,,,,,,,,,,,,,,,,,,,,,,,,,,,,,,,,,,,,,,,,,
ACSSF,2019m1,nc,000,0027,0000132,,,,,,,,,,,,,,,,,,,,,,,,,,,,,,,,,,,,,,,,,,,,,,,,,,,,,,,,,,,,,,,,,,,,,,
ACSSF,2019m1,nc,000,0027,0000133,,,,,,,,,,,,,,,,,,,,,,,,,,,,,,,,,,,,,,,,,,,,,,,,,,,,,,,,,,,,,,,,,,,,,,
ACSSF,2019m1,nc,000,0027,0000134,,,,,,,,,,,,,,,,,,,,,,,,,,,,,,,,,,,,,,,,,,,,,,,,,,,,,,,,,,,,,,,,,,,,,,
ACSSF,2019m1,nc,000,0027,0000135,,,,,,,,,,,,,,,,,,,,,,,,,,,,,,,,,,,,,,,,,,,,,,,,,,,,,,,,,,,,,,,,,,,,,,
ACSSF,2019m1,nc,000,0027,0000136,,,,,,,,,,,,,,,,,,,,,,,,,,,,,,,,,,,,,,,,,,,,,,,,,,,,,,,,,,,,,,,,,,,,,,
ACSSF,2019m1,nc,000,0027,0000137,,,,,,,,,,,,,,,,,,,,,,,,,,,,,,,,,,,,,,,,,,,,,,,,,,,,,,,,,,,,,,,,,,,,,,
ACSSF,2019m1,nc,000,0027,0000138,,,,,,,,,,,,,,,,,,,,,,,,,,,,,,,,,,,,,,,,,,,,,,,,,,,,,,,,,,,,,,,,,,,,,,
ACSSF,2019m1,nc,000,0027,0000139,,,,,,,,,,,,,,,,,,,,,,,,,,,,,,,,,,,,,,,,,,,,,,,,,,,,,,,,,,,,,,,,,,,,,,
ACSSF,2019m1,nc,000,0027,0000140,,,,,,,,,,,,,,,,,,,,,,,,,,,,,,,,,,,,,,,,,,,,,,,,,,,,,,,,,,,,,,,,,,,,,,
ACSSF,2019m1,nc,000,0027,0000141,,,,,,,,,,,,,,,,,,,,,,,,,,,,,,,,,,,,,,,,,,,,,,,,,,,,,,,,,,,,,,,,,,,,,,
ACSSF,2019m1,nc,000,0027,0000142,,,,,,,,,,,,,,,,,,,,,,,,,,,,,,,,,,,,,,,,,,,,,,,,,,,,,,,,,,,,,,,,,,,,,,
ACSSF,2019m1,nc,000,0027,0000143,,,,,,,,,,,,,,,,,,,,,,,,,,,,,,,,,,,,,,,,,,,,,,,,,,,,,,,,,,,,,,,,,,,,,,
ACSSF,2019m1,nc,000,0027,0000144,,,,,,,,,,,,,,,,,,,,,,,,,,,,,,,,,,,,,,,,,,,,,,,,,,,,,,,,,,,,,,,,,,,,,,
ACSSF,2019m1,nc,000,0027,0000145,,,,,,,,,,,,,,,,,,,,,,,,,,,,,,,,,,,,,,,,,,,,,,,,,,,,,,,,,,,,,,,,,,,,,,
ACSSF,2019m1,nc,000,0027,0000146,,,,,,,,,,,,,,,,,,,,,,,,,,,,,,,,,,,,,,,,,,,,,,,,,,,,,,,,,,,,,,,,,,,,,,
ACSSF,2019m1,nc,000,0027,0000147,,,,,,,,,,,,,,,,,,,,,,,,,,,,,,,,,,,,,,,,,,,,,,,,,,,,,,,,,,,,,,,,,,,,,,
ACSSF,2019m1,nc,000,0027,0000148,,,,,,,,,,,,,,,,,,,,,,,,,,,,,,,,,,,,,,,,,,,,,,,,,,,,,,,,,,,,,,,,,,,,,,
ACSSF,2019m1,nc,000,0027,0000149,,,,,,,,,,,,,,,,,,,,,,,,,,,,,,,,,,,,,,,,,,,,,,,,,,,,,,,,,,,,,,,,,,,,,,
ACSSF,2019m1,nc,000,0027,0000150,,,,,,,,,,,,,,,,,,,,,,,,,,,,,,,,,,,,,,,,,,,,,,,,,,,,,,,,,,,,,,,,,,,,,,
ACSSF,2019m1,nc,000,0027,0000151,,,,,,,,,,,,,,,,,,,,,,,,,,,,,,,,,,,,,,,,,,,,,,,,,,,,,,,,,,,,,,,,,,,,,,
ACSSF,2019m1,nc,000,0027,0000152,,,,,,,,,,,,,,,,,,,,,,,,,,,,,,,,,,,,,,,,,,,,,,,,,,,,,,,,,,,,,,,,,,,,,,
ACSSF,2019m1,nc,000,0027,0000153,,,,,,,,,,,,,,,,,,,,,,,,,,,,,,,,,,,,,,,,,,,,,,,,,,,,,,,,,,,,,,,,,,,,,,
ACSSF,2019m1,nc,000,0027,0000154,,,,,,,,,,,,,,,,,,,,,,,,,,,,,,,,,,,,,,,,,,,,,,,,,,,,,,,,,,,,,,,,,,,,,,
ACSSF,2019m1,nc,000,0027,0000155,,,,,,,,,,,,,,,,,,,,,,,,,,,,,,,,,,,,,,,,,,,,,,,,,,,,,,,,,,,,,,,,,,,,,,
ACSSF,2019m1,nc,000,0027,0000156,,,,,,,,,,,,,,,,,,,,,,,,,,,,,,,,,,,,,,,,,,,,,,,,,,,,,,,,,,,,,,,,,,,,,,
ACSSF,2019m1,nc,000,0027,0000157,,,,,,,,,,,,,,,,,,,,,,,,,,,,,,,,,,,,,,,,,,,,,,,,,,,,,,,,,,,,,,,,,,,,,,
ACSSF,2019m1,nc,000,0027,0000158,,,,,,,,,,,,,,,,,,,,,,,,,,,,,,,,,,,,,,,,,,,,,,,,,,,,,,,,,,,,,,,,,,,,,,
ACSSF,2019m1,nc,000,0027,0000159,,,,,,,,,,,,,,,,,,,,,,,,,,,,,,,,,,,,,,,,,,,,,,,,,,,,,,,,,,,,,,,,,,,,,,
ACSSF,2019m1,nc,000,0027,0000160,,,,,,,,,,,,,,,,,,,,,,,,,,,,,,,,,,,,,,,,,,,,,,,,,,,,,,,,,,,,,,,,,,,,,,
ACSSF,2019m1,nc,000,0027,0000161,,,,,,,,,,,,,,,,,,,,,,,,,,,,,,,,,,,,,,,,,,,,,,,,,,,,,,,,,,,,,,,,,,,,,,
ACSSF,2019m1,nc,000,0027,0000162,,,,,,,,,,,,,,,,,,,,,,,,,,,,,,,,,,,,,,,,,,,,,,,,,,,,,,,,,,,,,,,,,,,,,,
ACSSF,2019m1,nc,000,0027,0000163,,,,,,,,,,,,,,,,,,,,,,,,,,,,,,,,,,,,,,,,,,,,,,,,,,,,,,,,,,,,,,,,,,,,,,
ACSSF,2019m1,nc,000,0027,0000164,,,,,,,,,,,,,,,,,,,,,,,,,,,,,,,,,,,,,,,,,,,,,,,,,,,,,,,,,,,,,,,,,,,,,,
ACSSF,2019m1,nc,000,0027,0000165,,,,,,,,,,,,,,,,,,,,,,,,,,,,,,,,,,,,,,,,,,,,,,,,,,,,,,,,,,,,,,,,,,,,,,
ACSSF,2019m1,nc,000,0027,0000166,,,,,,,,,,,,,,,,,,,,,,,,,,,,,,,,,,,,,,,,,,,,,,,,,,,,,,,,,,,,,,,,,,,,,,
ACSSF,2019m1,nc,000,0027,0000167,,,,,,,,,,,,,,,,,,,,,,,,,,,,,,,,,,,,,,,,,,,,,,,,,,,,,,,,,,,,,,,,,,,,,,
ACSSF,2019m1,nc,000,0027,0000168,,,,,,,,,,,,,,,,,,,,,,,,,,,,,,,,,,,,,,,,,,,,,,,,,,,,,,,,,,,,,,,,,,,,,,
ACSSF,2019m1,nc,000,0027,0000169,,,,,,,,,,,,,,,,,,,,,,,,,,,,,,,,,,,,,,,,,,,,,,,,,,,,,,,,,,,,,,,,,,,,,,
ACSSF,2019m1,nc,000,0027,0000170,,,,,,,,,,,,,,,,,,,,,,,,,,,,,,,,,,,,,,,,,,,,,,,,,,,,,,,,,,,,,,,,,,,,,,
ACSSF,2019m1,nc,000,0027,0000171,,,,,,,,,,,,,,,,,,,,,,,,,,,,,,,,,,,,,,,,,,,,,,,,,,,,,,,,,,,,,,,,,,,,,,
ACSSF,2019m1,nc,000,0027,0000172,,,,,,,,,,,,,,,,,,,,,,,,,,,,,,,,,,,,,,,,,,,,,,,,,,,,,,,,,,,,,,,,,,,,,,
ACSSF,2019m1,nc,000,0027,0000173,,,,,,,,,,,,,,,,,,,,,,,,,,,,,,,,,,,,,,,,,,,,,,,,,,,,,,,,,,,,,,,,,,,,,,
ACSSF,2019m1,nc,000,0027,0000174,,,,,,,,,,,,,,,,,,,,,,,,,,,,,,,,,,,,,,,,,,,,,,,,,,,,,,,,,,,,,,,,,,,,,,
ACSSF,2019m1,nc,000,0027,0000175,,,,,,,,,,,,,,,,,,,,,,,,,,,,,,,,,,,,,,,,,,,,,,,,,,,,,,,,,,,,,,,,,,,,,,
ACSSF,2019m1,nc,000,0027,0000176,,,,,,,,,,,,,,,,,,,,,,,,,,,,,,,,,,,,,,,,,,,,,,,,,,,,,,,,,,,,,,,,,,,,,,
ACSSF,2019m1,nc,000,0027,0000177,,,,,,,,,,,,,,,,,,,,,,,,,,,,,,,,,,,,,,,,,,,,,,,,,,,,,,,,,,,,,,,,,,,,,,
ACSSF,2019m1,nc,000,0027,0000178,,,,,,,,,,,,,,,,,,,,,,,,,,,,,,,,,,,,,,,,,,,,,,,,,,,,,,,,,,,,,,,,,,,,,,
ACSSF,2019m1,nc,000,0027,0000179,,,,,,,,,,,,,,,,,,,,,,,,,,,,,,,,,,,,,,,,,,,,,,,,,,,,,,,,,,,,,,,,,,,,,,
ACSSF,2019m1,nc,000,0027,0000180,,,,,,,,,,,,,,,,,,,,,,,,,,,,,,,,,,,,,,,,,,,,,,,,,,,,,,,,,,,,,,,,,,,,,,
ACSSF,2019m1,nc,000,0027,0000181,,,,,,,,,,,,,,,,,,,,,,,,,,,,,,,,,,,,,,,,,,,,,,,,,,,,,,,,,,,,,,,,,,,,,,
ACSSF,2019m1,nc,000,0027,0000182,,,,,,,,,,,,,,,,,,,,,,,,,,,,,,,,,,,,,,,,,,,,,,,,,,,,,,,,,,,,,,,,,,,,,,
ACSSF,2019m1,nc,000,0027,0000183,,,,,,,,,,,,,,,,,,,,,,,,,,,,,,,,,,,,,,,,,,,,,,,,,,,,,,,,,,,,,,,,,,,,,,
ACSSF,2019m1,nc,000,0027,0000184,,,,,,,,,,,,,,,,,,,,,,,,,,,,,,,,,,,,,,,,,,,,,,,,,,,,,,,,,,,,,,,,,,,,,,
ACSSF,2019m1,nc,000,0027,0000185,,,,,,,,,,,,,,,,,,,,,,,,,,,,,,,,,,,,,,,,,,,,,,,,,,,,,,,,,,,,,,,,,,,,,,
ACSSF,2019m1,nc,000,0027,0000186,,,,,,,,,,,,,,,,,,,,,,,,,,,,,,,,,,,,,,,,,,,,,,,,,,,,,,,,,,,,,,,,,,,,,,
ACSSF,2019m1,nc,000,0027,0000187,,,,,,,,,,,,,,,,,,,,,,,,,,,,,,,,,,,,,,,,,,,,,,,,,,,,,,,,,,,,,,,,,,,,,,
ACSSF,2019m1,nc,000,0027,0000188,,,,,,,,,,,,,,,,,,,,,,,,,,,,,,,,,,,,,,,,,,,,,,,,,,,,,,,,,,,,,,,,,,,,,,
ACSSF,2019m1,nc,000,0027,0000189,,,,,,,,,,,,,,,,,,,,,,,,,,,,,,,,,,,,,,,,,,,,,,,,,,,,,,,,,,,,,,,,,,,,,,
ACSSF,2019m1,nc,000,0027,0000190,,,,,,,,,,,,,,,,,,,,,,,,,,,,,,,,,,,,,,,,,,,,,,,,,,,,,,,,,,,,,,,,,,,,,,
ACSSF,2019m1,nc,000,0027,0000191,,,,,,,,,,,,,,,,,,,,,,,,,,,,,,,,,,,,,,,,,,,,,,,,,,,,,,,,,,,,,,,,,,,,,,
ACSSF,2019m1,nc,000,0027,0000192,,,,,,,,,,,,,,,,,,,,,,,,,,,,,,,,,,,,,,,,,,,,,,,,,,,,,,,,,,,,,,,,,,,,,,
ACSSF,2019m1,nc,000,0027,0000193,,,,,,,,,,,,,,,,,,,,,,,,,,,,,,,,,,,,,,,,,,,,,,,,,,,,,,,,,,,,,,,,,,,,,,
ACSSF,2019m1,nc,000,0027,0000194,,,,,,,,,,,,,,,,,,,,,,,,,,,,,,,,,,,,,,,,,,,,,,,,,,,,,,,,,,,,,,,,,,,,,,
ACSSF,2019m1,nc,000,0027,0000195,,,,,,,,,,,,,,,,,,,,,,,,,,,,,,,,,,,,,,,,,,,,,,,,,,,,,,,,,,,,,,,,,,,,,,
ACSSF,2019m1,nc,000,0027,0000196,,,,,,,,,,,,,,,,,,,,,,,,,,,,,,,,,,,,,,,,,,,,,,,,,,,,,,,,,,,,,,,,,,,,,,
ACSSF,2019m1,nc,000,0027,0000197,,,,,,,,,,,,,,,,,,,,,,,,,,,,,,,,,,,,,,,,,,,,,,,,,,,,,,,,,,,,,,,,,,,,,,
ACSSF,2019m1,nc,000,0027,0000198,,,,,,,,,,,,,,,,,,,,,,,,,,,,,,,,,,,,,,,,,,,,,,,,,,,,,,,,,,,,,,,,,,,,,,
ACSSF,2019m1,nc,000,0027,0000199,,,,,,,,,,,,,,,,,,,,,,,,,,,,,,,,,,,,,,,,,,,,,,,,,,,,,,,,,,,,,,,,,,,,,,
ACSSF,2019m1,nc,000,0027,0000200,,,,,,,,,,,,,,,,,,,,,,,,,,,,,,,,,,,,,,,,,,,,,,,,,,,,,,,,,,,,,,,,,,,,,,
ACSSF,2019m1,nc,000,0027,0000201,,,,,,,,,,,,,,,,,,,,,,,,,,,,,,,,,,,,,,,,,,,,,,,,,,,,,,,,,,,,,,,,,,,,,,
ACSSF,2019m1,nc,000,0027,0000202,,,,,,,,,,,,,,,,,,,,,,,,,,,,,,,,,,,,,,,,,,,,,,,,,,,,,,,,,,,,,,,,,,,,,,
ACSSF,2019m1,nc,000,0027,0000203,,,,,,,,,,,,,,,,,,,,,,,,,,,,,,,,,,,,,,,,,,,,,,,,,,,,,,,,,,,,,,,,,,,,,,
ACSSF,2019m1,nc,000,0027,0000204,,,,,,,,,,,,,,,,,,,,,,,,,,,,,,,,,,,,,,,,,,,,,,,,,,,,,,,,,,,,,,,,,,,,,,
ACSSF,2019m1,nc,000,0027,0000205,,,,,,,,,,,,,,,,,,,,,,,,,,,,,,,,,,,,,,,,,,,,,,,,,,,,,,,,,,,,,,,,,,,,,,
ACSSF,2019m1,nc,000,0027,0000206,,,,,,,,,,,,,,,,,,,,,,,,,,,,,,,,,,,,,,,,,,,,,,,,,,,,,,,,,,,,,,,,,,,,,,
ACSSF,2019m1,nc,000,0027,0000207,,,,,,,,,,,,,,,,,,,,,,,,,,,,,,,,,,,,,,,,,,,,,,,,,,,,,,,,,,,,,,,,,,,,,,
ACSSF,2019m1,nc,000,0027,0000208,,,,,,,,,,,,,,,,,,,,,,,,,,,,,,,,,,,,,,,,,,,,,,,,,,,,,,,,,,,,,,,,,,,,,,
ACSSF,2019m1,nc,000,0027,0000209,,,,,,,,,,,,,,,,,,,,,,,,,,,,,,,,,,,,,,,,,,,,,,,,,,,,,,,,,,,,,,,,,,,,,,
ACSSF,2019m1,nc,000,0027,0000210,,,,,,,,,,,,,,,,,,,,,,,,,,,,,,,,,,,,,,,,,,,,,,,,,,,,,,,,,,,,,,,,,,,,,,
ACSSF,2019m1,nc,000,0027,0000211,,,,,,,,,,,,,,,,,,,,,,,,,,,,,,,,,,,,,,,,,,,,,,,,,,,,,,,,,,,,,,,,,,,,,,
ACSSF,2019m1,nc,000,0027,0000212,,,,,,,,,,,,,,,,,,,,,,,,,,,,,,,,,,,,,,,,,,,,,,,,,,,,,,,,,,,,,,,,,,,,,,
