ACSSF,2019m1,nc,000,0056,0000001,27291,15358,8211,5764,2049,4452,1387,5527,9535,6818,3541,6583,2492,4580,4942,4407,1774,3092,2001,3214,17364,10092,4892,4864,4726,4083,6999,11675,6683,5117,6637,4732,6464,6365,3174,2619,2396,4951,3302,29823,5381,6591,4787,5548,7354,6418,2883,9264,14333,10334,6091,4791,5721,6239,7399,11749,6057,4700,6431,4386,6615,1860,935,751,753,731,923,5463,4155,2106,2365,934,1932,605,338,129,125,184,446,3200,1738,866,1137,1072,1466,4519,2753,1486,1480,948,1986,19526,10378,6852,11456,8556,10233,5297,3216,1393,2313,1824,3023
ACSSF,2019m1,nc,000,0056,0000002,24191,14104,7923,5670,1754,3886,1157,5080,9141,6030,3226,5794,2099,3865,4637,3445,1334,2645,1802,2622,15323,8988,4170,4469,4443,3293,6070,10628,5855,4159,5528,4319,5368,5225,3037,2171,1864,3836,2782,26140,4799,5854,4347,4646,6222,5812,2654,7932,12474,8185,5458,4069,4863,5692,7039,12183,6253,4269,6078,4001,6387,1329,743,292,594,331,916,4829,3782,1978,2115,807,1680,585,310,118,107,184,438,3017,1584,814,1098,1042,1387,3769,2530,1084,1081,782,1838,17292,9548,5299,10085,6445,8966,4888,2830,1335,1967,1601,2637
ACSSF,2019m1,nc,000,0056,0000003,13144,7167,3799,2473,1139,1939,807,2185,5118,3784,1433,3001,1336,2747,3120,2386,950,1946,1307,1790,8973,5520,2270,2652,2347,2055,2970,5396,2981,3045,3144,2416,2870,4091,1495,1455,1396,2584,1869,14295,3077,3087,2201,2831,3433,3124,914,5171,5847,5280,2753,3234,2716,2495,3730,5114,2354,1710,2208,1684,2688,1237,556,655,508,608,454,3102,1821,645,1073,359,1151,,,,,,,1005,709,302,429,345,355,1969,982,806,1024,472,525,12274,6497,4673,5033,4552,5480,2792,1479,916,1237,736,1469
ACSSF,2019m1,nc,000,0056,0000004,25628,14869,7973,5698,1968,4400,1355,5530,9468,6627,3505,6410,2539,4579,4830,4255,1725,3068,1939,3121,16487,9719,4859,4718,4684,3883,6824,11285,6581,5265,6572,4697,6338,6050,3102,2534,2282,4824,3292,28157,5437,6405,4758,5459,7069,6367,2842,9164,14137,9723,5984,4762,5646,6290,7432,11655,5998,4614,6305,4200,6469,1895,934,748,749,728,928,5220,4108,2006,2367,921,1935,603,338,129,107,184,446,3144,1666,866,1146,1072,1429,4461,2741,1478,1476,910,1932,18665,10351,6812,11213,8128,10261,5387,3165,1395,2370,1802,3006
ACSSF,2019m1,nc,000,0056,0000005,23911,13756,7798,5710,1997,4229,1351,5300,8809,6307,3312,5907,2336,4217,4382,4004,1591,3087,1713,2909,15735,9737,4796,4381,4842,3577,6568,10404,6378,4979,6159,4214,6059,5712,2998,2499,2019,4287,2874,25803,5438,6578,4229,5236,7091,6303,2623,8741,12844,8840,5782,4579,5317,6015,6901,11526,6004,4232,5991,3924,6187,1216,785,269,613,241,901,5135,4009,1903,2349,921,1924,520,274,129,107,184,430,3088,1656,801,1099,1094,1399,4429,2721,1438,1476,881,1896,17811,10244,6895,10156,7221,9567,5110,2961,1371,2289,1748,2695
ACSSF,2019m1,nc,000,0056,0000006,17170,10513,5978,4721,1477,3137,844,4043,7223,4612,2420,4040,1363,3102,3329,2510,1072,1775,1062,2124,10919,7757,4067,3120,3562,2220,5305,7146,4515,2814,3941,2572,5032,4228,2188,1580,1212,2509,2121,18287,4117,4883,2865,4311,5339,4301,1751,6223,8718,5024,4585,3514,3985,4835,5238,10614,5548,3593,4671,3205,5569,867,261,147,570,141,638,4225,3540,1772,1679,750,1278,,,,,,,2349,1378,770,972,829,1084,3101,2167,786,982,551,1309,12318,6640,4237,6070,3360,6951,4446,2433,1054,1727,1334,2115
ACSSF,2019m1,nc,000,0056,0000007,16417,8820,5748,4168,1370,2828,1192,3339,7588,5485,2160,4456,1692,3231,3512,2922,1198,2408,1397,2256,11510,7393,3676,2944,3483,2353,4253,7591,4146,4126,4366,3307,4105,4510,2016,2032,1718,3008,1936,17317,3528,4686,3393,3609,5115,4442,1712,7037,8395,6711,3636,3728,3958,3557,4180,7695,3260,3078,3580,1875,3346,934,720,230,279,206,649,3213,2376,680,1849,633,1210,,,,,,,1675,902,189,973,695,682,2597,1265,958,1084,540,1200,13597,8640,6051,6714,6129,7062,3976,2133,1275,1793,1128,1624
ACSSF,2019m1,nc,000,0056,0000008,8404,4773,2226,1246,465,1162,361,1511,3371,2434,820,1953,894,1505,2037,1497,704,1066,772,1438,5630,3086,1592,1365,1015,1387,1821,3427,1888,1496,1573,1803,1409,2298,1047,899,801,1746,1467,9494,1331,2025,1574,1500,1801,1727,834,2814,3823,2981,1724,1688,1719,1383,2275,2987,1521,1217,1467,1341,1217,1293,507,640,483,657,499,792,503,474,199,216,338,,,,,,,,,,,,,812,512,375,256,242,393,6890,3878,2222,3350,2698,3633,1576,1029,473,437,397,966
ACSSF,2019m1,nc,000,0056,0000009,4570,2556,1361,698,95,795,346,802,2128,1469,378,928,460,1021,1331,919,366,518,314,961,3076,1931,973,824,609,850,915,1903,1055,593,1011,948,873,1380,513,488,562,804,903,5145,999,800,933,977,973,1186,586,1272,2074,1689,1007,1150,925,950,1455,2254,1101,618,937,1046,978,,,,,,,,,,,,,,,,,,,,,,,,,,,,,,,3561,1987,985,1982,1359,2068,1020,479,317,338,389,716
ACSSF,2019m1,nc,000,0056,0000010,7068,3942,1677,1101,463,930,114,1088,2803,1718,764,1632,726,1297,1880,1310,593,954,680,1022,5169,2517,1151,1166,848,980,1626,3041,1488,1383,1223,1419,1191,2276,903,773,621,1577,1052,8036,963,1831,1367,1106,1453,1222,410,2576,3140,2402,1167,1320,1360,1186,1548,2274,1090,1025,1205,1045,866,1269,507,619,483,666,501,,,,,,,,,,,,,,,,,,,731,422,368,212,242,340,6176,2990,2251,2484,2355,2985,1239,892,338,307,105,701
ACSSF,2019m1,nc,000,0056,0000011,5050,2972,1534,840,451,736,292,665,1681,1220,552,669,454,1090,1460,855,424,653,715,540,3550,1981,764,835,593,1058,903,2163,1010,1117,1006,1135,1019,1806,467,659,677,1125,810,5636,681,1203,819,736,1318,988,300,1598,2008,2193,804,1156,1057,483,1277,2123,865,718,748,972,948,,,,,,,,,,,,,,,,,,,,,,,,,,,,,,,4359,1896,1361,1582,1902,1846,718,452,258,307,124,402
ACSSF,2019m1,nc,000,0056,0000012,10070,5684,2789,1522,623,1433,478,1645,3837,2809,981,1999,909,1658,2638,1843,811,1242,1070,1517,7041,3858,1814,1495,1217,1789,2025,3917,2097,1816,2030,1896,1653,3074,1250,1149,978,2098,1696,11120,1609,2561,1739,1660,2147,2105,852,2995,4678,3571,1937,1992,2033,1431,2636,3488,1730,1561,1834,1681,1460,1301,525,644,490,654,507,1228,623,718,342,60,342,,,,,,,609,378,305,258,123,294,1028,526,396,257,437,532,8172,4185,2343,3954,3038,3919,1704,1147,561,535,420,1037
ACSSF,2019m1,nc,000,0056,0000013,2963,1694,859,647,108,158,159,512,1113,492,181,588,269,903,640,438,67,339,199,424,1897,1295,823,367,969,395,609,1200,719,419,496,508,568,719,368,404,289,500,304,3272,445,801,502,464,1028,582,322,795,1238,994,453,670,501,511,960,1491,571,191,809,202,925,,,,,,,,,,,,,,,,,,,,,,,,,,,,,,,2330,1442,673,1046,824,1030,,,,,,
ACSSF,2019m1,nc,000,0056,0000014,2329,1416,911,348,216,682,136,792,1047,611,290,784,342,402,1000,730,281,751,405,524,1680,887,600,171,384,432,458,1365,671,739,785,537,455,975,624,409,383,626,473,2562,512,541,592,608,886,742,186,1025,1635,1128,590,510,325,714,864,936,285,314,410,250,525,,,,,,,,,,,,,,,,,,,,,,,,,,,,,,,2311,1561,920,1288,1060,1103,,,,,,
ACSSF,2019m1,nc,000,0056,0000015,4621,2512,1868,1172,309,679,199,1576,1714,1354,242,1063,321,881,1232,1067,330,656,366,717,3133,2035,1202,682,688,777,1187,2177,1036,877,936,780,1661,1181,677,297,335,926,755,4983,743,1109,1163,1218,1521,1128,687,1187,2107,1685,1289,1059,1311,1473,1734,968,250,110,376,426,871,,,,,,,,,,,,,,,,,,,,,,,,,,,,,,,4347,2658,1208,1987,1521,2819,,,,,,
ACSSF,2019m1,nc,000,0056,0000016,1870,1077,597,309,262,216,390,157,687,455,230,291,325,283,469,324,189,141,175,403,1251,518,189,292,216,308,290,944,434,627,327,667,510,574,237,364,100,373,359,1942,324,584,138,330,330,358,216,983,503,941,244,513,106,382,565,,,,,,,,,,,,,,,,,,,,,,,,,,,,,,,,,,,,,1881,813,974,503,911,923,,,,,,
ACSSF,2019m1,nc,000,0056,0000017,4279,2509,1921,1261,264,617,270,1528,1560,1346,359,676,226,761,758,542,184,307,199,368,2572,1620,1146,928,985,717,1124,1767,739,972,1042,608,1046,924,653,209,149,326,351,4799,936,1247,997,770,1055,1207,752,1353,1798,979,576,945,1645,825,1146,2049,1156,555,782,216,1598,,,,,,,,,,,,,,,,,,,,,,,,,,,,,,,2845,1854,958,1117,958,1490,,,,,,
ACSSF,2019m1,nc,000,0056,0000018,1847,931,606,295,183,134,72,525,721,464,179,380,191,309,436,266,123,264,72,223,1346,719,438,343,83,323,287,856,199,358,545,373,204,608,415,160,216,449,225,2207,130,408,140,284,470,432,216,813,731,893,117,388,478,376,387,,,,,,,,,,,,,,,,,,,,,,,,,,,,,,,,,,,,,1652,575,598,726,745,761,,,,,,
ACSSF,2019m1,nc,000,0056,0000019,1786,894,543,461,216,301,19,210,593,350,98,166,150,511,494,370,95,293,248,331,1158,676,394,178,126,393,468,675,370,254,256,296,301,517,238,194,197,305,209,2264,441,603,563,410,504,337,130,422,634,566,246,299,465,390,595,,,,,,,,,,,,,,,,,,,,,,,,,,,,,,,,,,,,,1653,985,382,601,548,674,,,,,,
ACSSF,2019m1,nc,000,0056,0000020,2932,1929,1149,805,342,224,146,614,1026,489,333,736,211,719,757,581,106,455,300,327,2003,1191,494,476,414,630,537,1243,578,466,649,467,662,754,260,737,188,453,193,3236,439,597,326,1097,406,612,218,1137,1272,1083,475,797,434,352,847,,,,,,,,,,,,,,,,,,,,,,,,,,,,,,,,,,,,,2582,1370,1143,1091,809,1267,,,,,,
ACSSF,2019m1,nc,000,0056,0000021,2554,1432,489,366,230,258,216,273,1018,1052,164,348,264,506,710,587,258,361,119,423,1773,1379,451,871,930,180,586,1426,976,615,878,670,630,895,447,279,652,541,517,3222,930,1054,497,588,720,483,104,1169,1544,898,553,558,928,981,574,,,,,,,,,,,,,,,,,,,,,,,,,,,,,,,,,,,,,2257,1553,585,1090,619,1154,,,,,,
ACSSF,2019m1,nc,000,0056,0000022,1867,1183,501,203,117,234,216,301,879,432,161,709,129,307,567,367,282,245,165,198,1612,1238,207,881,6,397,481,927,290,231,422,470,477,524,281,178,113,355,315,2095,236,239,97,493,374,245,216,985,920,796,280,656,457,416,392,,,,,,,,,,,,,,,,,,,,,,,,,,,,,,,,,,,,,1646,740,660,734,713,803,,,,,,
ACSSF,2019m1,nc,000,0056,0000023,1859,1059,751,621,224,56,385,339,667,569,116,230,152,361,743,732,73,307,195,206,1189,700,248,136,388,277,396,691,372,355,327,395,564,746,196,216,309,694,379,1951,362,304,341,335,557,884,235,440,678,1027,183,586,209,283,730,,,,,,,,,,,,,,,,,,,,,,,,,,,,,,,,,,,,,1707,1098,441,538,955,980,,,,,,
ACSSF,2019m1,nc,000,0056,0000024,3235,1798,1248,825,292,527,378,676,1258,893,345,733,307,693,866,517,194,458,201,454,2181,1394,885,568,678,474,795,1763,710,749,878,805,836,1089,342,359,427,706,491,3427,645,750,602,830,1040,697,221,1136,1499,1249,588,757,506,515,1169,2009,1106,484,934,835,977,,,,,,,816,510,376,298,113,448,,,,,,,595,284,41,263,345,289,772,370,245,261,171,347,2054,1133,755,1029,772,996,966,555,368,384,392,458
ACSSF,2019m1,nc,000,0056,0000025,2574,1624,895,595,431,279,86,445,1084,599,538,492,428,428,738,519,151,378,372,193,1818,1120,522,423,455,725,208,1254,894,532,425,564,565,531,210,149,192,352,253,2916,393,542,639,597,780,457,227,953,1098,1171,435,336,277,437,639,,,,,,,,,,,,,,,,,,,,,,,,,,,,,,,,,,,,,2495,1223,785,978,1071,828,,,,,,
ACSSF,2019m1,nc,000,0056,0000026,5447,2982,1816,1668,330,763,232,965,2015,1698,634,830,488,959,1130,1113,174,388,451,655,3903,2397,2251,1132,942,361,2039,2664,1886,1044,1224,836,1689,1230,596,705,301,746,756,6145,1306,1960,1525,1972,2249,1477,516,2071,2156,1298,1900,1001,1568,1186,1571,3319,2129,1302,1394,818,2472,,,,,,,1259,1177,556,584,224,401,,,,,,,,,,,,,1118,765,271,185,253,692,3329,2498,1426,1448,897,1797,1375,1110,130,313,290,415
ACSSF,2019m1,nc,000,0056,0000027,5193,2760,1383,991,479,775,345,1047,2239,1511,559,1275,694,940,981,598,230,627,272,425,3492,1964,998,1260,970,514,1009,2293,1130,1107,1117,575,1720,1150,589,512,418,896,639,5461,1015,1088,819,1058,1217,1042,425,2175,2199,1430,1298,1170,863,1183,1523,2660,1349,1176,991,814,1745,,,,,,,714,745,308,530,182,459,,,,,,,,,,,,,529,321,168,197,216,341,4038,2005,1861,1847,1194,2073,1090,601,313,482,460,395
ACSSF,2019m1,nc,000,0056,0000028,1860,1073,486,216,216,179,145,410,773,627,151,531,169,258,490,308,141,216,216,347,1229,526,458,334,129,181,357,849,496,402,597,336,264,641,152,119,313,490,285,2114,575,402,168,428,766,315,134,617,986,739,316,573,257,195,488,,,,,,,,,,,,,,,,,,,,,,,,,,,,,,,,,,,,,1349,912,567,738,518,750,,,,,,
ACSSF,2019m1,nc,000,0056,0000029,3309,1895,952,503,166,551,161,580,1425,651,489,675,246,875,810,417,432,526,295,336,2213,1286,633,478,708,218,739,1667,514,551,892,690,644,682,198,412,231,463,227,3545,437,513,375,633,503,598,409,1286,1535,1083,455,579,546,482,924,1487,547,875,602,496,869,,,,,,,,,,,,,,,,,,,,,,,,,,,,,,,2482,1155,583,1139,877,1080,,,,,,
ACSSF,2019m1,nc,000,0056,0000030,6180,3569,1750,1315,424,1238,185,1450,2576,1863,979,1288,328,1413,1344,965,270,687,441,715,3743,2364,1475,1372,1053,1259,1237,2502,1259,1522,1689,999,1790,1502,665,470,601,863,746,7333,1227,1243,1244,1460,1933,1493,639,2605,3352,1948,1209,1262,1260,1584,2170,4036,2040,1638,1978,1352,2080,,,,,,,1596,1197,426,739,138,718,,,,,,,,,,,,,652,393,263,238,301,316,4044,2450,1452,2090,1292,2280,1457,937,306,578,329,617
ACSSF,2019m1,nc,000,0056,0000031,2483,1534,948,606,215,459,184,708,1079,696,127,678,100,421,390,235,42,168,176,171,1663,969,344,669,421,227,621,1129,675,288,474,737,424,447,198,66,85,247,255,2540,295,632,238,602,775,369,253,794,1239,875,358,407,540,524,832,739,654,143,253,552,446,,,,,,,,,,,,,,,,,,,,,,,,,,,,,,,1884,840,725,925,570,1056,1097,640,206,686,222,180
ACSSF,2019m1,nc,000,0056,0000032,2631,1521,685,274,72,497,168,273,932,518,300,512,185,504,805,546,202,552,243,475,1778,881,603,447,244,269,529,1071,552,444,630,442,820,830,280,409,281,608,607,2838,368,439,290,637,707,473,444,716,1218,948,688,663,511,426,804,,,,,,,,,,,,,,,,,,,,,,,,,,,,,,,,,,,,,2473,1225,652,1078,846,1448,,,,,,
ACSSF,2019m1,nc,000,0056,0000033,2613,1682,1212,1042,243,420,178,651,1419,1003,298,703,225,590,591,316,94,307,279,348,1639,1048,551,522,566,457,522,1349,628,866,609,546,832,706,422,198,318,350,314,2784,661,1019,428,646,476,917,205,1135,1355,834,552,663,423,695,788,,,,,,,,,,,,,,,,,,,,,,,,,,,,,,,,,,,,,2232,1195,985,1101,772,1277,,,,,,
ACSSF,2019m1,nc,000,0056,0000034,3767,2222,1049,767,323,974,58,420,1729,1040,602,565,295,1360,711,525,146,285,195,455,2371,1678,865,707,899,906,970,2014,1534,808,758,724,711,522,272,264,113,247,265,4079,772,780,666,858,1623,551,99,1453,1832,1289,422,998,756,253,1448,1737,839,667,598,463,1187,,,,,,,,,,,,,,,,,,,,,,,,,,,,,,,3442,2185,1167,1617,1064,1527,,,,,,
ACSSF,2019m1,nc,000,0056,0000035,2079,1157,656,207,238,437,75,347,924,340,245,615,127,333,458,419,60,229,163,151,1363,830,338,380,162,249,685,1075,750,474,558,413,294,670,180,102,139,498,499,2285,260,671,233,256,600,414,216,853,1054,744,220,498,551,504,373,,,,,,,,,,,,,,,,,,,,,,,,,,,,,,,,,,,,,1913,956,780,946,718,1002,,,,,,
ACSSF,2019m1,nc,000,0056,0000036,8410,5347,3664,2456,841,1870,548,2253,4163,2766,1328,2477,930,1978,1774,1252,605,1023,711,1031,5336,3936,2683,1533,2237,1345,2549,4081,2509,1313,2911,1695,1951,1938,1353,1165,815,1156,930,9338,2821,2075,1565,2266,3197,2849,975,3106,5890,2678,1994,2240,2008,2777,2731,5122,3250,1599,3098,1550,2328,,,,,,,2305,2565,1301,1029,386,922,,,,,,,1290,707,103,981,164,340,1798,1377,154,596,216,869,6009,4156,2195,4203,1980,3416,2353,1418,780,1178,615,965
ACSSF,2019m1,nc,000,0056,0000037,3147,1916,1000,743,283,584,19,551,1219,761,289,728,25,546,854,727,242,360,104,646,2059,1115,524,563,457,227,802,1095,775,413,781,258,545,1007,387,335,319,554,690,3330,572,672,800,588,809,738,294,868,1442,716,604,882,482,740,983,1009,548,294,728,174,522,,,,,,,,,,,,,,,,,,,,,,,,,,,,,,,2755,1507,761,1250,667,1494,,,,,,
ACSSF,2019m1,nc,000,0056,0000038,2243,1204,688,417,123,362,216,323,804,459,53,487,313,240,553,247,305,343,157,215,1415,771,574,220,358,350,116,1048,518,230,646,479,263,648,199,174,15,478,308,2287,235,618,76,591,488,334,275,480,1120,833,105,383,115,244,450,1455,916,45,970,462,276,,,,,,,,,,,,,,,,,,,,,,,,,,,,,,,1508,779,473,524,652,605,,,,,,
ACSSF,2019m1,nc,000,0056,0000039,3683,2261,1216,966,698,500,185,778,1628,1076,248,1178,489,1027,1006,658,287,779,430,444,2738,1568,970,818,695,798,1000,2013,1205,825,1241,934,995,1188,713,391,348,974,770,3983,818,1129,880,1121,1525,1135,331,1513,2359,1550,895,1024,1037,1185,994,1276,464,530,565,772,530,,,,,,,,,,,,,,,,,,,,,,,,,,,,,,,3324,2177,1368,2261,1528,1839,,,,,,
ACSSF,2019m1,nc,000,0056,0000040,3480,1980,1452,954,372,653,201,891,1075,822,282,459,179,661,597,388,310,266,552,242,2491,1379,536,886,377,800,834,1848,809,1136,975,801,292,806,275,358,117,604,471,3990,661,509,357,932,881,689,315,1651,1353,1785,616,953,610,265,1212,1381,658,857,385,120,892,,,,,,,,,,,,,,,,,,,,,,,,,,,,,,,2693,1373,1078,1035,1576,923,1406,778,646,288,649,245
ACSSF,2019m1,nc,000,0056,0000041,2622,1661,1396,1288,257,618,216,660,1270,1051,387,923,381,784,781,726,339,503,185,452,1983,1333,862,738,393,417,918,1483,1104,748,701,588,937,724,622,355,220,440,520,2911,728,1441,936,892,1365,767,378,1140,1492,958,1164,977,748,707,934,1430,977,185,404,238,727,,,,,,,910,793,321,410,297,181,,,,,,,,,,,,,,,,,,,1898,1827,1076,1287,729,1558,906,784,216,459,330,420
ACSSF,2019m1,nc,000,0056,0000042,2984,1808,1252,1040,413,638,393,726,1155,938,500,641,274,924,721,515,260,380,303,313,2220,1308,529,720,837,425,700,1352,672,633,599,683,902,854,490,268,203,719,461,3184,532,1072,942,758,922,691,137,1404,1557,1091,332,700,827,668,1177,1554,1139,626,542,429,799,,,,,,,,,,,,,,,,,,,,,,,,,,,,,,,2256,1482,1017,1397,982,1407,,,,,,
ACSSF,2019m1,nc,000,0056,0000043,2477,1354,581,385,119,216,85,421,844,517,73,142,199,610,756,469,216,269,311,473,1665,893,325,524,496,309,235,996,341,405,480,337,426,796,319,214,113,540,534,2890,219,427,424,472,417,480,216,919,736,817,385,844,494,247,582,,,,,,,,,,,,,,,,,,,,,,,,,,,,,,,,,,,,,2219,1105,734,529,790,901,,,,,,
ACSSF,2019m1,nc,000,0056,0000044,1669,885,512,299,118,117,116,385,582,277,177,236,294,349,444,204,216,375,127,202,1133,483,299,341,216,291,146,832,427,223,351,492,200,555,146,193,48,477,44,1754,271,264,275,286,458,213,188,572,589,959,80,256,299,101,540,668,352,136,224,315,419,977,431,361,375,582,368,,,,,,,,,,,,,,,,,,,,,,,,,1033,378,261,448,609,233,,,,,,
ACSSF,2019m1,nc,000,0056,0000045,1467,945,487,329,164,270,110,84,682,580,79,278,243,171,587,452,89,83,254,238,1084,583,293,221,445,257,223,690,319,216,348,284,384,462,213,147,181,406,163,1470,305,192,414,499,460,610,63,501,843,683,192,288,290,126,311,,,,,,,,,,,,,,,,,,,,,,,,,,,,,,,,,,,,,1289,819,467,485,624,529,,,,,,
ACSSF,2019m1,nc,000,0056,0000046,2209,1174,730,230,540,154,216,397,1086,835,515,368,133,401,585,260,184,325,185,301,1638,932,482,115,532,143,718,1168,613,492,478,488,439,587,205,286,149,310,287,2457,483,563,218,447,686,371,66,895,1007,677,177,473,465,301,1037,901,382,543,710,108,346,,,,,,,,,,,,,,,,,,,,,,,,,,,,,,,1739,1056,728,584,661,1189,,,,,,
ACSSF,2019m1,nc,000,0056,0000047,1716,1050,303,84,80,82,263,130,828,768,153,507,120,204,581,293,69,239,149,480,1133,587,472,220,113,173,62,819,172,607,232,397,329,519,135,286,183,230,354,1970,181,459,315,157,756,299,216,732,699,631,72,383,131,282,649,,,,,,,,,,,,,,,,,,,,,,,,,,,,,,,,,,,,,1575,866,734,664,595,666,,,,,,
ACSSF,2019m1,nc,000,0056,0000048,1510,817,436,171,225,323,106,230,760,262,163,104,385,436,367,196,86,209,162,184,1074,574,434,265,114,203,295,717,263,304,304,400,356,374,106,147,49,285,127,1789,345,310,243,265,275,170,216,604,531,749,241,447,261,167,486,,,,,,,,,,,,,,,,,,,,,,,,,,,,,,,,,,,,,1298,508,394,527,761,785,,,,,,
ACSSF,2019m1,nc,000,0056,0000049,3330,2121,1399,971,119,516,172,878,1669,1276,454,1032,353,794,803,604,134,509,337,436,2044,1355,740,622,745,544,490,1747,951,875,821,592,622,753,307,266,301,373,567,3648,1030,723,737,1029,951,968,309,1190,1527,1245,494,670,492,839,1087,1346,680,243,595,240,786,,,,,,,931,678,240,562,167,69,,,,,,,,,,,,,,,,,,,2587,1889,1115,1277,1105,1331,748,409,206,357,290,268
ACSSF,2019m1,nc,000,0056,0000050,8364,5441,3079,3142,1236,1841,534,2463,3693,3426,1444,2781,929,2308,1891,1449,415,926,657,1051,5530,3896,2510,1461,2080,1436,2649,3730,2841,1774,2545,1595,2688,1866,1256,898,645,1486,1052,8816,3257,3105,2158,2498,3325,3452,1098,3708,5289,3257,2593,2313,2016,2770,2876,4943,2961,2102,2057,1376,2672,,,,,,,2523,2182,785,1181,486,951,,,,,,,,,,,,,1260,833,357,342,356,350,6521,4723,2527,4301,2860,3822,2428,1234,507,924,879,1348
ACSSF,2019m1,nc,000,0056,0000051,1878,1078,507,383,216,185,257,300,716,441,228,386,276,422,570,395,108,444,144,222,1520,988,298,475,568,256,517,838,562,251,303,400,545,503,224,127,188,307,256,2078,335,435,297,691,444,296,17,584,930,752,224,590,220,311,881,708,647,229,334,228,402,,,,,,,,,,,,,,,,,,,,,,,,,,,,,,,1451,686,536,721,588,940,,,,,,
ACSSF,2019m1,nc,000,0056,0000052,,,,,,,,,,,,,,,,,,,,,,,,,,,,,,,,,,,,,,,,1922,331,504,341,239,269,533,149,636,734,683,179,350,139,149,215,,,,,,,,,,,,,,,,,,,,,,,,,,,,,,,,,,,,,1744,897,614,734,633,461,,,,,,
ACSSF,2019m1,nc,000,0056,0000053,1759,954,376,121,216,296,216,218,856,680,199,369,208,256,356,279,216,200,139,167,1167,694,321,307,328,198,341,843,211,434,531,201,362,449,113,252,94,313,415,2004,169,454,284,251,420,551,184,584,823,605,281,515,406,433,294,,,,,,,,,,,,,,,,,,,,,,,,,,,,,,,,,,,,,1383,635,504,667,566,563,,,,,,
ACSSF,2019m1,nc,000,0056,0000054,2718,1746,1525,565,75,408,137,1514,1268,860,100,730,179,692,790,560,306,388,146,279,1942,1243,643,450,593,480,751,1691,705,410,739,367,1318,730,273,218,162,587,455,3053,389,632,660,836,674,508,401,788,1450,1014,879,643,980,1408,1222,,,,,,,,,,,,,,,,,,,,,,,,,,,,,,,,,,,,,2752,1431,717,1263,790,2145,,,,,,
ACSSF,2019m1,nc,000,0056,0000055,3559,2183,1847,1720,489,499,292,453,1476,1598,260,860,321,738,878,654,136,358,186,396,2517,1519,1212,460,852,516,755,1694,1304,629,992,503,930,973,553,318,311,590,448,4014,1432,1321,989,956,1355,2194,289,1131,2035,1048,902,861,547,760,733,1068,943,158,398,277,528,,,,,,,2174,2005,583,800,238,377,,,,,,,,,,,,,567,356,236,171,131,240,3590,2476,879,1779,917,1357,964,544,115,256,202,436
ACSSF,2019m1,nc,000,0056,0000056,8988,5295,3602,2288,797,1912,527,2164,3504,2200,1018,2418,742,1729,1533,1150,368,720,561,922,5750,3777,2622,1362,2261,1170,2531,3952,2212,1064,2642,1635,1844,1804,1202,904,536,1045,870,9813,2467,1647,1541,2078,3073,2397,973,2715,5428,2509,1959,2014,2017,2264,2585,5235,3010,1477,2969,1488,2328,,,,,,,2169,2474,1282,906,386,892,,,,,,,1268,706,103,977,216,321,1701,1306,154,557,216,888,6230,3903,1865,3528,1689,3132,1974,1109,341,1159,605,951
ACSSF,2019m1,nc,000,0056,0000057,2691,1331,1024,915,205,331,216,351,1156,1026,290,370,155,489,595,285,184,220,129,351,2019,1503,638,843,641,558,997,1276,406,825,543,272,834,793,526,91,216,320,343,3069,768,809,770,738,798,883,161,1155,996,639,387,760,463,593,920,1283,790,447,335,216,687,,,,,,,,,,,,,,,,,,,,,,,,,,,,,,,2330,1296,922,666,620,1201,,,,,,
ACSSF,2019m1,nc,000,0056,0000058,5516,3204,1939,1611,330,742,196,968,2188,1637,634,843,488,995,993,1044,174,353,451,530,3740,2392,1921,1142,894,331,2034,2448,1747,996,1151,822,1478,1209,459,706,223,655,759,6088,1237,1942,1428,1593,2032,1354,433,1982,2023,1238,1844,966,1471,1179,1461,3255,1996,1250,1285,803,2290,,,,,,,1165,1175,556,584,224,357,,,,,,,,,,,,,814,486,271,185,253,584,3352,2449,1410,1313,831,1825,,,,,,
ACSSF,2019m1,nc,000,0056,0000059,2663,1470,1128,710,267,438,326,618,970,653,283,510,198,597,721,388,192,305,216,434,1880,1393,878,532,459,452,700,1233,576,538,712,598,500,840,235,269,320,514,394,2829,440,674,478,703,876,567,181,862,1185,1109,580,651,288,399,867,1702,825,475,840,671,763,,,,,,,850,514,322,275,113,443,,,,,,,,,,,,,688,360,198,213,171,293,1554,825,603,713,588,768,875,524,290,266,360,388
ACSSF,2019m1,nc,000,0056,0000060,1848,1163,570,311,216,309,65,399,842,303,344,390,195,563,550,240,431,298,226,131,1280,792,529,310,280,114,547,1039,299,564,295,549,413,458,126,70,219,423,147,2098,271,406,348,350,425,171,336,1041,757,854,375,316,481,380,612,1347,517,923,379,474,649,,,,,,,,,,,,,,,,,,,,,,,,,,,,,,,1235,511,281,534,605,819,,,,,,
ACSSF,2019m1,nc,000,0056,0000061,4506,2702,1650,1211,360,1055,167,1313,1971,1536,925,855,283,976,1054,719,80,491,288,598,2934,2138,1218,1115,792,1087,921,2276,1015,1024,1088,676,1600,1086,340,292,591,596,675,5288,907,901,1082,1288,1529,971,485,2101,2307,1574,1021,1121,973,1126,1669,3292,1606,1515,1503,1184,1848,,,,,,,1346,964,397,622,105,609,,,,,,,,,,,,,,,,,,,3189,1792,924,1365,889,1575,1193,730,293,356,329,372
ACSSF,2019m1,nc,000,0056,0000062,2679,1476,1053,788,413,641,94,552,955,776,360,311,274,354,530,291,144,314,181,300,1842,1026,425,566,682,248,634,1070,562,498,521,345,462,780,441,211,203,518,320,2827,529,799,612,728,539,363,84,1104,1287,756,288,395,551,406,782,1289,1010,444,527,346,627,,,,,,,,,,,,,,,,,,,,,,,,,,,,,,,2103,872,707,1102,605,1111,,,,,,
ACSSF,2019m1,nc,000,0056,0000063,2569,1374,778,512,94,397,65,490,883,608,143,472,216,497,563,280,216,301,163,240,1658,1237,606,433,524,290,718,1392,498,412,462,579,805,557,261,327,212,339,126,3100,590,555,403,318,556,567,286,882,955,822,451,392,520,479,993,1257,344,438,459,412,869,,,,,,,800,535,61,399,216,210,,,,,,,,,,,,,,,,,,,2111,919,556,824,669,986,,,,,,
ACSSF,2019m1,nc,000,0056,0000064,,,,,,,,,,,,,,,,,,,,,,,,,,,,,,,,,,,,,,,,2405,273,81,269,489,453,306,114,1050,469,388,183,885,332,138,933,1105,307,823,356,216,784,,,,,,,,,,,,,,,,,,,,,,,,,,,,,,,1454,790,629,236,302,506,,,,,,
ACSSF,2019m1,nc,000,0056,0000065,6580,4207,2496,2099,831,1315,451,1936,2654,1772,1095,1674,714,1460,1603,1109,364,555,426,797,4253,3423,1780,944,1703,1113,2209,3101,2129,1051,1577,1071,2324,1483,868,541,429,878,795,7029,2170,2167,1351,1500,2186,2261,732,2424,3403,2209,2112,1536,1516,2033,2595,4622,2453,1485,1560,1236,2613,,,,,,,1640,1173,361,838,400,461,,,,,,,,,,,,,1164,865,238,260,282,234,5434,3628,1405,2883,1576,2859,1712,837,352,398,774,1167
ACSSF,2019m1,nc,000,0056,0000066,2777,1491,941,650,442,335,170,544,939,697,210,590,172,533,856,485,234,564,263,384,2063,1314,937,402,296,560,651,1376,748,440,764,463,807,1037,562,271,337,686,729,2969,313,881,482,853,1101,553,301,980,1427,985,761,671,734,674,829,,,,,,,,,,,,,,,,,,,,,,,,,,,,,,,,,,,,,2450,1672,720,1323,942,1296,,,,,,
ACSSF,2019m1,nc,000,0056,0000067,3955,2039,1129,871,460,716,198,961,1574,1135,278,746,686,768,937,572,107,526,192,336,2955,1623,748,1124,546,354,641,1683,931,841,634,464,1436,945,478,370,144,616,430,4247,617,783,680,899,1047,707,346,1681,1447,1055,1091,779,671,1173,1142,2368,1280,1172,716,766,1671,,,,,,,671,475,308,412,78,246,,,,,,,,,,,,,398,290,134,130,216,222,2880,1515,1210,1086,688,1455,1045,516,237,386,460,303
ACSSF,2019m1,nc,000,0056,0000068,2718,1746,1525,565,75,408,137,1514,1268,860,100,730,179,692,790,560,306,388,146,279,1942,1243,643,450,593,480,751,1691,705,410,739,367,1318,730,273,218,162,587,455,3053,389,632,660,836,674,508,401,788,1450,1014,879,643,980,1408,1222,,,,,,,,,,,,,,,,,,,,,,,,,,,,,,,,,,,,,2752,1431,717,1263,790,2145,,,,,,
ACSSF,2019m1,nc,000,0056,0000069,8988,5295,3602,2288,797,1912,527,2164,3504,2200,1018,2418,742,1729,1533,1150,368,720,561,922,5750,3777,2622,1362,2261,1170,2531,3952,2212,1064,2642,1635,1844,1804,1202,904,536,1045,870,9813,2467,1647,1541,2078,3073,2397,973,2715,5428,2509,1959,2014,2017,2264,2585,5235,3010,1477,2969,1488,2328,,,,,,,2169,2474,1282,906,386,892,,,,,,,1268,706,103,977,216,321,1701,1306,154,557,216,888,6230,3903,1865,3528,1689,3132,1974,1109,341,1159,605,951
ACSSF,2019m1,nc,000,0056,0000070,2691,1331,1024,915,205,331,216,351,1156,1026,290,370,155,489,595,285,184,220,129,351,2019,1503,638,843,641,558,997,1276,406,825,543,272,834,793,526,91,216,320,343,3069,768,809,770,738,798,883,161,1155,996,639,387,760,463,593,920,1283,790,447,335,216,687,,,,,,,,,,,,,,,,,,,,,,,,,,,,,,,2330,1296,922,666,620,1201,,,,,,
ACSSF,2019m1,nc,000,0056,0000071,1848,1163,570,311,216,309,65,399,842,303,344,390,195,563,550,240,431,298,226,131,1280,792,529,310,280,114,547,1039,299,564,295,549,413,458,126,70,219,423,147,2098,271,406,348,350,425,171,336,1041,757,854,375,316,481,380,612,1347,517,923,379,474,649,,,,,,,,,,,,,,,,,,,,,,,,,,,,,,,1235,511,281,534,605,819,,,,,,
ACSSF,2019m1,nc,000,0056,0000072,5541,3212,1952,1625,330,742,196,968,2188,1637,634,843,488,995,993,1044,174,353,451,530,3750,2380,1921,1142,888,331,2024,2448,1747,996,1151,822,1478,1209,459,706,223,655,759,6110,1237,1942,1428,1593,2032,1401,433,1982,2028,1238,1844,966,1471,1167,1461,3255,1996,1250,1285,803,2290,,,,,,,1272,1201,556,584,224,360,,,,,,,,,,,,,814,486,271,185,253,584,3358,2449,1410,1318,831,1825,,,,,,
ACSSF,2019m1,nc,000,0056,0000073,2663,1470,1128,710,267,438,326,618,970,653,283,510,198,597,721,388,192,305,216,434,1880,1393,878,532,459,452,700,1233,576,538,712,598,500,840,235,269,320,514,394,2829,440,674,478,703,876,567,181,862,1185,1109,580,651,288,399,867,1702,825,475,840,671,763,,,,,,,850,514,322,275,113,443,,,,,,,,,,,,,688,360,198,213,171,293,1554,825,603,713,588,768,875,524,290,266,360,388
ACSSF,2019m1,nc,000,0056,0000074,4506,2702,1650,1211,360,1055,167,1313,1971,1536,925,855,283,976,1054,719,80,491,288,598,2934,2138,1218,1115,792,1087,921,2276,1015,1024,1088,676,1600,1086,340,292,591,596,675,5288,907,901,1082,1288,1529,971,485,2101,2307,1574,1021,1121,973,1126,1669,3292,1606,1515,1503,1184,1848,,,,,,,1346,964,397,622,105,609,,,,,,,,,,,,,,,,,,,3189,1792,924,1365,889,1575,1193,730,293,356,329,372
ACSSF,2019m1,nc,000,0056,0000075,2547,1282,746,512,94,410,65,387,815,557,143,472,216,474,563,280,216,301,163,240,1654,1185,606,423,483,247,689,1255,489,395,462,565,759,557,261,327,212,339,126,3083,578,523,403,322,556,567,286,871,982,783,451,392,513,469,950,1265,344,427,459,412,833,,,,,,,800,535,61,399,216,210,,,,,,,,,,,,,,,,,,,2035,889,544,832,635,917,,,,,,
ACSSF,2019m1,nc,000,0056,0000076,2679,1476,1053,788,413,641,94,552,955,776,360,311,274,354,530,291,144,314,181,300,1842,1026,425,566,682,248,634,1070,562,498,521,345,462,780,441,211,203,518,320,2827,529,799,612,728,539,363,84,1104,1287,756,288,395,551,406,782,1289,1010,444,527,346,627,,,,,,,,,,,,,,,,,,,,,,,,,,,,,,,2103,872,707,1102,605,1111,,,,,,
ACSSF,2019m1,nc,000,0056,0000077,,,,,,,,,,,,,,,,,,,,,,,,,,,,,,,,,,,,,,,,2405,273,81,269,489,453,306,114,1050,469,388,183,885,332,138,933,1105,307,823,356,216,784,,,,,,,,,,,,,,,,,,,,,,,,,,,,,,,1454,790,629,236,302,506,,,,,,
ACSSF,2019m1,nc,000,0056,0000078,3566,2108,1847,1720,489,499,292,453,1452,1552,260,856,321,711,807,629,75,328,186,396,2527,1519,1212,460,852,516,755,1748,1316,614,992,503,930,907,456,283,311,590,417,4025,1410,1313,989,952,1351,2181,289,1058,2040,1048,902,847,547,743,696,1068,943,158,398,277,528,,,,,,,2174,2005,583,800,238,377,,,,,,,,,,,,,566,265,236,171,131,240,3496,2467,792,1787,917,1313,961,544,115,256,202,407
ACSSF,2019m1,nc,000,0056,0000079,6574,4207,2469,2097,831,1309,451,1936,2697,1751,1095,1674,714,1460,1596,1109,364,555,426,734,4240,3415,1780,944,1686,1104,2209,3024,2093,1051,1577,1071,2323,1435,785,541,429,878,795,6991,2175,2167,1298,1505,2194,2199,732,2424,3399,2216,2112,1556,1516,2033,2584,4583,2420,1485,1560,1236,2616,,,,,,,1602,1140,361,838,400,461,,,,,,,,,,,,,993,681,238,260,282,234,5437,3641,1405,2858,1580,2875,1712,837,352,398,774,1167
ACSSF,2019m1,nc,000,0056,0000080,2777,1491,941,650,442,335,170,544,939,697,210,590,172,533,856,485,234,564,263,384,2063,1314,937,402,296,560,651,1376,748,440,764,463,807,1037,562,271,337,686,729,2969,313,881,482,853,1101,553,301,980,1427,985,761,671,734,674,829,,,,,,,,,,,,,,,,,,,,,,,,,,,,,,,,,,,,,2450,1672,720,1323,942,1296,,,,,,
ACSSF,2019m1,nc,000,0056,0000081,3955,2039,1129,871,460,716,198,961,1574,1135,278,746,686,768,937,572,107,526,192,336,2955,1623,748,1124,546,354,641,1683,931,841,634,464,1436,945,478,370,144,616,430,4247,617,783,680,899,1047,707,346,1681,1447,1055,1091,779,671,1173,1142,2368,1280,1172,716,766,1671,,,,,,,671,475,308,412,78,246,,,,,,,,,,,,,398,290,134,130,216,222,2880,1515,1210,1086,688,1455,1045,516,237,386,460,303
ACSSF,2019m1,nc,000,0056,0000082,6826,3714,2185,1672,549,818,250,1406,2646,1962,774,1154,334,955,1321,933,233,689,666,672,5062,2780,2378,1352,960,886,2143,3849,1813,1263,1540,1390,1858,1868,856,769,563,1278,1019,7651,1381,2039,1528,2146,2324,1398,881,2496,2760,2390,1946,1297,1625,1213,1652,3912,2617,1590,1728,1670,2591,,,,,,,1931,1370,706,493,232,394,,,,,,,,,,,,,994,533,236,223,338,611,4398,2840,1788,1756,1427,2287,1644,1225,330,478,290,513
ACSSF,2019m1,nc,000,0056,0000083,7663,4909,2943,2146,558,1515,378,1618,3680,2685,1221,2559,771,1543,1843,1065,443,833,619,794,5053,3387,2053,1392,1573,1290,1586,3407,2782,1608,2168,1460,1592,1818,1079,807,431,1234,778,8296,2154,2268,1505,2100,2529,2542,644,3040,4783,2486,846,1848,1283,1462,2010,4504,2253,1815,1735,1164,1807,,,,,,,2228,1684,343,778,252,373,,,,,,,580,227,216,431,220,212,815,539,189,225,365,302,5846,4272,2493,3763,2417,2752,1697,923,618,966,337,403
ACSSF,2019m1,nc,000,0056,0000084,6892,3759,2434,1644,475,1023,570,1561,2330,1637,597,1243,456,1697,1501,1190,614,821,777,739,4370,2253,1035,985,803,1205,1458,2922,1349,1414,1181,1436,1161,1757,704,693,588,1396,777,7572,1324,1665,1347,1314,1731,1506,447,2213,2396,3172,1086,1357,1437,1010,2234,2261,1206,921,836,718,1168,,,,,,,1060,522,500,289,265,372,,,,,,,,,,,,,1253,388,599,751,100,457,5563,2814,1618,2034,2847,2538,1872,866,678,316,808,755
ACSSF,2019m1,nc,000,0056,0000085,8824,5249,3494,3384,1145,1457,500,2051,3510,2986,1288,2218,934,1646,2120,1616,552,792,476,1180,5651,3868,2289,1450,1946,1364,2658,3880,2906,1557,2308,1547,2681,1871,1166,795,585,1233,1103,9706,2743,3069,2121,1974,3313,3038,890,3565,4446,2579,2804,1918,1894,2332,3012,4544,2560,1642,2098,1335,2678,,,,,,,3013,2620,797,1217,533,822,,,,,,,,,,,,,1495,1042,440,285,324,592,7158,4510,2524,3518,1892,3355,2455,1546,326,881,872,1344
ACSSF,2019m1,nc,000,0056,0000086,6986,4188,1856,1042,590,1044,582,1295,2828,1941,838,1495,891,1308,1685,933,360,1030,452,672,4561,2211,1236,1375,1038,617,1286,3142,1378,1415,1404,1056,1899,1606,841,721,519,1440,847,7486,1230,1261,1197,1407,1682,1416,537,2606,3094,2436,1527,1497,1186,1427,2044,2831,1692,1213,1003,818,1770,,,,,,,797,802,308,535,181,526,,,,,,,,,,,,,590,368,176,285,216,344,5640,2722,2381,2921,2258,2421,1241,778,386,515,462,399
ACSSF,2019m1,nc,000,0056,0000087,6463,4318,1725,1153,298,816,294,788,3103,1987,964,1213,530,1634,1582,1220,295,763,526,900,4172,2790,1219,1309,1566,1095,1462,2785,1505,1260,1955,1283,1550,2138,730,653,909,1455,994,7405,1517,1837,1294,1268,1986,1331,388,2292,3096,2742,1055,1495,1392,1532,1754,2820,1395,1508,1736,1239,1451,,,,,,,1634,919,173,414,208,1093,,,,,,,,,,,,,,,,,,,4980,3056,1513,2392,2130,2255,1258,971,350,644,476,498
ACSSF,2019m1,nc,000,0056,0000088,6377,3803,2179,1357,746,918,460,1285,2321,1635,605,1652,692,1340,1826,1156,528,1258,651,915,4299,2514,1183,1142,1308,1191,1330,2943,1641,1117,1540,1248,1302,1823,1114,663,465,1259,870,6648,1215,1461,1194,1319,2199,1544,431,2152,3588,2669,1185,1440,1227,1353,1738,2415,1107,748,891,1361,1213,,,,,,,686,440,108,403,204,356,,,,,,,,,,,,,1101,470,96,520,460,469,5484,3219,1942,3240,2327,2525,1112,770,213,578,230,566
ACSSF,2019m1,nc,000,0056,0000089,6830,3833,2951,1820,857,1214,427,1931,2250,1628,726,1220,359,1270,1577,1190,401,732,520,842,4289,2621,1551,1310,1475,977,1720,3037,1342,1323,1521,1224,1631,1843,802,576,546,883,959,7479,1167,1681,1464,1295,1791,1534,865,2121,2731,1992,1167,1520,1850,1067,2062,3472,1867,1031,1715,793,1970,,,,,,,1701,1014,651,858,113,449,,,,,,,870,398,640,168,345,367,1252,604,789,408,210,517,4881,2533,1628,2134,1862,2443,1474,1091,511,784,461,910
ACSSF,2019m1,nc,000,0056,0000090,7360,3795,2605,1809,371,1138,217,1458,2986,2442,723,2066,706,1370,1386,1182,280,1001,590,910,4996,2819,1654,1250,1403,848,1120,3587,1947,1088,1649,1381,1630,1855,727,868,471,1060,884,8077,1518,1256,1214,1873,2320,1710,774,2068,3800,2249,1019,1481,992,1598,1700,2355,1260,974,1249,553,1286,998,459,361,357,582,391,2006,1658,295,868,188,515,,,,,,,,,,,,,1311,1082,147,523,144,245,5909,3825,1568,3235,1926,2092,1083,593,322,522,464,477
ACSSF,2019m1,nc,000,0056,0000091,7452,3893,2494,1513,559,900,409,1623,2434,1245,896,1684,370,1344,2016,1339,591,966,591,984,4998,3201,1311,1317,1152,927,1762,2922,1339,1040,1581,1280,1750,1833,597,891,467,1170,1020,8328,767,1452,1055,1697,1742,1207,630,2414,2958,2391,1005,1508,1479,1595,2196,2055,867,1129,871,926,1052,,,,,,,1334,565,391,877,82,672,,,,,,,,,,,,,804,570,158,243,129,353,6237,3129,1933,2433,1961,3341,1542,965,163,738,203,613
ACSSF,2019m1,nc,000,0056,0000092,7618,3943,2376,1090,415,953,520,1503,2589,1568,708,1494,668,1288,1902,1467,480,1064,725,1081,5369,2626,1192,1100,773,1162,1442,2973,1371,1530,1435,1429,1793,2150,763,694,599,1439,1074,8061,1038,1589,1352,1348,1477,1423,784,2444,3123,2983,1732,1507,1615,1160,1922,1213,789,274,369,503,692,,,,,,,872,296,177,608,219,248,,,,,,,,,,,,,,,,,,,7094,3346,2384,2936,2895,3180,1509,718,314,682,109,963
ACSSF,2019m1,nc,000,0056,0000093,7712,4769,3218,2115,808,1740,511,2118,3523,2025,1289,2018,893,1879,1379,871,575,812,611,813,4974,3349,2158,1406,2156,1253,2255,3589,1700,1183,2456,1623,1725,1624,1149,762,793,864,775,8306,2456,2006,1367,1753,2596,2469,647,2922,4927,2588,1723,2036,1743,2277,2672,5393,3209,1475,2961,1540,2379,,,,,,,2005,2081,1307,894,378,742,,,,,,,1266,688,95,973,110,327,1393,942,96,392,216,864,5207,2914,1853,3059,1786,3090,2197,1329,767,1105,515,832
ACSSF,2019m1,nc,000,0056,0000094,7111,4279,2238,1772,680,1142,312,1670,3060,1909,837,1341,603,1422,1697,1080,324,766,577,780,4703,2544,1481,1348,1252,1345,1354,3513,1241,1949,1550,1287,1917,1819,752,599,604,1098,836,8223,1233,1581,1387,1660,2039,1524,667,2567,3111,2344,1216,1478,1274,1257,2413,3914,1933,1360,1857,1221,2232,,,,,,,1509,1189,464,828,139,409,,,,,,,,,,,,,794,526,324,323,219,422,5420,2422,1793,2276,2046,2332,1345,841,441,740,335,668
ACSSF,2019m1,nc,000,0056,0000095,2376,1609,1073,416,80,457,102,724,981,589,158,424,212,761,764,539,222,380,332,366,1577,761,433,215,402,320,691,936,580,448,334,543,400,939,443,353,177,638,556,2804,478,409,574,757,727,402,200,763,918,1023,943,598,616,621,830,,,,,,,,,,,,,,,,,,,,,,,,,,,,,,,,,,,,,2287,1069,758,888,969,1312,,,,,,
ACSSF,2019m1,nc,000,0056,0000096,2476,1481,513,233,287,380,123,289,1174,807,243,362,385,482,659,392,214,454,173,352,1545,707,478,368,133,260,367,1061,434,602,467,563,406,621,262,208,164,550,221,2724,518,637,427,412,382,617,149,811,937,1088,307,560,299,209,539,,,,,,,,,,,,,,,,,,,,,,,,,,,,,,,,,,,,,2259,1157,672,896,1034,891,,,,,,
ACSSF,2019m1,nc,000,0056,0000097,2052,1339,670,402,164,267,445,84,1036,884,404,402,379,297,642,462,89,184,297,296,1534,765,399,221,466,448,304,1064,478,363,390,319,768,574,213,290,199,481,167,2304,421,228,414,561,624,878,63,693,959,1084,506,702,353,280,424,,,,,,,,,,,,,,,,,,,,,,,,,,,,,,,,,,,,,1931,1058,661,655,1003,938,,,,,,
ACSSF,2019m1,nc,000,0056,0000098,2043,1067,456,365,216,109,216,429,937,760,196,374,107,389,492,278,121,404,102,209,1498,539,216,486,165,185,323,1042,595,501,517,594,368,640,214,307,120,448,11,2164,508,551,17,306,642,452,246,872,720,862,238,439,330,317,527,1101,539,522,251,478,284,,,,,,,,,,,,,,,,,,,,,,,,,,,,,,,1695,1018,651,669,680,748,,,,,,
ACSSF,2019m1,nc,000,0056,0000099,2100,1272,741,380,216,557,145,497,1050,770,151,733,169,406,599,325,150,167,222,485,1581,748,467,453,391,361,363,1240,560,402,669,736,385,805,152,153,474,618,305,2355,585,482,241,543,773,348,513,693,1353,1297,434,655,356,213,669,1248,663,197,707,767,659,,,,,,,,,,,,,,,,,,,,,,,,,,,,,,,1517,970,633,1038,746,905,,,,,,
ACSSF,2019m1,nc,000,0056,0000100,1881,1070,558,251,216,117,216,468,800,369,379,617,54,208,357,171,48,209,126,155,1264,776,135,587,32,433,278,675,351,362,363,294,254,869,176,158,248,767,233,2015,179,301,203,226,332,300,24,844,872,918,518,331,67,284,341,1583,248,583,667,856,570,,,,,,,,,,,,,,,,,,,,,,,,,,,,,,,1054,469,468,403,419,424,,,,,,
ACSSF,2019m1,nc,000,0056,0000101,2361,1323,945,446,151,550,216,705,902,689,150,502,175,416,674,426,335,364,181,168,1631,961,437,100,233,498,673,1158,722,276,447,577,432,599,192,182,181,395,254,2453,672,784,248,375,545,543,136,584,922,894,389,375,482,454,876,1355,766,51,507,457,476,,,,,,,,,,,,,,,,,,,,,,,,,,,,,,,1946,1054,511,684,768,1227,,,,,,
ACSSF,2019m1,nc,000,0056,0000102,2150,1061,514,258,139,204,216,312,781,535,154,386,216,360,560,376,204,391,316,264,1708,1202,529,244,103,619,735,973,501,498,409,340,640,664,224,379,288,490,346,2266,294,463,281,398,627,411,216,724,759,949,395,542,764,316,394,798,154,216,184,681,384,,,,,,,,,,,,,,,,,,,,,,,,,,,,,,,1732,948,656,748,637,979,,,,,,
ACSSF,2019m1,nc,000,0056,0000103,2535,1309,672,406,123,379,216,323,922,544,208,549,341,300,618,278,305,397,188,224,1766,975,574,242,361,367,597,1443,656,627,744,584,576,786,454,189,99,633,308,2634,227,676,160,665,621,427,287,753,1219,1020,127,389,115,330,850,1667,1045,321,1008,636,742,,,,,,,,,,,,,,,,,,,,,,,,,,,,,,,1702,853,550,636,694,760,,,,,,
ACSSF,2019m1,nc,000,0056,0000104,1814,998,462,175,216,296,69,286,862,683,199,349,208,256,380,278,216,206,209,183,1203,744,327,342,328,267,342,851,211,459,534,217,388,496,177,252,154,335,415,2026,241,441,294,268,438,551,184,612,809,648,278,558,406,433,351,870,403,143,525,194,510,,,,,,,,,,,,,,,,,,,,,,,,,,,,,,,1480,669,539,654,627,637,,,,,,
ACSSF,2019m1,nc,000,0056,0000105,3767,2222,1049,767,323,974,58,420,1729,1040,602,565,295,1360,711,525,146,285,195,455,2371,1678,865,707,899,906,970,2014,1534,808,758,724,711,522,272,264,113,247,265,4079,772,780,666,858,1623,551,99,1453,1832,1289,422,998,756,253,1448,1737,839,667,598,463,1187,,,,,,,,,,,,,,,,,,,,,,,,,,,,,,,3442,2185,1167,1617,1064,1527,,,,,,
ACSSF,2019m1,nc,000,0056,0000106,3501,2432,2009,1429,717,765,163,1166,1226,907,221,484,216,722,675,551,259,243,150,214,2013,1952,1157,536,986,171,789,1156,665,283,594,418,695,635,323,213,184,418,359,3870,673,857,831,557,1002,1373,240,1096,1659,649,907,519,808,877,1217,1476,968,797,440,222,605,,,,,,,1001,849,216,555,162,176,,,,,,,,,,,,,,,,,,,2808,1662,539,1380,534,1700,,,,,,
ACSSF,2019m1,nc,000,0056,0000107,4223,2455,1361,861,250,678,402,1086,1457,941,201,913,156,733,1230,847,103,489,156,635,2808,1949,1188,533,775,637,1410,1647,1111,488,635,470,1044,993,508,287,442,493,461,4487,1016,1235,731,695,1168,961,290,968,1738,1286,1085,767,820,1504,1391,2388,1178,169,908,312,1654,,,,,,,805,462,227,341,216,136,,,,,,,,,,,,,,,,,,,3705,2237,787,1411,882,1696,915,604,243,253,770,192
ACSSF,2019m1,nc,000,0056,0000108,4427,2482,1469,1139,265,616,172,715,1882,1259,851,1163,461,766,769,385,69,461,404,454,2671,1918,908,363,721,777,1318,2157,1580,727,1072,574,1077,864,553,447,71,437,429,4736,1570,1158,595,1042,1203,996,285,1694,1974,1186,817,1054,675,1254,1066,2683,1576,1336,846,670,1072,,,,,,,,,,,,,,,,,,,,,,,,,,,,,,,3746,2089,808,1667,921,1832,1000,425,273,273,216,740
ACSSF,2019m1,nc,000,0056,0000109,4942,2764,1758,1519,243,445,201,772,1827,1029,1145,981,410,628,690,394,239,368,187,428,3148,1801,1557,370,416,365,807,2618,1018,562,1372,1136,1848,881,438,429,157,466,185,4998,686,1078,580,1142,1251,842,663,1715,1885,1514,1490,865,427,638,1130,3544,1321,1205,1571,987,1722,,,,,,,,,,,,,,,,,,,,,,,,,,,,,,,3092,2084,988,990,982,1121,,,,,,
ACSSF,2019m1,nc,000,0056,0000110,3643,2102,1179,859,221,429,187,544,1404,1128,230,782,317,696,874,571,129,358,275,391,2065,1310,984,236,485,493,679,1446,931,638,598,645,895,814,431,164,276,504,195,3537,674,884,548,813,991,1517,199,945,1307,1040,428,747,725,509,901,1389,794,132,323,391,898,,,,,,,,,,,,,,,,,,,,,,,,,,,,,,,3548,2257,800,1157,1014,1113,,,,,,
ACSSF,2019m1,nc,000,0056,0000111,4220,2764,2156,1716,528,629,67,676,1926,1270,179,1176,499,813,668,465,161,461,182,196,2473,1739,1247,611,816,337,913,1622,1109,1001,699,415,796,633,188,437,143,390,390,4600,1763,1074,1148,665,1066,1889,284,1388,1962,899,561,875,700,837,1112,1566,905,658,421,307,388,,,,,,,2592,2183,450,812,375,662,,,,,,,,,,,,,,,,,,,3751,2057,1286,1604,680,1659,,,,,,
ACSSF,2019m1,nc,000,0056,0000112,4356,2441,1846,1690,465,248,292,470,1487,1459,232,810,319,739,870,659,75,297,250,401,2525,1757,918,348,709,393,1000,1825,1209,566,946,389,836,997,470,306,331,500,524,4981,1146,1141,944,768,1530,1813,368,906,1863,957,776,1014,591,736,689,1086,645,187,445,136,552,,,,,,,2018,1643,461,463,216,363,,,,,,,,,,,,,,,,,,,3599,2574,744,1703,859,1265,,,,,,
ACSSF,2019m1,nc,000,0056,0000113,2933,2066,1611,1371,607,548,92,457,1642,1411,299,1217,241,679,566,433,216,304,216,180,2085,1563,912,814,651,573,513,1572,1122,691,1200,642,643,957,566,234,149,742,355,3269,1298,1222,789,1022,920,1473,278,1261,2093,1155,583,668,553,690,742,1130,708,572,334,145,307,,,,,,,1640,1324,361,607,340,304,,,,,,,,,,,,,,,,,,,3022,2325,1049,1839,1000,1229,1107,536,300,687,188,295
ACSSF,2019m1,nc,000,0056,0000114,4053,2444,1793,1632,284,634,196,597,1834,1500,533,756,445,816,1121,969,133,236,306,488,3082,2337,1797,890,835,339,1851,2067,1528,869,1136,770,1335,1046,424,422,120,716,557,4594,1095,1656,1200,1778,1873,1280,374,1583,1838,1029,1715,764,1238,979,1346,2574,1689,705,1232,664,1948,,,,,,,1239,1148,478,584,224,203,,,,,,,,,,,,,,,,,,,2872,2362,1176,1236,758,1404,,,,,,
ACSSF,2019m1,nc,000,0056,0000115,3551,2057,1355,1033,159,398,127,705,1198,842,303,415,123,602,806,649,113,308,375,457,2497,1817,1475,813,324,121,979,1693,986,535,460,331,954,893,385,560,273,366,622,3981,852,1065,821,989,1393,669,308,1287,895,892,857,604,920,658,935,2454,1526,1042,628,385,1236,,,,,,,,,,,,,,,,,,,,,,,,,,,,,,,2294,1377,803,731,524,1153,,,,,,
ACSSF,2019m1,nc,000,0056,0000116,2622,1661,1396,1288,257,618,216,660,1270,1051,387,923,381,784,781,726,339,503,185,452,1983,1333,862,738,393,417,918,1483,1104,748,701,588,937,724,622,355,220,440,520,2911,728,1441,936,892,1365,767,378,1140,1492,958,1164,977,748,707,934,1430,977,185,404,238,727,,,,,,,910,793,321,410,297,181,,,,,,,,,,,,,,,,,,,1898,1827,1076,1287,729,1558,906,784,216,459,330,420
ACSSF,2019m1,nc,000,0056,0000117,3077,1793,739,550,247,416,150,326,1395,1281,334,444,264,661,752,659,258,442,198,465,2244,1722,474,910,997,780,691,1655,1008,732,1089,732,659,1018,519,306,682,700,542,3892,934,1159,483,628,906,756,135,1276,1667,1294,709,662,962,985,702,1206,558,1119,925,819,395,,,,,,,,,,,,,,,,,,,,,,,,,,,,,,,2485,1719,722,1329,923,1304,,,,,,
ACSSF,2019m1,nc,000,0056,0000118,2948,1683,859,647,108,158,159,512,1113,492,181,588,269,903,648,438,134,339,199,424,1897,1295,823,367,969,395,609,1200,719,419,496,508,568,719,368,404,289,500,304,3259,445,801,502,464,1028,582,322,785,1238,994,453,670,501,511,960,1491,571,191,809,202,925,,,,,,,,,,,,,,,,,,,,,,,,,,,,,,,2322,1442,655,1046,824,1030,,,,,,
ACSSF,2019m1,nc,000,0056,0000119,3228,2041,1065,677,216,760,151,605,1624,1291,288,763,120,827,813,526,45,441,145,533,2073,1630,1010,288,430,654,646,1669,835,474,648,605,1353,939,328,246,564,533,476,3653,777,878,1027,712,964,716,359,666,1533,1121,1034,855,794,831,832,2124,1269,274,511,651,1316,,,,,,,950,344,217,536,216,570,,,,,,,,,,,,,,,,,,,2694,1351,507,1273,833,1439,820,666,170,196,187,279
ACSSF,2019m1,nc,000,0056,0000120,3265,1698,1302,712,316,652,76,1200,1065,821,186,381,256,458,463,342,216,234,274,218,2144,1641,666,897,525,923,432,1323,543,802,730,233,737,522,228,94,216,260,376,3822,579,312,350,715,966,700,300,1423,1288,976,461,502,656,503,1386,2335,850,938,1134,974,1285,,,,,,,1148,866,395,345,105,211,,,,,,,,,,,,,,,,,,,1566,915,489,410,312,931,,,,,,
ACSSF,2019m1,nc,000,0056,0000121,3615,1817,1033,672,168,637,16,312,1431,990,771,611,185,599,768,664,234,376,107,187,2452,1448,582,650,514,381,976,1590,641,930,1217,514,758,885,415,174,312,570,447,4055,803,625,498,1003,797,816,325,1501,1821,1031,409,612,756,1027,866,2141,762,968,1102,274,890,,,,,,,834,567,50,302,90,132,,,,,,,,,,,,,,,,,,,2439,1326,964,1256,877,1250,,,,,,
ACSSF,2019m1,nc,000,0056,0000122,2891,1822,816,599,224,326,65,489,1192,701,319,877,216,489,766,370,129,368,270,396,1719,1217,753,529,548,247,719,1354,540,618,666,602,763,785,332,350,229,575,83,3408,571,671,472,434,594,660,330,1075,1369,949,442,452,597,671,954,1576,565,586,869,584,753,,,,,,,546,374,61,307,216,226,,,,,,,,,,,,,,,,,,,2254,1109,777,967,745,1012,730,476,62,254,216,339
ACSSF,2019m1,nc,000,0056,0000123,2942,1617,1006,434,87,653,87,489,1097,808,170,419,588,508,585,470,108,291,171,186,1999,783,482,235,93,151,502,1525,400,678,381,356,1180,784,331,263,118,520,362,3110,318,375,571,495,547,611,235,861,868,848,999,473,534,984,578,1815,703,670,581,670,1123,,,,,,,,,,,,,,,,,,,,,,,,,,,,,,,1924,1064,509,623,493,1040,,,,,,
ACSSF,2019m1,nc,000,0056,0000124,2900,1539,969,774,388,291,131,858,1040,660,230,561,363,612,530,321,53,273,113,322,2053,1356,514,1138,545,306,370,1393,921,448,595,318,726,619,264,255,108,326,246,3085,383,726,313,611,970,320,230,1421,1144,691,433,615,498,445,1030,1680,1073,957,373,487,1006,,,,,,,,,,,,,,,,,,,,,,,,,,,,,,,2017,966,972,879,474,944,,,,,,
ACSSF,2019m1,nc,000,0056,0000125,3406,1761,861,462,179,436,317,432,1475,916,470,986,96,529,749,426,196,549,143,279,2265,1342,628,395,738,378,872,1546,611,843,859,391,817,1037,440,432,395,643,483,3732,779,754,571,617,663,767,257,1196,1847,999,671,826,575,540,1031,1060,313,176,713,125,608,,,,,,,714,646,216,290,188,373,,,,,,,,,,,,,,,,,,,3096,1248,1175,1610,920,1441,939,353,313,451,132,181
ACSSF,2019m1,nc,000,0056,0000126,2017,1230,524,261,105,402,90,223,873,564,372,363,136,363,626,448,143,434,172,218,1322,654,409,142,412,405,317,842,494,469,403,439,260,692,235,287,176,536,214,2371,427,681,397,399,425,560,85,723,816,820,271,322,195,326,565,,,,,,,,,,,,,,,,,,,,,,,,,,,,,,,,,,,,,1952,1224,519,833,750,721,,,,,,
ACSSF,2019m1,nc,000,0056,0000127,2009,1002,709,295,183,469,81,532,845,561,250,429,211,425,528,346,123,290,127,223,1481,793,440,383,100,391,292,1008,276,379,638,382,327,650,427,182,216,510,223,2317,218,409,335,322,499,462,33,866,911,973,149,407,478,376,582,,,,,,,,,,,,,,,,,,,,,,,,,,,,,,,,,,,,,1939,756,659,909,850,866,,,,,,
ACSSF,2019m1,nc,000,0056,0000128,2377,1288,695,368,350,170,390,158,777,557,230,384,325,284,602,426,243,164,185,411,1586,831,241,445,496,344,335,1120,534,703,327,734,581,661,263,401,125,441,393,2516,377,716,356,412,369,360,178,1230,875,1049,295,532,106,410,649,,,,,,,,,,,,,,,,,,,,,,,,,,,,,,,,,,,,,2367,1028,1190,848,992,968,,,,,,
ACSSF,2019m1,nc,000,0056,0000129,3381,2080,1731,905,158,419,192,1594,1391,1000,100,783,181,728,990,674,315,598,290,327,2258,1529,903,675,688,477,945,1669,863,432,903,471,1285,959,567,215,274,670,377,3717,423,770,886,1180,1026,763,481,879,1741,1131,906,640,936,1419,1385,,,,,,,,,,,,,,,,,,,,,,,,,,,,,,,,,,,,,3204,1916,804,1639,943,2138,,,,,,
ACSSF,2019m1,nc,000,0056,0000130,3088,1841,1171,677,231,558,141,748,1248,997,219,633,300,575,924,896,215,281,241,677,2252,1322,796,284,319,611,871,1476,731,761,656,741,871,907,327,228,147,713,632,3344,557,880,882,529,1007,826,490,901,1178,1376,947,941,930,513,829,,,,,,,,,,,,,,,,,,,,,,,,,,,,,,,,,,,,,2928,2139,918,1130,1388,1698,,,,,,
ACSSF,2019m1,nc,000,0056,0000131,2623,1456,608,318,87,167,178,503,1120,602,269,647,247,587,808,518,119,379,403,486,1748,1136,545,503,175,592,455,861,437,348,483,653,434,791,227,265,249,513,326,2877,340,548,312,457,433,635,78,743,1055,1235,537,572,562,237,862,,,,,,,,,,,,,,,,,,,,,,,,,,,,,,,,,,,,,2337,998,713,961,1170,1036,,,,,,
ACSSF,2019m1,nc,000,0056,0000132,2685,1530,457,265,216,276,216,257,1012,678,399,476,335,297,874,513,375,460,418,314,1678,673,122,390,335,391,285,1031,501,488,463,383,589,931,375,415,375,585,436,2892,382,470,410,306,571,598,151,929,1142,1084,430,654,497,208,580,,,,,,,,,,,,,,,,,,,,,,,,,,,,,,,,,,,,,2558,1158,817,1043,1086,934,,,,,,
ACSSF,2019m1,nc,000,0056,0000133,3167,1907,849,354,72,497,186,502,1028,543,323,531,216,606,1029,752,240,637,365,578,1968,944,672,462,244,294,545,1367,738,446,656,512,1010,898,325,454,352,644,737,3437,449,901,343,731,757,613,444,755,1235,1047,699,805,840,687,928,,,,,,,,,,,,,,,,,,,,,,,,,,,,,,,,,,,,,2983,1514,715,1117,977,1881,,,,,,
ACSSF,2019m1,nc,000,0056,0000134,2363,1440,419,217,80,196,263,157,1096,822,183,747,135,345,902,604,288,353,187,570,1569,959,574,260,117,377,495,1159,394,605,474,586,680,897,339,320,272,462,629,2741,297,658,401,468,820,548,30,893,1027,1150,308,803,691,465,704,,,,,,,,,,,,,,,,,,,,,,,,,,,,,,,,,,,,,2265,1291,864,840,1035,1203,,,,,,
ACSSF,2019m1,nc,000,0056,0000135,2588,1313,734,275,250,441,75,411,1023,440,296,707,119,347,544,511,71,246,230,159,1935,1282,338,925,162,358,689,1255,784,474,599,524,410,770,180,155,150,584,523,2788,260,669,253,385,681,447,216,1229,1123,921,263,558,590,543,400,,,,,,,,,,,,,,,,,,,,,,,,,,,,,,,,,,,,,2307,1086,993,1043,885,1087,,,,,,
ACSSF,2019m1,nc,000,0056,0000136,2932,1929,1149,805,342,224,146,614,1026,489,333,736,211,719,757,581,106,455,300,327,2003,1191,494,476,414,630,537,1243,578,466,649,467,662,754,260,737,188,453,193,3236,439,597,326,1097,406,612,218,1137,1272,1083,475,797,434,352,847,,,,,,,,,,,,,,,,,,,,,,,,,,,,,,,,,,,,,2582,1370,1143,1091,809,1267,,,,,,
ACSSF,2019m1,nc,000,0056,0000137,2645,1695,1211,1010,243,420,178,651,1377,974,298,700,191,593,552,286,94,292,256,309,1585,1039,551,506,566,457,493,1335,606,856,598,550,802,680,418,179,318,314,314,2799,569,1023,451,648,474,918,205,1090,1348,868,524,662,423,696,735,,,,,,,,,,,,,,,,,,,,,,,,,,,,,,,,,,,,,2215,1174,955,1085,795,1222,,,,,,
ACSSF,2019m1,nc,000,0056,0000138,2247,1322,705,363,114,531,147,362,820,256,236,529,130,483,483,217,60,375,130,147,1351,883,458,153,569,171,319,1023,377,247,502,375,417,463,132,354,84,222,187,2383,397,196,87,302,413,383,99,624,1293,559,212,431,188,159,679,601,337,103,339,65,394,,,,,,,,,,,,,,,,,,,,,,,,,,,,,,,1648,733,452,766,542,624,,,,,,
ACSSF,2019m1,nc,000,0056,0000139,2422,1397,675,386,123,378,65,437,1112,543,328,523,205,702,662,354,431,370,240,291,1561,1056,498,433,452,129,669,1216,391,519,685,620,470,499,149,199,219,435,141,2717,215,475,359,542,320,458,399,1024,1082,907,439,469,524,461,717,1325,462,882,444,489,698,,,,,,,,,,,,,,,,,,,,,,,,,,,,,,,1816,952,446,848,671,1048,,,,,,
ACSSF,2019m1,nc,000,0056,0000140,3157,2264,1749,1301,224,936,304,497,1309,512,203,844,308,664,453,326,162,111,98,222,1847,1517,926,513,1054,386,834,1022,552,222,676,415,533,553,323,194,108,361,198,3428,800,856,387,779,822,899,249,742,1838,904,789,612,739,659,649,1572,862,486,764,528,435,,,,,,,,,,,,,,,,,,,,,,,,,,,,,,,2710,1382,580,1443,661,1221,495,409,70,227,55,202
ACSSF,2019m1,nc,000,0056,0000141,2957,1372,1027,666,216,594,216,573,1075,682,111,517,246,542,494,297,216,342,119,227,2186,1198,794,412,386,500,666,1391,486,433,712,776,651,511,291,33,248,222,257,3163,281,522,555,502,681,595,588,711,1596,1082,383,490,544,544,702,2630,1266,583,1238,971,1075,,,,,,,669,296,198,289,341,142,,,,,,,,,,,,,,,,,,,746,454,177,361,185,405,,,,,,
ACSSF,2019m1,nc,000,0056,0000142,3232,1974,1417,1234,216,466,68,369,1229,741,191,894,90,198,472,408,57,204,147,189,2156,1557,1231,270,550,239,875,1068,474,520,881,630,403,798,312,319,299,376,359,3443,1755,569,523,412,633,919,216,840,1502,932,431,323,331,499,906,1766,746,423,1255,690,903,,,,,,,,,,,,,,,,,,,,,,,,,,,,,,,1734,982,538,910,574,602,,,,,,
ACSSF,2019m1,nc,000,0056,0000143,5430,2841,1976,1348,212,1132,162,1142,1847,1312,397,1338,356,949,1036,900,183,517,401,474,3314,2213,1110,716,963,315,1374,1939,1386,590,1137,659,1030,1314,557,713,288,646,520,6165,802,875,852,950,1690,1416,679,1314,3042,1054,812,1117,525,1472,1352,1493,746,651,508,155,730,,,,,,,1497,1222,143,493,158,466,,,,,,,,,,,,,,,,,,,4788,2692,1169,2817,1062,1816,957,843,109,139,198,431
ACSSF,2019m1,nc,000,0056,0000144,3170,2466,2239,1583,338,988,149,891,1327,765,199,762,537,584,636,375,151,117,206,492,1995,1627,1120,443,984,473,784,1296,663,310,933,299,732,632,219,131,141,516,291,3770,696,951,859,983,1343,1108,111,890,1735,996,543,779,825,842,781,1193,771,445,918,236,666,,,,,,,1040,946,181,280,109,182,,,,,,,,,,,,,,,,,,,2891,1826,472,1417,766,1402,1391,390,189,647,556,654
ACSSF,2019m1,nc,000,0056,0000145,3947,2379,1319,1021,215,673,279,681,1982,1253,802,1065,499,970,752,425,248,505,222,405,2663,1690,813,717,634,337,1056,1820,999,790,1312,509,955,1284,942,440,648,441,370,4356,1032,1059,495,555,1463,1168,270,1459,2174,1024,672,1119,764,1234,752,2325,1380,799,1187,361,804,,,,,,,847,567,240,240,216,378,,,,,,,,,,,,,,,,,,,3434,1850,1172,1756,946,1810,,,,,,
ACSSF,2019m1,nc,000,0056,0000146,3863,2234,1569,1297,318,489,216,857,1511,807,692,987,210,537,769,315,216,310,333,507,2639,1944,1237,742,1080,398,565,1712,1137,472,896,524,704,669,467,130,77,300,309,3956,917,1143,629,1048,1046,760,129,1353,1903,824,646,573,458,567,1250,2606,1412,585,1402,537,1188,,,,,,,1307,1065,902,374,69,174,,,,,,,,,,,,,,,,,,,2054,1315,624,1108,568,962,655,207,237,494,67,136
ACSSF,2019m1,nc,000,0056,0000147,4340,2979,1455,850,523,520,162,891,2160,1208,683,857,155,1379,731,351,541,349,111,205,2123,1772,882,620,1084,805,641,1544,783,392,1233,415,969,858,211,463,196,344,545,4470,745,717,481,604,1236,1276,364,1351,2113,1032,665,770,1407,989,921,2813,1211,546,1290,668,1410,,,,,,,1729,1217,876,338,158,524,,,,,,,,,,,,,,,,,,,2883,1359,877,1433,647,1522,1006,284,495,651,168,293
ACSSF,2019m1,nc,000,0056,0000148,3816,2407,1946,1094,237,585,270,1523,1441,1251,303,639,226,631,733,504,184,277,129,338,2222,1309,873,349,929,649,1003,1544,674,973,860,432,995,912,653,91,216,320,351,4179,807,1270,979,759,987,1157,161,1090,1638,930,537,888,1477,799,1026,1683,771,85,738,216,1586,,,,,,,,,,,,,,,,,,,,,,,,,,,,,,,2467,1836,930,995,873,1274,,,,,,
ACSSF,2019m1,nc,000,0056,0000149,2821,1423,701,536,160,418,216,168,1029,660,346,600,88,538,565,310,216,275,229,288,1809,1250,767,854,424,424,543,1112,342,404,731,570,678,461,96,247,205,216,152,3063,492,282,245,323,377,549,753,1097,1457,903,254,601,449,382,755,,,,,,,,,,,,,,,,,,,,,,,,,,,,,,,,,,,,,2124,710,705,1393,858,920,,,,,,
ACSSF,2019m1,nc,000,0056,0000150,2209,1174,730,230,540,154,216,397,1086,835,515,368,133,401,585,260,184,325,185,301,1638,932,482,115,532,143,718,1168,613,492,478,488,439,587,205,286,149,310,287,2457,483,563,218,447,686,371,66,895,1007,677,177,473,465,301,1037,901,382,543,710,108,346,,,,,,,,,,,,,,,,,,,,,,,,,,,,,,,1739,1056,728,584,661,1189,,,,,,
ACSSF,2019m1,nc,000,0056,0000151,2574,1624,895,595,431,279,86,445,1084,599,538,492,428,428,738,519,151,378,372,193,1818,1120,522,423,455,725,208,1254,894,532,425,564,565,531,210,149,192,352,253,2916,393,542,639,597,780,457,227,953,1098,1171,435,336,277,437,639,,,,,,,,,,,,,,,,,,,,,,,,,,,,,,,,,,,,,2495,1223,785,978,1071,828,,,,,,
ACSSF,2019m1,nc,000,0056,0000152,2477,1354,581,385,119,216,85,421,844,517,73,142,199,610,756,469,216,269,311,473,1665,893,325,524,496,309,235,996,341,405,480,337,426,796,319,214,113,540,534,2890,219,427,424,472,417,480,216,919,736,817,385,844,494,247,582,,,,,,,,,,,,,,,,,,,,,,,,,,,,,,,,,,,,,2219,1105,734,529,790,901,,,,,,
ACSSF,2019m1,nc,000,0056,0000153,3382,1978,1063,783,504,774,19,551,1255,769,289,720,25,677,903,745,248,359,318,646,2167,1105,547,561,457,227,809,1340,868,413,803,429,586,1085,413,373,307,579,690,3608,591,691,800,643,1035,750,294,1090,1625,906,739,885,482,724,1000,1222,733,294,967,174,631,,,,,,,,,,,,,,,,,,,,,,,,,,,,,,,2926,1570,763,1278,868,1507,434,362,242,216,116,213
ACSSF,2019m1,nc,000,0056,0000154,2483,1534,948,606,215,459,184,708,1079,696,127,678,100,421,390,235,42,168,176,171,1663,969,344,669,421,227,621,1129,675,288,474,737,424,447,198,66,85,247,255,2540,295,632,238,602,775,369,253,794,1239,875,358,407,540,524,832,739,654,143,253,552,446,,,,,,,,,,,,,,,,,,,,,,,,,,,,,,,1884,840,725,925,570,1056,1097,640,206,686,222,180
ACSSF,2019m1,nc,000,0056,0000155,1961,902,695,595,216,39,206,292,580,520,109,263,68,322,392,243,254,169,78,177,1628,717,190,258,490,379,326,1089,587,456,445,389,517,781,209,157,68,698,163,2203,241,625,306,329,644,364,191,635,761,1022,238,334,202,232,737,1052,522,313,261,475,517,,,,,,,,,,,,,,,,,,,,,,,,,,,,,,,1672,713,496,654,812,582,,,,,,
ACSSF,2019m1,nc,000,0056,0000156,1878,1078,507,383,216,185,257,300,716,441,228,386,276,422,570,395,108,444,144,222,1520,988,298,475,568,256,517,838,562,251,303,400,545,503,224,127,188,307,256,2078,335,435,297,691,444,296,17,584,930,752,224,590,220,311,881,708,647,229,334,228,402,,,,,,,,,,,,,,,,,,,,,,,,,,,,,,,1451,686,536,721,588,940,,,,,,
ACSSF,2019m1,nc,000,0056,0000157,2706,1072,721,359,279,543,79,401,673,279,201,424,216,480,628,330,216,238,436,375,2236,1156,452,388,53,728,503,1451,463,857,645,716,275,825,266,99,157,747,127,2923,245,312,294,484,425,387,96,1021,1120,1753,363,472,565,216,567,882,313,466,211,252,499,,,,,,,,,,,,,,,,,,,,,,,,,,,,,,,2150,711,613,753,1534,704,,,,,,
ACSSF,2019m1,nc,000,0056,0000158,2984,1808,1252,1040,413,638,393,726,1155,938,500,641,274,924,721,515,260,380,303,313,2220,1308,529,720,837,425,700,1352,672,633,599,683,902,854,490,268,203,719,461,3184,532,1072,942,758,922,691,137,1404,1557,1091,332,700,827,668,1177,1554,1139,626,542,429,799,,,,,,,,,,,,,,,,,,,,,,,,,,,,,,,2256,1482,1017,1397,982,1407,,,,,,
ACSSF,2019m1,nc,000,0056,0000159,1859,1059,751,621,224,56,385,339,667,569,116,230,152,361,743,732,73,307,195,206,1189,700,248,136,388,277,396,691,372,355,327,395,564,746,196,216,309,694,379,1951,362,304,341,335,557,884,235,440,678,1027,183,586,209,283,730,,,,,,,,,,,,,,,,,,,,,,,,,,,,,,,,,,,,,1707,1098,441,538,955,980,,,,,,
ACSSF,2019m1,nc,000,0056,0000160,2233,1101,614,467,216,356,19,212,773,574,127,299,177,563,670,532,110,404,306,415,1496,793,464,356,193,489,502,1071,400,591,351,618,374,715,407,261,252,524,328,2605,502,746,635,529,605,497,130,694,777,921,319,367,485,411,668,,,,,,,,,,,,,,,,,,,,,,,,,,,,,,,,,,,,,2124,1362,702,758,844,773,,,,,,
ACSSF,2019m1,nc,000,0056,0000161,2708,1961,1377,907,255,333,196,944,1103,822,226,370,179,496,573,389,310,156,240,242,1780,1033,490,753,375,328,677,1441,778,813,746,594,258,627,275,358,117,144,471,3276,630,509,351,827,883,718,315,1242,984,811,548,840,485,265,1147,1380,670,823,356,120,890,,,,,,,,,,,,,,,,,,,,,,,,,,,,,,,2160,1223,895,879,774,818,,,,,,
ACSSF,2019m1,nc,000,0056,0000162,3291,2036,1059,739,525,332,200,576,1481,790,326,964,452,953,812,437,127,540,296,455,2008,1075,363,192,688,409,579,1575,597,695,901,927,763,944,395,240,216,743,377,3566,802,576,504,699,851,777,216,1066,1526,1495,558,971,666,773,835,,,,,,,,,,,,,,,,,,,,,,,,,,,,,,,,,,,,,3058,1350,939,1436,1332,1546,,,,,,
ACSSF,2019m1,nc,000,0056,0000163,2788,1643,968,664,442,373,185,642,1084,778,206,883,196,561,939,580,267,653,263,412,2276,1304,974,812,546,671,868,1718,1070,551,1018,591,850,1067,612,344,348,730,724,3054,460,994,735,930,1356,863,331,1180,1975,1198,790,728,733,850,824,,,,,,,,,,,,,,,,,,,,,,,,,,,,,,,,,,,,,2751,1776,1095,1910,1138,1349,,,,,,
ACSSF,2019m1,nc,000,0056,0000164,2329,1416,911,348,216,682,136,792,1047,611,290,784,342,402,1000,730,281,751,405,524,1680,887,600,171,384,432,458,1365,671,739,785,537,455,975,624,409,383,626,473,2562,512,541,592,608,886,742,186,1025,1635,1128,590,510,325,714,864,936,285,314,410,250,525,,,,,,,,,,,,,,,,,,,,,,,,,,,,,,,2311,1561,920,1288,1060,1103,,,,,,
ACSSF,2019m1,nc,000,0056,0000165,1913,1113,344,164,85,73,132,233,980,541,397,350,223,512,458,135,216,214,244,293,1465,902,488,665,76,571,161,1072,263,563,505,613,531,681,216,231,154,558,233,1967,176,273,543,305,411,444,31,919,780,1001,244,319,459,104,654,1359,388,639,376,668,365,,,,,,,,,,,,,,,,,,,,,,,,,,,,,,,1586,649,633,695,763,796,,,,,,
ACSSF,2019m1,nc,000,0056,0000166,1885,954,582,293,241,278,270,300,674,471,218,355,129,284,590,339,192,258,216,294,1352,979,637,449,333,335,436,894,411,343,509,520,378,676,235,122,259,399,313,2041,298,487,341,360,567,259,178,621,779,835,350,449,241,249,576,1128,598,328,519,484,521,,,,,,,638,222,310,264,216,291,,,,,,,,,,,,,,,,,,,1222,622,455,555,506,499,715,360,210,237,360,278
ACSSF,2019m1,nc,000,0056,0000167,1919,1086,691,539,120,274,81,483,687,483,100,489,241,358,365,276,26,122,123,224,1367,705,318,263,433,172,379,1114,369,442,534,472,539,491,110,327,200,257,193,2166,343,319,291,442,621,309,167,617,1017,549,203,462,170,359,761,1015,451,231,483,454,576,,,,,,,,,,,,,,,,,,,,,,,,,,,,,,,1556,766,491,685,496,696,,,,,,
ACSSF,2019m1,nc,000,0056,0000168,1952,1241,833,625,216,341,246,325,794,595,265,434,129,544,631,329,216,345,155,346,1321,940,521,354,310,344,534,854,470,401,455,344,405,625,198,100,298,420,273,2024,379,461,439,597,615,559,198,641,925,743,410,412,417,286,735,1483,747,361,693,560,542,,,,,,,,,,,,,,,,,,,,,,,,,422,247,216,88,216,310,1153,739,440,526,365,646,,,,,,
ACSSF,2019m1,nc,000,0056,0000169,1611,859,508,296,118,117,116,385,578,277,177,197,294,349,451,202,216,375,127,202,1078,472,293,341,216,293,146,794,393,223,330,492,200,549,146,193,48,475,44,1638,271,217,275,278,422,178,188,521,536,953,49,256,299,101,536,654,344,136,224,302,419,977,412,361,375,582,367,,,,,,,,,,,,,,,,,,,,,,,,,934,337,261,349,607,233,,,,,,
ACSSF,2019m1,nc,000,0056,0000170,1827,1103,598,198,83,408,61,379,953,666,143,458,541,345,610,332,129,142,343,277,1429,948,596,429,215,295,335,1051,410,322,242,672,523,479,175,220,216,357,152,1898,452,332,198,529,493,518,216,649,734,919,193,484,306,228,634,928,534,208,368,313,499,,,,,,,,,,,,,,,,,,,,,,,,,,,,,,,1520,900,574,589,880,567,,,,,,
ACSSF,2019m1,nc,000,0056,0000171,2187,1610,998,354,93,307,216,793,866,698,136,433,125,295,721,593,216,441,87,374,1176,616,490,368,212,255,200,680,374,384,336,330,277,575,186,179,150,246,537,2209,447,487,233,547,649,427,223,607,887,504,296,583,130,167,1054,1058,477,207,250,92,798,,,,,,,,,,,,,,,,,,,,,,,,,,,,,,,1679,1087,555,762,469,1035,,,,,,
ACSSF,2019m1,nc,000,0056,0000172,3596,2234,1100,882,94,460,172,420,1676,1162,425,1001,335,815,713,402,134,492,312,382,2063,1297,638,505,700,551,454,1684,844,868,832,556,598,575,215,216,243,288,313,4006,907,658,717,885,807,837,229,1117,1580,1163,430,657,454,812,741,1006,459,256,561,223,453,,,,,,,934,678,219,562,167,216,,,,,,,,,,,,,,,,,,,2961,1709,1036,1183,1024,1140,692,325,206,350,274,202
ACSSF,2019m1,nc,000,0056,0000173,3237,1799,1185,734,268,517,378,570,1235,885,345,719,307,701,866,517,194,458,201,454,2251,1403,904,570,678,489,742,1758,708,721,878,808,836,1089,342,359,427,706,491,3511,630,750,602,793,970,697,205,1087,1496,1272,588,754,501,484,1163,2009,1106,484,934,835,977,,,,,,,816,514,376,298,113,423,,,,,,,595,284,41,263,345,289,750,370,245,261,171,326,1974,1133,728,1008,790,876,952,552,345,384,392,458
ACSSF,2019m1,nc,000,0056,0000174,2984,1808,1252,1040,413,638,393,726,1155,938,500,641,274,924,721,515,260,380,303,313,2220,1308,529,720,837,425,700,1352,672,633,599,683,902,854,490,268,203,719,461,3184,532,1072,942,758,922,691,137,1404,1557,1091,332,700,827,668,1177,1554,1139,626,542,429,799,,,,,,,,,,,,,,,,,,,,,,,,,,,,,,,2256,1482,1017,1397,982,1407,,,,,,
ACSSF,2019m1,nc,000,0056,0000175,2963,1694,859,647,108,158,159,512,1113,492,181,588,269,903,640,438,67,339,199,424,1897,1295,823,367,969,395,609,1200,719,419,496,508,568,719,368,404,289,500,304,3272,445,801,502,464,1028,582,322,795,1238,994,453,670,501,511,960,1491,571,191,809,202,925,,,,,,,,,,,,,,,,,,,,,,,,,,,,,,,2330,1442,673,1046,824,1030,,,,,,
ACSSF,2019m1,nc,000,0056,0000176,2329,1416,911,348,216,682,136,792,1047,611,290,784,342,402,1000,730,281,751,405,524,1680,887,600,171,384,432,458,1365,671,739,785,537,455,975,624,409,383,626,473,2562,512,541,592,608,886,742,186,1025,1635,1128,590,510,325,714,864,936,285,314,410,250,525,,,,,,,,,,,,,,,,,,,,,,,,,,,,,,,2311,1561,920,1288,1060,1103,,,,,,
ACSSF,2019m1,nc,000,0056,0000177,4151,2275,1632,1078,309,585,199,1260,1486,1128,219,929,290,762,1118,1023,314,642,365,681,2941,1884,940,562,686,747,1138,2006,952,857,809,767,1371,1244,660,291,297,934,692,4488,604,987,1033,1077,1321,1149,574,1112,1850,1647,1054,962,1117,1106,1468,965,197,110,379,426,865,,,,,,,,,,,,,,,,,,,,,,,,,,,,,,,3739,2417,1126,1748,1531,2215,,,,,,
ACSSF,2019m1,nc,000,0056,0000178,1870,1077,597,309,262,216,390,157,687,455,230,291,325,283,469,324,189,141,175,403,1251,518,189,292,216,308,290,944,434,627,327,667,510,574,237,364,100,373,359,1942,324,584,138,330,330,358,216,983,503,941,244,513,106,382,565,,,,,,,,,,,,,,,,,,,,,,,,,,,,,,,,,,,,,1881,813,974,503,911,923,,,,,,
ACSSF,2019m1,nc,000,0056,0000179,3926,2152,1451,1211,264,617,270,527,1594,1349,359,686,226,761,763,538,184,301,199,368,2600,1640,1088,928,985,674,1124,1747,736,967,1042,607,985,918,649,209,149,326,351,4443,934,1231,996,772,936,1207,736,1356,1815,972,518,881,705,825,1060,1917,1156,555,782,216,826,,,,,,,,,,,,,,,,,,,,,,,,,,,,,,,2893,1800,956,1140,950,1507,,,,,,
ACSSF,2019m1,nc,000,0056,0000180,1847,931,606,295,183,134,72,525,721,464,179,380,191,309,436,266,123,264,72,223,1346,719,438,343,83,323,287,856,199,358,545,373,204,608,415,160,216,449,225,2207,130,408,140,284,470,432,216,813,731,893,117,388,478,376,387,,,,,,,,,,,,,,,,,,,,,,,,,,,,,,,,,,,,,1652,575,598,726,745,761,,,,,,
ACSSF,2019m1,nc,000,0056,0000181,1786,894,543,461,216,301,19,210,593,350,98,166,150,511,494,370,95,293,248,331,1158,676,394,178,126,393,468,675,370,254,256,296,301,517,238,194,197,305,209,2264,441,603,563,410,504,337,130,422,634,566,246,299,465,390,595,,,,,,,,,,,,,,,,,,,,,,,,,,,,,,,,,,,,,1653,985,382,601,548,674,,,,,,
ACSSF,2019m1,nc,000,0056,0000182,2315,1567,836,357,338,221,146,615,897,402,320,627,197,617,708,478,63,454,269,184,1571,976,415,424,407,484,377,856,558,323,519,308,349,756,236,709,188,431,87,2597,432,460,307,544,270,520,175,964,1030,835,258,802,294,187,694,,,,,,,,,,,,,,,,,,,,,,,,,,,,,,,,,,,,,1980,896,986,854,775,877,,,,,,
ACSSF,2019m1,nc,000,0056,0000183,2431,1646,1192,1096,257,486,216,561,1215,996,303,649,216,676,729,661,335,394,162,291,1681,1076,795,417,137,272,940,1270,998,658,542,343,911,691,578,226,126,418,468,2559,640,1284,912,630,1093,660,342,828,1101,769,1060,952,646,635,845,,,,,,,,,,,,,998,841,270,370,297,181,,,,,,,,,,,,,,,,,,,2039,1682,816,988,499,1369,,,,,,
ACSSF,2019m1,nc,000,0056,0000184,2554,1432,489,366,230,258,216,273,1018,1052,164,348,264,506,710,587,258,361,119,423,1773,1379,451,871,930,180,586,1426,976,615,878,670,630,895,447,279,652,541,517,3222,930,1054,497,588,720,483,104,1169,1544,898,553,558,928,981,574,,,,,,,,,,,,,,,,,,,,,,,,,,,,,,,,,,,,,2257,1553,585,1090,619,1154,,,,,,
ACSSF,2019m1,nc,000,0056,0000185,1867,1183,501,203,117,234,216,301,879,432,161,709,129,307,567,367,282,245,165,198,1612,1238,207,881,6,397,481,927,290,231,422,470,477,524,281,178,113,355,315,2095,236,239,97,493,374,245,216,985,920,796,280,656,457,416,392,,,,,,,,,,,,,,,,,,,,,,,,,,,,,,,,,,,,,1646,740,660,734,713,803,,,,,,
ACSSF,2019m1,nc,000,0056,0000186,2386,1539,870,585,431,240,86,421,958,494,538,471,408,290,702,522,151,367,359,83,1633,1032,522,423,455,618,208,1163,877,446,372,523,493,464,168,149,192,338,226,2763,393,486,639,574,670,454,227,912,1091,1036,367,217,265,431,559,,,,,,,,,,,,,,,,,,,,,,,,,,,,,,,,,,,,,2332,1197,780,948,1018,691,,,,,,
ACSSF,2019m1,nc,000,0056,0000187,5447,2982,1816,1668,330,763,232,965,2015,1698,634,830,488,959,1130,1113,174,388,451,655,3903,2397,2251,1132,942,361,2039,2664,1886,1044,1224,836,1689,1230,596,705,301,746,756,6145,1306,1960,1525,1972,2249,1477,516,2071,2156,1298,1900,1001,1568,1186,1571,3319,2129,1302,1394,818,2472,,,,,,,1259,1177,556,584,224,401,,,,,,,,,,,,,1118,765,271,185,253,692,3329,2498,1426,1448,897,1797,1375,1110,130,313,290,415
ACSSF,2019m1,nc,000,0056,0000188,5193,2760,1383,991,479,775,345,1047,2239,1511,559,1275,694,940,981,598,230,627,272,425,3492,1964,998,1260,970,514,1009,2293,1130,1107,1117,575,1720,1150,589,512,418,896,639,5461,1015,1088,819,1058,1217,1042,425,2175,2199,1430,1298,1170,863,1183,1523,2660,1349,1176,991,814,1745,,,,,,,714,745,308,530,182,459,,,,,,,,,,,,,529,321,168,197,216,341,4038,2005,1861,1847,1194,2073,1090,601,313,482,460,395
ACSSF,2019m1,nc,000,0056,0000189,1860,1073,486,216,216,179,145,410,773,627,151,531,169,258,490,308,141,216,216,347,1229,526,458,334,129,181,357,849,496,402,597,336,264,641,152,119,313,490,285,2114,575,402,168,428,766,315,134,617,986,739,316,573,257,195,488,,,,,,,,,,,,,,,,,,,,,,,,,,,,,,,,,,,,,1349,912,567,738,518,750,,,,,,
ACSSF,2019m1,nc,000,0056,0000190,3309,1895,952,503,166,551,161,580,1425,651,489,675,246,875,810,417,432,526,295,336,2213,1286,633,478,708,218,739,1667,514,551,892,690,644,682,198,412,231,463,227,3545,437,513,375,633,503,598,409,1286,1535,1083,455,579,546,482,924,1487,547,875,602,496,869,,,,,,,,,,,,,,,,,,,,,,,,,,,,,,,2482,1155,583,1139,877,1080,,,,,,
ACSSF,2019m1,nc,000,0056,0000191,6180,3569,1750,1315,424,1238,185,1450,2576,1863,979,1288,328,1413,1344,965,270,687,441,715,3743,2364,1475,1372,1053,1259,1237,2502,1259,1522,1689,999,1790,1502,665,470,601,863,746,7333,1227,1243,1244,1460,1933,1493,639,2605,3352,1948,1209,1262,1260,1584,2170,4036,2040,1638,1978,1352,2080,,,,,,,1596,1197,426,739,138,718,,,,,,,,,,,,,652,393,263,238,301,316,4044,2450,1452,2090,1292,2280,1457,937,306,578,329,617
ACSSF,2019m1,nc,000,0056,0000192,2483,1534,948,606,215,459,184,708,1079,696,127,678,100,421,390,235,42,168,176,171,1663,969,344,669,421,227,621,1129,675,288,474,737,424,447,198,66,85,247,255,2540,295,632,238,602,775,369,253,794,1239,875,358,407,540,524,832,739,654,143,253,552,446,,,,,,,,,,,,,,,,,,,,,,,,,,,,,,,1884,840,725,925,570,1056,1097,640,206,686,222,180
ACSSF,2019m1,nc,000,0056,0000193,2631,1521,685,274,72,497,168,273,932,518,300,512,185,504,805,546,202,552,243,475,1778,881,603,447,244,269,529,1071,552,444,630,442,820,830,280,409,281,608,607,2838,368,439,290,637,707,473,444,716,1218,948,688,663,511,426,804,,,,,,,,,,,,,,,,,,,,,,,,,,,,,,,,,,,,,2473,1225,652,1078,846,1448,,,,,,
ACSSF,2019m1,nc,000,0056,0000194,2740,1628,1125,1027,243,261,145,530,1221,885,231,619,201,534,592,313,94,280,272,348,1762,1058,511,468,570,378,479,1358,588,844,597,527,810,634,422,198,176,346,305,2953,627,924,390,546,487,874,157,1113,1234,800,553,654,323,526,755,,,,,,,,,,,,,,,,,,,,,,,,,,,,,,,,,,,,,2355,1065,955,1031,708,1172,,,,,,
ACSSF,2019m1,nc,000,0056,0000195,3767,2222,1049,767,323,974,58,420,1729,1040,602,565,295,1360,711,525,146,285,195,455,2371,1678,865,707,899,906,970,2014,1534,808,758,724,711,522,272,264,113,247,265,4079,772,780,666,858,1623,551,99,1453,1832,1289,422,998,756,253,1448,1737,839,667,598,463,1187,,,,,,,,,,,,,,,,,,,,,,,,,,,,,,,3442,2185,1167,1617,1064,1527,,,,,,
ACSSF,2019m1,nc,000,0056,0000196,2079,1157,656,207,238,437,75,347,924,340,245,615,127,333,458,419,60,229,163,151,1363,830,338,380,162,249,685,1075,750,474,558,413,294,670,180,102,139,498,499,2285,260,671,233,256,600,414,216,853,1054,744,220,498,551,504,373,,,,,,,,,,,,,,,,,,,,,,,,,,,,,,,,,,,,,1913,956,780,946,718,1002,,,,,,
ACSSF,2019m1,nc,000,0056,0000197,8410,5347,3664,2456,841,1870,548,2253,4163,2766,1328,2477,930,1978,1774,1252,605,1023,711,1031,5336,3936,2683,1533,2237,1345,2549,4081,2509,1313,2911,1695,1951,1938,1353,1165,815,1156,930,9338,2821,2075,1565,2266,3197,2849,975,3106,5890,2678,1994,2240,2008,2777,2731,5122,3250,1599,3098,1550,2328,,,,,,,2305,2565,1301,1029,386,922,,,,,,,1290,707,103,981,164,340,1798,1377,154,596,216,869,6009,4156,2195,4203,1980,3416,2353,1418,780,1178,615,965
ACSSF,2019m1,nc,000,0056,0000198,3147,1916,1000,743,283,584,19,551,1219,761,289,728,25,546,854,727,242,360,104,646,2059,1115,524,563,457,227,802,1095,775,413,781,258,545,1007,387,335,319,554,690,3330,572,672,800,588,809,738,294,868,1442,716,604,882,482,740,983,1009,548,294,728,174,522,,,,,,,,,,,,,,,,,,,,,,,,,,,,,,,2755,1507,761,1250,667,1494,,,,,,
ACSSF,2019m1,nc,000,0056,0000199,2237,1191,677,417,123,343,216,323,804,459,53,487,313,240,553,247,305,343,157,215,1442,771,574,220,358,350,116,1110,548,274,682,479,263,640,199,174,99,478,308,2277,235,618,160,591,488,334,275,496,1140,833,105,383,115,244,450,1492,957,45,988,462,276,,,,,,,,,,,,,,,,,,,,,,,,,,,,,,,1506,779,491,524,652,605,,,,,,
ACSSF,2019m1,nc,000,0056,0000200,1859,1059,751,621,224,56,385,339,667,569,116,230,152,361,743,732,73,307,195,206,1189,700,248,136,388,277,396,691,372,355,327,395,564,746,196,216,309,694,379,1951,362,304,341,335,557,884,235,440,678,1027,183,586,209,283,730,,,,,,,,,,,,,,,,,,,,,,,,,,,,,,,,,,,,,1707,1098,441,538,955,980,,,,,,
ACSSF,2019m1,nc,000,0056,0000201,3683,2261,1216,966,698,500,185,778,1628,1076,248,1178,489,1027,1006,658,287,779,430,444,2738,1568,970,818,695,798,1000,2013,1205,825,1241,934,995,1188,713,391,348,974,770,3983,818,1129,880,1121,1525,1135,331,1513,2359,1550,895,1024,1037,1185,994,1276,464,530,565,772,530,,,,,,,,,,,,,,,,,,,,,,,,,,,,,,,3324,2177,1368,2261,1528,1839,,,,,,
ACSSF,2019m1,nc,000,0056,0000202,3470,1854,1355,858,234,653,201,836,1051,818,282,459,179,630,597,388,310,266,552,242,2519,1387,532,869,304,800,846,1870,790,1136,975,801,292,806,275,358,117,604,471,3939,649,500,295,922,833,703,279,1614,1339,1785,617,895,611,215,1185,1352,644,857,354,120,892,,,,,,,,,,,,,,,,,,,,,,,,,,,,,,,2756,1287,1070,1052,1576,1013,,,,,,
ACSSF,2019m1,nc,000,0056,0000203,2098,1220,524,288,216,216,39,451,819,513,73,142,216,654,664,416,216,235,209,472,1341,651,303,410,416,113,213,898,328,405,376,313,407,675,186,181,58,456,524,2411,160,330,397,448,357,470,216,810,560,602,357,845,496,181,492,,,,,,,,,,,,,,,,,,,,,,,,,,,,,,,,,,,,,1870,971,623,419,573,858,,,,,,
ACSSF,2019m1,nc,000,0056,0000204,1669,885,512,299,118,117,116,385,582,277,177,236,294,349,444,204,216,375,127,202,1133,483,299,341,216,291,146,832,427,223,351,492,200,555,146,193,48,477,44,1754,271,264,275,286,458,213,188,572,589,959,80,256,299,101,540,668,352,136,224,315,419,977,431,361,375,582,368,,,,,,,,,,,,,,,,,,,,,,,,,1033,378,261,448,609,233,,,,,,
ACSSF,2019m1,nc,000,0056,0000205,1467,945,487,329,164,270,110,84,682,580,79,278,243,171,587,452,89,83,254,238,1084,583,293,221,445,257,223,690,319,216,348,284,384,462,213,147,181,406,163,1470,305,192,414,499,460,610,63,501,843,683,192,288,290,126,311,,,,,,,,,,,,,,,,,,,,,,,,,,,,,,,,,,,,,1289,819,467,485,624,529,,,,,,
ACSSF,2019m1,nc,000,0056,0000206,2132,1169,730,230,540,154,216,397,1080,835,515,368,133,401,604,260,184,323,133,301,1562,865,380,115,532,143,718,1140,613,492,435,488,439,526,162,286,149,228,287,2329,483,414,218,447,682,370,66,895,975,644,177,473,465,301,1037,902,382,543,706,108,346,,,,,,,,,,,,,,,,,,,,,,,,,,,,,,,1661,974,719,562,619,1189,,,,,,
ACSSF,2019m1,nc,000,0056,0000207,1716,1050,303,84,80,82,263,130,828,768,153,507,120,204,581,293,69,239,149,480,1133,587,472,220,113,173,62,819,172,607,232,397,329,519,135,286,183,230,354,1970,181,459,315,157,756,299,216,732,699,631,72,383,131,282,649,,,,,,,,,,,,,,,,,,,,,,,,,,,,,,,,,,,,,1575,866,734,664,595,666,,,,,,
ACSSF,2019m1,nc,000,0056,0000208,3330,2121,1399,971,119,516,172,878,1669,1276,454,1032,353,794,803,604,134,509,337,436,2044,1355,740,622,745,544,490,1747,951,875,821,592,622,753,307,266,301,373,567,3648,1030,723,737,1029,951,968,309,1190,1527,1245,494,670,492,839,1087,1346,680,243,595,240,786,,,,,,,931,678,240,562,167,69,,,,,,,,,,,,,,,,,,,2587,1889,1115,1277,1105,1331,748,409,206,357,290,268
ACSSF,2019m1,nc,000,0056,0000209,8364,5441,3079,3142,1236,1841,534,2463,3693,3426,1444,2781,929,2308,1891,1449,415,926,657,1051,5530,3896,2510,1461,2080,1436,2649,3730,2841,1774,2545,1595,2688,1866,1256,898,645,1486,1052,8816,3257,3105,2158,2498,3325,3452,1098,3708,5289,3257,2593,2313,2016,2770,2876,4943,2961,2102,2057,1376,2672,,,,,,,2523,2182,785,1181,486,951,,,,,,,,,,,,,1260,833,357,342,356,350,6521,4723,2527,4301,2860,3822,2428,1234,507,924,879,1348
ACSSF,2019m1,nc,000,0056,0000210,1878,1078,507,383,216,185,257,300,716,441,228,386,276,422,570,395,108,444,144,222,1520,988,298,475,568,256,517,838,562,251,303,400,545,503,224,127,188,307,256,2078,335,435,297,691,444,296,17,584,930,752,224,590,220,311,881,708,647,229,334,228,402,,,,,,,,,,,,,,,,,,,,,,,,,,,,,,,1451,686,536,721,588,940,,,,,,
ACSSF,2019m1,nc,000,0056,0000211,,,,,,,,,,,,,,,,,,,,,,,,,,,,,,,,,,,,,,,,1922,331,504,341,239,269,533,149,636,734,683,179,350,139,149,215,,,,,,,,,,,,,,,,,,,,,,,,,,,,,,,,,,,,,1744,897,614,734,633,461,,,,,,
ACSSF,2019m1,nc,000,0056,0000212,1759,954,376,121,216,296,216,218,856,680,199,369,208,256,356,279,216,200,139,167,1167,694,321,307,328,198,341,843,211,434,531,201,362,449,113,252,94,313,415,2004,169,454,284,251,420,551,184,584,823,605,281,515,406,433,294,,,,,,,,,,,,,,,,,,,,,,,,,,,,,,,,,,,,,1383,635,504,667,566,563,,,,,,
