ACSSF,2019m1,nc,000,0038,0000001,3978,3667,1001,463,637,456,1177,6128,5844,2905,1556,1351,732,1866,,,,,,,,8782,7335,4153,821,886,2712,3215,7928,6777,2186,654,1275,793,1202,20278,19920,8748,2613,4785,4059,7944,7770,9149,6245,1206,2164,2694,3719,26460,29116,13694,10702,9894,27479,27717,11860,9489,8882,15773,13457,6851,3640,5790,4502,3843,2473,1147,2122,6572,5813,1727,1043,1434,6381,5943,1823,845,1507,10459,9819,4270,2320,3893,26460,28107,8209,9309,7502,10087,8337,5146,27479,27870,9192,8641,5313,9542,7931,4115,15773,12599,6478,3671,5482,3065,2398,1927,4502,4140,1235,901,1008,1313,1023,739,6572,5698,1552,1145,890,1596,1258,1316,6381,5362,2475,2641,1182,1162,1073,383,10459,9560,3518,1760,2892,3003,2677,1644,26460,29116,13694,10702,9894,27479,27717,11860,9489,8882,15773,13457,6851,3640,5790,4502,3843,2473,1147,2122,8680,7858,2665,1399,2187,10459,9819,4270,2320,3893,26460,28107,12153,11700,9269,27479,27870,11563,10480,6396,15773,12599,7249,4494,5768,4502,4140,1968,1412,1254,8680,7423,3814,3395,2210,10459,9560,4531,3071,3283
ACSSF,2019m1,nc,000,0038,0000002,,,,,,,,,,,,,,,,,,,,,,,,,,,,,,,,,,,,,,,,,,,,,,,,,,,,,,,,,,,,,,,,,,,,,,,,,,,,,,,,,,,,,,,,,,,,,,,,,,,,,,,,,,,,,,,,,,,,,,,,,,,,,,,,,,,,,,,,,,,,,,,,,,,,,,,,,,,,,,,,,,,,,,,,,,,,,,,,,,,,,,,,,,,,,,,,,,,,,,,,
ACSSF,2019m1,nc,000,0038,0000003,,,,,,,,,,,,,,,,,,,,,,,,,,,,,,,,,,,,,,,,,,,,,,,,,,,,,,,,,,,,,,,,,,,,,,,,,,,,,,,,,,,,,,,,,,,,,,,,,,,,,,,,,,,,,,,,,,,,,,,,,,,,,,,,,,,,,,,,,,,,,,,,,,,,,,,,,,,,,,,,,,,,,,,,,,,,,,,,,,,,,,,,,,,,,,,,,,,,,,,,
ACSSF,2019m1,nc,000,0038,0000004,,,,,,,,,,,,,,,,,,,,,,,,,,,,,,,,,,,,,,,,,,,,,,,,,,,,,,,,,,,,,,,,,,,,,,,,,,,,,,,,,,,,,,,,,,,,,,,,,,,,,,,,,,,,,,,,,,,,,,,,,,,,,,,,,,,,,,,,,,,,,,,,,,,,,,,,,,,,,,,,,,,,,,,,,,,,,,,,,,,,,,,,,,,,,,,,,,,,,,,,
ACSSF,2019m1,nc,000,0038,0000005,,,,,,,,,,,,,,,,,,,,,,,,,,,,,,,,,,,,,,,,,,,,,,,,,,,,,,,,,,,,,,,,,,,,,,,,,,,,,,,,,,,,,,,,,,,,,,,,,,,,,,,,,,,,,,,,,,,,,,,,,,,,,,,,,,,,,,,,,,,,,,,,,,,,,,,,,,,,,,,,,,,,,,,,,,,,,,,,,,,,,,,,,,,,,,,,,,,,,,,,
ACSSF,2019m1,nc,000,0038,0000006,,,,,,,,,,,,,,,,,,,,,,,,,,,,,,,,,,,,,,,,,,,,,,,,,,,,,,,,,,,,,,,,,,,,,,,,,,,,,,,,,,,,,,,,,,,,,,,,,,,,,,,,,,,,,,,,,,,,,,,,,,,,,,,,,,,,,,,,,,,,,,,,,,,,,,,,,,,,,,,,,,,,,,,,,,,,,,,,,,,,,,,,,,,,,,,,,,,,,,,,
ACSSF,2019m1,nc,000,0038,0000007,,,,,,,,,,,,,,,,,,,,,,,,,,,,,,,,,,,,,,,,,,,,,,,,,,,,,,,,,,,,,,,,,,,,,,,,,,,,,,,,,,,,,,,,,,,,,,,,,,,,,,,,,,,,,,,,,,,,,,,,,,,,,,,,,,,,,,,,,,,,,,,,,,,,,,,,,,,,,,,,,,,,,,,,,,,,,,,,,,,,,,,,,,,,,,,,,,,,,,,,
ACSSF,2019m1,nc,000,0038,0000008,,,,,,,,,,,,,,,,,,,,,,,,,,,,,,,,,,,,,,,,,,,,,,,,,,,,,,,,,,,,,,,,,,,,,,,,,,,,,,,,,,,,,,,,,,,,,,,,,,,,,,,,,,,,,,,,,,,,,,,,,,,,,,,,,,,,,,,,,,,,,,,,,,,,,,,,,,,,,,,,,,,,,,,,,,,,,,,,,,,,,,,,,,,,,,,,,,,,,,,,
ACSSF,2019m1,nc,000,0038,0000009,,,,,,,,,,,,,,,,,,,,,,,,,,,,,,,,,,,,,,,,,,,,,,,,,,,,,,,,,,,,,,,,,,,,,,,,,,,,,,,,,,,,,,,,,,,,,,,,,,,,,,,,,,,,,,,,,,,,,,,,,,,,,,,,,,,,,,,,,,,,,,,,,,,,,,,,,,,,,,,,,,,,,,,,,,,,,,,,,,,,,,,,,,,,,,,,,,,,,,,,
ACSSF,2019m1,nc,000,0038,0000010,,,,,,,,,,,,,,,,,,,,,,,,,,,,,,,,,,,,,,,,,,,,,,,,,,,,,,,,,,,,,,,,,,,,,,,,,,,,,,,,,,,,,,,,,,,,,,,,,,,,,,,,,,,,,,,,,,,,,,,,,,,,,,,,,,,,,,,,,,,,,,,,,,,,,,,,,,,,,,,,,,,,,,,,,,,,,,,,,,,,,,,,,,,,,,,,,,,,,,,,
ACSSF,2019m1,nc,000,0038,0000011,,,,,,,,,,,,,,,,,,,,,,,,,,,,,,,,,,,,,,,,,,,,,,,,,,,,,,,,,,,,,,,,,,,,,,,,,,,,,,,,,,,,,,,,,,,,,,,,,,,,,,,,,,,,,,,,,,,,,,,,,,,,,,,,,,,,,,,,,,,,,,,,,,,,,,,,,,,,,,,,,,,,,,,,,,,,,,,,,,,,,,,,,,,,,,,,,,,,,,,,
ACSSF,2019m1,nc,000,0038,0000012,,,,,,,,,,,,,,,,,,,,,,,,,,,,,,,,,,,,,,,,,,,,,,,,,,,,,,,,,,,,,,,,,,,,,,,,,,,,,,,,,,,,,,,,,,,,,,,,,,,,,,,,,,,,,,,,,,,,,,,,,,,,,,,,,,,,,,,,,,,,,,,,,,,,,,,,,,,,,,,,,,,,,,,,,,,,,,,,,,,,,,,,,,,,,,,,,,,,,,,,
ACSSF,2019m1,nc,000,0038,0000013,,,,,,,,,,,,,,,,,,,,,,,,,,,,,,,,,,,,2687,2557,1394,203,206,324,830,,,,,,,,,,,,,,,,,,,,,,,,,,,,,,,,,,,,,,,,,,,,,,,,,,,,,,,,,,,,,,,,,,,,,,,,,,,,,,,,,,,,,,,,,,,,,,,,,,,,,,,,,,,,,,,,,,,,,,,,,,,,,,,,,4034,3994,2358,1906,1692,3680,3646,2005,1819,1076,1968,1460,1244,462,1200,70,70,203,203,203,1187,996,654,346,317,903,900,215,215,106
ACSSF,2019m1,nc,000,0038,0000014,,,,,,,,,,,,,,,,,,,,,,,,,,,,,,,,,,,,2853,2669,1026,224,319,279,977,,,,,,,,,,,,,,,,,,,,,,,,,,,,,,,,,,,,,,,,,,,,,,,,,,,,,,,,,,,,,,,,,,,,,,,,,,,,,,,,,,,,,,,,,,,,,,,,,,,,,,,,,,,,,,,,,,,,,,,,,,,,,,,,,,,,,,,,,,,,,,,,,,,,,,,,,,,,,,
ACSSF,2019m1,nc,000,0038,0000015,,,,,,,,,,,,,,,,,,,,,,,,,,,,,,,,,,,,4375,5217,1647,321,1596,819,2514,,,,,,,,5042,5316,2311,1798,1554,5724,5563,1912,1604,1220,1898,1849,617,121,575,503,503,203,203,203,1607,1610,56,203,56,1053,1053,203,203,203,2676,2124,1334,554,1246,,,,,,,,,,,,,,,,,,,,,,,,,,,,,,,,,,,,,,,,,,,,,,,,,,,,,,,,,5042,5316,2311,1798,1554,5724,5563,1912,1604,1220,1898,1849,617,121,575,503,503,203,203,203,1900,1904,56,203,56,2676,2124,1334,554,1246,5042,5350,2474,2170,1525,5724,5668,2002,1916,1203,1898,1700,879,711,513,503,473,235,235,203,1900,1885,115,111,30,2676,2156,1379,432,1293
ACSSF,2019m1,nc,000,0038,0000016,,,,,,,,,,,,,,,,,,,,,,,,,,,,,,,,,,,,2851,2672,749,203,223,320,566,,,,,,,,,,,,,,,,,,,,,,,,,,,,,,,,,,,,,,,,,,,,,,,,,,,,,,,,,,,,,,,,,,,,,,,,,,,,,,,,,,,,,,,,,,,,,,,,,,,,,,,,,,,,,,,,,,,,,,,,,,,,,,,,,,,,,,,,,,,,,,,,,,,,,,,,,,,,,,
ACSSF,2019m1,nc,000,0038,0000017,,,,,,,,,,,,,,,,,,,,,,,,,,,,,,,,,,,,3297,3272,1671,194,402,93,1482,2118,1643,1049,203,116,1327,658,5750,5465,2174,1891,1514,5167,4792,1851,1353,1348,2541,2124,1002,1012,507,329,329,203,203,203,598,598,203,203,203,1677,1791,429,21,428,1634,1591,379,340,181,,,,,,,,,,,,,,,,,,,,,,,,,,,,,,,,,,,,,,,,,,,,,,,,,,,,,,,,,5750,5465,2174,1891,1514,5167,4792,1851,1353,1348,2541,2124,1002,1012,507,329,329,203,203,203,1661,1764,429,21,428,1634,1591,379,340,181,5750,5406,2618,1779,1867,5167,4653,2179,1435,1595,2541,2281,679,400,573,329,329,203,203,203,1661,947,1327,1461,428,1634,1633,730,494,548
ACSSF,2019m1,nc,000,0038,0000018,,,,,,,,,,,,,,,,,,,,,,,,,,,,,,,,,,,,2254,2310,1277,203,233,345,487,,,,,,,,,,,,,,,,,,,,,,,,,,,,,,,,,,,,,,,,,,,,,,,,,,,,,,,,,,,,,,,,,,,,,,,,,,,,,,,,,,,,,,,,,,,,,,,,,,,,,,,,,,,,,,,,,,,,,,,,,,,,,,,,,,,,,,,,,,,,,,,,,,,,,,,,,,,,,,
ACSSF,2019m1,nc,000,0038,0000019,,,,,,,,,,,,,,,,,,,,,,,,,,,,,,,,,,,,2243,2105,601,60,205,700,476,,,,,,,,,,,,,,,,,,,,,,,,,,,,,,,,,,,,,,,,,,,,,,,,,,,,,,,,,,,,,,,,,,,,,,,,,,,,,,,,,,,,,,,,,,,,,,,,,,,,,,,,,,,,,,,,,,,,,,,,,,,,,,,,,2613,2606,818,690,454,2472,2511,795,592,444,743,701,409,408,7,122,122,203,203,203,798,783,109,203,109,479,479,203,203,203
ACSSF,2019m1,nc,000,0038,0000020,,,,,,,,,,,,,,,,,,,,,,,,,,,,,,,,,,,,4053,3958,1651,849,524,481,924,,,,,,,,4706,4585,1836,1271,1155,4529,4520,1575,1209,926,2167,1920,882,515,774,850,850,203,203,203,613,613,203,203,203,615,615,203,203,203,1019,896,432,202,258,,,,,,,,,,,,,,,,,,,,,,,,,,,,,,,,,,,,,,,,,,,,,,,,,,,,,,,,,4706,4585,1836,1271,1155,4529,4520,1575,1209,926,2167,1920,882,515,774,850,850,203,203,203,895,895,203,203,203,1019,896,432,202,258,4706,4304,2376,2051,1280,4529,4300,2171,1922,784,2167,1796,968,313,868,850,850,203,203,203,895,788,345,345,203,1019,924,417,107,407
ACSSF,2019m1,nc,000,0038,0000021,,,,,,,,,,,,,,,,,,,,,,,,,,,,,,,,,,,,2254,1936,297,57,495,346,812,,,,,,,,,,,,,,,,,,,,,,,,,,,,,,,,,,,,,,,,,,,,,,,,,,,,,,,,,,,,,,,,,,,,,,,,,,,,,,,,,,,,,,,,,,,,,,,,,,,,,,,,,,,,,,,,,,,,,,,,,,,,,,,,,,,,,,,,,,,,,,,,,,,,,,,,,,,,,,
ACSSF,2019m1,nc,000,0038,0000022,,,,,,,,,,,,,,,,,,,,,,,,,,,,,,,,,,,,2288,2181,659,203,831,184,367,,,,,,,,,,,,,,,,,,,,,,,,,,,,,,,,,,,,,,,,,,,,,,,,,,,,,,,,,,,,,,,,,,,,,,,,,,,,,,,,,,,,,,,,,,,,,,,,,,,,,,,,,,,,,,,,,,,,,,,,,,,,,,,,,,,,,,,,,,,,,,,,,,,,,,,,,,,,,,
ACSSF,2019m1,nc,000,0038,0000023,,,,,,,,,,,,,,,,,,,,,,,,,,,,,,,,,,,,2610,2503,1121,66,308,215,667,,,,,,,,,,,,,,,,,,,,,,,,,,,,,,,,,,,,,,,,,,,,,,,,,,,,,,,,,,,,,,,,,,,,,,,,,,,,,,,,,,,,,,,,,,,,,,,,,,,,,,,,,,,,,,,,,,,,,,,,,,,,,,,,,,,,,,,,,,,,,,,,,,,,,,,,,,,,,,
ACSSF,2019m1,nc,000,0038,0000024,,,,,,,,,,,,,,,,,,,,,,,,,,,,,,,,,,,,3557,3397,1407,203,2368,267,717,1669,1638,1085,52,595,638,162,4594,4389,1889,1338,1465,4608,4645,1711,1247,1239,1995,1875,461,318,324,480,507,180,95,152,2996,2802,389,324,270,935,753,525,295,400,952,908,276,276,203,4594,4703,1924,1525,1216,1512,1226,677,4608,4804,1514,1241,932,1397,1137,689,1995,1784,829,607,521,181,181,203,480,467,52,203,52,95,95,203,2996,2822,439,386,218,285,285,203,935,679,662,556,391,99,63,79,952,946,162,120,116,215,215,203,4594,4389,1889,1338,1465,4608,4645,1711,1247,1239,1995,1875,461,318,324,480,507,180,95,152,3231,2843,733,463,468,952,908,276,276,203,4594,4703,2454,2098,1281,4608,4804,1948,1735,1039,1995,1784,906,685,521,480,467,106,95,52,3231,2928,925,760,439,952,946,232,247,116
ACSSF,2019m1,nc,000,0038,0000025,,,,,,,,,,,,,,,,,,,,,,,,,,,,,,,,,,,,3172,2937,1364,203,333,497,728,,,,,,,,,,,,,,,,,,,,,,,,,,,,,,,,,,,,,,,,,,,,,,,,,,,,,,,,,,,,,,,,,,,,,,,,,,,,,,,,,,,,,,,,,,,,,,,,,,,,,,,,,,,,,,,,,,,,,,,,,,,,,,,,,,,,,,,,,,,,,,,,,,,,,,,,,,,,,,
ACSSF,2019m1,nc,000,0038,0000026,,,,,,,,1972,1658,822,405,195,172,521,,,,,,,,,,,,,,,,,,,,,,4449,4184,1282,668,873,532,1380,,,,,,,,6837,7108,3584,2381,2545,6973,7333,3324,2348,2203,2159,1940,1451,676,1259,1865,1865,341,77,339,1314,1067,393,355,130,767,719,256,203,256,2276,2087,628,329,545,6837,6659,2044,1806,1497,2353,2254,1004,6973,6806,1847,1611,1297,2084,2019,915,2159,1939,1062,691,775,853,779,341,1865,1730,555,555,203,341,335,79,1314,1276,203,203,203,188,174,80,767,762,203,203,203,218,218,203,2276,2136,161,203,161,598,598,203,6837,7108,3584,2381,2545,6973,7333,3324,2348,2203,2159,1940,1451,676,1259,1865,1865,341,77,339,1555,1313,474,355,275,2276,2087,628,329,545,6837,6659,3287,2999,1773,6973,6806,2883,2637,1534,2159,1939,1373,1074,905,1865,1730,689,696,79,1555,1518,300,284,80,2276,2136,625,598,161
ACSSF,2019m1,nc,000,0038,0000027,,,,,,,,,,,,,,,,,,,,,,,,,,,,,,,,,,,,5310,5161,1141,314,587,250,1087,1931,1718,1301,340,749,207,428,5630,5780,2678,1971,2404,6357,6122,2198,1805,2138,2289,2030,1431,983,1014,992,868,388,380,69,1133,1112,126,40,121,1129,1129,203,203,203,1531,1517,164,91,133,5630,5606,2022,1912,1590,1570,1210,1095,6357,5936,1936,1505,1448,1064,877,704,2289,1958,1073,772,815,840,373,688,992,826,318,318,203,256,203,256,1133,940,740,740,203,201,192,67,1129,959,196,154,118,590,590,203,1531,1546,351,155,344,133,100,88,5630,5780,2678,1971,2404,6357,6122,2198,1805,2138,2289,2030,1431,983,1014,992,868,388,380,69,1512,1523,126,40,121,1531,1517,164,91,133,5630,5606,2471,2096,1968,6357,5936,2100,1567,1602,2289,1958,1329,836,1116,992,826,424,318,256,1512,1224,986,979,136,1531,1546,362,180,357
ACSSF,2019m1,nc,000,0038,0000028,,,,,,,,,,,,,,,,,,,,,,,,,,,,,,,,,,,,1666,1510,586,203,203,113,502,,,,,,,,,,,,,,,,,,,,,,,,,,,,,,,,,,,,,,,,,,,,,,,,,,,,,,,,,,,,,,,,,,,,,,,,,,,,,,,,,,,,,,,,,,,,,,,,,,,,,,,,,,,,,,,,,,,,,,,,,,,,,,,,,,,,,,,,,,,,,,,,,,,,,,,,,,,,,,
ACSSF,2019m1,nc,000,0038,0000029,,,,,,,,,,,,,,,,,,,,,,,,,,,,,,,,,,,,3976,3714,1455,138,381,315,823,,,,,,,,4393,4422,1630,1146,1103,3936,3930,1197,854,936,1942,1655,960,545,628,436,436,203,203,203,471,471,203,203,203,596,498,312,203,312,934,912,260,161,127,,,,,,,,,,,,,,,,,,,,,,,,,,,,,,,,,,,,,,,,,,,,,,,,,,,,,,,,,4393,4422,1630,1146,1103,3936,3930,1197,854,936,1942,1655,960,545,628,436,436,203,203,203,780,735,312,203,312,934,912,260,161,127,4393,4221,1674,1444,964,3936,3767,1246,965,799,1942,1629,1098,886,822,436,436,203,203,203,780,719,347,204,312,934,915,255,249,49
ACSSF,2019m1,nc,000,0038,0000030,,,,,,,,,,,,,,,,,,,,,,,,,,,,,,,,,,,,5853,5875,1638,750,1255,1401,1821,2310,2352,1742,211,601,143,959,7626,7403,3349,2824,3128,7793,6960,3039,2826,1827,3293,2983,1928,859,1601,1859,1778,542,116,539,1706,1562,577,73,575,2060,1749,576,76,538,2101,1915,1030,421,906,7626,7182,2503,2189,2067,2674,2161,1686,7793,6983,2000,1968,1127,2383,1957,1414,3293,2976,1696,979,1443,805,385,813,1859,1851,120,203,120,154,203,154,1706,1597,627,194,561,215,193,90,2060,1794,159,146,57,537,537,203,2101,2106,618,184,583,342,342,203,7626,7403,3349,2824,3128,7793,6960,3039,2826,1827,3293,2983,1928,859,1601,1859,1778,542,116,539,2929,2507,830,75,805,2101,1915,1030,421,906,7626,7182,3668,3166,2769,7793,6983,3075,2817,1740,3293,2976,1988,1105,1671,1859,1851,202,203,202,2929,2534,874,629,564,2101,2106,707,390,583
ACSSF,2019m1,nc,000,0038,0000031,,,,,,,,,,,,,,,,,,,,,,,,,,,,,,,,,,,,1826,1755,470,203,534,97,501,,,,,,,,,,,,,,,,,,,,,,,,,,,,,,,,,,,,,,,,,,,,,,,,,,,,,,,,,,,,,,,,,,,,,,,,,,,,,,,,,,,,,,,,,,,,,,,,,,,,,,,,,,,,,,,,,,,,,,,,,,,,,,,,,2801,2592,1108,801,748,2687,2484,1032,816,661,772,448,645,278,464,548,549,42,203,42,885,842,323,203,323,571,568,52,42,29
ACSSF,2019m1,nc,000,0038,0000032,,,,,,,,,,,,,,,,,,,,,,,,,,,,,,,,,,,,2485,2476,1035,18,150,190,855,,,,,,,,,,,,,,,,,,,,,,,,,,,,,,,,,,,,,,,,,,,,,,,,,,,,,,,,,,,,,,,,,,,,,,,,,,,,,,,,,,,,,,,,,,,,,,,,,,,,,,,,,,,,,,,,,,,,,,,,,,,,,,,,,3381,2917,1670,885,1390,3324,2794,1243,755,937,1487,1381,579,433,387,230,230,203,203,203,536,405,430,52,429,1009,930,426,203,426
ACSSF,2019m1,nc,000,0038,0000033,,,,,,,,,,,,,,,,,,,,,,,,,,,,,,,,,,,,3322,3489,1102,16,628,189,802,,,,,,,,4529,4397,1990,937,1984,4507,4133,1560,889,1450,1935,1671,838,200,801,16,16,203,203,203,855,846,191,203,191,598,211,556,56,553,826,820,327,236,151,,,,,,,,,,,,,,,,,,,,,,,,,,,,,,,,,,,,,,,,,,,,,,,,,,,,,,,,,4529,4397,1990,937,1984,4507,4133,1560,889,1450,1935,1671,838,200,801,16,16,203,203,203,1088,878,594,56,591,826,820,327,236,151,4529,4141,2303,1669,1403,4507,4003,1801,1321,1071,1935,1544,1078,632,736,16,16,203,203,203,1088,729,727,227,696,826,840,174,115,66
ACSSF,2019m1,nc,000,0038,0000034,,,,,,,,,,,,,,,,,,,,,,,,,,,,,,,,,,,,3919,3888,1128,203,275,163,1664,,,,,,,,,,,,,,,,,,,,,,,,,,,,,,,,,,,,,,,,,,,,,,,,,,,,,,,,,,,,,,,,,,,,,,,,,,,,,,,,,,,,,,,,,,,,,,,,,,,,,,,,,,,,,,,,,,,,,,,,,,,,,,,,,5253,4845,2340,1809,1144,5124,4690,2350,1818,1102,1304,1182,664,301,548,32,32,203,203,203,428,412,48,203,48,1943,1947,310,224,228
ACSSF,2019m1,nc,000,0038,0000035,,,,,,,,,,,,,,,,,,,,,,,,,,,,,,,,,,,,,,,,,,,,,,,,,,,,,,,,,,,,,,,,,,,,,,,,,,,,,,,,,,,,,,,,,,,,,,,,,,,,,,,,,,,,,,,,,,,,,,,,,,,,,,,,,,,,,,,,,,,,,,,,,,,,,,,,,,,,,,,,,,,,,,,,,,,,,,,,,,,,,,,,,,,,,,,,,,,,,,,,
ACSSF,2019m1,nc,000,0038,0000036,,,,,,,,2906,3102,1440,888,1017,270,834,,,,,,,,3659,2623,2215,375,118,456,1688,2913,2545,961,428,517,203,430,8203,8393,3080,1222,1248,1185,3107,3544,3499,3159,860,439,618,1776,12676,11411,6710,4547,5320,12312,11255,5928,3729,4413,5608,4120,3456,1711,3050,2730,2167,1419,690,1048,2345,1781,1172,455,1114,2334,2161,781,542,648,5432,4677,2013,766,1919,12676,11407,4608,3930,3475,5477,4107,2976,12312,11528,3988,3114,2694,4877,3959,2169,5608,3640,3262,1995,2469,1674,1303,1112,2730,2137,874,423,766,923,839,236,2345,1775,294,193,197,1123,955,1085,2334,1912,588,504,501,594,587,254,5432,4676,1757,1063,1450,1058,903,755,12676,11411,6710,4547,5320,12312,11255,5928,3729,4413,5608,4120,3456,1711,3050,2730,2167,1419,690,1048,3205,2672,1448,698,1346,5432,4677,2013,766,1919,12676,11407,7182,5398,4778,12312,11528,5944,4537,3301,5608,3640,3830,2605,2815,2730,2137,1512,995,829,3205,2588,1438,1317,1455,5432,4676,2078,1416,1704
ACSSF,2019m1,nc,000,0038,0000037,,,,,,,,,,,,,,,,,,,,,,,,,,,,,,,,,,,,2890,2447,1164,203,214,676,1018,,,,,,,,,,,,,,,,,,,,,,,,,,,,,,,,,,,,,,,,,,,,,,,,,,,,,,,,,,,,,,,,,,,,,,,,,,,,,,,,,,,,,,,,,,,,,,,,,,,,,,,,,,,,,,,,,,,,,,,,,,,,,,,,,,,,,,,,,,,,,,,,,,,,,,,,,,,,,,
ACSSF,2019m1,nc,000,0038,0000038,,,,,,,,,,,,,,,,,,,,,,,,,,,,,,,,,,,,2211,2001,463,203,329,308,811,,,,,,,,,,,,,,,,,,,,,,,,,,,,,,,,,,,,,,,,,,,,,,,,,,,,,,,,,,,,,,,,,,,,,,,,,,,,,,,,,,,,,,,,,,,,,,,,,,,,,,,,,,,,,,,,,,,,,,,,,,,,,,,,,,,,,,,,,,,,,,,,,,,,,,,,,,,,,,
ACSSF,2019m1,nc,000,0038,0000039,,,,,,,,,,,,,,,,,,,,,,,,,,,,,,,,,,,,4588,5136,1689,171,698,420,1725,,,,,,,,5910,5845,2079,1463,1515,6215,6167,1779,1233,1224,2216,1963,1181,704,911,635,346,520,203,520,997,972,240,240,203,919,919,203,203,203,2068,2085,787,643,397,,,,,,,,,,,,,,,,,,,,,,,,,,,,,,,,,,,,,,,,,,,,,,,,,,,,,,,,,5910,5845,2079,1463,1515,6215,6167,1779,1233,1224,2216,1963,1181,704,911,635,346,520,203,520,1273,1237,240,240,203,2068,2085,787,643,397,5910,5597,2371,1544,1803,6215,5993,2006,1189,1477,2216,1932,1201,853,886,635,346,520,203,520,1273,1215,354,264,232,2068,1986,701,623,299
ACSSF,2019m1,nc,000,0038,0000040,,,,,,,,,,,,,,,,,,,,,,,,,,,,,,,,,,,,4286,4343,2374,117,1490,1382,1213,1803,1547,991,203,670,301,250,,,,,,,,,,,,,,,,,,,,,,,,,,,,,,,,,,,,,,,,,,,,,,,,,,,,,,,,,,,,,,,,,,,,,,,,,,,,,,,,,,,,,,,,,,,,,,,,,,,,,,,,,,,,,,,,,,,,,,,,,,5135,5306,1740,1535,923,5162,5066,1348,1259,561,3260,3109,811,690,601,138,138,203,203,203,2535,2238,775,684,364,1483,1388,337,325,79
ACSSF,2019m1,nc,000,0038,0000041,,,,,,,,1138,1078,355,552,182,221,438,,,,,,,,,,,,,,,,,,,,,,3538,3204,921,1373,853,482,1266,,,,,,,,4962,4659,2037,1746,1484,4428,3988,1973,1485,1243,1203,949,719,624,384,1704,1501,732,664,397,933,885,233,95,211,528,495,221,203,221,1507,1353,540,467,244,4962,4619,1531,1107,1280,1516,1353,795,4428,4201,1556,974,1173,1313,1083,739,1203,883,553,411,370,540,430,194,1704,1479,645,593,285,563,389,406,933,924,60,60,203,184,184,203,528,516,203,203,203,71,71,203,1507,1403,255,234,112,489,486,174,4962,4659,2037,1746,1484,4428,3988,1973,1485,1243,1203,949,719,624,384,1704,1501,732,664,397,1066,963,318,95,313,1507,1353,540,467,244,4962,4619,2125,1756,1434,4428,4201,1958,1326,1351,1203,883,758,593,436,1704,1479,823,688,504,1066,1033,215,215,203,1507,1403,616,578,209
ACSSF,2019m1,nc,000,0038,0000042,,,,,,,,,,,,,,,,,,,,,,,,,,,,,,,,,,,,3636,3352,849,250,159,608,1172,,,,,,,,4811,4675,1725,1095,1180,4531,4638,1212,941,771,2025,1690,874,736,546,852,770,574,203,574,631,625,127,127,203,650,650,203,203,203,1541,1505,256,75,244,,,,,,,,,,,,,,,,,,,,,,,,,,,,,,,,,,,,,,,,,,,,,,,,,,,,,,,,,4811,4675,1725,1095,1180,4531,4638,1212,941,771,2025,1690,874,736,546,852,770,574,203,574,831,823,127,127,203,1541,1505,256,75,244,4811,4693,1301,981,1102,4531,4630,1128,798,960,2025,1663,903,476,784,852,852,203,203,203,831,823,127,127,203,1541,1521,244,203,244
ACSSF,2019m1,nc,000,0038,0000043,,,,,,,,,,,,,,,,,,,,,,,,,,,,,,,,,,,,3282,2972,1364,203,298,695,720,,,,,,,,,,,,,,,,,,,,,,,,,,,,,,,,,,,,,,,,,,,,,,,,,,,,,,,,,,,,,,,,,,,,,,,,,,,,,,,,,,,,,,,,,,,,,,,,,,,3839,3577,1407,639,1267,3268,3132,1073,429,1022,1663,1421,801,340,744,28,28,203,203,203,755,814,232,203,232,964,883,405,341,411,3839,3395,1571,1210,1067,3268,2998,1246,978,833,1663,1354,948,777,568,28,28,203,203,203,755,814,232,203,232,964,882,408,111,405
ACSSF,2019m1,nc,000,0038,0000044,,,,,,,,,,,,,,,,,,,,,,,,,,,,,,,,,,,,1503,1522,349,29,90,93,311,,,,,,,,3163,2893,863,338,757,2909,2769,795,302,713,860,811,377,144,339,193,193,203,203,203,202,202,203,203,203,306,306,203,203,203,456,374,203,132,151,,,,,,,,,,,,,,,,,,,,,,,,,,,,,,,,,,,,,,,,,,,,,,,,,,,,,,,,,3163,2893,863,338,757,2909,2769,795,302,713,860,811,377,144,339,193,193,203,203,203,359,359,203,203,203,456,374,203,132,151,3163,2786,1061,668,739,2909,2669,912,606,662,860,811,360,265,307,193,193,203,203,203,359,359,203,203,203,456,398,151,92,115
ACSSF,2019m1,nc,000,0038,0000045,,,,,,,,,,,,,,,,,,,,,,,,,,,,,,,,,,,,2527,2419,789,121,141,321,330,,,,,,,,,,,,,,,,,,,,,,,,,,,,,,,,,,,,,,,,,,,,,,,,,,,,,,,,,,,,,,,,,,,,,,,,,,,,,,,,,,,,,,,,,,,,,,,,,,,,,,,,,,,,,,,,,,,,,,,,,,,,,,,,,,,,,,,,,,,,,,,,,,,,,,,,,,,,,,
ACSSF,2019m1,nc,000,0038,0000046,,,,,,,,,,,,,,,,,,,,,,,,,,,,,,,,,,,,3315,3016,1091,113,249,350,542,,,,,,,,,,,,,,,,,,,,,,,,,,,,,,,,,,,,,,,,,,,,,,,,,,,,,,,,,,,,,,,,,,,,,,,,,,,,,,,,,,,,,,,,,,,,,,,,,,,,,,,,,,,,,,,,,,,,,,,,,,,,,,,,,4100,4156,1089,632,943,3729,3771,772,567,584,1534,1381,557,305,456,123,113,71,203,71,506,502,85,85,203,971,570,657,169,656
ACSSF,2019m1,nc,000,0038,0000047,,,,,,,,,,,,,,,,,,,,,,,,,,,,,,,,,,,,2097,2044,619,203,549,406,451,,,,,,,,,,,,,,,,,,,,,,,,,,,,,,,,,,,,,,,,,,,,,,,,,,,,,,,,,,,,,,,,,,,,,,,,,,,,,,,,,,,,,,,,,,,,,,,,,,,,,,,,,,,,,,,,,,,,,,,,,,,,,,,,,,,,,,,,,,,,,,,,,,,,,,,,,,,,,,
ACSSF,2019m1,nc,000,0038,0000048,,,,,,,,,,,,,,,,,,,,,,,,,,,,,,,,,,,,2760,2627,769,203,333,126,525,,,,,,,,,,,,,,,,,,,,,,,,,,,,,,,,,,,,,,,,,,,,,,,,,,,,,,,,,,,,,,,,,,,,,,,,,,,,,,,,,,,,,,,,,,,,,,,,,,,,,,,,,,,,,,,,,,,,,,,,,,,,,,,,,,,,,,,,,,,,,,,,,,,,,,,,,,,,,,
ACSSF,2019m1,nc,000,0038,0000049,,,,,,,,,,,,,,,,,,,,,,,,,,,,,,,,,,,,3290,3390,899,203,365,437,1344,1242,1297,1063,203,203,649,457,4333,4359,1824,1171,1453,4174,4065,1644,1010,1224,1797,1271,1011,185,1002,203,203,203,203,203,406,406,203,203,203,1166,1166,203,203,203,1523,1519,759,722,279,,,,,,,,,,,,,,,,,,,,,,,,,,,,,,,,,,,,,,,,,,,,,,,,,,,,,,,,,4333,4359,1824,1171,1453,4174,4065,1644,1010,1224,1797,1271,1011,185,1002,203,203,203,203,203,1261,1261,203,203,203,1523,1519,759,722,279,4333,4324,2013,1830,1379,4174,4078,1875,1441,1305,1797,1184,1070,488,847,203,203,203,203,203,1261,1106,812,812,203,1523,1428,721,620,433
ACSSF,2019m1,nc,000,0038,0000050,,,,,,,,3038,2394,1458,1107,206,276,1378,,,,,,,,3935,3795,1765,227,382,272,2205,1904,1756,451,228,118,299,391,8015,8592,2880,620,1252,1205,3945,4392,4843,2273,373,634,571,2459,11745,11138,6976,4268,5693,11174,11016,6851,3938,5578,5330,4312,2090,1134,1812,1468,919,1168,261,1132,1673,1582,512,137,490,1832,1723,646,446,422,5464,4617,2555,1127,2262,11745,10938,4831,4866,3940,4730,4419,1719,11174,10784,4922,4220,3163,4435,4111,1537,5330,3938,2274,1755,1722,1307,1021,707,1468,1383,360,213,296,400,315,244,1673,1576,545,398,382,307,184,236,1832,1667,573,338,430,403,320,185,5464,4410,2378,1334,1916,1633,1460,576,11745,11138,6976,4268,5693,11174,11016,6851,3938,5578,5330,4312,2090,1134,1812,1468,919,1168,261,1132,2417,2325,783,464,645,5464,4617,2555,1127,2262,11745,10938,6566,6017,4509,11174,10784,6510,5517,3602,5330,3938,2457,1921,1939,1468,1383,534,366,388,2417,2288,936,668,607,5464,4410,2814,1865,1947
ACSSF,2019m1,nc,000,0038,0000051,,,,,,,,,,,,,,,,,,,,,,,,,,,,,,,,,,,,2726,2633,901,203,124,258,398,,,,,,,,,,,,,,,,,,,,,,,,,,,,,,,,,,,,,,,,,,,,,,,,,,,,,,,,,,,,,,,,,,,,,,,,,,,,,,,,,,,,,,,,,,,,,,,,,,,,,,,,,,,,,,,,,,,,,,,,,,,,,,,,,3567,3477,1236,913,967,3428,3406,1153,854,861,1401,1299,688,364,533,474,433,197,197,203,342,321,54,54,203,668,554,281,281,203
ACSSF,2019m1,nc,000,0038,0000052,,,,,,,,,,,,,,,,,,,,,,,,,,,,,,,,,,,,2126,1919,1092,26,432,203,700,,,,,,,,,,,,,,,,,,,,,,,,,,,,,,,,,,,,,,,,,,,,,,,,,,,,,,,,,,,,,,,,,,,,,,,,,,,,,,,,,,,,,,,,,,,,,,,,,,,,,,,,,,,,,,,,,,,,,,,,,,,,,,,,,,,,,,,,,,,,,,,,,,,,,,,,,,,,,,
ACSSF,2019m1,nc,000,0038,0000053,,,,,,,,,,,,,,,,,,,,,,,,,,,,,,,,,,,,2496,2366,512,203,135,89,805,,,,,,,,,,,,,,,,,,,,,,,,,,,,,,,,,,,,,,,,,,,,,,,,,,,,,,,,,,,,,,,,,,,,,,,,,,,,,,,,,,,,,,,,,,,,,,,,,,,,,,,,,,,,,,,,,,,,,,,,,,,,,,,,,,,,,,,,,,,,,,,,,,,,,,,,,,,,,,
ACSSF,2019m1,nc,000,0038,0000054,,,,,,,,,,,,,,,,,,,,,,,,,,,,,,,,,,,,4901,4889,1241,263,1526,302,1465,,,,,,,,5123,5270,1564,1334,1093,5181,5176,1628,1402,1079,1436,1397,584,118,554,472,472,203,203,203,1540,1542,48,203,48,748,748,203,203,203,1542,1451,483,327,348,,,,,,,,,,,,,,,,,,,,,,,,,,,,,,,,,,,,,,,,,,,,,,,,,,,,,,,,,5123,5270,1564,1334,1093,5181,5176,1628,1402,1079,1436,1397,584,118,554,472,472,203,203,203,1715,1717,48,203,48,1542,1451,483,327,348,5123,5256,1812,1876,1104,5181,5193,1727,1643,1112,1436,1327,838,691,480,472,438,235,235,203,1715,1697,111,111,203,1542,1468,511,155,434
ACSSF,2019m1,nc,000,0038,0000055,,,,,,,,,,,,,,,,,,,,,,,,,,,,,,,,,,,,4204,3822,804,81,547,230,1452,,,,,,,,5799,5247,2932,1492,2514,5382,4975,2483,1343,2190,1643,1179,1101,351,1039,212,193,92,203,92,687,589,394,117,382,645,632,161,161,203,1620,1406,968,717,472,5799,5242,1985,1439,1628,2246,2156,510,5382,4808,1554,1229,878,2120,2058,470,1643,1068,946,694,838,625,623,128,212,193,203,203,203,92,203,92,687,645,384,65,382,203,203,203,645,630,203,203,203,113,113,203,1620,1496,179,156,160,758,669,212,5799,5247,2932,1492,2514,5382,4975,2483,1343,2190,1643,1179,1101,351,1039,212,193,92,203,92,931,849,421,203,382,1620,1406,968,717,472,5799,5242,2659,2446,1655,5382,4808,2439,2381,964,1643,1068,1139,931,854,212,193,92,203,92,931,892,397,130,382,1620,1496,831,675,309
ACSSF,2019m1,nc,000,0038,0000056,,,,,,,,2827,3029,1390,888,1017,241,812,,,,,,,,3657,2521,2209,375,118,456,1672,2528,2210,926,345,447,203,337,7947,8007,2603,1194,1129,1123,3062,3398,3152,3071,860,439,579,1677,11853,11171,6038,3903,5142,12198,11021,5307,3210,4233,5093,3658,3296,1130,3043,2595,2073,1425,690,1054,2155,1641,1159,274,1116,2181,2029,737,514,623,5306,4593,1970,596,1930,11853,11130,4385,3639,3433,4729,3453,2934,12198,11584,3569,2858,2636,3999,3042,2143,5093,3162,3187,1868,2502,1651,1287,1099,2595,2050,874,423,766,923,839,236,2155,1592,294,193,197,1111,921,1097,2181,1744,571,504,473,635,587,223,5306,4578,1696,909,1433,1134,978,712,11853,11171,6038,3903,5142,12198,11021,5307,3210,4233,5093,3658,3296,1130,3043,2595,2073,1425,690,1054,2902,2424,1439,584,1358,5306,4593,1970,596,1930,11853,11130,6659,4884,4725,12198,11584,5235,3804,3221,5093,3162,3645,2478,2826,2595,2050,1512,995,829,2902,2281,1460,1298,1450,5306,4578,2127,1308,1709
ACSSF,2019m1,nc,000,0038,0000057,,,,,,,,,,,,,,,,,,,,,,,,,,,,,,,,,,,,3147,3011,1009,194,137,64,700,,,,,,,,,,,,,,,,,,,,,,,,,,,,,,,,,,,,,,,,,,,,,,,,,,,,,,,,,,,,,,,,,,,,,,,,,,,,,,,,,,,,,,,,,,,,,,,,,,,,,,,,,,,,,,,,,,,,,,,,,,,,,,,,,,,,,,,,,,,,,,,,,,,,,,,,,,,,,,
ACSSF,2019m1,nc,000,0038,0000058,,,,,,,,1913,1612,820,405,181,131,521,,,,,,,,,,,,,,,,,,,,,,4521,4230,1487,575,828,481,1278,,,,,,,,7009,7193,3109,2017,2319,6939,7165,2872,1958,2072,2247,2017,1272,672,1028,1739,1759,341,77,339,1295,1039,388,349,130,714,674,225,203,225,2181,2058,630,329,549,7009,7014,1945,1618,1543,2211,2184,922,6939,7023,1674,1428,1381,2013,1971,830,2247,2004,908,589,641,828,752,341,1739,1627,555,555,203,341,335,79,1295,1253,203,203,203,176,162,80,714,704,203,203,203,184,184,203,2181,2052,161,203,161,598,598,203,7009,7193,3109,2017,2319,6939,7165,2872,1958,2072,2247,2017,1272,672,1028,1739,1759,341,77,339,1474,1245,442,349,246,2181,2058,630,329,549,7009,7014,3117,2934,1843,6939,7023,2713,2562,1652,2247,2004,1276,1015,762,1739,1627,689,696,79,1474,1451,246,230,80,2181,2052,625,598,161
ACSSF,2019m1,nc,000,0038,0000059,,,,,,,,,,,,,,,,,,,,,,,,,,,,,,,,,,,,3176,3086,1316,203,2379,243,591,1672,1593,956,203,590,643,162,4540,4471,1715,1126,1378,4819,4904,1470,1025,1137,1937,1777,451,318,312,414,449,174,95,143,3022,2820,389,324,270,840,660,525,295,400,811,783,133,133,203,4540,4583,1810,1411,1133,1430,1116,682,4819,4764,1459,1150,900,1347,1030,694,1937,1669,808,602,406,181,181,203,414,404,203,203,203,95,95,203,3022,2847,439,386,218,285,285,203,840,591,665,552,391,99,63,79,811,770,162,120,116,39,39,203,4540,4471,1715,1126,1378,4819,4904,1470,1025,1137,1937,1777,451,318,312,414,449,174,95,143,3257,2856,733,463,468,811,783,133,133,203,4540,4583,2266,1820,1227,4819,4764,1857,1550,1031,1937,1669,885,677,406,414,404,95,95,203,3257,2946,930,755,439,811,770,166,124,116
ACSSF,2019m1,nc,000,0038,0000060,,,,,,,,,,,,,,,,,,,,,,,,,,,,,,,,,,,,,,,,,,,,,,,,,,,,,,,,,,,,,,,,,,,,,,,,,,,,,,,,,,,,,,,,,,,,,,,,,,,,,,,,,,,,,,,,,,,,,,,,,,,,,,,,,,,,,,,,,,,,,,,,,,,,,,,,,,,,,,,,,,,,,,,,,,,,,,,,,,,,,,,,,,,,,,,,,,,,,,,,
ACSSF,2019m1,nc,000,0038,0000061,,,,,,,,,,,,,,,,,,,,,,,,,,,,,,,,,,,,4952,4816,1347,749,972,652,1025,,,,,,,,7203,6447,3502,2710,2638,6721,5906,3135,2687,1610,2345,2093,1686,831,1360,1910,1810,524,203,524,1465,1463,167,73,151,1666,1270,575,76,537,1384,1165,843,360,762,7203,6500,1854,2047,1366,2522,1885,1415,6721,6076,1725,1912,976,2260,1715,1124,2345,2165,1268,879,956,833,366,797,1910,1884,102,203,102,113,203,113,1465,1456,61,61,203,179,155,90,1666,1323,145,131,57,537,537,203,1384,1345,339,141,310,342,342,203,7203,6447,3502,2710,2638,6721,5906,3135,2687,1610,2345,2093,1686,831,1360,1910,1810,524,203,524,2434,2036,599,75,564,1384,1165,843,360,762,7203,6500,3406,3041,1963,6721,6076,2900,2711,1371,2345,2165,1623,969,1302,1910,1884,154,203,154,2434,2038,571,563,105,1384,1345,482,374,310
ACSSF,2019m1,nc,000,0038,0000062,,,,,,,,,,,,,,,,,,,,,,,,,,,,,,,,,,,,3488,3133,620,250,115,303,939,,,,,,,,,,,,,,,,,,,,,,,,,,,,,,,,,,,,,,,,,,,,,,,,,,,,,,,,,,,,,,,,,,,,,,,,,,,,,,,,,,,,,,,,,,,,,,,,,,,,,,,,,,,,,,,,,,,,,,,,,,,,,,,,,,,,,,,,,,,,,,,,,,,,,,,,,,,,,,
ACSSF,2019m1,nc,000,0038,0000063,,,,,,,,,,,,,,,,,,,,,,,,,,,,,,,,,,,,3398,3345,671,40,689,290,490,,,,,,,,,,,,,,,,,,,,,,,,,,,,,,,,,,,,,,,,,,,,,,,,,,,,,,,,,,,,,,,,,,,,,,,,,,,,,,,,,,,,,,,,,,,,,,,,,,,,,,,,,,,,,,,,,,,,,,,,,,,,,,,,,4625,4566,1378,954,1146,4586,4366,1376,952,1069,1638,1648,507,302,404,292,292,203,203,203,818,867,197,197,203,588,581,133,133,203
ACSSF,2019m1,nc,000,0038,0000064,,,,,,,,,,,,,,,,,,,,,,,,,,,,,,,,,,,,4534,4365,2397,203,1481,1394,697,1560,1428,792,203,661,301,232,,,,,,,,,,,,,,,,,,,,,,,,,,,,,,,,,,,,,,,,,,,,,,,,,,,,,,,,,,,,,,,,,,,,,,,,,,,,,,,,,,,,,,,,,,,,,,,,,,,,,,,,,,,,,,,,,,,,,,,,,,5081,5308,1503,1350,853,5035,5017,1197,1084,493,3128,2970,709,567,593,85,85,203,203,203,2451,2165,760,675,351,935,874,231,227,45
ACSSF,2019m1,nc,000,0038,0000065,,,,,,,,2436,1909,914,1100,206,185,497,,,,,,,,2964,2429,1272,227,203,203,2045,1568,1345,360,153,118,299,339,7908,7541,1912,570,896,1085,2512,3649,3656,1464,360,242,242,2059,10628,10224,4477,3029,3682,9900,9710,4109,2792,3448,3244,2634,1555,799,1339,1441,902,1165,261,1126,1034,1000,245,71,240,1335,1321,313,313,203,3600,2785,2131,718,1817,10628,10153,3976,3178,3250,3305,3090,1262,9900,9408,3784,2977,2256,3138,2970,977,3244,2581,1452,1016,1217,925,764,439,1441,1365,360,213,296,383,306,226,1034,1004,207,207,203,215,103,184,1335,1322,202,151,134,246,167,185,3600,2875,2003,1062,1724,812,741,478,10628,10224,4477,3029,3682,9900,9710,4109,2792,3448,3244,2634,1555,799,1339,1441,902,1165,261,1126,1617,1601,392,344,240,3600,2785,2131,718,1817,10628,10153,4329,4000,3656,9900,9408,4248,3845,2419,3244,2581,1671,1260,1316,1441,1365,519,363,379,1617,1616,407,316,288,3600,2875,2206,1264,1797
ACSSF,2019m1,nc,000,0038,0000066,,,,,,,,,,,,,,,,,,,,,,,,,,,,,,,,,,,,4282,4454,1468,171,580,381,1218,,,,,,,,5099,5174,1727,957,1276,5134,5096,1599,954,974,1662,1567,785,245,757,635,346,520,203,520,878,830,240,240,203,904,904,203,203,203,1398,1389,339,187,280,,,,,,,,,,,,,,,,,,,,,,,,,,,,,,,,,,,,,,,,,,,,,,,,,,,,,,,,,5099,5174,1727,957,1276,5134,5096,1599,954,974,1662,1567,785,245,757,635,346,520,203,520,1134,1093,240,240,203,1398,1389,339,187,280,5099,5015,1868,1122,1656,5134,5019,1748,1039,1374,1662,1576,827,628,623,635,346,520,203,520,1134,1070,354,264,232,1398,1380,421,306,299
ACSSF,2019m1,nc,000,0038,0000067,,,,,,,,,,,,,,,,,,,,,,,,,,,,,,,,,,,,4680,4628,951,314,432,232,663,1872,1511,1163,340,749,207,428,5534,5401,2151,1737,1936,6206,5925,1565,1571,1564,1795,1702,1309,892,936,992,868,388,380,69,993,984,126,40,121,1142,1142,203,203,203,1336,1345,138,91,103,5534,5362,1613,1416,1405,1447,1129,1020,6206,5845,1569,1150,1189,954,841,593,1795,1550,908,586,751,759,286,689,992,825,318,318,203,256,203,256,993,772,740,740,203,201,192,67,1142,956,118,203,118,590,590,203,1336,1333,351,155,344,103,49,88,5534,5401,2151,1737,1936,6206,5925,1565,1571,1564,1795,1702,1309,892,936,992,868,388,380,69,1513,1533,126,40,121,1336,1345,138,91,103,5534,5362,2227,1692,1841,6206,5845,1859,1306,1362,1795,1550,1144,666,1083,992,825,424,318,256,1513,1195,979,972,136,1336,1333,353,154,357
ACSSF,2019m1,nc,000,0038,0000068,,,,,,,,,,,,,,,,,,,,,,,,,,,,,,,,,,,,4901,4889,1241,263,1526,302,1465,,,,,,,,5123,5270,1564,1334,1093,5181,5176,1628,1402,1079,1436,1397,584,118,554,472,472,203,203,203,1540,1542,48,203,48,748,748,203,203,203,1542,1451,483,327,348,,,,,,,,,,,,,,,,,,,,,,,,,,,,,,,,,,,,,,,,,,,,,,,,,,,,,,,,,5123,5270,1564,1334,1093,5181,5176,1628,1402,1079,1436,1397,584,118,554,472,472,203,203,203,1715,1717,48,203,48,1542,1451,483,327,348,5123,5256,1812,1876,1104,5181,5193,1727,1643,1112,1436,1327,838,691,480,472,438,235,235,203,1715,1697,111,111,203,1542,1468,511,155,434
ACSSF,2019m1,nc,000,0038,0000069,,,,,,,,2827,3029,1390,888,1017,241,812,,,,,,,,3657,2521,2209,375,118,456,1672,2528,2210,926,345,447,203,337,7947,8007,2603,1194,1129,1123,3062,3398,3152,3071,860,439,579,1677,11853,11171,6038,3903,5142,12198,11021,5307,3210,4233,5093,3658,3296,1130,3043,2595,2073,1425,690,1054,2155,1641,1159,274,1116,2181,2029,737,514,623,5306,4593,1970,596,1930,11853,11130,4385,3639,3433,4729,3453,2934,12198,11584,3569,2858,2636,3999,3042,2143,5093,3162,3187,1868,2502,1651,1287,1099,2595,2050,874,423,766,923,839,236,2155,1592,294,193,197,1111,921,1097,2181,1744,571,504,473,635,587,223,5306,4578,1696,909,1433,1134,978,712,11853,11171,6038,3903,5142,12198,11021,5307,3210,4233,5093,3658,3296,1130,3043,2595,2073,1425,690,1054,2902,2424,1439,584,1358,5306,4593,1970,596,1930,11853,11130,6659,4884,4725,12198,11584,5235,3804,3221,5093,3162,3645,2478,2826,2595,2050,1512,995,829,2902,2281,1460,1298,1450,5306,4578,2127,1308,1709
ACSSF,2019m1,nc,000,0038,0000070,,,,,,,,,,,,,,,,,,,,,,,,,,,,,,,,,,,,3147,3011,1009,194,137,64,700,,,,,,,,,,,,,,,,,,,,,,,,,,,,,,,,,,,,,,,,,,,,,,,,,,,,,,,,,,,,,,,,,,,,,,,,,,,,,,,,,,,,,,,,,,,,,,,,,,,,,,,,,,,,,,,,,,,,,,,,,,,,,,,,,,,,,,,,,,,,,,,,,,,,,,,,,,,,,,
ACSSF,2019m1,nc,000,0038,0000071,,,,,,,,,,,,,,,,,,,,,,,,,,,,,,,,,,,,,,,,,,,,,,,,,,,,,,,,,,,,,,,,,,,,,,,,,,,,,,,,,,,,,,,,,,,,,,,,,,,,,,,,,,,,,,,,,,,,,,,,,,,,,,,,,,,,,,,,,,,,,,,,,,,,,,,,,,,,,,,,,,,,,,,,,,,,,,,,,,,,,,,,,,,,,,,,,,,,,,,,
ACSSF,2019m1,nc,000,0038,0000072,,,,,,,,1912,1612,816,405,181,131,521,,,,,,,,,,,,,,,,,,,,,,4433,4177,1207,575,828,452,1278,,,,,,,,6895,7108,3176,2017,2281,6922,7156,2932,1958,1999,2058,1824,1271,672,1027,1739,1759,341,77,339,1295,1039,388,349,130,692,652,225,203,225,2181,2058,630,329,549,6895,6984,1904,1618,1399,2212,2183,922,6922,6992,1669,1428,1289,2013,1971,830,2058,1830,908,589,641,828,752,341,1739,1627,555,555,203,341,335,79,1295,1253,203,203,203,176,162,80,692,684,203,203,203,184,184,203,2181,2052,161,203,161,598,598,203,6895,7108,3176,2017,2281,6922,7156,2932,1958,1999,2058,1824,1271,672,1027,1739,1759,341,77,339,1470,1240,442,349,246,2181,2058,630,329,549,6895,6984,3166,2931,1673,6922,6992,2778,2562,1502,2058,1830,1277,1015,762,1739,1627,689,696,79,1470,1447,246,230,80,2181,2052,625,598,161
ACSSF,2019m1,nc,000,0038,0000073,,,,,,,,,,,,,,,,,,,,,,,,,,,,,,,,,,,,3176,3086,1316,203,2379,243,591,1672,1593,956,203,590,643,162,4540,4471,1715,1126,1378,4819,4904,1470,1025,1137,1937,1777,451,318,312,414,449,174,95,143,3022,2820,389,324,270,840,660,525,295,400,811,783,133,133,203,4540,4583,1810,1411,1133,1430,1116,682,4819,4764,1459,1150,900,1347,1030,694,1937,1669,808,602,406,181,181,203,414,404,203,203,203,95,95,203,3022,2847,439,386,218,285,285,203,840,591,665,552,391,99,63,79,811,770,162,120,116,39,39,203,4540,4471,1715,1126,1378,4819,4904,1470,1025,1137,1937,1777,451,318,312,414,449,174,95,143,3257,2856,733,463,468,811,783,133,133,203,4540,4583,2266,1820,1227,4819,4764,1857,1550,1031,1937,1669,885,677,406,414,404,95,95,203,3257,2946,930,755,439,811,770,166,124,116
ACSSF,2019m1,nc,000,0038,0000074,,,,,,,,,,,,,,,,,,,,,,,,,,,,,,,,,,,,4952,4816,1347,749,972,652,1025,,,,,,,,7203,6447,3502,2710,2638,6721,5906,3135,2687,1610,2345,2093,1686,831,1360,1910,1810,524,203,524,1465,1463,167,73,151,1666,1270,575,76,537,1384,1165,843,360,762,7203,6500,1854,2047,1366,2522,1885,1415,6721,6076,1725,1912,976,2260,1715,1124,2345,2165,1268,879,956,833,366,797,1910,1884,102,203,102,113,203,113,1465,1456,61,61,203,179,155,90,1666,1323,145,131,57,537,537,203,1384,1345,339,141,310,342,342,203,7203,6447,3502,2710,2638,6721,5906,3135,2687,1610,2345,2093,1686,831,1360,1910,1810,524,203,524,2434,2036,599,75,564,1384,1165,843,360,762,7203,6500,3406,3041,1963,6721,6076,2900,2711,1371,2345,2165,1623,969,1302,1910,1884,154,203,154,2434,2038,571,563,105,1384,1345,482,374,310
ACSSF,2019m1,nc,000,0038,0000075,,,,,,,,,,,,,,,,,,,,,,,,,,,,,,,,,,,,3376,3324,671,40,689,290,490,,,,,,,,,,,,,,,,,,,,,,,,,,,,,,,,,,,,,,,,,,,,,,,,,,,,,,,,,,,,,,,,,,,,,,,,,,,,,,,,,,,,,,,,,,,,,,,,,,,,,,,,,,,,,,,,,,,,,,,,,,,,,,,,,4437,4360,1378,954,1146,4421,4177,1376,952,1069,1638,1648,507,302,404,292,292,203,203,203,818,867,197,197,203,588,581,133,133,203
ACSSF,2019m1,nc,000,0038,0000076,,,,,,,,,,,,,,,,,,,,,,,,,,,,,,,,,,,,3488,3133,620,250,115,303,939,,,,,,,,,,,,,,,,,,,,,,,,,,,,,,,,,,,,,,,,,,,,,,,,,,,,,,,,,,,,,,,,,,,,,,,,,,,,,,,,,,,,,,,,,,,,,,,,,,,,,,,,,,,,,,,,,,,,,,,,,,,,,,,,,,,,,,,,,,,,,,,,,,,,,,,,,,,,,,
ACSSF,2019m1,nc,000,0038,0000077,,,,,,,,,,,,,,,,,,,,,,,,,,,,,,,,,,,,4534,4365,2397,203,1481,1394,697,1560,1428,792,203,661,301,232,,,,,,,,,,,,,,,,,,,,,,,,,,,,,,,,,,,,,,,,,,,,,,,,,,,,,,,,,,,,,,,,,,,,,,,,,,,,,,,,,,,,,,,,,,,,,,,,,,,,,,,,,,,,,,,,,,,,,,,,,,5081,5308,1503,1350,853,5035,5017,1197,1084,493,3128,2970,709,567,593,85,85,203,203,203,2451,2165,760,675,351,935,874,231,227,45
ACSSF,2019m1,nc,000,0038,0000078,,,,,,,,,,,,,,,,,,,,,,,,,,,,,,,,,,,,4276,3870,804,81,547,230,1450,,,,,,,,5883,5303,2932,1492,2514,5457,5022,2483,1343,2190,1643,1179,1101,351,1039,212,193,92,203,92,687,589,394,117,382,645,632,161,161,203,1614,1399,968,717,472,5883,5303,1985,1439,1628,2246,2156,510,5457,4850,1554,1229,878,2120,2058,470,1643,1068,946,694,838,625,623,128,212,193,203,203,203,92,203,92,687,645,384,65,382,203,203,203,645,630,203,203,203,113,113,203,1614,1490,179,156,160,758,669,212,5883,5303,2932,1492,2514,5457,5022,2483,1343,2190,1643,1179,1101,351,1039,212,193,92,203,92,931,849,421,203,382,1614,1399,968,717,472,5883,5303,2659,2446,1655,5457,4850,2439,2381,964,1643,1068,1139,931,854,212,193,92,203,92,931,892,397,130,382,1614,1490,831,675,309
ACSSF,2019m1,nc,000,0038,0000079,,,,,,,,2436,1909,914,1100,206,185,497,,,,,,,,2964,2429,1272,227,203,203,2045,1568,1345,360,153,118,299,339,7854,7498,1912,570,896,1085,2512,3679,3593,1460,360,242,242,2059,10622,10165,4520,3029,3749,9879,9657,4074,2792,3412,3240,2634,1561,799,1335,1441,902,1165,261,1126,1034,1000,245,71,240,1335,1321,313,313,203,3600,2785,2131,718,1817,10622,10102,4003,3178,3307,3305,3090,1262,9879,9366,3731,2977,2250,3138,2970,977,3240,2581,1448,1016,1218,925,764,439,1441,1365,360,213,296,383,306,226,1034,1004,207,207,203,215,103,184,1335,1322,202,151,134,246,167,185,3600,2875,2003,1062,1724,812,741,478,10622,10165,4520,3029,3749,9879,9657,4074,2792,3412,3240,2634,1561,799,1335,1441,902,1165,261,1126,1617,1601,392,344,240,3600,2785,2131,718,1817,10622,10102,4378,4000,3713,9879,9366,4218,3845,2422,3240,2581,1664,1260,1306,1441,1365,519,363,379,1617,1616,407,316,288,3600,2875,2206,1264,1797
ACSSF,2019m1,nc,000,0038,0000080,,,,,,,,,,,,,,,,,,,,,,,,,,,,,,,,,,,,4282,4454,1468,171,580,381,1218,,,,,,,,5099,5174,1727,957,1276,5134,5096,1599,954,974,1662,1567,785,245,757,635,346,520,203,520,878,830,240,240,203,904,904,203,203,203,1398,1389,339,187,280,,,,,,,,,,,,,,,,,,,,,,,,,,,,,,,,,,,,,,,,,,,,,,,,,,,,,,,,,5099,5174,1727,957,1276,5134,5096,1599,954,974,1662,1567,785,245,757,635,346,520,203,520,1134,1093,240,240,203,1398,1389,339,187,280,5099,5015,1868,1122,1656,5134,5019,1748,1039,1374,1662,1576,827,628,623,635,346,520,203,520,1134,1070,354,264,232,1398,1380,421,306,299
ACSSF,2019m1,nc,000,0038,0000081,,,,,,,,,,,,,,,,,,,,,,,,,,,,,,,,,,,,4680,4628,951,314,432,232,663,1872,1511,1163,340,749,207,428,5534,5401,2151,1737,1936,6206,5925,1565,1571,1564,1795,1702,1309,892,936,992,868,388,380,69,993,984,126,40,121,1142,1142,203,203,203,1336,1345,138,91,103,5534,5362,1613,1416,1405,1447,1129,1020,6206,5845,1569,1150,1189,954,841,593,1795,1550,908,586,751,759,286,689,992,825,318,318,203,256,203,256,993,772,740,740,203,201,192,67,1142,956,118,203,118,590,590,203,1336,1333,351,155,344,103,49,88,5534,5401,2151,1737,1936,6206,5925,1565,1571,1564,1795,1702,1309,892,936,992,868,388,380,69,1513,1533,126,40,121,1336,1345,138,91,103,5534,5362,2227,1692,1841,6206,5845,1859,1306,1362,1795,1550,1144,666,1083,992,825,424,318,256,1513,1195,979,972,136,1336,1333,353,154,357
ACSSF,2019m1,nc,000,0038,0000082,,,,,,,,,,,,,,,,,,,,,,,,,,,,,,,,,,,,,,,,,,,,,,,,,,,,,,,,,,,,,,,,,,,,,,,,,,,,,,,,,,,,,,,,,,,,,,,,,,,,,,,,,,,,,,,,,,,,,,,,,,,,,,,,,,,,,,,,,,,,,,,,,,,,,,,,,,,,,,,,,,,,,,,,,,,,,,,,,,,,,,,,,,,,,,,,,,,,,,,,
ACSSF,2019m1,nc,000,0038,0000083,,,,,,,,,,,,,,,,,,,,,,,,,,,,,,,,,,,,,,,,,,,,,,,,,,,,,,,,,,,,,,,,,,,,,,,,,,,,,,,,,,,,,,,,,,,,,,,,,,,,,,,,,,,,,,,,,,,,,,,,,,,,,,,,,,,,,,,,,,,,,,,,,,,,,,,,,,,,,,,,,,,,,,,,,,,,,,,,,,,,,,,,,,,,,,,,,,,,,,,,
ACSSF,2019m1,nc,000,0038,0000084,,,,,,,,,,,,,,,,,,,,,,,,,,,,,,,,,,,,,,,,,,,,,,,,,,,,,,,,,,,,,,,,,,,,,,,,,,,,,,,,,,,,,,,,,,,,,,,,,,,,,,,,,,,,,,,,,,,,,,,,,,,,,,,,,,,,,,,,,,,,,,,,,,,,,,,,,,,,,,,,,,,,,,,,,,,,,,,,,,,,,,,,,,,,,,,,,,,,,,,,
ACSSF,2019m1,nc,000,0038,0000085,,,,,,,,,,,,,,,,,,,,,,,,,,,,,,,,,,,,,,,,,,,,,,,,,,,,,,,,,,,,,,,,,,,,,,,,,,,,,,,,,,,,,,,,,,,,,,,,,,,,,,,,,,,,,,,,,,,,,,,,,,,,,,,,,,,,,,,,,,,,,,,,,,,,,,,,,,,,,,,,,,,,,,,,,,,,,,,,,,,,,,,,,,,,,,,,,,,,,,,,
ACSSF,2019m1,nc,000,0038,0000086,,,,,,,,,,,,,,,,,,,,,,,,,,,,,,,,,,,,,,,,,,,,,,,,,,,,,,,,,,,,,,,,,,,,,,,,,,,,,,,,,,,,,,,,,,,,,,,,,,,,,,,,,,,,,,,,,,,,,,,,,,,,,,,,,,,,,,,,,,,,,,,,,,,,,,,,,,,,,,,,,,,,,,,,,,,,,,,,,,,,,,,,,,,,,,,,,,,,,,,,
ACSSF,2019m1,nc,000,0038,0000087,,,,,,,,,,,,,,,,,,,,,,,,,,,,,,,,,,,,,,,,,,,,,,,,,,,,,,,,,,,,,,,,,,,,,,,,,,,,,,,,,,,,,,,,,,,,,,,,,,,,,,,,,,,,,,,,,,,,,,,,,,,,,,,,,,,,,,,,,,,,,,,,,,,,,,,,,,,,,,,,,,,,,,,,,,,,,,,,,,,,,,,,,,,,,,,,,,,,,,,,
ACSSF,2019m1,nc,000,0038,0000088,,,,,,,,,,,,,,,,,,,,,,,,,,,,,,,,,,,,,,,,,,,,,,,,,,,,,,,,,,,,,,,,,,,,,,,,,,,,,,,,,,,,,,,,,,,,,,,,,,,,,,,,,,,,,,,,,,,,,,,,,,,,,,,,,,,,,,,,,,,,,,,,,,,,,,,,,,,,,,,,,,,,,,,,,,,,,,,,,,,,,,,,,,,,,,,,,,,,,,,,
ACSSF,2019m1,nc,000,0038,0000089,,,,,,,,,,,,,,,,,,,,,,,,,,,,,,,,,,,,,,,,,,,,,,,,,,,,,,,,,,,,,,,,,,,,,,,,,,,,,,,,,,,,,,,,,,,,,,,,,,,,,,,,,,,,,,,,,,,,,,,,,,,,,,,,,,,,,,,,,,,,,,,,,,,,,,,,,,,,,,,,,,,,,,,,,,,,,,,,,,,,,,,,,,,,,,,,,,,,,,,,
ACSSF,2019m1,nc,000,0038,0000090,,,,,,,,,,,,,,,,,,,,,,,,,,,,,,,,,,,,,,,,,,,,,,,,,,,,,,,,,,,,,,,,,,,,,,,,,,,,,,,,,,,,,,,,,,,,,,,,,,,,,,,,,,,,,,,,,,,,,,,,,,,,,,,,,,,,,,,,,,,,,,,,,,,,,,,,,,,,,,,,,,,,,,,,,,,,,,,,,,,,,,,,,,,,,,,,,,,,,,,,
ACSSF,2019m1,nc,000,0038,0000091,,,,,,,,,,,,,,,,,,,,,,,,,,,,,,,,,,,,,,,,,,,,,,,,,,,,,,,,,,,,,,,,,,,,,,,,,,,,,,,,,,,,,,,,,,,,,,,,,,,,,,,,,,,,,,,,,,,,,,,,,,,,,,,,,,,,,,,,,,,,,,,,,,,,,,,,,,,,,,,,,,,,,,,,,,,,,,,,,,,,,,,,,,,,,,,,,,,,,,,,
ACSSF,2019m1,nc,000,0038,0000092,,,,,,,,,,,,,,,,,,,,,,,,,,,,,,,,,,,,,,,,,,,,,,,,,,,,,,,,,,,,,,,,,,,,,,,,,,,,,,,,,,,,,,,,,,,,,,,,,,,,,,,,,,,,,,,,,,,,,,,,,,,,,,,,,,,,,,,,,,,,,,,,,,,,,,,,,,,,,,,,,,,,,,,,,,,,,,,,,,,,,,,,,,,,,,,,,,,,,,,,
ACSSF,2019m1,nc,000,0038,0000093,,,,,,,,,,,,,,,,,,,,,,,,,,,,,,,,,,,,,,,,,,,,,,,,,,,,,,,,,,,,,,,,,,,,,,,,,,,,,,,,,,,,,,,,,,,,,,,,,,,,,,,,,,,,,,,,,,,,,,,,,,,,,,,,,,,,,,,,,,,,,,,,,,,,,,,,,,,,,,,,,,,,,,,,,,,,,,,,,,,,,,,,,,,,,,,,,,,,,,,,
ACSSF,2019m1,nc,000,0038,0000094,,,,,,,,,,,,,,,,,,,,,,,,,,,,,,,,,,,,,,,,,,,,,,,,,,,,,,,,,,,,,,,,,,,,,,,,,,,,,,,,,,,,,,,,,,,,,,,,,,,,,,,,,,,,,,,,,,,,,,,,,,,,,,,,,,,,,,,,,,,,,,,,,,,,,,,,,,,,,,,,,,,,,,,,,,,,,,,,,,,,,,,,,,,,,,,,,,,,,,,,
ACSSF,2019m1,nc,000,0038,0000095,,,,,,,,,,,,,,,,,,,,,,,,,,,,,,,,,,,,,,,,,,,,,,,,,,,,,,,,,,,,,,,,,,,,,,,,,,,,,,,,,,,,,,,,,,,,,,,,,,,,,,,,,,,,,,,,,,,,,,,,,,,,,,,,,,,,,,,,,,,,,,,,,,,,,,,,,,,,,,,,,,,,,,,,,,,,,,,,,,,,,,,,,,,,,,,,,,,,,,,,
ACSSF,2019m1,nc,000,0038,0000096,,,,,,,,,,,,,,,,,,,,,,,,,,,,,,,,,,,,,,,,,,,,,,,,,,,,,,,,,,,,,,,,,,,,,,,,,,,,,,,,,,,,,,,,,,,,,,,,,,,,,,,,,,,,,,,,,,,,,,,,,,,,,,,,,,,,,,,,,,,,,,,,,,,,,,,,,,,,,,,,,,,,,,,,,,,,,,,,,,,,,,,,,,,,,,,,,,,,,,,,
ACSSF,2019m1,nc,000,0038,0000097,,,,,,,,,,,,,,,,,,,,,,,,,,,,,,,,,,,,,,,,,,,,,,,,,,,,,,,,,,,,,,,,,,,,,,,,,,,,,,,,,,,,,,,,,,,,,,,,,,,,,,,,,,,,,,,,,,,,,,,,,,,,,,,,,,,,,,,,,,,,,,,,,,,,,,,,,,,,,,,,,,,,,,,,,,,,,,,,,,,,,,,,,,,,,,,,,,,,,,,,
ACSSF,2019m1,nc,000,0038,0000098,,,,,,,,,,,,,,,,,,,,,,,,,,,,,,,,,,,,,,,,,,,,,,,,,,,,,,,,,,,,,,,,,,,,,,,,,,,,,,,,,,,,,,,,,,,,,,,,,,,,,,,,,,,,,,,,,,,,,,,,,,,,,,,,,,,,,,,,,,,,,,,,,,,,,,,,,,,,,,,,,,,,,,,,,,,,,,,,,,,,,,,,,,,,,,,,,,,,,,,,
ACSSF,2019m1,nc,000,0038,0000099,,,,,,,,,,,,,,,,,,,,,,,,,,,,,,,,,,,,,,,,,,,,,,,,,,,,,,,,,,,,,,,,,,,,,,,,,,,,,,,,,,,,,,,,,,,,,,,,,,,,,,,,,,,,,,,,,,,,,,,,,,,,,,,,,,,,,,,,,,,,,,,,,,,,,,,,,,,,,,,,,,,,,,,,,,,,,,,,,,,,,,,,,,,,,,,,,,,,,,,,
ACSSF,2019m1,nc,000,0038,0000100,,,,,,,,,,,,,,,,,,,,,,,,,,,,,,,,,,,,,,,,,,,,,,,,,,,,,,,,,,,,,,,,,,,,,,,,,,,,,,,,,,,,,,,,,,,,,,,,,,,,,,,,,,,,,,,,,,,,,,,,,,,,,,,,,,,,,,,,,,,,,,,,,,,,,,,,,,,,,,,,,,,,,,,,,,,,,,,,,,,,,,,,,,,,,,,,,,,,,,,,
ACSSF,2019m1,nc,000,0038,0000101,,,,,,,,,,,,,,,,,,,,,,,,,,,,,,,,,,,,,,,,,,,,,,,,,,,,,,,,,,,,,,,,,,,,,,,,,,,,,,,,,,,,,,,,,,,,,,,,,,,,,,,,,,,,,,,,,,,,,,,,,,,,,,,,,,,,,,,,,,,,,,,,,,,,,,,,,,,,,,,,,,,,,,,,,,,,,,,,,,,,,,,,,,,,,,,,,,,,,,,,
ACSSF,2019m1,nc,000,0038,0000102,,,,,,,,,,,,,,,,,,,,,,,,,,,,,,,,,,,,,,,,,,,,,,,,,,,,,,,,,,,,,,,,,,,,,,,,,,,,,,,,,,,,,,,,,,,,,,,,,,,,,,,,,,,,,,,,,,,,,,,,,,,,,,,,,,,,,,,,,,,,,,,,,,,,,,,,,,,,,,,,,,,,,,,,,,,,,,,,,,,,,,,,,,,,,,,,,,,,,,,,
ACSSF,2019m1,nc,000,0038,0000103,,,,,,,,,,,,,,,,,,,,,,,,,,,,,,,,,,,,,,,,,,,,,,,,,,,,,,,,,,,,,,,,,,,,,,,,,,,,,,,,,,,,,,,,,,,,,,,,,,,,,,,,,,,,,,,,,,,,,,,,,,,,,,,,,,,,,,,,,,,,,,,,,,,,,,,,,,,,,,,,,,,,,,,,,,,,,,,,,,,,,,,,,,,,,,,,,,,,,,,,
ACSSF,2019m1,nc,000,0038,0000104,,,,,,,,,,,,,,,,,,,,,,,,,,,,,,,,,,,,,,,,,,,,,,,,,,,,,,,,,,,,,,,,,,,,,,,,,,,,,,,,,,,,,,,,,,,,,,,,,,,,,,,,,,,,,,,,,,,,,,,,,,,,,,,,,,,,,,,,,,,,,,,,,,,,,,,,,,,,,,,,,,,,,,,,,,,,,,,,,,,,,,,,,,,,,,,,,,,,,,,,
ACSSF,2019m1,nc,000,0038,0000105,,,,,,,,,,,,,,,,,,,,,,,,,,,,,,,,,,,,,,,,,,,,,,,,,,,,,,,,,,,,,,,,,,,,,,,,,,,,,,,,,,,,,,,,,,,,,,,,,,,,,,,,,,,,,,,,,,,,,,,,,,,,,,,,,,,,,,,,,,,,,,,,,,,,,,,,,,,,,,,,,,,,,,,,,,,,,,,,,,,,,,,,,,,,,,,,,,,,,,,,
ACSSF,2019m1,nc,000,0038,0000106,,,,,,,,,,,,,,,,,,,,,,,,,,,,,,,,,,,,,,,,,,,,,,,,,,,,,,,,,,,,,,,,,,,,,,,,,,,,,,,,,,,,,,,,,,,,,,,,,,,,,,,,,,,,,,,,,,,,,,,,,,,,,,,,,,,,,,,,,,,,,,,,,,,,,,,,,,,,,,,,,,,,,,,,,,,,,,,,,,,,,,,,,,,,,,,,,,,,,,,,
ACSSF,2019m1,nc,000,0038,0000107,,,,,,,,,,,,,,,,,,,,,,,,,,,,,,,,,,,,,,,,,,,,,,,,,,,,,,,,,,,,,,,,,,,,,,,,,,,,,,,,,,,,,,,,,,,,,,,,,,,,,,,,,,,,,,,,,,,,,,,,,,,,,,,,,,,,,,,,,,,,,,,,,,,,,,,,,,,,,,,,,,,,,,,,,,,,,,,,,,,,,,,,,,,,,,,,,,,,,,,,
ACSSF,2019m1,nc,000,0038,0000108,,,,,,,,,,,,,,,,,,,,,,,,,,,,,,,,,,,,,,,,,,,,,,,,,,,,,,,,,,,,,,,,,,,,,,,,,,,,,,,,,,,,,,,,,,,,,,,,,,,,,,,,,,,,,,,,,,,,,,,,,,,,,,,,,,,,,,,,,,,,,,,,,,,,,,,,,,,,,,,,,,,,,,,,,,,,,,,,,,,,,,,,,,,,,,,,,,,,,,,,
ACSSF,2019m1,nc,000,0038,0000109,,,,,,,,,,,,,,,,,,,,,,,,,,,,,,,,,,,,,,,,,,,,,,,,,,,,,,,,,,,,,,,,,,,,,,,,,,,,,,,,,,,,,,,,,,,,,,,,,,,,,,,,,,,,,,,,,,,,,,,,,,,,,,,,,,,,,,,,,,,,,,,,,,,,,,,,,,,,,,,,,,,,,,,,,,,,,,,,,,,,,,,,,,,,,,,,,,,,,,,,
ACSSF,2019m1,nc,000,0038,0000110,,,,,,,,,,,,,,,,,,,,,,,,,,,,,,,,,,,,,,,,,,,,,,,,,,,,,,,,,,,,,,,,,,,,,,,,,,,,,,,,,,,,,,,,,,,,,,,,,,,,,,,,,,,,,,,,,,,,,,,,,,,,,,,,,,,,,,,,,,,,,,,,,,,,,,,,,,,,,,,,,,,,,,,,,,,,,,,,,,,,,,,,,,,,,,,,,,,,,,,,
ACSSF,2019m1,nc,000,0038,0000111,,,,,,,,,,,,,,,,,,,,,,,,,,,,,,,,,,,,,,,,,,,,,,,,,,,,,,,,,,,,,,,,,,,,,,,,,,,,,,,,,,,,,,,,,,,,,,,,,,,,,,,,,,,,,,,,,,,,,,,,,,,,,,,,,,,,,,,,,,,,,,,,,,,,,,,,,,,,,,,,,,,,,,,,,,,,,,,,,,,,,,,,,,,,,,,,,,,,,,,,
ACSSF,2019m1,nc,000,0038,0000112,,,,,,,,,,,,,,,,,,,,,,,,,,,,,,,,,,,,,,,,,,,,,,,,,,,,,,,,,,,,,,,,,,,,,,,,,,,,,,,,,,,,,,,,,,,,,,,,,,,,,,,,,,,,,,,,,,,,,,,,,,,,,,,,,,,,,,,,,,,,,,,,,,,,,,,,,,,,,,,,,,,,,,,,,,,,,,,,,,,,,,,,,,,,,,,,,,,,,,,,
ACSSF,2019m1,nc,000,0038,0000113,,,,,,,,,,,,,,,,,,,,,,,,,,,,,,,,,,,,,,,,,,,,,,,,,,,,,,,,,,,,,,,,,,,,,,,,,,,,,,,,,,,,,,,,,,,,,,,,,,,,,,,,,,,,,,,,,,,,,,,,,,,,,,,,,,,,,,,,,,,,,,,,,,,,,,,,,,,,,,,,,,,,,,,,,,,,,,,,,,,,,,,,,,,,,,,,,,,,,,,,
ACSSF,2019m1,nc,000,0038,0000114,,,,,,,,,,,,,,,,,,,,,,,,,,,,,,,,,,,,,,,,,,,,,,,,,,,,,,,,,,,,,,,,,,,,,,,,,,,,,,,,,,,,,,,,,,,,,,,,,,,,,,,,,,,,,,,,,,,,,,,,,,,,,,,,,,,,,,,,,,,,,,,,,,,,,,,,,,,,,,,,,,,,,,,,,,,,,,,,,,,,,,,,,,,,,,,,,,,,,,,,
ACSSF,2019m1,nc,000,0038,0000115,,,,,,,,,,,,,,,,,,,,,,,,,,,,,,,,,,,,,,,,,,,,,,,,,,,,,,,,,,,,,,,,,,,,,,,,,,,,,,,,,,,,,,,,,,,,,,,,,,,,,,,,,,,,,,,,,,,,,,,,,,,,,,,,,,,,,,,,,,,,,,,,,,,,,,,,,,,,,,,,,,,,,,,,,,,,,,,,,,,,,,,,,,,,,,,,,,,,,,,,
ACSSF,2019m1,nc,000,0038,0000116,,,,,,,,,,,,,,,,,,,,,,,,,,,,,,,,,,,,,,,,,,,,,,,,,,,,,,,,,,,,,,,,,,,,,,,,,,,,,,,,,,,,,,,,,,,,,,,,,,,,,,,,,,,,,,,,,,,,,,,,,,,,,,,,,,,,,,,,,,,,,,,,,,,,,,,,,,,,,,,,,,,,,,,,,,,,,,,,,,,,,,,,,,,,,,,,,,,,,,,,
ACSSF,2019m1,nc,000,0038,0000117,,,,,,,,,,,,,,,,,,,,,,,,,,,,,,,,,,,,,,,,,,,,,,,,,,,,,,,,,,,,,,,,,,,,,,,,,,,,,,,,,,,,,,,,,,,,,,,,,,,,,,,,,,,,,,,,,,,,,,,,,,,,,,,,,,,,,,,,,,,,,,,,,,,,,,,,,,,,,,,,,,,,,,,,,,,,,,,,,,,,,,,,,,,,,,,,,,,,,,,,
ACSSF,2019m1,nc,000,0038,0000118,,,,,,,,,,,,,,,,,,,,,,,,,,,,,,,,,,,,,,,,,,,,,,,,,,,,,,,,,,,,,,,,,,,,,,,,,,,,,,,,,,,,,,,,,,,,,,,,,,,,,,,,,,,,,,,,,,,,,,,,,,,,,,,,,,,,,,,,,,,,,,,,,,,,,,,,,,,,,,,,,,,,,,,,,,,,,,,,,,,,,,,,,,,,,,,,,,,,,,,,
ACSSF,2019m1,nc,000,0038,0000119,,,,,,,,,,,,,,,,,,,,,,,,,,,,,,,,,,,,,,,,,,,,,,,,,,,,,,,,,,,,,,,,,,,,,,,,,,,,,,,,,,,,,,,,,,,,,,,,,,,,,,,,,,,,,,,,,,,,,,,,,,,,,,,,,,,,,,,,,,,,,,,,,,,,,,,,,,,,,,,,,,,,,,,,,,,,,,,,,,,,,,,,,,,,,,,,,,,,,,,,
ACSSF,2019m1,nc,000,0038,0000120,,,,,,,,,,,,,,,,,,,,,,,,,,,,,,,,,,,,,,,,,,,,,,,,,,,,,,,,,,,,,,,,,,,,,,,,,,,,,,,,,,,,,,,,,,,,,,,,,,,,,,,,,,,,,,,,,,,,,,,,,,,,,,,,,,,,,,,,,,,,,,,,,,,,,,,,,,,,,,,,,,,,,,,,,,,,,,,,,,,,,,,,,,,,,,,,,,,,,,,,
ACSSF,2019m1,nc,000,0038,0000121,,,,,,,,,,,,,,,,,,,,,,,,,,,,,,,,,,,,,,,,,,,,,,,,,,,,,,,,,,,,,,,,,,,,,,,,,,,,,,,,,,,,,,,,,,,,,,,,,,,,,,,,,,,,,,,,,,,,,,,,,,,,,,,,,,,,,,,,,,,,,,,,,,,,,,,,,,,,,,,,,,,,,,,,,,,,,,,,,,,,,,,,,,,,,,,,,,,,,,,,
ACSSF,2019m1,nc,000,0038,0000122,,,,,,,,,,,,,,,,,,,,,,,,,,,,,,,,,,,,,,,,,,,,,,,,,,,,,,,,,,,,,,,,,,,,,,,,,,,,,,,,,,,,,,,,,,,,,,,,,,,,,,,,,,,,,,,,,,,,,,,,,,,,,,,,,,,,,,,,,,,,,,,,,,,,,,,,,,,,,,,,,,,,,,,,,,,,,,,,,,,,,,,,,,,,,,,,,,,,,,,,
ACSSF,2019m1,nc,000,0038,0000123,,,,,,,,,,,,,,,,,,,,,,,,,,,,,,,,,,,,,,,,,,,,,,,,,,,,,,,,,,,,,,,,,,,,,,,,,,,,,,,,,,,,,,,,,,,,,,,,,,,,,,,,,,,,,,,,,,,,,,,,,,,,,,,,,,,,,,,,,,,,,,,,,,,,,,,,,,,,,,,,,,,,,,,,,,,,,,,,,,,,,,,,,,,,,,,,,,,,,,,,
ACSSF,2019m1,nc,000,0038,0000124,,,,,,,,,,,,,,,,,,,,,,,,,,,,,,,,,,,,,,,,,,,,,,,,,,,,,,,,,,,,,,,,,,,,,,,,,,,,,,,,,,,,,,,,,,,,,,,,,,,,,,,,,,,,,,,,,,,,,,,,,,,,,,,,,,,,,,,,,,,,,,,,,,,,,,,,,,,,,,,,,,,,,,,,,,,,,,,,,,,,,,,,,,,,,,,,,,,,,,,,
ACSSF,2019m1,nc,000,0038,0000125,,,,,,,,,,,,,,,,,,,,,,,,,,,,,,,,,,,,,,,,,,,,,,,,,,,,,,,,,,,,,,,,,,,,,,,,,,,,,,,,,,,,,,,,,,,,,,,,,,,,,,,,,,,,,,,,,,,,,,,,,,,,,,,,,,,,,,,,,,,,,,,,,,,,,,,,,,,,,,,,,,,,,,,,,,,,,,,,,,,,,,,,,,,,,,,,,,,,,,,,
ACSSF,2019m1,nc,000,0038,0000126,,,,,,,,,,,,,,,,,,,,,,,,,,,,,,,,,,,,,,,,,,,,,,,,,,,,,,,,,,,,,,,,,,,,,,,,,,,,,,,,,,,,,,,,,,,,,,,,,,,,,,,,,,,,,,,,,,,,,,,,,,,,,,,,,,,,,,,,,,,,,,,,,,,,,,,,,,,,,,,,,,,,,,,,,,,,,,,,,,,,,,,,,,,,,,,,,,,,,,,,
ACSSF,2019m1,nc,000,0038,0000127,,,,,,,,,,,,,,,,,,,,,,,,,,,,,,,,,,,,,,,,,,,,,,,,,,,,,,,,,,,,,,,,,,,,,,,,,,,,,,,,,,,,,,,,,,,,,,,,,,,,,,,,,,,,,,,,,,,,,,,,,,,,,,,,,,,,,,,,,,,,,,,,,,,,,,,,,,,,,,,,,,,,,,,,,,,,,,,,,,,,,,,,,,,,,,,,,,,,,,,,
ACSSF,2019m1,nc,000,0038,0000128,,,,,,,,,,,,,,,,,,,,,,,,,,,,,,,,,,,,,,,,,,,,,,,,,,,,,,,,,,,,,,,,,,,,,,,,,,,,,,,,,,,,,,,,,,,,,,,,,,,,,,,,,,,,,,,,,,,,,,,,,,,,,,,,,,,,,,,,,,,,,,,,,,,,,,,,,,,,,,,,,,,,,,,,,,,,,,,,,,,,,,,,,,,,,,,,,,,,,,,,
ACSSF,2019m1,nc,000,0038,0000129,,,,,,,,,,,,,,,,,,,,,,,,,,,,,,,,,,,,,,,,,,,,,,,,,,,,,,,,,,,,,,,,,,,,,,,,,,,,,,,,,,,,,,,,,,,,,,,,,,,,,,,,,,,,,,,,,,,,,,,,,,,,,,,,,,,,,,,,,,,,,,,,,,,,,,,,,,,,,,,,,,,,,,,,,,,,,,,,,,,,,,,,,,,,,,,,,,,,,,,,
ACSSF,2019m1,nc,000,0038,0000130,,,,,,,,,,,,,,,,,,,,,,,,,,,,,,,,,,,,,,,,,,,,,,,,,,,,,,,,,,,,,,,,,,,,,,,,,,,,,,,,,,,,,,,,,,,,,,,,,,,,,,,,,,,,,,,,,,,,,,,,,,,,,,,,,,,,,,,,,,,,,,,,,,,,,,,,,,,,,,,,,,,,,,,,,,,,,,,,,,,,,,,,,,,,,,,,,,,,,,,,
ACSSF,2019m1,nc,000,0038,0000131,,,,,,,,,,,,,,,,,,,,,,,,,,,,,,,,,,,,,,,,,,,,,,,,,,,,,,,,,,,,,,,,,,,,,,,,,,,,,,,,,,,,,,,,,,,,,,,,,,,,,,,,,,,,,,,,,,,,,,,,,,,,,,,,,,,,,,,,,,,,,,,,,,,,,,,,,,,,,,,,,,,,,,,,,,,,,,,,,,,,,,,,,,,,,,,,,,,,,,,,
ACSSF,2019m1,nc,000,0038,0000132,,,,,,,,,,,,,,,,,,,,,,,,,,,,,,,,,,,,,,,,,,,,,,,,,,,,,,,,,,,,,,,,,,,,,,,,,,,,,,,,,,,,,,,,,,,,,,,,,,,,,,,,,,,,,,,,,,,,,,,,,,,,,,,,,,,,,,,,,,,,,,,,,,,,,,,,,,,,,,,,,,,,,,,,,,,,,,,,,,,,,,,,,,,,,,,,,,,,,,,,
ACSSF,2019m1,nc,000,0038,0000133,,,,,,,,,,,,,,,,,,,,,,,,,,,,,,,,,,,,,,,,,,,,,,,,,,,,,,,,,,,,,,,,,,,,,,,,,,,,,,,,,,,,,,,,,,,,,,,,,,,,,,,,,,,,,,,,,,,,,,,,,,,,,,,,,,,,,,,,,,,,,,,,,,,,,,,,,,,,,,,,,,,,,,,,,,,,,,,,,,,,,,,,,,,,,,,,,,,,,,,,
ACSSF,2019m1,nc,000,0038,0000134,,,,,,,,,,,,,,,,,,,,,,,,,,,,,,,,,,,,,,,,,,,,,,,,,,,,,,,,,,,,,,,,,,,,,,,,,,,,,,,,,,,,,,,,,,,,,,,,,,,,,,,,,,,,,,,,,,,,,,,,,,,,,,,,,,,,,,,,,,,,,,,,,,,,,,,,,,,,,,,,,,,,,,,,,,,,,,,,,,,,,,,,,,,,,,,,,,,,,,,,
ACSSF,2019m1,nc,000,0038,0000135,,,,,,,,,,,,,,,,,,,,,,,,,,,,,,,,,,,,,,,,,,,,,,,,,,,,,,,,,,,,,,,,,,,,,,,,,,,,,,,,,,,,,,,,,,,,,,,,,,,,,,,,,,,,,,,,,,,,,,,,,,,,,,,,,,,,,,,,,,,,,,,,,,,,,,,,,,,,,,,,,,,,,,,,,,,,,,,,,,,,,,,,,,,,,,,,,,,,,,,,
ACSSF,2019m1,nc,000,0038,0000136,,,,,,,,,,,,,,,,,,,,,,,,,,,,,,,,,,,,,,,,,,,,,,,,,,,,,,,,,,,,,,,,,,,,,,,,,,,,,,,,,,,,,,,,,,,,,,,,,,,,,,,,,,,,,,,,,,,,,,,,,,,,,,,,,,,,,,,,,,,,,,,,,,,,,,,,,,,,,,,,,,,,,,,,,,,,,,,,,,,,,,,,,,,,,,,,,,,,,,,,
ACSSF,2019m1,nc,000,0038,0000137,,,,,,,,,,,,,,,,,,,,,,,,,,,,,,,,,,,,,,,,,,,,,,,,,,,,,,,,,,,,,,,,,,,,,,,,,,,,,,,,,,,,,,,,,,,,,,,,,,,,,,,,,,,,,,,,,,,,,,,,,,,,,,,,,,,,,,,,,,,,,,,,,,,,,,,,,,,,,,,,,,,,,,,,,,,,,,,,,,,,,,,,,,,,,,,,,,,,,,,,
ACSSF,2019m1,nc,000,0038,0000138,,,,,,,,,,,,,,,,,,,,,,,,,,,,,,,,,,,,,,,,,,,,,,,,,,,,,,,,,,,,,,,,,,,,,,,,,,,,,,,,,,,,,,,,,,,,,,,,,,,,,,,,,,,,,,,,,,,,,,,,,,,,,,,,,,,,,,,,,,,,,,,,,,,,,,,,,,,,,,,,,,,,,,,,,,,,,,,,,,,,,,,,,,,,,,,,,,,,,,,,
ACSSF,2019m1,nc,000,0038,0000139,,,,,,,,,,,,,,,,,,,,,,,,,,,,,,,,,,,,,,,,,,,,,,,,,,,,,,,,,,,,,,,,,,,,,,,,,,,,,,,,,,,,,,,,,,,,,,,,,,,,,,,,,,,,,,,,,,,,,,,,,,,,,,,,,,,,,,,,,,,,,,,,,,,,,,,,,,,,,,,,,,,,,,,,,,,,,,,,,,,,,,,,,,,,,,,,,,,,,,,,
ACSSF,2019m1,nc,000,0038,0000140,,,,,,,,,,,,,,,,,,,,,,,,,,,,,,,,,,,,,,,,,,,,,,,,,,,,,,,,,,,,,,,,,,,,,,,,,,,,,,,,,,,,,,,,,,,,,,,,,,,,,,,,,,,,,,,,,,,,,,,,,,,,,,,,,,,,,,,,,,,,,,,,,,,,,,,,,,,,,,,,,,,,,,,,,,,,,,,,,,,,,,,,,,,,,,,,,,,,,,,,
ACSSF,2019m1,nc,000,0038,0000141,,,,,,,,,,,,,,,,,,,,,,,,,,,,,,,,,,,,,,,,,,,,,,,,,,,,,,,,,,,,,,,,,,,,,,,,,,,,,,,,,,,,,,,,,,,,,,,,,,,,,,,,,,,,,,,,,,,,,,,,,,,,,,,,,,,,,,,,,,,,,,,,,,,,,,,,,,,,,,,,,,,,,,,,,,,,,,,,,,,,,,,,,,,,,,,,,,,,,,,,
ACSSF,2019m1,nc,000,0038,0000142,,,,,,,,,,,,,,,,,,,,,,,,,,,,,,,,,,,,,,,,,,,,,,,,,,,,,,,,,,,,,,,,,,,,,,,,,,,,,,,,,,,,,,,,,,,,,,,,,,,,,,,,,,,,,,,,,,,,,,,,,,,,,,,,,,,,,,,,,,,,,,,,,,,,,,,,,,,,,,,,,,,,,,,,,,,,,,,,,,,,,,,,,,,,,,,,,,,,,,,,
ACSSF,2019m1,nc,000,0038,0000143,,,,,,,,,,,,,,,,,,,,,,,,,,,,,,,,,,,,,,,,,,,,,,,,,,,,,,,,,,,,,,,,,,,,,,,,,,,,,,,,,,,,,,,,,,,,,,,,,,,,,,,,,,,,,,,,,,,,,,,,,,,,,,,,,,,,,,,,,,,,,,,,,,,,,,,,,,,,,,,,,,,,,,,,,,,,,,,,,,,,,,,,,,,,,,,,,,,,,,,,
ACSSF,2019m1,nc,000,0038,0000144,,,,,,,,,,,,,,,,,,,,,,,,,,,,,,,,,,,,,,,,,,,,,,,,,,,,,,,,,,,,,,,,,,,,,,,,,,,,,,,,,,,,,,,,,,,,,,,,,,,,,,,,,,,,,,,,,,,,,,,,,,,,,,,,,,,,,,,,,,,,,,,,,,,,,,,,,,,,,,,,,,,,,,,,,,,,,,,,,,,,,,,,,,,,,,,,,,,,,,,,
ACSSF,2019m1,nc,000,0038,0000145,,,,,,,,,,,,,,,,,,,,,,,,,,,,,,,,,,,,,,,,,,,,,,,,,,,,,,,,,,,,,,,,,,,,,,,,,,,,,,,,,,,,,,,,,,,,,,,,,,,,,,,,,,,,,,,,,,,,,,,,,,,,,,,,,,,,,,,,,,,,,,,,,,,,,,,,,,,,,,,,,,,,,,,,,,,,,,,,,,,,,,,,,,,,,,,,,,,,,,,,
ACSSF,2019m1,nc,000,0038,0000146,,,,,,,,,,,,,,,,,,,,,,,,,,,,,,,,,,,,,,,,,,,,,,,,,,,,,,,,,,,,,,,,,,,,,,,,,,,,,,,,,,,,,,,,,,,,,,,,,,,,,,,,,,,,,,,,,,,,,,,,,,,,,,,,,,,,,,,,,,,,,,,,,,,,,,,,,,,,,,,,,,,,,,,,,,,,,,,,,,,,,,,,,,,,,,,,,,,,,,,,
ACSSF,2019m1,nc,000,0038,0000147,,,,,,,,,,,,,,,,,,,,,,,,,,,,,,,,,,,,,,,,,,,,,,,,,,,,,,,,,,,,,,,,,,,,,,,,,,,,,,,,,,,,,,,,,,,,,,,,,,,,,,,,,,,,,,,,,,,,,,,,,,,,,,,,,,,,,,,,,,,,,,,,,,,,,,,,,,,,,,,,,,,,,,,,,,,,,,,,,,,,,,,,,,,,,,,,,,,,,,,,
ACSSF,2019m1,nc,000,0038,0000148,,,,,,,,,,,,,,,,,,,,,,,,,,,,,,,,,,,,,,,,,,,,,,,,,,,,,,,,,,,,,,,,,,,,,,,,,,,,,,,,,,,,,,,,,,,,,,,,,,,,,,,,,,,,,,,,,,,,,,,,,,,,,,,,,,,,,,,,,,,,,,,,,,,,,,,,,,,,,,,,,,,,,,,,,,,,,,,,,,,,,,,,,,,,,,,,,,,,,,,,
ACSSF,2019m1,nc,000,0038,0000149,,,,,,,,,,,,,,,,,,,,,,,,,,,,,,,,,,,,,,,,,,,,,,,,,,,,,,,,,,,,,,,,,,,,,,,,,,,,,,,,,,,,,,,,,,,,,,,,,,,,,,,,,,,,,,,,,,,,,,,,,,,,,,,,,,,,,,,,,,,,,,,,,,,,,,,,,,,,,,,,,,,,,,,,,,,,,,,,,,,,,,,,,,,,,,,,,,,,,,,,
ACSSF,2019m1,nc,000,0038,0000150,,,,,,,,,,,,,,,,,,,,,,,,,,,,,,,,,,,,,,,,,,,,,,,,,,,,,,,,,,,,,,,,,,,,,,,,,,,,,,,,,,,,,,,,,,,,,,,,,,,,,,,,,,,,,,,,,,,,,,,,,,,,,,,,,,,,,,,,,,,,,,,,,,,,,,,,,,,,,,,,,,,,,,,,,,,,,,,,,,,,,,,,,,,,,,,,,,,,,,,,
ACSSF,2019m1,nc,000,0038,0000151,,,,,,,,,,,,,,,,,,,,,,,,,,,,,,,,,,,,,,,,,,,,,,,,,,,,,,,,,,,,,,,,,,,,,,,,,,,,,,,,,,,,,,,,,,,,,,,,,,,,,,,,,,,,,,,,,,,,,,,,,,,,,,,,,,,,,,,,,,,,,,,,,,,,,,,,,,,,,,,,,,,,,,,,,,,,,,,,,,,,,,,,,,,,,,,,,,,,,,,,
ACSSF,2019m1,nc,000,0038,0000152,,,,,,,,,,,,,,,,,,,,,,,,,,,,,,,,,,,,,,,,,,,,,,,,,,,,,,,,,,,,,,,,,,,,,,,,,,,,,,,,,,,,,,,,,,,,,,,,,,,,,,,,,,,,,,,,,,,,,,,,,,,,,,,,,,,,,,,,,,,,,,,,,,,,,,,,,,,,,,,,,,,,,,,,,,,,,,,,,,,,,,,,,,,,,,,,,,,,,,,,
ACSSF,2019m1,nc,000,0038,0000153,,,,,,,,,,,,,,,,,,,,,,,,,,,,,,,,,,,,,,,,,,,,,,,,,,,,,,,,,,,,,,,,,,,,,,,,,,,,,,,,,,,,,,,,,,,,,,,,,,,,,,,,,,,,,,,,,,,,,,,,,,,,,,,,,,,,,,,,,,,,,,,,,,,,,,,,,,,,,,,,,,,,,,,,,,,,,,,,,,,,,,,,,,,,,,,,,,,,,,,,
ACSSF,2019m1,nc,000,0038,0000154,,,,,,,,,,,,,,,,,,,,,,,,,,,,,,,,,,,,,,,,,,,,,,,,,,,,,,,,,,,,,,,,,,,,,,,,,,,,,,,,,,,,,,,,,,,,,,,,,,,,,,,,,,,,,,,,,,,,,,,,,,,,,,,,,,,,,,,,,,,,,,,,,,,,,,,,,,,,,,,,,,,,,,,,,,,,,,,,,,,,,,,,,,,,,,,,,,,,,,,,
ACSSF,2019m1,nc,000,0038,0000155,,,,,,,,,,,,,,,,,,,,,,,,,,,,,,,,,,,,,,,,,,,,,,,,,,,,,,,,,,,,,,,,,,,,,,,,,,,,,,,,,,,,,,,,,,,,,,,,,,,,,,,,,,,,,,,,,,,,,,,,,,,,,,,,,,,,,,,,,,,,,,,,,,,,,,,,,,,,,,,,,,,,,,,,,,,,,,,,,,,,,,,,,,,,,,,,,,,,,,,,
ACSSF,2019m1,nc,000,0038,0000156,,,,,,,,,,,,,,,,,,,,,,,,,,,,,,,,,,,,,,,,,,,,,,,,,,,,,,,,,,,,,,,,,,,,,,,,,,,,,,,,,,,,,,,,,,,,,,,,,,,,,,,,,,,,,,,,,,,,,,,,,,,,,,,,,,,,,,,,,,,,,,,,,,,,,,,,,,,,,,,,,,,,,,,,,,,,,,,,,,,,,,,,,,,,,,,,,,,,,,,,
ACSSF,2019m1,nc,000,0038,0000157,,,,,,,,,,,,,,,,,,,,,,,,,,,,,,,,,,,,,,,,,,,,,,,,,,,,,,,,,,,,,,,,,,,,,,,,,,,,,,,,,,,,,,,,,,,,,,,,,,,,,,,,,,,,,,,,,,,,,,,,,,,,,,,,,,,,,,,,,,,,,,,,,,,,,,,,,,,,,,,,,,,,,,,,,,,,,,,,,,,,,,,,,,,,,,,,,,,,,,,,
ACSSF,2019m1,nc,000,0038,0000158,,,,,,,,,,,,,,,,,,,,,,,,,,,,,,,,,,,,,,,,,,,,,,,,,,,,,,,,,,,,,,,,,,,,,,,,,,,,,,,,,,,,,,,,,,,,,,,,,,,,,,,,,,,,,,,,,,,,,,,,,,,,,,,,,,,,,,,,,,,,,,,,,,,,,,,,,,,,,,,,,,,,,,,,,,,,,,,,,,,,,,,,,,,,,,,,,,,,,,,,
ACSSF,2019m1,nc,000,0038,0000159,,,,,,,,,,,,,,,,,,,,,,,,,,,,,,,,,,,,,,,,,,,,,,,,,,,,,,,,,,,,,,,,,,,,,,,,,,,,,,,,,,,,,,,,,,,,,,,,,,,,,,,,,,,,,,,,,,,,,,,,,,,,,,,,,,,,,,,,,,,,,,,,,,,,,,,,,,,,,,,,,,,,,,,,,,,,,,,,,,,,,,,,,,,,,,,,,,,,,,,,
ACSSF,2019m1,nc,000,0038,0000160,,,,,,,,,,,,,,,,,,,,,,,,,,,,,,,,,,,,,,,,,,,,,,,,,,,,,,,,,,,,,,,,,,,,,,,,,,,,,,,,,,,,,,,,,,,,,,,,,,,,,,,,,,,,,,,,,,,,,,,,,,,,,,,,,,,,,,,,,,,,,,,,,,,,,,,,,,,,,,,,,,,,,,,,,,,,,,,,,,,,,,,,,,,,,,,,,,,,,,,,
ACSSF,2019m1,nc,000,0038,0000161,,,,,,,,,,,,,,,,,,,,,,,,,,,,,,,,,,,,,,,,,,,,,,,,,,,,,,,,,,,,,,,,,,,,,,,,,,,,,,,,,,,,,,,,,,,,,,,,,,,,,,,,,,,,,,,,,,,,,,,,,,,,,,,,,,,,,,,,,,,,,,,,,,,,,,,,,,,,,,,,,,,,,,,,,,,,,,,,,,,,,,,,,,,,,,,,,,,,,,,,
ACSSF,2019m1,nc,000,0038,0000162,,,,,,,,,,,,,,,,,,,,,,,,,,,,,,,,,,,,,,,,,,,,,,,,,,,,,,,,,,,,,,,,,,,,,,,,,,,,,,,,,,,,,,,,,,,,,,,,,,,,,,,,,,,,,,,,,,,,,,,,,,,,,,,,,,,,,,,,,,,,,,,,,,,,,,,,,,,,,,,,,,,,,,,,,,,,,,,,,,,,,,,,,,,,,,,,,,,,,,,,
ACSSF,2019m1,nc,000,0038,0000163,,,,,,,,,,,,,,,,,,,,,,,,,,,,,,,,,,,,,,,,,,,,,,,,,,,,,,,,,,,,,,,,,,,,,,,,,,,,,,,,,,,,,,,,,,,,,,,,,,,,,,,,,,,,,,,,,,,,,,,,,,,,,,,,,,,,,,,,,,,,,,,,,,,,,,,,,,,,,,,,,,,,,,,,,,,,,,,,,,,,,,,,,,,,,,,,,,,,,,,,
ACSSF,2019m1,nc,000,0038,0000164,,,,,,,,,,,,,,,,,,,,,,,,,,,,,,,,,,,,,,,,,,,,,,,,,,,,,,,,,,,,,,,,,,,,,,,,,,,,,,,,,,,,,,,,,,,,,,,,,,,,,,,,,,,,,,,,,,,,,,,,,,,,,,,,,,,,,,,,,,,,,,,,,,,,,,,,,,,,,,,,,,,,,,,,,,,,,,,,,,,,,,,,,,,,,,,,,,,,,,,,
ACSSF,2019m1,nc,000,0038,0000165,,,,,,,,,,,,,,,,,,,,,,,,,,,,,,,,,,,,,,,,,,,,,,,,,,,,,,,,,,,,,,,,,,,,,,,,,,,,,,,,,,,,,,,,,,,,,,,,,,,,,,,,,,,,,,,,,,,,,,,,,,,,,,,,,,,,,,,,,,,,,,,,,,,,,,,,,,,,,,,,,,,,,,,,,,,,,,,,,,,,,,,,,,,,,,,,,,,,,,,,
ACSSF,2019m1,nc,000,0038,0000166,,,,,,,,,,,,,,,,,,,,,,,,,,,,,,,,,,,,,,,,,,,,,,,,,,,,,,,,,,,,,,,,,,,,,,,,,,,,,,,,,,,,,,,,,,,,,,,,,,,,,,,,,,,,,,,,,,,,,,,,,,,,,,,,,,,,,,,,,,,,,,,,,,,,,,,,,,,,,,,,,,,,,,,,,,,,,,,,,,,,,,,,,,,,,,,,,,,,,,,,
ACSSF,2019m1,nc,000,0038,0000167,,,,,,,,,,,,,,,,,,,,,,,,,,,,,,,,,,,,,,,,,,,,,,,,,,,,,,,,,,,,,,,,,,,,,,,,,,,,,,,,,,,,,,,,,,,,,,,,,,,,,,,,,,,,,,,,,,,,,,,,,,,,,,,,,,,,,,,,,,,,,,,,,,,,,,,,,,,,,,,,,,,,,,,,,,,,,,,,,,,,,,,,,,,,,,,,,,,,,,,,
ACSSF,2019m1,nc,000,0038,0000168,,,,,,,,,,,,,,,,,,,,,,,,,,,,,,,,,,,,,,,,,,,,,,,,,,,,,,,,,,,,,,,,,,,,,,,,,,,,,,,,,,,,,,,,,,,,,,,,,,,,,,,,,,,,,,,,,,,,,,,,,,,,,,,,,,,,,,,,,,,,,,,,,,,,,,,,,,,,,,,,,,,,,,,,,,,,,,,,,,,,,,,,,,,,,,,,,,,,,,,,
ACSSF,2019m1,nc,000,0038,0000169,,,,,,,,,,,,,,,,,,,,,,,,,,,,,,,,,,,,,,,,,,,,,,,,,,,,,,,,,,,,,,,,,,,,,,,,,,,,,,,,,,,,,,,,,,,,,,,,,,,,,,,,,,,,,,,,,,,,,,,,,,,,,,,,,,,,,,,,,,,,,,,,,,,,,,,,,,,,,,,,,,,,,,,,,,,,,,,,,,,,,,,,,,,,,,,,,,,,,,,,
ACSSF,2019m1,nc,000,0038,0000170,,,,,,,,,,,,,,,,,,,,,,,,,,,,,,,,,,,,,,,,,,,,,,,,,,,,,,,,,,,,,,,,,,,,,,,,,,,,,,,,,,,,,,,,,,,,,,,,,,,,,,,,,,,,,,,,,,,,,,,,,,,,,,,,,,,,,,,,,,,,,,,,,,,,,,,,,,,,,,,,,,,,,,,,,,,,,,,,,,,,,,,,,,,,,,,,,,,,,,,,
ACSSF,2019m1,nc,000,0038,0000171,,,,,,,,,,,,,,,,,,,,,,,,,,,,,,,,,,,,,,,,,,,,,,,,,,,,,,,,,,,,,,,,,,,,,,,,,,,,,,,,,,,,,,,,,,,,,,,,,,,,,,,,,,,,,,,,,,,,,,,,,,,,,,,,,,,,,,,,,,,,,,,,,,,,,,,,,,,,,,,,,,,,,,,,,,,,,,,,,,,,,,,,,,,,,,,,,,,,,,,,
ACSSF,2019m1,nc,000,0038,0000172,,,,,,,,,,,,,,,,,,,,,,,,,,,,,,,,,,,,,,,,,,,,,,,,,,,,,,,,,,,,,,,,,,,,,,,,,,,,,,,,,,,,,,,,,,,,,,,,,,,,,,,,,,,,,,,,,,,,,,,,,,,,,,,,,,,,,,,,,,,,,,,,,,,,,,,,,,,,,,,,,,,,,,,,,,,,,,,,,,,,,,,,,,,,,,,,,,,,,,,,
ACSSF,2019m1,nc,000,0038,0000173,,,,,,,,,,,,,,,,,,,,,,,,,,,,,,,,,,,,,,,,,,,,,,,,,,,,,,,,,,,,,,,,,,,,,,,,,,,,,,,,,,,,,,,,,,,,,,,,,,,,,,,,,,,,,,,,,,,,,,,,,,,,,,,,,,,,,,,,,,,,,,,,,,,,,,,,,,,,,,,,,,,,,,,,,,,,,,,,,,,,,,,,,,,,,,,,,,,,,,,,
ACSSF,2019m1,nc,000,0038,0000174,,,,,,,,,,,,,,,,,,,,,,,,,,,,,,,,,,,,,,,,,,,,,,,,,,,,,,,,,,,,,,,,,,,,,,,,,,,,,,,,,,,,,,,,,,,,,,,,,,,,,,,,,,,,,,,,,,,,,,,,,,,,,,,,,,,,,,,,,,,,,,,,,,,,,,,,,,,,,,,,,,,,,,,,,,,,,,,,,,,,,,,,,,,,,,,,,,,,,,,,
ACSSF,2019m1,nc,000,0038,0000175,,,,,,,,,,,,,,,,,,,,,,,,,,,,,,,,,,,,,,,,,,,,,,,,,,,,,,,,,,,,,,,,,,,,,,,,,,,,,,,,,,,,,,,,,,,,,,,,,,,,,,,,,,,,,,,,,,,,,,,,,,,,,,,,,,,,,,,,,,,,,,,,,,,,,,,,,,,,,,,,,,,,,,,,,,,,,,,,,,,,,,,,,,,,,,,,,,,,,,,,
ACSSF,2019m1,nc,000,0038,0000176,,,,,,,,,,,,,,,,,,,,,,,,,,,,,,,,,,,,,,,,,,,,,,,,,,,,,,,,,,,,,,,,,,,,,,,,,,,,,,,,,,,,,,,,,,,,,,,,,,,,,,,,,,,,,,,,,,,,,,,,,,,,,,,,,,,,,,,,,,,,,,,,,,,,,,,,,,,,,,,,,,,,,,,,,,,,,,,,,,,,,,,,,,,,,,,,,,,,,,,,
ACSSF,2019m1,nc,000,0038,0000177,,,,,,,,,,,,,,,,,,,,,,,,,,,,,,,,,,,,,,,,,,,,,,,,,,,,,,,,,,,,,,,,,,,,,,,,,,,,,,,,,,,,,,,,,,,,,,,,,,,,,,,,,,,,,,,,,,,,,,,,,,,,,,,,,,,,,,,,,,,,,,,,,,,,,,,,,,,,,,,,,,,,,,,,,,,,,,,,,,,,,,,,,,,,,,,,,,,,,,,,
ACSSF,2019m1,nc,000,0038,0000178,,,,,,,,,,,,,,,,,,,,,,,,,,,,,,,,,,,,,,,,,,,,,,,,,,,,,,,,,,,,,,,,,,,,,,,,,,,,,,,,,,,,,,,,,,,,,,,,,,,,,,,,,,,,,,,,,,,,,,,,,,,,,,,,,,,,,,,,,,,,,,,,,,,,,,,,,,,,,,,,,,,,,,,,,,,,,,,,,,,,,,,,,,,,,,,,,,,,,,,,
ACSSF,2019m1,nc,000,0038,0000179,,,,,,,,,,,,,,,,,,,,,,,,,,,,,,,,,,,,,,,,,,,,,,,,,,,,,,,,,,,,,,,,,,,,,,,,,,,,,,,,,,,,,,,,,,,,,,,,,,,,,,,,,,,,,,,,,,,,,,,,,,,,,,,,,,,,,,,,,,,,,,,,,,,,,,,,,,,,,,,,,,,,,,,,,,,,,,,,,,,,,,,,,,,,,,,,,,,,,,,,
ACSSF,2019m1,nc,000,0038,0000180,,,,,,,,,,,,,,,,,,,,,,,,,,,,,,,,,,,,,,,,,,,,,,,,,,,,,,,,,,,,,,,,,,,,,,,,,,,,,,,,,,,,,,,,,,,,,,,,,,,,,,,,,,,,,,,,,,,,,,,,,,,,,,,,,,,,,,,,,,,,,,,,,,,,,,,,,,,,,,,,,,,,,,,,,,,,,,,,,,,,,,,,,,,,,,,,,,,,,,,,
ACSSF,2019m1,nc,000,0038,0000181,,,,,,,,,,,,,,,,,,,,,,,,,,,,,,,,,,,,,,,,,,,,,,,,,,,,,,,,,,,,,,,,,,,,,,,,,,,,,,,,,,,,,,,,,,,,,,,,,,,,,,,,,,,,,,,,,,,,,,,,,,,,,,,,,,,,,,,,,,,,,,,,,,,,,,,,,,,,,,,,,,,,,,,,,,,,,,,,,,,,,,,,,,,,,,,,,,,,,,,,
ACSSF,2019m1,nc,000,0038,0000182,,,,,,,,,,,,,,,,,,,,,,,,,,,,,,,,,,,,,,,,,,,,,,,,,,,,,,,,,,,,,,,,,,,,,,,,,,,,,,,,,,,,,,,,,,,,,,,,,,,,,,,,,,,,,,,,,,,,,,,,,,,,,,,,,,,,,,,,,,,,,,,,,,,,,,,,,,,,,,,,,,,,,,,,,,,,,,,,,,,,,,,,,,,,,,,,,,,,,,,,
ACSSF,2019m1,nc,000,0038,0000183,,,,,,,,,,,,,,,,,,,,,,,,,,,,,,,,,,,,,,,,,,,,,,,,,,,,,,,,,,,,,,,,,,,,,,,,,,,,,,,,,,,,,,,,,,,,,,,,,,,,,,,,,,,,,,,,,,,,,,,,,,,,,,,,,,,,,,,,,,,,,,,,,,,,,,,,,,,,,,,,,,,,,,,,,,,,,,,,,,,,,,,,,,,,,,,,,,,,,,,,
ACSSF,2019m1,nc,000,0038,0000184,,,,,,,,,,,,,,,,,,,,,,,,,,,,,,,,,,,,,,,,,,,,,,,,,,,,,,,,,,,,,,,,,,,,,,,,,,,,,,,,,,,,,,,,,,,,,,,,,,,,,,,,,,,,,,,,,,,,,,,,,,,,,,,,,,,,,,,,,,,,,,,,,,,,,,,,,,,,,,,,,,,,,,,,,,,,,,,,,,,,,,,,,,,,,,,,,,,,,,,,
ACSSF,2019m1,nc,000,0038,0000185,,,,,,,,,,,,,,,,,,,,,,,,,,,,,,,,,,,,,,,,,,,,,,,,,,,,,,,,,,,,,,,,,,,,,,,,,,,,,,,,,,,,,,,,,,,,,,,,,,,,,,,,,,,,,,,,,,,,,,,,,,,,,,,,,,,,,,,,,,,,,,,,,,,,,,,,,,,,,,,,,,,,,,,,,,,,,,,,,,,,,,,,,,,,,,,,,,,,,,,,
ACSSF,2019m1,nc,000,0038,0000186,,,,,,,,,,,,,,,,,,,,,,,,,,,,,,,,,,,,,,,,,,,,,,,,,,,,,,,,,,,,,,,,,,,,,,,,,,,,,,,,,,,,,,,,,,,,,,,,,,,,,,,,,,,,,,,,,,,,,,,,,,,,,,,,,,,,,,,,,,,,,,,,,,,,,,,,,,,,,,,,,,,,,,,,,,,,,,,,,,,,,,,,,,,,,,,,,,,,,,,,
ACSSF,2019m1,nc,000,0038,0000187,,,,,,,,,,,,,,,,,,,,,,,,,,,,,,,,,,,,,,,,,,,,,,,,,,,,,,,,,,,,,,,,,,,,,,,,,,,,,,,,,,,,,,,,,,,,,,,,,,,,,,,,,,,,,,,,,,,,,,,,,,,,,,,,,,,,,,,,,,,,,,,,,,,,,,,,,,,,,,,,,,,,,,,,,,,,,,,,,,,,,,,,,,,,,,,,,,,,,,,,
ACSSF,2019m1,nc,000,0038,0000188,,,,,,,,,,,,,,,,,,,,,,,,,,,,,,,,,,,,,,,,,,,,,,,,,,,,,,,,,,,,,,,,,,,,,,,,,,,,,,,,,,,,,,,,,,,,,,,,,,,,,,,,,,,,,,,,,,,,,,,,,,,,,,,,,,,,,,,,,,,,,,,,,,,,,,,,,,,,,,,,,,,,,,,,,,,,,,,,,,,,,,,,,,,,,,,,,,,,,,,,
ACSSF,2019m1,nc,000,0038,0000189,,,,,,,,,,,,,,,,,,,,,,,,,,,,,,,,,,,,,,,,,,,,,,,,,,,,,,,,,,,,,,,,,,,,,,,,,,,,,,,,,,,,,,,,,,,,,,,,,,,,,,,,,,,,,,,,,,,,,,,,,,,,,,,,,,,,,,,,,,,,,,,,,,,,,,,,,,,,,,,,,,,,,,,,,,,,,,,,,,,,,,,,,,,,,,,,,,,,,,,,
ACSSF,2019m1,nc,000,0038,0000190,,,,,,,,,,,,,,,,,,,,,,,,,,,,,,,,,,,,,,,,,,,,,,,,,,,,,,,,,,,,,,,,,,,,,,,,,,,,,,,,,,,,,,,,,,,,,,,,,,,,,,,,,,,,,,,,,,,,,,,,,,,,,,,,,,,,,,,,,,,,,,,,,,,,,,,,,,,,,,,,,,,,,,,,,,,,,,,,,,,,,,,,,,,,,,,,,,,,,,,,
ACSSF,2019m1,nc,000,0038,0000191,,,,,,,,,,,,,,,,,,,,,,,,,,,,,,,,,,,,,,,,,,,,,,,,,,,,,,,,,,,,,,,,,,,,,,,,,,,,,,,,,,,,,,,,,,,,,,,,,,,,,,,,,,,,,,,,,,,,,,,,,,,,,,,,,,,,,,,,,,,,,,,,,,,,,,,,,,,,,,,,,,,,,,,,,,,,,,,,,,,,,,,,,,,,,,,,,,,,,,,,
ACSSF,2019m1,nc,000,0038,0000192,,,,,,,,,,,,,,,,,,,,,,,,,,,,,,,,,,,,,,,,,,,,,,,,,,,,,,,,,,,,,,,,,,,,,,,,,,,,,,,,,,,,,,,,,,,,,,,,,,,,,,,,,,,,,,,,,,,,,,,,,,,,,,,,,,,,,,,,,,,,,,,,,,,,,,,,,,,,,,,,,,,,,,,,,,,,,,,,,,,,,,,,,,,,,,,,,,,,,,,,
ACSSF,2019m1,nc,000,0038,0000193,,,,,,,,,,,,,,,,,,,,,,,,,,,,,,,,,,,,,,,,,,,,,,,,,,,,,,,,,,,,,,,,,,,,,,,,,,,,,,,,,,,,,,,,,,,,,,,,,,,,,,,,,,,,,,,,,,,,,,,,,,,,,,,,,,,,,,,,,,,,,,,,,,,,,,,,,,,,,,,,,,,,,,,,,,,,,,,,,,,,,,,,,,,,,,,,,,,,,,,,
ACSSF,2019m1,nc,000,0038,0000194,,,,,,,,,,,,,,,,,,,,,,,,,,,,,,,,,,,,,,,,,,,,,,,,,,,,,,,,,,,,,,,,,,,,,,,,,,,,,,,,,,,,,,,,,,,,,,,,,,,,,,,,,,,,,,,,,,,,,,,,,,,,,,,,,,,,,,,,,,,,,,,,,,,,,,,,,,,,,,,,,,,,,,,,,,,,,,,,,,,,,,,,,,,,,,,,,,,,,,,,
ACSSF,2019m1,nc,000,0038,0000195,,,,,,,,,,,,,,,,,,,,,,,,,,,,,,,,,,,,,,,,,,,,,,,,,,,,,,,,,,,,,,,,,,,,,,,,,,,,,,,,,,,,,,,,,,,,,,,,,,,,,,,,,,,,,,,,,,,,,,,,,,,,,,,,,,,,,,,,,,,,,,,,,,,,,,,,,,,,,,,,,,,,,,,,,,,,,,,,,,,,,,,,,,,,,,,,,,,,,,,,
ACSSF,2019m1,nc,000,0038,0000196,,,,,,,,,,,,,,,,,,,,,,,,,,,,,,,,,,,,,,,,,,,,,,,,,,,,,,,,,,,,,,,,,,,,,,,,,,,,,,,,,,,,,,,,,,,,,,,,,,,,,,,,,,,,,,,,,,,,,,,,,,,,,,,,,,,,,,,,,,,,,,,,,,,,,,,,,,,,,,,,,,,,,,,,,,,,,,,,,,,,,,,,,,,,,,,,,,,,,,,,
ACSSF,2019m1,nc,000,0038,0000197,,,,,,,,,,,,,,,,,,,,,,,,,,,,,,,,,,,,,,,,,,,,,,,,,,,,,,,,,,,,,,,,,,,,,,,,,,,,,,,,,,,,,,,,,,,,,,,,,,,,,,,,,,,,,,,,,,,,,,,,,,,,,,,,,,,,,,,,,,,,,,,,,,,,,,,,,,,,,,,,,,,,,,,,,,,,,,,,,,,,,,,,,,,,,,,,,,,,,,,,
ACSSF,2019m1,nc,000,0038,0000198,,,,,,,,,,,,,,,,,,,,,,,,,,,,,,,,,,,,,,,,,,,,,,,,,,,,,,,,,,,,,,,,,,,,,,,,,,,,,,,,,,,,,,,,,,,,,,,,,,,,,,,,,,,,,,,,,,,,,,,,,,,,,,,,,,,,,,,,,,,,,,,,,,,,,,,,,,,,,,,,,,,,,,,,,,,,,,,,,,,,,,,,,,,,,,,,,,,,,,,,
ACSSF,2019m1,nc,000,0038,0000199,,,,,,,,,,,,,,,,,,,,,,,,,,,,,,,,,,,,,,,,,,,,,,,,,,,,,,,,,,,,,,,,,,,,,,,,,,,,,,,,,,,,,,,,,,,,,,,,,,,,,,,,,,,,,,,,,,,,,,,,,,,,,,,,,,,,,,,,,,,,,,,,,,,,,,,,,,,,,,,,,,,,,,,,,,,,,,,,,,,,,,,,,,,,,,,,,,,,,,,,
ACSSF,2019m1,nc,000,0038,0000200,,,,,,,,,,,,,,,,,,,,,,,,,,,,,,,,,,,,,,,,,,,,,,,,,,,,,,,,,,,,,,,,,,,,,,,,,,,,,,,,,,,,,,,,,,,,,,,,,,,,,,,,,,,,,,,,,,,,,,,,,,,,,,,,,,,,,,,,,,,,,,,,,,,,,,,,,,,,,,,,,,,,,,,,,,,,,,,,,,,,,,,,,,,,,,,,,,,,,,,,
ACSSF,2019m1,nc,000,0038,0000201,,,,,,,,,,,,,,,,,,,,,,,,,,,,,,,,,,,,,,,,,,,,,,,,,,,,,,,,,,,,,,,,,,,,,,,,,,,,,,,,,,,,,,,,,,,,,,,,,,,,,,,,,,,,,,,,,,,,,,,,,,,,,,,,,,,,,,,,,,,,,,,,,,,,,,,,,,,,,,,,,,,,,,,,,,,,,,,,,,,,,,,,,,,,,,,,,,,,,,,,
ACSSF,2019m1,nc,000,0038,0000202,,,,,,,,,,,,,,,,,,,,,,,,,,,,,,,,,,,,,,,,,,,,,,,,,,,,,,,,,,,,,,,,,,,,,,,,,,,,,,,,,,,,,,,,,,,,,,,,,,,,,,,,,,,,,,,,,,,,,,,,,,,,,,,,,,,,,,,,,,,,,,,,,,,,,,,,,,,,,,,,,,,,,,,,,,,,,,,,,,,,,,,,,,,,,,,,,,,,,,,,
ACSSF,2019m1,nc,000,0038,0000203,,,,,,,,,,,,,,,,,,,,,,,,,,,,,,,,,,,,,,,,,,,,,,,,,,,,,,,,,,,,,,,,,,,,,,,,,,,,,,,,,,,,,,,,,,,,,,,,,,,,,,,,,,,,,,,,,,,,,,,,,,,,,,,,,,,,,,,,,,,,,,,,,,,,,,,,,,,,,,,,,,,,,,,,,,,,,,,,,,,,,,,,,,,,,,,,,,,,,,,,
ACSSF,2019m1,nc,000,0038,0000204,,,,,,,,,,,,,,,,,,,,,,,,,,,,,,,,,,,,,,,,,,,,,,,,,,,,,,,,,,,,,,,,,,,,,,,,,,,,,,,,,,,,,,,,,,,,,,,,,,,,,,,,,,,,,,,,,,,,,,,,,,,,,,,,,,,,,,,,,,,,,,,,,,,,,,,,,,,,,,,,,,,,,,,,,,,,,,,,,,,,,,,,,,,,,,,,,,,,,,,,
ACSSF,2019m1,nc,000,0038,0000205,,,,,,,,,,,,,,,,,,,,,,,,,,,,,,,,,,,,,,,,,,,,,,,,,,,,,,,,,,,,,,,,,,,,,,,,,,,,,,,,,,,,,,,,,,,,,,,,,,,,,,,,,,,,,,,,,,,,,,,,,,,,,,,,,,,,,,,,,,,,,,,,,,,,,,,,,,,,,,,,,,,,,,,,,,,,,,,,,,,,,,,,,,,,,,,,,,,,,,,,
ACSSF,2019m1,nc,000,0038,0000206,,,,,,,,,,,,,,,,,,,,,,,,,,,,,,,,,,,,,,,,,,,,,,,,,,,,,,,,,,,,,,,,,,,,,,,,,,,,,,,,,,,,,,,,,,,,,,,,,,,,,,,,,,,,,,,,,,,,,,,,,,,,,,,,,,,,,,,,,,,,,,,,,,,,,,,,,,,,,,,,,,,,,,,,,,,,,,,,,,,,,,,,,,,,,,,,,,,,,,,,
ACSSF,2019m1,nc,000,0038,0000207,,,,,,,,,,,,,,,,,,,,,,,,,,,,,,,,,,,,,,,,,,,,,,,,,,,,,,,,,,,,,,,,,,,,,,,,,,,,,,,,,,,,,,,,,,,,,,,,,,,,,,,,,,,,,,,,,,,,,,,,,,,,,,,,,,,,,,,,,,,,,,,,,,,,,,,,,,,,,,,,,,,,,,,,,,,,,,,,,,,,,,,,,,,,,,,,,,,,,,,,
ACSSF,2019m1,nc,000,0038,0000208,,,,,,,,,,,,,,,,,,,,,,,,,,,,,,,,,,,,,,,,,,,,,,,,,,,,,,,,,,,,,,,,,,,,,,,,,,,,,,,,,,,,,,,,,,,,,,,,,,,,,,,,,,,,,,,,,,,,,,,,,,,,,,,,,,,,,,,,,,,,,,,,,,,,,,,,,,,,,,,,,,,,,,,,,,,,,,,,,,,,,,,,,,,,,,,,,,,,,,,,
ACSSF,2019m1,nc,000,0038,0000209,,,,,,,,,,,,,,,,,,,,,,,,,,,,,,,,,,,,,,,,,,,,,,,,,,,,,,,,,,,,,,,,,,,,,,,,,,,,,,,,,,,,,,,,,,,,,,,,,,,,,,,,,,,,,,,,,,,,,,,,,,,,,,,,,,,,,,,,,,,,,,,,,,,,,,,,,,,,,,,,,,,,,,,,,,,,,,,,,,,,,,,,,,,,,,,,,,,,,,,,
ACSSF,2019m1,nc,000,0038,0000210,,,,,,,,,,,,,,,,,,,,,,,,,,,,,,,,,,,,,,,,,,,,,,,,,,,,,,,,,,,,,,,,,,,,,,,,,,,,,,,,,,,,,,,,,,,,,,,,,,,,,,,,,,,,,,,,,,,,,,,,,,,,,,,,,,,,,,,,,,,,,,,,,,,,,,,,,,,,,,,,,,,,,,,,,,,,,,,,,,,,,,,,,,,,,,,,,,,,,,,,
ACSSF,2019m1,nc,000,0038,0000211,,,,,,,,,,,,,,,,,,,,,,,,,,,,,,,,,,,,,,,,,,,,,,,,,,,,,,,,,,,,,,,,,,,,,,,,,,,,,,,,,,,,,,,,,,,,,,,,,,,,,,,,,,,,,,,,,,,,,,,,,,,,,,,,,,,,,,,,,,,,,,,,,,,,,,,,,,,,,,,,,,,,,,,,,,,,,,,,,,,,,,,,,,,,,,,,,,,,,,,,
ACSSF,2019m1,nc,000,0038,0000212,,,,,,,,,,,,,,,,,,,,,,,,,,,,,,,,,,,,,,,,,,,,,,,,,,,,,,,,,,,,,,,,,,,,,,,,,,,,,,,,,,,,,,,,,,,,,,,,,,,,,,,,,,,,,,,,,,,,,,,,,,,,,,,,,,,,,,,,,,,,,,,,,,,,,,,,,,,,,,,,,,,,,,,,,,,,,,,,,,,,,,,,,,,,,,,,,,,,,,,,
