ACSSF,2019m1,nc,000,0019,0000001,,,,,,,,,,,,,,,,,,,,,,,,,,,,,,,,,,,,,,,,,,,,,,,,,,,,,,,,,,,,,,,,,,,,,,,,,,,,,,,,,,,,,,,,,,,,,,,,,0.2,0.2,0.5,0.8,0.7,2.8,,,,,,,6477,8322,8959,37378,22025,21602,25301,15259,13977,18396,10190,11514,16391,9366,9126,6058,3806,3305,,,,,,,,,,,,,,,,,,,17456,34313,22236,11992,14751,4485,15005,20989,14293,10332,5807,1841,4787,5043,2334,1906,1152,142,7174,7531,3110,1782,3218,2848,2127,1814,865,283,193,150,16685,14875,5504,2154,2349,1563,,,,,,,,,,,,,,,,,,,,,,,,,,,,,,,,,,,,,,,,,,,,,,,,,,,,,,,,,,,,
ACSSF,2019m1,nc,000,0019,0000002,,,,,,,,,,,,,,,,,,,,,,,,,,,,,,,,,,,,,,,,,,,,,,,,,,,,,,,,,,,,,,,,,,,,,,,,,,,,,,,,,,,,,,,,,,,,,,,,,0.2,0.3,0.6,0.5,0.7,2.2,,,,,,,32791,18524,20851,38399,23229,23009,22917,13836,12836,16562,9394,10113,14220,8505,7755,6070,3805,3241,,,,,,,,,,,,,,,,,,,31935,35633,19011,10418,12711,4366,19748,22457,14750,9115,5460,1827,4281,4349,1875,1751,990,216,8102,8043,2983,1761,3260,2768,1317,868,864,191,103,150,15529,14107,5192,2027,1569,1462,,,,,,,,,,,,,,,,,,,,,,,,,,,,,,,,,,,,,,,,,,,,,,,,,,,,,,,,,,,,
ACSSF,2019m1,nc,000,0019,0000003,,,,,,,,,,,,,,,,,,,,,,,,,,,,,,,,,,,,,,,,,,,,,,,,,,,,,,,,,,,,,,,,,,,,,,,,,,,,,,,,,,,,,,,,,,,,,,,,,0.4,0.4,1.1,1.1,3.3,6.8,,,,,,,32499,18924,19360,30598,19106,17210,12967,6896,7184,8113,4760,4464,6477,3752,4020,1755,994,1105,,,,,,,,,,,,,,,,,,,28459,28346,11747,5851,5669,1454,17555,17166,3932,4166,1683,707,4847,4795,1524,764,444,142,5999,5094,1351,379,1387,410,,,,,,,8901,8014,2194,834,1875,336,,,,,,,,,,,,,,,,,,,,,,,,,,,,,,,,,,,,,,,,,,,,,,,,,,,,,,,,,,,,
ACSSF,2019m1,nc,000,0019,0000004,,,,,,,,,,,,,,,,,,,,,,,,,,,,,,,,,,,,,,,,,,,,,,,,,,,,,,,,,,,,,,,,,,,,,,,,,,,,,,,,,,,,,,,,,,,,,,,,,0.1,0.2,0.5,0.8,0.7,2.8,,,,,,,7532,8758,9482,38202,22661,21757,24626,15012,13646,18347,10267,11418,15932,9130,8977,6137,3839,3335,,,,,,,,,,,,,,,,,,,17874,34282,21644,12202,14395,4522,14943,21218,13939,10151,5740,1834,4830,5002,2313,1874,1153,142,6816,7505,3107,1764,3215,2814,2139,1803,865,283,193,150,16247,14475,5464,2178,2212,1558,,,,,,,,,,,,,,,,,,,,,,,,,,,,,,,,,,,,,,,,,,,,,,,,,,,,,,,,,,,,
ACSSF,2019m1,nc,000,0019,0000005,,,,,,,,,,,,,,,,,,,,,,,,,,,,,,,,,,,,,,,,,,,,,,,,,,,,,,,,,,,,,,,,,,,,,,,,,,,,,,,,,,,,,,,,,,,,,,,,,0.2,0.3,0.5,0.8,0.7,2.5,,,,,,,6589,7074,8083,36329,21848,19947,24196,14876,12717,18562,10145,11041,15258,8793,8492,6249,3829,3343,,,,,,,,,,,,,,,,,,,16590,34024,20819,11859,13768,4447,14182,19222,14045,9807,5426,1879,3805,3979,1906,1899,1153,216,6522,7313,3152,1745,3220,2806,1996,1714,865,269,103,150,15450,13670,5472,2161,2109,1553,,,,,,,,,,,,,,,,,,,,,,,,,,,,,,,,,,,,,,,,,,,,,,,,,,,,,,,,,,,,
ACSSF,2019m1,nc,000,0019,0000006,,,,,,,,,,,,,,,,,,,,,,,,,,,,,,,,,,,,,,,,,,,,,,,,,,,,,,,,,,,,,,,,,,,,,,,,,,,,,,,,,,,,,,,,,,,,,,,,,0.3,0.3,0.6,0.6,0.7,1.6,,,,,,,6461,9661,9475,21694,15852,12418,17065,10703,8898,9790,5588,6580,11110,6776,6074,5077,2998,2926,,,,,,,,,,,,,,,,,,,20542,22119,10573,6647,8679,3876,16693,19384,12824,7287,4739,1662,2900,2385,1713,1210,956,216,6847,7379,2886,1363,3078,2635,,,,,,,13090,12267,4948,1342,1227,1357,,,,,,,,,,,,,,,,,,,,,,,,,,,,,,,,,,,,,,,,,,,,,,,,,,,,,,,,,,,,
ACSSF,2019m1,nc,000,0019,0000007,,,,,,,,,,,,,,,,,,,,,,,,,,,,,,,,,,,,,,,,,,,,,,,,,,,,,,,,,,,,,,,,,,,,,,,,,,,,,,,,,,,,,,,,,,,,,,,,,0.3,0.3,0.8,1.0,1.7,3.4,,,,,,,6701,11225,11181,26262,15465,16587,19151,10993,10139,13068,7600,6951,8987,5041,5170,2574,1912,1434,,,,,,,,,,,,,,,,,,,18849,25805,17560,9462,8641,1906,18448,17018,6844,6152,2736,732,3398,3495,1116,1276,478,216,5830,5497,1801,1122,1630,862,1977,1735,830,268,216,77,10086,9446,3065,1586,1755,851,,,,,,,,,,,,,,,,,,,,,,,,,,,,,,,,,,,,,,,,,,,,,,,,,,,,,,,,,,,,
ACSSF,2019m1,nc,000,0019,0000008,,,,,,,,,,,,,,,,,,,,,,,,,,,,,,,,,,,,,,,,,,,,,,,,,,,,,,,,,,,,,,,,,,,,,,,,,,,,,,,,,,,,,,,,,,,,,,,,,0.3,0.5,2.2,1.7,2.9,9.3,,,,,,,3681,5026,4447,11189,7320,7135,7772,4283,4918,4974,3022,3267,3747,2009,2435,1269,763,807,,,,,,,,,,,,,,,,,,,5817,9849,6259,3782,3051,1187,4769,7386,3370,3039,1757,667,2260,2452,1433,570,373,142,2031,2057,559,201,119,103,,,,,,,4074,3950,826,354,617,142,,,,,,,,,,,,,,,,,,,,,,,,,,,,,,,,,,,,,,,,,,,,,,,,,,,,,,,,,,,,
ACSSF,2019m1,nc,000,0019,0000009,,,,,,,,,,,,,,,,,,,,,,,,,,,,,,,,,,,,,,,,,,,,,,,,,,,,,,,,,,,,,,,,,,,,,,,,,,,,,,,,,,,,,,,,,,,,,,,,,1.4,1.8,6.6,2.5,5.6,26.2,,,,,,,9977,5921,6901,10837,5908,7200,5501,3093,3477,3720,2485,2189,2584,1500,1790,566,414,364,,,,,,,,,,,,,,,,,,,9574,8758,4170,2359,1651,432,7245,6941,3334,2267,1674,335,1976,1952,449,259,216,216,,,,,,,,,,,,,,,,,,,,,,,,,,,,,,,,,,,,,,,,,,,,,,,,,,,,,,,,,,,,,,,,,,,,,,,,,,,,,,
ACSSF,2019m1,nc,000,0019,0000010,,,,,,,,,,,,,,,,,,,,,,,,,,,,,,,,,,,,,,,,,,,,,,,,,,,,,,,,,,,,,,,,,,,,,,,,,,,,,,,,,,,,,,,,,,,,,,,,,0.5,0.6,1.9,2.2,4.9,9.3,,,,,,,10803,6940,7259,11571,7761,7112,6026,3236,3638,3898,2174,2520,2673,1541,1632,1308,705,768,,,,,,,,,,,,,,,,,,,10730,11070,5422,3108,2510,1220,7579,7526,1627,2269,455,608,2588,2589,1373,525,373,142,1775,1724,256,36,92,78,,,,,,,4036,3830,763,341,366,115,,,,,,,,,,,,,,,,,,,,,,,,,,,,,,,,,,,,,,,,,,,,,,,,,,,,,,,,,,,,
ACSSF,2019m1,nc,000,0019,0000011,,,,,,,,,,,,,,,,,,,,,,,,,,,,,,,,,,,,,,,,,,,,,,,,,,,,,,,,,,,,,,,,,,,,,,,,,,,,,,,,,,,,,,,,,,,,,,,,,0.6,0.9,2.4,4.4,20.8,32.8,,,,,,,3468,3993,3702,6539,4961,4321,4372,2408,2632,3041,2106,1598,2978,1538,1735,901,435,534,,,,,,,,,,,,,,,,,,,4803,5871,3564,2280,2563,832,3257,3789,2041,1675,876,174,,,,,,,1645,1573,143,152,159,281,,,,,,,,,,,,,,,,,,,,,,,,,,,,,,,,,,,,,,,,,,,,,,,,,,,,,,,,,,,,,,,,,,,,,,,,
ACSSF,2019m1,nc,000,0019,0000012,,,,,,,,,,,,,,,,,,,,,,,,,,,,,,,,,,,,,,,,,,,,,,,,,,,,,,,,,,,,,,,,,,,,,,,,,,,,,,,,,,,,,,,,,,,,,,,,,0.2,0.4,2.1,1.9,3.0,8.6,,,,,,,3148,4935,4478,12046,8129,7660,9003,4758,5668,5610,3530,3568,4504,2413,2813,1661,928,1003,,,,,,,,,,,,,,,,,,,6128,10348,7370,4223,3909,1553,5761,8690,3823,3406,1948,663,2461,2667,1464,655,375,142,2604,2565,580,255,195,300,,,,,,,5014,4921,842,509,794,160,,,,,,,,,,,,,,,,,,,,,,,,,,,,,,,,,,,,,,,,,,,,,,,,,,,,,,,,,,,,
ACSSF,2019m1,nc,000,0019,0000013,,,,,,,,,,,,,,,,,,,,,,,,,,,,,,,,,,,,,,,,,,,,,,,,,,,,,,,,,,,,,,,,,,,,,,,,,,,,,,,,,,,,,,,,,,,,,,,,,0.6,1.6,4.0,1.6,11.4,17.2,,,,,,,809,949,1067,4609,2535,2869,3045,1442,2034,3265,2050,1414,1202,615,813,361,230,255,,,,,,,,,,,,,,,,,,,2985,4126,2568,2801,1211,230,2027,2138,1310,671,64,150,,,,,,,,,,,,,,,,,,,,,,,,,,,,,,,,,,,,,,,,,,,,,,,,,,,,,,,,,,,,,,,,,,,,,,,,,,,,,,,,,,,,
ACSSF,2019m1,nc,000,0019,0000014,,,,,,,,,,,,,,,,,,,,,,,,,,,,,,,,,,,,,,,,,,,,,,,,,,,,,,,,,,,,,,,,,,,,,,,,,,,,,,,,,,,,,,,,,,,,,,,,,0.4,0.9,8.3,12.4,8.3,33.8,,,,,,,488,1009,1132,3841,1955,2714,1946,867,1268,2618,1582,1325,2197,862,1619,288,174,127,,,,,,,,,,,,,,,,,,,1639,3711,1713,1629,2205,271,,,,,,,,,,,,,,,,,,,,,,,,,,,,,,,,,,,,,,,,,,,,,,,,,,,,,,,,,,,,,,,,,,,,,,,,,,,,,,,,,,,,,,,,,,
ACSSF,2019m1,nc,000,0019,0000015,,,,,,,,,,,,,,,,,,,,,,,,,,,,,,,,,,,,,,,,,,,,,,,,,,,,,,,,,,,,,,,,,,,,,,,,,,,,,,,,,,,,,,,,,,,,,,,,,0.7,1.0,5.4,9.7,3.0,45.1,,,,,,,594,1444,1353,4189,2666,2983,3104,1938,1781,2160,893,1888,1931,1115,1079,1255,557,748,,,,,,,,,,,,,,,,,,,2595,4363,2322,2152,1945,1195,,,,,,,,,,,,,,,,,,,,,,,,,,,,,,,,,,,,,,,,,,,,,,,,,,,,,,,,,,,,,,,,,,,,,,,,,,,,,,,,,,,,,,,,,,
ACSSF,2019m1,nc,000,0019,0000016,,,,,,,,,,,,,,,,,,,,,,,,,,,,,,,,,,,,,,,,,,,,,,,,,,,,,,,,,,,,,,,,,,,,,,,,,,,,,,,,,,,,,,,,,,,,,,,,,0.8,0.8,6.2,5.4,17.2,62.0,,,,,,,443,798,874,2487,1616,1459,2598,1576,1226,1045,620,640,967,574,681,250,250,216,,,,,,,,,,,,,,,,,,,1046,2113,1645,944,893,181,,,,,,,,,,,,,,,,,,,,,,,,,,,,,,,,,,,,,,,,,,,,,,,,,,,,,,,,,,,,,,,,,,,,,,,,,,,,,,,,,,,,,,,,,,
ACSSF,2019m1,nc,000,0019,0000017,,,,,,,,,,,,,,,,,,,,,,,,,,,,,,,,,,,,,,,,,,,,,,,,,,,,,,,,,,,,,,,,,,,,,,,,,,,,,,,,,,,,,,,,,,,,,,,,,0.8,0.9,6.7,4.6,11.9,13.9,,,,,,,1057,1527,1441,5036,3307,2961,4298,1962,2706,2564,1370,1729,1492,754,899,265,217,81,,,,,,,,,,,,,,,,,,,4469,4732,3002,2119,1202,216,2802,3215,1550,1606,540,216,,,,,,,,,,,,,,,,,,,,,,,,,,,,,,,,,,,,,,,,,,,,,,,,,,,,,,,,,,,,,,,,,,,,,,,,,,,,,,,,,,,,
ACSSF,2019m1,nc,000,0019,0000018,,,,,,,,,,,,,,,,,,,,,,,,,,,,,,,,,,,,,,,,,,,,,,,,,,,,,,,,,,,,,,,,,,,,,,,,,,,,,,,,,,,,,,,,,,,,,,,,,0.7,1.7,10.2,16.5,6.7,.,,,,,,,215,883,884,3677,1999,2126,1784,845,1144,1997,935,1324,991,591,464,216,216,216,,,,,,,,,,,,,,,,,,,892,3012,1726,1497,908,216,,,,,,,,,,,,,,,,,,,,,,,,,,,,,,,,,,,,,,,,,,,,,,,,,,,,,,,,,,,,,,,,,,,,,,,,,,,,,,,,,,,,,,,,,,
ACSSF,2019m1,nc,000,0019,0000019,,,,,,,,,,,,,,,,,,,,,,,,,,,,,,,,,,,,,,,,,,,,,,,,,,,,,,,,,,,,,,,,,,,,,,,,,,,,,,,,,,,,,,,,,,,,,,,,,0.5,1.3,9.6,6.8,22.5,.,,,,,,,405,610,542,2108,1217,1333,1693,1034,831,1192,480,970,867,416,604,216,216,216,,,,,,,,,,,,,,,,,,,744,2020,1547,982,736,216,,,,,,,,,,,,,,,,,,,,,,,,,,,,,,,,,,,,,,,,,,,,,,,,,,,,,,,,,,,,,,,,,,,,,,,,,,,,,,,,,,,,,,,,,,
ACSSF,2019m1,nc,000,0019,0000020,,,,,,,,,,,,,,,,,,,,,,,,,,,,,,,,,,,,,,,,,,,,,,,,,,,,,,,,,,,,,,,,,,,,,,,,,,,,,,,,,,,,,,,,,,,,,,,,,0.7,1.7,3.8,6.1,14.6,19.9,,,,,,,1043,1337,1092,3684,2442,2157,3008,1866,1410,1821,1341,925,844,586,453,532,168,391,,,,,,,,,,,,,,,,,,,2121,4033,2750,1693,778,532,1284,1638,688,644,78,216,,,,,,,,,,,,,,,,,,,,,,,,,,,,,,,,,,,,,,,,,,,,,,,,,,,,,,,,,,,,,,,,,,,,,,,,,,,,,,,,,,,,
ACSSF,2019m1,nc,000,0019,0000021,,,,,,,,,,,,,,,,,,,,,,,,,,,,,,,,,,,,,,,,,,,,,,,,,,,,,,,,,,,,,,,,,,,,,,,,,,,,,,,,,,,,,,,,,,,,,,,,,1.0,1.5,7.8,19.5,7.7,8.7,,,,,,,493,1294,1342,2665,1753,1970,917,476,538,2285,1320,1102,542,499,251,379,180,257,,,,,,,,,,,,,,,,,,,3000,3713,837,2276,493,257,,,,,,,,,,,,,,,,,,,,,,,,,,,,,,,,,,,,,,,,,,,,,,,,,,,,,,,,,,,,,,,,,,,,,,,,,,,,,,,,,,,,,,,,,,
ACSSF,2019m1,nc,000,0019,0000022,,,,,,,,,,,,,,,,,,,,,,,,,,,,,,,,,,,,,,,,,,,,,,,,,,,,,,,,,,,,,,,,,,,,,,,,,,,,,,,,,,,,,,,,,,,,,,,,,1.9,2.0,5.5,5.5,9.9,.,,,,,,,448,667,516,2480,1657,1402,1358,995,1032,1443,1106,667,1420,590,923,14,216,14,,,,,,,,,,,,,,,,,,,1068,1875,1204,1194,1130,14,1879,2678,895,861,216,216,,,,,,,,,,,,,,,,,,,,,,,,,,,,,,,,,,,,,,,,,,,,,,,,,,,,,,,,,,,,,,,,,,,,,,,,,,,,,,,,,,,,
ACSSF,2019m1,nc,000,0019,0000023,,,,,,,,,,,,,,,,,,,,,,,,,,,,,,,,,,,,,,,,,,,,,,,,,,,,,,,,,,,,,,,,,,,,,,,,,,,,,,,,,,,,,,,,,,,,,,,,,1.3,2.2,7.4,29.5,2.2,13.4,,,,,,,685,1498,1408,3006,1949,2057,2536,1520,1299,979,745,491,1731,1017,993,757,682,139,,,,,,,,,,,,,,,,,,,1127,2786,1773,775,1713,462,767,1681,1704,485,394,89,,,,,,,,,,,,,,,,,,,,,,,,,,,,,,,,,,,,,,,,,,,,,,,,,,,,,,,,,,,,,,,,,,,,,,,,,,,,,,,,,,,,
ACSSF,2019m1,nc,000,0019,0000024,,,,,,,,,,,,,,,,,,,,,,,,,,,,,,,,,,,,,,,,,,,,,,,,,,,,,,,,,,,,,,,,,,,,,,,,,,,,,,,,,,,,,,,,,,,,,,,,,0.3,0.7,1.0,3.0,1.0,1.9,,,,,,,1054,1009,988,5569,3015,3763,4272,2184,2869,2427,1374,1484,3445,2158,1903,1537,926,771,,,,,,,,,,,,,,,,,,,2399,4248,2281,1497,2967,1312,2978,3996,3017,1701,1373,697,,,,,,,756,884,319,157,306,216,,,,,,,2526,2438,734,361,389,26,,,,,,,,,,,,,,,,,,,,,,,,,,,,,,,,,,,,,,,,,,,,,,,,,,,,,,,,,,,,
ACSSF,2019m1,nc,000,0019,0000025,,,,,,,,,,,,,,,,,,,,,,,,,,,,,,,,,,,,,,,,,,,,,,,,,,,,,,,,,,,,,,,,,,,,,,,,,,,,,,,,,,,,,,,,,,,,,,,,,0.7,0.9,4.8,8.0,10.2,6.4,,,,,,,938,1067,970,3007,1824,2214,2485,1182,1594,1041,780,596,915,671,523,444,163,316,,,,,,,,,,,,,,,,,,,1207,2627,1722,946,909,444,,,,,,,,,,,,,,,,,,,,,,,,,,,,,,,,,,,,,,,,,,,,,,,,,,,,,,,,,,,,,,,,,,,,,,,,,,,,,,,,,,,,,,,,,,
ACSSF,2019m1,nc,000,0019,0000026,,,,,,,,,,,,,,,,,,,,,,,,,,,,,,,,,,,,,,,,,,,,,,,,,,,,,,,,,,,,,,,,,,,,,,,,,,,,,,,,,,,,,,,,,,,,,,,,,0.3,0.9,2.1,2.6,2.0,3.8,,,,,,,816,954,966,7576,4445,4307,6322,2855,4050,2296,1488,1688,2925,2078,1292,2113,1401,1075,,,,,,,,,,,,,,,,,,,3611,4883,3651,1426,1927,1963,2446,5857,4584,1781,1994,213,,,,,,,1592,1722,500,515,430,345,,,,,,,,,,,,,,,,,,,,,,,,,,,,,,,,,,,,,,,,,,,,,,,,,,,,,,,,,,,,,,,,,,,,,,,,
ACSSF,2019m1,nc,000,0019,0000027,,,,,,,,,,,,,,,,,,,,,,,,,,,,,,,,,,,,,,,,,,,,,,,,,,,,,,,,,,,,,,,,,,,,,,,,,,,,,,,,,,,,,,,,,,,,,,,,,0.5,0.6,3.3,7.9,2.0,40.6,,,,,,,1336,984,1034,6360,3372,4386,5380,2766,3590,2615,1366,1656,2708,1528,1619,761,457,503,,,,,,,,,,,,,,,,,,,3190,5905,3613,1980,1779,603,3526,5232,4292,1048,1910,216,,,,,,,788,1013,567,333,349,413,,,,,,,,,,,,,,,,,,,,,,,,,,,,,,,,,,,,,,,,,,,,,,,,,,,,,,,,,,,,,,,,,,,,,,,,
ACSSF,2019m1,nc,000,0019,0000028,,,,,,,,,,,,,,,,,,,,,,,,,,,,,,,,,,,,,,,,,,,,,,,,,,,,,,,,,,,,,,,,,,,,,,,,,,,,,,,,,,,,,,,,,,,,,,,,,1.2,2.7,10.9,5.2,5.4,.,,,,,,,68,1117,1108,2940,1984,1856,1732,822,1026,2566,1450,1325,769,692,230,75,75,216,,,,,,,,,,,,,,,,,,,1810,3003,1581,1992,465,216,,,,,,,,,,,,,,,,,,,,,,,,,,,,,,,,,,,,,,,,,,,,,,,,,,,,,,,,,,,,,,,,,,,,,,,,,,,,,,,,,,,,,,,,,,
ACSSF,2019m1,nc,000,0019,0000029,,,,,,,,,,,,,,,,,,,,,,,,,,,,,,,,,,,,,,,,,,,,,,,,,,,,,,,,,,,,,,,,,,,,,,,,,,,,,,,,,,,,,,,,,,,,,,,,,0.6,1.4,4.6,3.0,5.6,.,,,,,,,736,1071,1164,4874,2491,3352,3736,1921,2282,2793,1290,1782,1992,1131,1120,75,75,216,,,,,,,,,,,,,,,,,,,1920,3400,2893,1587,1671,75,1492,2904,1508,2107,856,216,,,,,,,,,,,,,,,,,,,,,,,,,,,,,,,,,,,,,,,,,,,,,,,,,,,,,,,,,,,,,,,,,,,,,,,,,,,,,,,,,,,,
ACSSF,2019m1,nc,000,0019,0000030,,,,,,,,,,,,,,,,,,,,,,,,,,,,,,,,,,,,,,,,,,,,,,,,,,,,,,,,,,,,,,,,,,,,,,,,,,,,,,,,,,,,,,,,,,,,,,,,,0.5,0.7,2.0,2.4,1.4,9.5,,,,,,,1197,1283,1238,8539,5009,4745,7251,3770,4391,3315,1624,2183,2604,1676,1335,1251,790,678,,,,,,,,,,,,,,,,,,,3940,4987,3817,2244,1676,761,4003,7245,4914,2288,1711,728,,,,,,,1277,1567,782,147,551,439,,,,,,,,,,,,,,,,,,,,,,,,,,,,,,,,,,,,,,,,,,,,,,,,,,,,,,,,,,,,,,,,,,,,,,,,
ACSSF,2019m1,nc,000,0019,0000031,,,,,,,,,,,,,,,,,,,,,,,,,,,,,,,,,,,,,,,,,,,,,,,,,,,,,,,,,,,,,,,,,,,,,,,,,,,,,,,,,,,,,,,,,,,,,,,,,0.3,0.8,3.9,1.2,6.9,3.9,,,,,,,728,982,837,4246,2399,2370,2094,1340,1086,2408,1427,1300,1712,631,1196,429,213,356,,,,,,,,,,,,,,,,,,,2325,4031,1371,2112,1418,219,1775,2494,1371,825,143,335,,,,,,,,,,,,,,,,,,,,,,,,,,,,,,,,,,,,,,,,,,,,,,,,,,,,,,,,,,,,,,,,,,,,,,,,,,,,,,,,,,,,
ACSSF,2019m1,nc,000,0019,0000032,,,,,,,,,,,,,,,,,,,,,,,,,,,,,,,,,,,,,,,,,,,,,,,,,,,,,,,,,,,,,,,,,,,,,,,,,,,,,,,,,,,,,,,,,,,,,,,,,0.6,1.3,10.5,4.5,21.0,.,,,,,,,321,1016,988,3002,1879,2228,1478,877,928,2819,1380,2156,1190,641,742,133,42,129,,,,,,,,,,,,,,,,,,,2324,3720,1473,2657,1087,42,,,,,,,,,,,,,,,,,,,,,,,,,,,,,,,,,,,,,,,,,,,,,,,,,,,,,,,,,,,,,,,,,,,,,,,,,,,,,,,,,,,,,,,,,,
ACSSF,2019m1,nc,000,0019,0000033,,,,,,,,,,,,,,,,,,,,,,,,,,,,,,,,,,,,,,,,,,,,,,,,,,,,,,,,,,,,,,,,,,,,,,,,,,,,,,,,,,,,,,,,,,,,,,,,,0.8,1.0,5.7,5.2,6.4,21.9,,,,,,,640,1081,931,5130,3284,2435,3865,2942,1248,2064,1284,1094,1740,1257,818,617,350,284,,,,,,,,,,,,,,,,,,,2372,4498,3841,1881,1075,200,2355,2308,397,542,216,216,,,,,,,,,,,,,,,,,,,,,,,,,,,,,,,,,,,,,,,,,,,,,,,,,,,,,,,,,,,,,,,,,,,,,,,,,,,,,,,,,,,,
ACSSF,2019m1,nc,000,0019,0000034,,,,,,,,,,,,,,,,,,,,,,,,,,,,,,,,,,,,,,,,,,,,,,,,,,,,,,,,,,,,,,,,,,,,,,,,,,,,,,,,,,,,,,,,,,,,,,,,,0.7,1.4,6.4,1.9,7.0,36.2,,,,,,,734,1153,1136,5440,3025,3436,3458,1198,2485,2720,1644,1707,2576,1588,1137,559,426,299,,,,,,,,,,,,,,,,,,,3690,5221,1701,2032,2518,573,,,,,,,,,,,,,,,,,,,,,,,,,,,,,,,,,,,,,,,,,,,,,,,,,,,,,,,,,,,,,,,,,,,,,,,,,,,,,,,,,,,,,,,,,,
ACSSF,2019m1,nc,000,0019,0000035,,,,,,,,,,,,,,,,,,,,,,,,,,,,,,,,,,,,,,,,,,,,,,,,,,,,,,,,,,,,,,,,,,,,,,,,,,,,,,,,,,,,,,,,,,,,,,,,,1.0,1.2,19.6,12.6,24.1,.,,,,,,,490,715,747,2311,1439,1459,1644,900,1192,1139,738,731,651,568,192,177,117,132,,,,,,,,,,,,,,,,,,,732,2315,1462,1068,651,177,,,,,,,,,,,,,,,,,,,,,,,,,,,,,,,,,,,,,,,,,,,,,,,,,,,,,,,,,,,,,,,,,,,,,,,,,,,,,,,,,,,,,,,,,,
ACSSF,2019m1,nc,000,0019,0000036,,,,,,,,,,,,,,,,,,,,,,,,,,,,,,,,,,,,,,,,,,,,,,,,,,,,,,,,,,,,,,,,,,,,,,,,,,,,,,,,,,,,,,,,,,,,,,,,,0.2,0.5,0.7,1.2,0.9,3.0,,,,,,,2507,1954,1761,12618,7074,7419,9002,5889,4730,4732,2591,2943,6219,3535,3448,3235,1814,2008,,,,,,,,,,,,,,,,,,,7421,10667,6407,2427,4949,2274,4479,7412,6343,3481,2932,1103,,,,,,,2628,3165,1723,298,1514,870,,,,,,,7702,6729,2848,149,1097,1362,,,,,,,,,,,,,,,,,,,,,,,,,,,,,,,,,,,,,,,,,,,,,,,,,,,,,,,,,,,,
ACSSF,2019m1,nc,000,0019,0000037,,,,,,,,,,,,,,,,,,,,,,,,,,,,,,,,,,,,,,,,,,,,,,,,,,,,,,,,,,,,,,,,,,,,,,,,,,,,,,,,,,,,,,,,,,,,,,,,,1.5,2.6,13.3,12.7,17.4,8.8,,,,,,,498,882,837,3764,2292,1909,3309,1966,1605,1014,700,607,1639,1137,658,488,404,196,,,,,,,,,,,,,,,,,,,1377,3746,2946,1013,1626,488,896,1133,636,448,124,216,,,,,,,,,,,,,,,,,,,,,,,,,,,,,,,,,,,,,,,,,,,,,,,,,,,,,,,,,,,,,,,,,,,,,,,,,,,,,,,,,,,,
ACSSF,2019m1,nc,000,0019,0000038,,,,,,,,,,,,,,,,,,,,,,,,,,,,,,,,,,,,,,,,,,,,,,,,,,,,,,,,,,,,,,,,,,,,,,,,,,,,,,,,,,,,,,,,,,,,,,,,,1.1,2.8,6.3,9.0,6.6,.,,,,,,,669,1288,1083,3630,1983,2181,2381,1364,1331,2289,1274,1641,1297,1062,350,311,250,184,,,,,,,,,,,,,,,,,,,846,1725,874,911,383,250,1172,2668,1864,1647,269,184,,,,,,,,,,,,,,,,,,,,,,,,,,,,,,,,,,,,,,,,,,,,,,,,,,,,,,,,,,,,,,,,,,,,,,,,,,,,,,,,,,,,
ACSSF,2019m1,nc,000,0019,0000039,,,,,,,,,,,,,,,,,,,,,,,,,,,,,,,,,,,,,,,,,,,,,,,,,,,,,,,,,,,,,,,,,,,,,,,,,,,,,,,,,,,,,,,,,,,,,,,,,0.5,1.6,1.5,2.0,7.6,30.4,,,,,,,964,1041,1048,5121,3007,3189,3502,2167,2136,3305,2076,1924,2506,1201,1476,162,114,131,,,,,,,,,,,,,,,,,,,2343,4987,3203,2109,2365,114,1832,2298,1155,1588,74,216,,,,,,,,,,,,,,,,,,,2031,1244,344,1182,350,68,,,,,,,,,,,,,,,,,,,,,,,,,,,,,,,,,,,,,,,,,,,,,,,,,,,,,,,,,,,,
ACSSF,2019m1,nc,000,0019,0000040,,,,,,,,,,,,,,,,,,,,,,,,,,,,,,,,,,,,,,,,,,,,,,,,,,,,,,,,,,,,,,,,,,,,,,,,,,,,,,,,,,,,,,,,,,,,,,,,,0.8,1.2,1.8,5.1,0.8,6.2,,,,,,,893,1458,1507,7147,4178,4224,5769,3271,3012,2050,1438,786,4536,2987,2176,875,724,273,,,,,,,,,,,,,,,,,,,2381,6335,5433,1921,4261,690,2542,2721,1721,859,758,216,,,,,,,,,,,,,,,,,,,,,,,,,,,,,,,,,,,,,,,,,,,,,,,,,,,,,,,,,,,,,,,,,,,,,,,,,,,,,,,,,,,,
ACSSF,2019m1,nc,000,0019,0000041,,,,,,,,,,,,,,,,,,,,,,,,,,,,,,,,,,,,,,,,,,,,,,,,,,,,,,,,,,,,,,,,,,,,,,,,,,,,,,,,,,,,,,,,,,,,,,,,,0.6,1.8,1.4,1.0,2.9,3.5,,,,,,,362,958,936,4103,2173,3028,3171,1310,2577,2668,1599,1568,1919,1120,1099,1060,807,466,,,,,,,,,,,,,,,,,,,1032,3802,3004,2141,1782,787,1421,1401,1179,966,284,148,,,,,,,632,1276,248,699,350,746,,,,,,,,,,,,,,,,,,,,,,,,,,,,,,,,,,,,,,,,,,,,,,,,,,,,,,,,,,,,,,,,,,,,,,,,
ACSSF,2019m1,nc,000,0019,0000042,,,,,,,,,,,,,,,,,,,,,,,,,,,,,,,,,,,,,,,,,,,,,,,,,,,,,,,,,,,,,,,,,,,,,,,,,,,,,,,,,,,,,,,,,,,,,,,,,0.6,1.8,2.8,0.9,17.1,1.7,,,,,,,841,1642,1697,4781,2861,3434,3405,2080,2379,3966,2694,2115,2241,984,1563,753,446,631,,,,,,,,,,,,,,,,,,,1794,4047,3025,1911,1259,131,2407,4164,1601,2832,1014,619,,,,,,,,,,,,,,,,,,,,,,,,,,,,,,,,,,,,,,,,,,,,,,,,,,,,,,,,,,,,,,,,,,,,,,,,,,,,,,,,,,,,
ACSSF,2019m1,nc,000,0019,0000043,,,,,,,,,,,,,,,,,,,,,,,,,,,,,,,,,,,,,,,,,,,,,,,,,,,,,,,,,,,,,,,,,,,,,,,,,,,,,,,,,,,,,,,,,,,,,,,,,0.8,1.0,3.2,21.6,30.6,.,,,,,,,531,858,869,3899,2180,2476,4052,2064,2376,1906,1071,1203,546,392,237,124,124,216,,,,,,,,,,,,,,,,,,,2673,3686,3200,1645,439,124,1906,1528,2190,547,216,216,,,,,,,,,,,,,,,,,,,,,,,,,,,,,,,,,,,,,,,,,,,,,,,,,,,,,,,,,,,,,,,,,,,,,,,,,,,,,,,,,,,,
ACSSF,2019m1,nc,000,0019,0000044,,,,,,,,,,,,,,,,,,,,,,,,,,,,,,,,,,,,,,,,,,,,,,,,,,,,,,,,,,,,,,,,,,,,,,,,,,,,,,,,,,,,,,,,,,,,,,,,,0.4,0.5,4.1,2.9,24.7,23.1,,,,,,,467,714,703,1765,1217,1249,1541,771,980,1058,638,523,493,294,307,265,142,221,,,,,,,,,,,,,,,,,,,1607,1778,656,387,261,207,496,1084,724,839,246,216,890,1242,860,313,216,142,,,,,,,,,,,,,,,,,,,,,,,,,,,,,,,,,,,,,,,,,,,,,,,,,,,,,,,,,,,,,,,,,,,,,,,,,,,,,,
ACSSF,2019m1,nc,000,0019,0000045,,,,,,,,,,,,,,,,,,,,,,,,,,,,,,,,,,,,,,,,,,,,,,,,,,,,,,,,,,,,,,,,,,,,,,,,,,,,,,,,,,,,,,,,,,,,,,,,,0.7,1.7,7.2,6.2,40.1,0.7,,,,,,,370,603,481,4092,2072,2575,3456,1493,2261,1557,1126,558,1767,1145,671,300,202,104,,,,,,,,,,,,,,,,,,,1294,2989,2234,1564,589,300,,,,,,,,,,,,,,,,,,,,,,,,,,,,,,,,,,,,,,,,,,,,,,,,,,,,,,,,,,,,,,,,,,,,,,,,,,,,,,,,,,,,,,,,,,
ACSSF,2019m1,nc,000,0019,0000046,,,,,,,,,,,,,,,,,,,,,,,,,,,,,,,,,,,,,,,,,,,,,,,,,,,,,,,,,,,,,,,,,,,,,,,,,,,,,,,,,,,,,,,,,,,,,,,,,1.0,1.3,2.4,2.7,16.2,47.4,,,,,,,929,1177,919,3925,2124,2410,2555,1373,1406,2760,1122,2168,1091,594,599,496,359,179,,,,,,,,,,,,,,,,,,,1591,3126,2308,1739,903,490,1513,1902,905,2063,280,111,,,,,,,,,,,,,,,,,,,,,,,,,,,,,,,,,,,,,,,,,,,,,,,,,,,,,,,,,,,,,,,,,,,,,,,,,,,,,,,,,,,,
ACSSF,2019m1,nc,000,0019,0000047,,,,,,,,,,,,,,,,,,,,,,,,,,,,,,,,,,,,,,,,,,,,,,,,,,,,,,,,,,,,,,,,,,,,,,,,,,,,,,,,,,,,,,,,,,,,,,,,,1.2,1.0,10.4,10.3,48.8,64.6,,,,,,,474,823,816,2819,1565,1746,2227,1321,1129,765,448,483,1304,792,694,258,216,258,,,,,,,,,,,,,,,,,,,640,2304,2020,557,1165,258,,,,,,,,,,,,,,,,,,,,,,,,,,,,,,,,,,,,,,,,,,,,,,,,,,,,,,,,,,,,,,,,,,,,,,,,,,,,,,,,,,,,,,,,,,
ACSSF,2019m1,nc,000,0019,0000048,,,,,,,,,,,,,,,,,,,,,,,,,,,,,,,,,,,,,,,,,,,,,,,,,,,,,,,,,,,,,,,,,,,,,,,,,,,,,,,,,,,,,,,,,,,,,,,,,1.1,1.1,7.8,9.6,25.9,.,,,,,,,289,797,801,1914,1091,1285,1776,616,1431,741,434,403,538,278,317,216,216,216,,,,,,,,,,,,,,,,,,,1354,2391,1701,733,539,216,,,,,,,,,,,,,,,,,,,,,,,,,,,,,,,,,,,,,,,,,,,,,,,,,,,,,,,,,,,,,,,,,,,,,,,,,,,,,,,,,,,,,,,,,,
ACSSF,2019m1,nc,000,0019,0000049,,,,,,,,,,,,,,,,,,,,,,,,,,,,,,,,,,,,,,,,,,,,,,,,,,,,,,,,,,,,,,,,,,,,,,,,,,,,,,,,,,,,,,,,,,,,,,,,,0.7,0.8,3.7,9.2,4.8,29.3,,,,,,,633,792,930,5704,3185,3166,3568,1899,2127,3812,2467,1708,2306,1394,1195,258,70,249,,,,,,,,,,,,,,,,,,,2997,4619,2259,2952,2247,241,1560,2621,2529,1889,232,82,,,,,,,,,,,,,,,,,,,,,,,,,,,,,,,,,,,,,,,,,,,,,,,,,,,,,,,,,,,,,,,,,,,,,,,,,,,,,,,,,,,,
ACSSF,2019m1,nc,000,0019,0000050,,,,,,,,,,,,,,,,,,,,,,,,,,,,,,,,,,,,,,,,,,,,,,,,,,,,,,,,,,,,,,,,,,,,,,,,,,,,,,,,,,,,,,,,,,,,,,,,,0.3,0.4,1.0,0.8,2.0,5.5,,,,,,,2099,1519,1477,10903,6613,6994,9527,5614,5963,5976,3672,3614,5930,3163,3679,3077,1696,1646,,,,,,,,,,,,,,,,,,,6482,10961,7434,2955,3969,1281,4797,8137,6915,4174,3498,460,,,,,,,1695,3855,2390,571,2440,2345,,,,,,,6265,6108,1603,670,256,688,,,,,,,,,,,,,,,,,,,,,,,,,,,,,,,,,,,,,,,,,,,,,,,,,,,,,,,,,,,,
ACSSF,2019m1,nc,000,0019,0000051,,,,,,,,,,,,,,,,,,,,,,,,,,,,,,,,,,,,,,,,,,,,,,,,,,,,,,,,,,,,,,,,,,,,,,,,,,,,,,,,,,,,,,,,,,,,,,,,,2.0,1.4,5.5,7.4,8.8,21.0,,,,,,,945,1138,1176,3672,1887,2568,3097,1341,2025,1826,965,1069,1643,905,1296,281,189,240,,,,,,,,,,,,,,,,,,,1164,3009,2228,1393,1562,306,1063,2769,1812,1090,681,112,,,,,,,,,,,,,,,,,,,,,,,,,,,,,,,,,,,,,,,,,,,,,,,,,,,,,,,,,,,,,,,,,,,,,,,,,,,,,,,,,,,,
ACSSF,2019m1,nc,000,0019,0000052,,,,,,,,,,,,,,,,,,,,,,,,,,,,,,,,,,,,,,,,,,,,,,,,,,,,,,,,,,,,,,,,,,,,,,,,,,,,,,,,,,,,,,,,,,,,,,,,,1.0,1.5,18.1,21.0,35.2,35.6,,,,,,,399,844,889,1436,904,1344,1247,645,736,532,240,376,376,288,143,271,144,236,,,,,,,,,,,,,,,,,,,1115,1785,1218,436,333,271,,,,,,,,,,,,,,,,,,,,,,,,,,,,,,,,,,,,,,,,,,,,,,,,,,,,,,,,,,,,,,,,,,,,,,,,,,,,,,,,,,,,,,,,,,
ACSSF,2019m1,nc,000,0019,0000053,,,,,,,,,,,,,,,,,,,,,,,,,,,,,,,,,,,,,,,,,,,,,,,,,,,,,,,,,,,,,,,,,,,,,,,,,,,,,,,,,,,,,,,,,,,,,,,,,1.5,1.6,7.7,1.3,35.9,11.7,,,,,,,407,1209,1179,2324,1740,2192,1712,802,1329,1965,971,1245,287,194,187,325,312,56,,,,,,,,,,,,,,,,,,,1702,1956,1081,832,289,324,745,1981,1332,1740,39,216,,,,,,,,,,,,,,,,,,,,,,,,,,,,,,,,,,,,,,,,,,,,,,,,,,,,,,,,,,,,,,,,,,,,,,,,,,,,,,,,,,,,
ACSSF,2019m1,nc,000,0019,0000054,,,,,,,,,,,,,,,,,,,,,,,,,,,,,,,,,,,,,,,,,,,,,,,,,,,,,,,,,,,,,,,,,,,,,,,,,,,,,,,,,,,,,,,,,,,,,,,,,2.2,2.0,7.9,19.8,2.9,27.9,,,,,,,411,2159,2148,3039,2603,2637,2216,1395,1342,1889,499,1803,1389,773,831,1207,558,680,,,,,,,,,,,,,,,,,,,2473,2886,1833,1869,1388,1195,,,,,,,,,,,,,,,,,,,,,,,,,,,,,,,,,,,,,,,,,,,,,,,,,,,,,,,,,,,,,,,,,,,,,,,,,,,,,,,,,,,,,,,,,,
ACSSF,2019m1,nc,000,0019,0000055,,,,,,,,,,,,,,,,,,,,,,,,,,,,,,,,,,,,,,,,,,,,,,,,,,,,,,,,,,,,,,,,,,,,,,,,,,,,,,,,,,,,,,,,,,,,,,,,,1.1,1.7,2.4,4.6,0.8,2.9,,,,,,,1295,2384,2348,4506,3015,2956,3055,1634,1890,1559,829,1301,2872,1694,1738,2148,1077,1121,,,,,,,,,,,,,,,,,,,4555,5041,2274,1063,1394,382,3630,3073,1463,589,1364,216,,,,,,,3582,3201,1170,216,1991,2087,,,,,,,,,,,,,,,,,,,,,,,,,,,,,,,,,,,,,,,,,,,,,,,,,,,,,,,,,,,,,,,,,,,,,,,,
ACSSF,2019m1,nc,000,0019,0000056,,,,,,,,,,,,,,,,,,,,,,,,,,,,,,,,,,,,,,,,,,,,,,,,,,,,,,,,,,,,,,,,,,,,,,,,,,,,,,,,,,,,,,,,,,,,,,,,,0.3,0.5,0.9,0.8,0.9,4.2,,,,,,,2466,3821,3504,11586,7321,7199,7795,4853,4281,4213,2438,2583,6030,3427,3312,3084,1732,1933,,,,,,,,,,,,,,,,,,,8705,10637,4080,1860,4588,2263,6229,8077,6190,3455,2655,1041,,,,,,,3321,3447,1716,276,1492,851,,,,,,,7696,6632,2671,91,1097,1316,,,,,,,,,,,,,,,,,,,,,,,,,,,,,,,,,,,,,,,,,,,,,,,,,,,,,,,,,,,,
ACSSF,2019m1,nc,000,0019,0000057,,,,,,,,,,,,,,,,,,,,,,,,,,,,,,,,,,,,,,,,,,,,,,,,,,,,,,,,,,,,,,,,,,,,,,,,,,,,,,,,,,,,,,,,,,,,,,,,,2.5,1.4,7.3,7.0,5.6,.,,,,,,,599,2423,2422,4070,3517,2500,3587,1767,1996,1380,551,1218,1070,451,659,216,216,216,,,,,,,,,,,,,,,,,,,5290,4537,2536,1201,1056,216,,,,,,,,,,,,,,,,,,,,,,,,,,,,,,,,,,,,,,,,,,,,,,,,,,,,,,,,,,,,,,,,,,,,,,,,,,,,,,,,,,,,,,,,,,
ACSSF,2019m1,nc,000,0019,0000058,,,,,,,,,,,,,,,,,,,,,,,,,,,,,,,,,,,,,,,,,,,,,,,,,,,,,,,,,,,,,,,,,,,,,,,,,,,,,,,,,,,,,,,,,,,,,,,,,0.4,1.0,2.1,2.7,1.6,0.8,,,,,,,963,2289,2159,7005,4321,4478,6020,2801,3744,2235,1437,1624,2471,1603,1210,2039,1280,1043,,,,,,,,,,,,,,,,,,,4381,5053,3638,1348,1588,1876,3231,5852,4429,1762,1922,213,,,,,,,1295,1571,516,515,430,345,,,,,,,,,,,,,,,,,,,,,,,,,,,,,,,,,,,,,,,,,,,,,,,,,,,,,,,,,,,,,,,,,,,,,,,,
ACSSF,2019m1,nc,000,0019,0000059,,,,,,,,,,,,,,,,,,,,,,,,,,,,,,,,,,,,,,,,,,,,,,,,,,,,,,,,,,,,,,,,,,,,,,,,,,,,,,,,,,,,,,,,,,,,,,,,,0.6,1.4,1.3,4.2,1.3,2.7,,,,,,,909,1832,1748,4364,2817,3180,3375,1637,2263,2143,1274,1087,3149,1984,1726,1512,920,747,,,,,,,,,,,,,,,,,,,3712,3932,1566,1327,2626,1267,3688,3967,2619,1520,1306,696,,,,,,,,,,,,,,,,,,,,,,,,,,,,,,,,,,,,,,,,,,,,,,,,,,,,,,,,,,,,,,,,,,,,,,,,,,,,,,,,,,,,
ACSSF,2019m1,nc,000,0019,0000060,,,,,,,,,,,,,,,,,,,,,,,,,,,,,,,,,,,,,,,,,,,,,,,,,,,,,,,,,,,,,,,,,,,,,,,,,,,,,,,,,,,,,,,,,,,,,,,,,1.5,1.8,6.4,7.9,12.9,.,,,,,,,513,1579,1562,3119,1890,2262,2348,1179,1595,1251,600,936,1640,677,1069,216,216,216,,,,,,,,,,,,,,,,,,,3280,3500,1050,680,1249,216,3084,3454,1588,963,815,216,,,,,,,,,,,,,,,,,,,,,,,,,,,,,,,,,,,,,,,,,,,,,,,,,,,,,,,,,,,,,,,,,,,,,,,,,,,,,,,,,,,,
ACSSF,2019m1,nc,000,0019,0000061,,,,,,,,,,,,,,,,,,,,,,,,,,,,,,,,,,,,,,,,,,,,,,,,,,,,,,,,,,,,,,,,,,,,,,,,,,,,,,,,,,,,,,,,,,,,,,,,,0.9,1.5,2.7,1.9,1.7,5.0,,,,,,,1178,3166,3256,6320,4053,4437,5829,3094,3687,1783,1028,1361,1938,1327,965,938,521,610,,,,,,,,,,,,,,,,,,,6002,6051,2998,1300,1018,400,6613,8220,3900,947,1610,708,,,,,,,2173,2162,718,69,514,339,,,,,,,,,,,,,,,,,,,,,,,,,,,,,,,,,,,,,,,,,,,,,,,,,,,,,,,,,,,,,,,,,,,,,,,,
ACSSF,2019m1,nc,000,0019,0000062,,,,,,,,,,,,,,,,,,,,,,,,,,,,,,,,,,,,,,,,,,,,,,,,,,,,,,,,,,,,,,,,,,,,,,,,,,,,,,,,,,,,,,,,,,,,,,,,,1.2,3.4,5.4,0.6,15.7,2.0,,,,,,,559,1970,1903,3960,2664,2934,2216,1711,1486,3228,2465,1886,2048,945,1396,747,446,616,,,,,,,,,,,,,,,,,,,2885,3813,1675,1726,1167,216,3269,3583,1621,2242,767,619,,,,,,,,,,,,,,,,,,,,,,,,,,,,,,,,,,,,,,,,,,,,,,,,,,,,,,,,,,,,,,,,,,,,,,,,,,,,,,,,,,,,
ACSSF,2019m1,nc,000,0019,0000063,,,,,,,,,,,,,,,,,,,,,,,,,,,,,,,,,,,,,,,,,,,,,,,,,,,,,,,,,,,,,,,,,,,,,,,,,,,,,,,,,,,,,,,,,,,,,,,,,2.7,2.4,3.0,3.9,13.4,2.9,,,,,,,1485,2469,2535,4336,2961,3198,3580,2237,1926,1570,1004,816,1115,596,697,802,387,473,,,,,,,,,,,,,,,,,,,5170,4577,1676,833,842,676,4629,4363,2917,1234,595,115,,,,,,,,,,,,,,,,,,,,,,,,,,,,,,,,,,,,,,,,,,,,,,,,,,,,,,,,,,,,,,,,,,,,,,,,,,,,,,,,,,,,
ACSSF,2019m1,nc,000,0019,0000064,,,,,,,,,,,,,,,,,,,,,,,,,,,,,,,,,,,,,,,,,,,,,,,,,,,,,,,,,,,,,,,,,,,,,,,,,,,,,,,,,,,,,,,,,,,,,,,,,0.7,2.1,0.9,7.1,0.7,4.4,,,,,,,775,1894,1956,4229,2455,2671,2501,1647,1345,787,567,488,4327,2851,2087,559,456,203,,,,,,,,,,,,,,,,,,,3422,3918,1893,590,4035,283,3005,2467,1568,290,603,216,,,,,,,,,,,,,,,,,,,,,,,,,,,,,,,,,,,,,,,,,,,,,,,,,,,,,,,,,,,,,,,,,,,,,,,,,,,,,,,,,,,,
ACSSF,2019m1,nc,000,0019,0000065,,,,,,,,,,,,,,,,,,,,,,,,,,,,,,,,,,,,,,,,,,,,,,,,,,,,,,,,,,,,,,,,,,,,,,,,,,,,,,,,,,,,,,,,,,,,,,,,,0.9,1.1,1.0,2.2,1.5,7.3,,,,,,,1651,4869,4791,9203,6561,6140,7686,4419,4546,3810,2199,2517,3358,1572,2707,1543,865,1053,,,,,,,,,,,,,,,,,,,8939,9300,4621,1503,1802,1160,8087,9302,6067,3267,2486,219,,,,,,,3523,3230,1970,424,1202,770,,,,,,,6308,6286,1216,575,174,216,,,,,,,,,,,,,,,,,,,,,,,,,,,,,,,,,,,,,,,,,,,,,,,,,,,,,,,,,,,,
ACSSF,2019m1,nc,000,0019,0000066,,,,,,,,,,,,,,,,,,,,,,,,,,,,,,,,,,,,,,,,,,,,,,,,,,,,,,,,,,,,,,,,,,,,,,,,,,,,,,,,,,,,,,,,,,,,,,,,,2.5,2.3,2.9,1.0,7.9,.,,,,,,,852,1717,1821,3685,2548,2308,2549,1514,1641,2772,1339,1869,1125,516,804,89,89,216,,,,,,,,,,,,,,,,,,,2819,3784,2183,2092,1007,89,2567,2825,1003,1555,74,216,,,,,,,,,,,,,,,,,,,,,,,,,,,,,,,,,,,,,,,,,,,,,,,,,,,,,,,,,,,,,,,,,,,,,,,,,,,,,,,,,,,,
ACSSF,2019m1,nc,000,0019,0000067,,,,,,,,,,,,,,,,,,,,,,,,,,,,,,,,,,,,,,,,,,,,,,,,,,,,,,,,,,,,,,,,,,,,,,,,,,,,,,,,,,,,,,,,,,,,,,,,,0.8,1.0,4.1,6.0,3.2,41.1,,,,,,,1129,2162,2391,5383,2745,4500,4532,2025,3374,2243,1158,1323,2434,1344,1373,737,423,503,,,,,,,,,,,,,,,,,,,4747,5434,1845,1569,1396,598,4569,5496,3887,1048,1882,216,,,,,,,1137,1144,442,65,349,387,,,,,,,,,,,,,,,,,,,,,,,,,,,,,,,,,,,,,,,,,,,,,,,,,,,,,,,,,,,,,,,,,,,,,,,,
ACSSF,2019m1,nc,000,0019,0000068,,,,,,,,,,,,,,,,,,,,,,,,,,,,,,,,,,,,,,,,,,,,,,,,,,,,,,,,,,,,,,,,,,,,,,,,,,,,,,,,,,,,,,,,,,,,,,,,,2.2,2.0,7.9,19.8,2.9,27.9,,,,,,,411,2159,2148,3039,2603,2637,2216,1395,1342,1889,499,1803,1389,773,831,1207,558,680,,,,,,,,,,,,,,,,,,,2473,2886,1833,1869,1388,1195,,,,,,,,,,,,,,,,,,,,,,,,,,,,,,,,,,,,,,,,,,,,,,,,,,,,,,,,,,,,,,,,,,,,,,,,,,,,,,,,,,,,,,,,,,
ACSSF,2019m1,nc,000,0019,0000069,,,,,,,,,,,,,,,,,,,,,,,,,,,,,,,,,,,,,,,,,,,,,,,,,,,,,,,,,,,,,,,,,,,,,,,,,,,,,,,,,,,,,,,,,,,,,,,,,0.3,0.5,0.9,0.8,0.9,4.2,,,,,,,2466,3821,3504,11586,7321,7199,7795,4853,4281,4213,2438,2583,6030,3427,3312,3084,1732,1933,,,,,,,,,,,,,,,,,,,8705,10637,4080,1860,4588,2263,6229,8077,6190,3455,2655,1041,,,,,,,3321,3447,1716,276,1492,851,,,,,,,7696,6632,2671,91,1097,1316,,,,,,,,,,,,,,,,,,,,,,,,,,,,,,,,,,,,,,,,,,,,,,,,,,,,,,,,,,,,
ACSSF,2019m1,nc,000,0019,0000070,,,,,,,,,,,,,,,,,,,,,,,,,,,,,,,,,,,,,,,,,,,,,,,,,,,,,,,,,,,,,,,,,,,,,,,,,,,,,,,,,,,,,,,,,,,,,,,,,2.5,1.4,7.3,7.0,5.6,.,,,,,,,599,2423,2422,4070,3517,2500,3587,1767,1996,1380,551,1218,1070,451,659,216,216,216,,,,,,,,,,,,,,,,,,,5290,4537,2536,1201,1056,216,,,,,,,,,,,,,,,,,,,,,,,,,,,,,,,,,,,,,,,,,,,,,,,,,,,,,,,,,,,,,,,,,,,,,,,,,,,,,,,,,,,,,,,,,,
ACSSF,2019m1,nc,000,0019,0000071,,,,,,,,,,,,,,,,,,,,,,,,,,,,,,,,,,,,,,,,,,,,,,,,,,,,,,,,,,,,,,,,,,,,,,,,,,,,,,,,,,,,,,,,,,,,,,,,,1.5,1.8,6.4,7.9,12.9,.,,,,,,,513,1579,1562,3119,1890,2262,2348,1179,1595,1251,600,936,1640,677,1069,216,216,216,,,,,,,,,,,,,,,,,,,3280,3500,1050,680,1249,216,3084,3454,1588,963,815,216,,,,,,,,,,,,,,,,,,,,,,,,,,,,,,,,,,,,,,,,,,,,,,,,,,,,,,,,,,,,,,,,,,,,,,,,,,,,,,,,,,,,
ACSSF,2019m1,nc,000,0019,0000072,,,,,,,,,,,,,,,,,,,,,,,,,,,,,,,,,,,,,,,,,,,,,,,,,,,,,,,,,,,,,,,,,,,,,,,,,,,,,,,,,,,,,,,,,,,,,,,,,0.4,1.0,2.1,2.7,1.6,0.8,,,,,,,817,2271,2146,7041,4337,4488,6020,2801,3744,2235,1437,1624,2471,1603,1210,2039,1280,1043,,,,,,,,,,,,,,,,,,,4361,5019,3638,1348,1588,1876,3231,5852,4429,1762,1922,213,,,,,,,1542,1693,516,515,430,345,,,,,,,,,,,,,,,,,,,,,,,,,,,,,,,,,,,,,,,,,,,,,,,,,,,,,,,,,,,,,,,,,,,,,,,,
ACSSF,2019m1,nc,000,0019,0000073,,,,,,,,,,,,,,,,,,,,,,,,,,,,,,,,,,,,,,,,,,,,,,,,,,,,,,,,,,,,,,,,,,,,,,,,,,,,,,,,,,,,,,,,,,,,,,,,,0.6,1.4,1.3,4.2,1.3,2.7,,,,,,,909,1832,1748,4364,2817,3180,3375,1637,2263,2143,1274,1087,3149,1984,1726,1512,920,747,,,,,,,,,,,,,,,,,,,3712,3932,1566,1327,2626,1267,3688,3967,2619,1520,1306,696,,,,,,,,,,,,,,,,,,,,,,,,,,,,,,,,,,,,,,,,,,,,,,,,,,,,,,,,,,,,,,,,,,,,,,,,,,,,,,,,,,,,
ACSSF,2019m1,nc,000,0019,0000074,,,,,,,,,,,,,,,,,,,,,,,,,,,,,,,,,,,,,,,,,,,,,,,,,,,,,,,,,,,,,,,,,,,,,,,,,,,,,,,,,,,,,,,,,,,,,,,,,0.9,1.5,2.7,1.9,1.7,5.0,,,,,,,1178,3166,3256,6320,4053,4437,5829,3094,3687,1783,1028,1361,1938,1327,965,938,521,610,,,,,,,,,,,,,,,,,,,6002,6051,2998,1300,1018,400,6613,8220,3900,947,1610,708,,,,,,,2173,2162,718,69,514,339,,,,,,,,,,,,,,,,,,,,,,,,,,,,,,,,,,,,,,,,,,,,,,,,,,,,,,,,,,,,,,,,,,,,,,,,
ACSSF,2019m1,nc,000,0019,0000075,,,,,,,,,,,,,,,,,,,,,,,,,,,,,,,,,,,,,,,,,,,,,,,,,,,,,,,,,,,,,,,,,,,,,,,,,,,,,,,,,,,,,,,,,,,,,,,,,3.2,2.7,2.9,3.8,13.4,2.9,,,,,,,551,2425,2440,3976,2833,3115,3594,2234,1940,1530,996,787,1115,596,697,802,387,473,,,,,,,,,,,,,,,,,,,4925,4212,1663,747,842,676,4687,4429,2912,1234,595,115,,,,,,,,,,,,,,,,,,,,,,,,,,,,,,,,,,,,,,,,,,,,,,,,,,,,,,,,,,,,,,,,,,,,,,,,,,,,,,,,,,,,
ACSSF,2019m1,nc,000,0019,0000076,,,,,,,,,,,,,,,,,,,,,,,,,,,,,,,,,,,,,,,,,,,,,,,,,,,,,,,,,,,,,,,,,,,,,,,,,,,,,,,,,,,,,,,,,,,,,,,,,1.2,3.4,5.4,0.6,15.7,2.0,,,,,,,559,1970,1903,3960,2664,2934,2216,1711,1486,3228,2465,1886,2048,945,1396,747,446,616,,,,,,,,,,,,,,,,,,,2885,3813,1675,1726,1167,216,3269,3583,1621,2242,767,619,,,,,,,,,,,,,,,,,,,,,,,,,,,,,,,,,,,,,,,,,,,,,,,,,,,,,,,,,,,,,,,,,,,,,,,,,,,,,,,,,,,,
ACSSF,2019m1,nc,000,0019,0000077,,,,,,,,,,,,,,,,,,,,,,,,,,,,,,,,,,,,,,,,,,,,,,,,,,,,,,,,,,,,,,,,,,,,,,,,,,,,,,,,,,,,,,,,,,,,,,,,,0.7,2.1,0.9,7.1,0.7,4.4,,,,,,,775,1894,1956,4229,2455,2671,2501,1647,1345,787,567,488,4327,2851,2087,559,456,203,,,,,,,,,,,,,,,,,,,3422,3918,1893,590,4035,283,3005,2467,1568,290,603,216,,,,,,,,,,,,,,,,,,,,,,,,,,,,,,,,,,,,,,,,,,,,,,,,,,,,,,,,,,,,,,,,,,,,,,,,,,,,,,,,,,,,
ACSSF,2019m1,nc,000,0019,0000078,,,,,,,,,,,,,,,,,,,,,,,,,,,,,,,,,,,,,,,,,,,,,,,,,,,,,,,,,,,,,,,,,,,,,,,,,,,,,,,,,,,,,,,,,,,,,,,,,1.2,1.4,2.4,4.6,0.8,2.9,,,,,,,942,2342,2220,4234,2957,2772,3055,1634,1890,1559,829,1301,2859,1682,1738,2148,1077,1121,,,,,,,,,,,,,,,,,,,4483,4918,2274,1063,1397,382,3618,3073,1463,589,1356,216,,,,,,,3582,3201,1170,216,1991,2087,,,,,,,,,,,,,,,,,,,,,,,,,,,,,,,,,,,,,,,,,,,,,,,,,,,,,,,,,,,,,,,,,,,,,,,,
ACSSF,2019m1,nc,000,0019,0000079,,,,,,,,,,,,,,,,,,,,,,,,,,,,,,,,,,,,,,,,,,,,,,,,,,,,,,,,,,,,,,,,,,,,,,,,,,,,,,,,,,,,,,,,,,,,,,,,,0.9,1.1,1.0,2.3,1.5,7.3,,,,,,,1479,4851,4751,9209,6542,6139,7686,4419,4546,3825,2211,2530,3430,1587,2733,1543,865,1053,,,,,,,,,,,,,,,,,,,8952,9277,4621,1511,1802,1160,8089,9341,6067,3267,2486,219,,,,,,,3454,3148,1970,424,1202,770,,,,,,,6308,6286,1216,575,174,216,,,,,,,,,,,,,,,,,,,,,,,,,,,,,,,,,,,,,,,,,,,,,,,,,,,,,,,,,,,,
ACSSF,2019m1,nc,000,0019,0000080,,,,,,,,,,,,,,,,,,,,,,,,,,,,,,,,,,,,,,,,,,,,,,,,,,,,,,,,,,,,,,,,,,,,,,,,,,,,,,,,,,,,,,,,,,,,,,,,,2.5,2.3,2.9,1.0,7.9,.,,,,,,,852,1717,1821,3685,2548,2308,2549,1514,1641,2772,1339,1869,1125,516,804,89,89,216,,,,,,,,,,,,,,,,,,,2819,3784,2183,2092,1007,89,2567,2825,1003,1555,74,216,,,,,,,,,,,,,,,,,,,,,,,,,,,,,,,,,,,,,,,,,,,,,,,,,,,,,,,,,,,,,,,,,,,,,,,,,,,,,,,,,,,,
ACSSF,2019m1,nc,000,0019,0000081,,,,,,,,,,,,,,,,,,,,,,,,,,,,,,,,,,,,,,,,,,,,,,,,,,,,,,,,,,,,,,,,,,,,,,,,,,,,,,,,,,,,,,,,,,,,,,,,,0.8,1.0,4.1,6.0,3.2,41.1,,,,,,,1129,2162,2391,5383,2745,4500,4532,2025,3374,2243,1158,1323,2434,1344,1373,737,423,503,,,,,,,,,,,,,,,,,,,4747,5434,1845,1569,1396,598,4569,5496,3887,1048,1882,216,,,,,,,1137,1144,442,65,349,387,,,,,,,,,,,,,,,,,,,,,,,,,,,,,,,,,,,,,,,,,,,,,,,,,,,,,,,,,,,,,,,,,,,,,,,,
ACSSF,2019m1,nc,000,0019,0000082,,,,,,,,,,,,,,,,,,,,,,,,,,,,,,,,,,,,,,,,,,,,,,,,,,,,,,,,,,,,,,,,,,,,,,,,,,,,,,,,,,,,,,,,,,,,,,,,,0.6,0.7,1.6,1.6,3.7,0.9,,,,,,,7750,5122,6045,10971,6443,7479,7573,3655,4929,4886,2903,3283,3556,2267,2035,2277,1467,1279,,,,,,,,,,,,,,,,,,,6196,7311,5006,3131,2190,1950,7282,9413,4951,3398,2241,731,,,,,,,3465,3274,575,546,712,344,,,,,,,4009,3938,1658,845,323,156,,,,,,,,,,,,,,,,,,,,,,,,,,,,,,,,,,,,,,,,,,,,,,,,,,,,,,,,,,,,
ACSSF,2019m1,nc,000,0019,0000083,,,,,,,,,,,,,,,,,,,,,,,,,,,,,,,,,,,,,,,,,,,,,,,,,,,,,,,,,,,,,,,,,,,,,,,,,,,,,,,,,,,,,,,,,,,,,,,,,0.7,0.7,1.8,1.0,2.9,8.4,,,,,,,10947,6976,7605,12611,8136,7584,8983,4416,5550,4399,2461,2956,4910,3000,2360,1142,750,816,,,,,,,,,,,,,,,,,,,10831,11767,6084,3520,4105,812,8267,7798,5064,2933,1829,400,1096,844,775,132,120,216,3715,3487,1157,448,597,281,,,,,,,5750,5592,1739,430,1650,688,,,,,,,,,,,,,,,,,,,,,,,,,,,,,,,,,,,,,,,,,,,,,,,,,,,,,,,,,,,,
ACSSF,2019m1,nc,000,0019,0000084,,,,,,,,,,,,,,,,,,,,,,,,,,,,,,,,,,,,,,,,,,,,,,,,,,,,,,,,,,,,,,,,,,,,,,,,,,,,,,,,,,,,,,,,,,,,,,,,,0.7,0.7,1.3,2.4,1.1,4.9,,,,,,,5852,4254,4705,9298,6260,5474,7839,4485,4348,4171,2835,2225,5357,3336,2943,1136,972,356,,,,,,,,,,,,,,,,,,,5754,8224,6698,3266,4958,817,5556,5538,3025,2644,1267,89,,,,,,,2002,1774,256,135,671,519,,,,,,,2936,2936,783,302,357,109,,,,,,,,,,,,,,,,,,,,,,,,,,,,,,,,,,,,,,,,,,,,,,,,,,,,,,,,,,,,
ACSSF,2019m1,nc,000,0019,0000085,,,,,,,,,,,,,,,,,,,,,,,,,,,,,,,,,,,,,,,,,,,,,,,,,,,,,,,,,,,,,,,,,,,,,,,,,,,,,,,,,,,,,,,,,,,,,,,,,0.5,0.5,0.7,1.2,1.8,2.6,,,,,,,10419,6838,6802,13699,8278,8500,9013,5253,5432,6061,4088,3641,4620,2840,3102,3224,1859,1635,,,,,,,,,,,,,,,,,,,9938,10166,6051,3327,3052,1628,8280,10021,6751,3674,2929,484,,,,,,,4535,5408,2355,948,2480,2458,,,,,,,6954,6612,1262,892,403,216,,,,,,,,,,,,,,,,,,,,,,,,,,,,,,,,,,,,,,,,,,,,,,,,,,,,,,,,,,,,
ACSSF,2019m1,nc,000,0019,0000086,,,,,,,,,,,,,,,,,,,,,,,,,,,,,,,,,,,,,,,,,,,,,,,,,,,,,,,,,,,,,,,,,,,,,,,,,,,,,,,,,,,,,,,,,,,,,,,,,0.4,0.6,1.9,2.8,2.1,35.7,,,,,,,2638,2345,2406,8087,4871,5835,6614,3261,4509,3372,2047,2077,3087,1841,1706,806,515,569,,,,,,,,,,,,,,,,,,,4174,7893,4974,2955,2331,701,3830,5692,4413,1280,1910,216,,,,,,,1524,1360,740,528,356,413,,,,,,,,,,,,,,,,,,,,,,,,,,,,,,,,,,,,,,,,,,,,,,,,,,,,,,,,,,,,,,,,,,,,,,,,
ACSSF,2019m1,nc,000,0019,0000087,,,,,,,,,,,,,,,,,,,,,,,,,,,,,,,,,,,,,,,,,,,,,,,,,,,,,,,,,,,,,,,,,,,,,,,,,,,,,,,,,,,,,,,,,,,,,,,,,0.6,0.6,1.7,1.7,11.5,14.5,,,,,,,9941,5047,6919,13848,6672,9067,8312,4221,4911,5420,3229,2981,2821,1777,1567,779,537,470,,,,,,,,,,,,,,,,,,,8229,11193,5583,4887,2045,561,9515,9861,4393,2153,1319,151,,,,,,,,,,,,,,,,,,,5678,5321,1035,292,527,320,,,,,,,,,,,,,,,,,,,,,,,,,,,,,,,,,,,,,,,,,,,,,,,,,,,,,,,,,,,,
ACSSF,2019m1,nc,000,0019,0000088,,,,,,,,,,,,,,,,,,,,,,,,,,,,,,,,,,,,,,,,,,,,,,,,,,,,,,,,,,,,,,,,,,,,,,,,,,,,,,,,,,,,,,,,,,,,,,,,,0.6,0.9,1.1,2.1,7.3,25.6,,,,,,,6789,4271,4575,9379,5240,6332,6617,3459,3906,5731,3287,3107,4592,2091,3105,923,494,569,,,,,,,,,,,,,,,,,,,7722,9584,5014,3772,4549,845,5351,5602,3654,2301,769,187,,,,,,,1343,1272,191,499,200,282,,,,,,,3569,3667,1046,1275,480,104,,,,,,,,,,,,,,,,,,,,,,,,,,,,,,,,,,,,,,,,,,,,,,,,,,,,,,,,,,,,
ACSSF,2019m1,nc,000,0019,0000089,,,,,,,,,,,,,,,,,,,,,,,,,,,,,,,,,,,,,,,,,,,,,,,,,,,,,,,,,,,,,,,,,,,,,,,,,,,,,,,,,,,,,,,,,,,,,,,,,0.5,0.7,2.3,2.0,1.8,4.8,,,,,,,5868,4636,4495,10082,6043,6494,7278,3762,4369,5025,2255,3541,3765,2583,1954,1670,1033,807,,,,,,,,,,,,,,,,,,,7251,8431,5095,3410,3311,1433,5822,6572,2842,3666,1524,697,2079,1999,666,263,346,216,1811,1969,530,378,407,191,,,,,,,6078,5915,2934,600,481,176,,,,,,,,,,,,,,,,,,,,,,,,,,,,,,,,,,,,,,,,,,,,,,,,,,,,,,,,,,,,
ACSSF,2019m1,nc,000,0019,0000090,,,,,,,,,,,,,,,,,,,,,,,,,,,,,,,,,,,,,,,,,,,,,,,,,,,,,,,,,,,,,,,,,,,,,,,,,,,,,,,,,,,,,,,,,,,,,,,,,0.6,0.7,2.4,3.9,2.5,5.8,,,,,,,9422,5812,5972,12331,6412,7543,6219,3832,3373,4282,2610,2189,4906,2621,2831,2324,908,1686,,,,,,,,,,,,,,,,,,,9630,10626,5007,3010,4203,1661,6066,6394,3344,2381,1680,82,1682,1838,1178,369,216,142,3497,3489,653,639,1378,548,,,,,,,4675,4581,1435,633,416,84,,,,,,,,,,,,,,,,,,,,,,,,,,,,,,,,,,,,,,,,,,,,,,,,,,,,,,,,,,,,
ACSSF,2019m1,nc,000,0019,0000091,,,,,,,,,,,,,,,,,,,,,,,,,,,,,,,,,,,,,,,,,,,,,,,,,,,,,,,,,,,,,,,,,,,,,,,,,,,,,,,,,,,,,,,,,,,,,,,,,0.5,0.7,2.3,3.0,3.0,22.6,,,,,,,6398,4273,4398,9381,5727,5660,5659,3317,3199,4339,2365,3110,3189,1738,1843,1414,608,865,,,,,,,,,,,,,,,,,,,7260,8314,4860,3254,2924,1393,3847,4743,2222,2626,938,30,,,,,,,,,,,,,,,,,,,3512,3193,1408,370,359,216,,,,,,,,,,,,,,,,,,,,,,,,,,,,,,,,,,,,,,,,,,,,,,,,,,,,,,,,,,,,
ACSSF,2019m1,nc,000,0019,0000092,,,,,,,,,,,,,,,,,,,,,,,,,,,,,,,,,,,,,,,,,,,,,,,,,,,,,,,,,,,,,,,,,,,,,,,,,,,,,,,,,,,,,,,,,,,,,,,,,0.4,0.5,2.6,3.8,5.3,13.7,,,,,,,5604,4071,4548,9606,6068,6313,5507,3579,3144,4459,2839,2987,3793,2089,2147,1195,571,785,,,,,,,,,,,,,,,,,,,6789,9939,4741,3919,3696,1055,2923,3200,935,1297,479,337,,,,,,,1289,1351,298,202,403,4,,,,,,,,,,,,,,,,,,,,,,,,,,,,,,,,,,,,,,,,,,,,,,,,,,,,,,,,,,,,,,,,,,,,,,,,
ACSSF,2019m1,nc,000,0019,0000093,,,,,,,,,,,,,,,,,,,,,,,,,,,,,,,,,,,,,,,,,,,,,,,,,,,,,,,,,,,,,,,,,,,,,,,,,,,,,,,,,,,,,,,,,,,,,,,,,0.3,0.4,0.8,0.7,0.9,3.3,,,,,,,8608,5130,5291,13592,7599,8181,8730,5646,4518,4475,2530,2768,5217,3048,2950,2524,1555,1509,,,,,,,,,,,,,,,,,,,10514,12604,6008,2240,3851,1451,5015,7956,6369,3505,2732,1103,,,,,,,3997,4149,1616,298,1264,651,,,,,,,7799,6836,2652,149,1097,1362,,,,,,,,,,,,,,,,,,,,,,,,,,,,,,,,,,,,,,,,,,,,,,,,,,,,,,,,,,,,
ACSSF,2019m1,nc,000,0019,0000094,,,,,,,,,,,,,,,,,,,,,,,,,,,,,,,,,,,,,,,,,,,,,,,,,,,,,,,,,,,,,,,,,,,,,,,,,,,,,,,,,,,,,,,,,,,,,,,,,0.6,0.8,2.0,1.9,4.9,7.4,,,,,,,11094,5911,6933,12315,6404,7710,8074,4271,4743,3877,2313,2249,3062,2069,1491,1609,949,840,,,,,,,,,,,,,,,,,,,7742,9185,5488,3086,2201,970,7497,7071,5096,1897,1548,746,,,,,,,2436,2945,549,190,558,669,,,,,,,,,,,,,,,,,,,,,,,,,,,,,,,,,,,,,,,,,,,,,,,,,,,,,,,,,,,,,,,,,,,,,,,,
ACSSF,2019m1,nc,000,0019,0000095,,,,,,,,,,,,,,,,,,,,,,,,,,,,,,,,,,,,,,,,,,,,,,,,,,,,,,,,,,,,,,,,,,,,,,,,,,,,,,,,,,,,,,,,,,,,,,,,,2.0,1.6,1.3,2.9,5.2,.,,,,,,,1541,1426,1470,3808,2426,2763,3066,1545,1978,1822,1366,1087,1024,523,716,134,134,216,,,,,,,,,,,,,,,,,,,1768,3844,2921,1726,986,134,600,766,414,332,74,216,,,,,,,,,,,,,,,,,,,,,,,,,,,,,,,,,,,,,,,,,,,,,,,,,,,,,,,,,,,,,,,,,,,,,,,,,,,,,,,,,,,,
ACSSF,2019m1,nc,000,0019,0000096,,,,,,,,,,,,,,,,,,,,,,,,,,,,,,,,,,,,,,,,,,,,,,,,,,,,,,,,,,,,,,,,,,,,,,,,,,,,,,,,,,,,,,,,,,,,,,,,,0.8,1.0,4.9,18.0,23.2,35.6,,,,,,,1544,1339,1581,3145,1716,2177,2072,1014,1443,981,531,594,678,412,340,271,144,236,,,,,,,,,,,,,,,,,,,2383,3647,1969,879,661,271,1226,1262,213,315,89,216,,,,,,,,,,,,,,,,,,,,,,,,,,,,,,,,,,,,,,,,,,,,,,,,,,,,,,,,,,,,,,,,,,,,,,,,,,,,,,,,,,,,
ACSSF,2019m1,nc,000,0019,0000097,,,,,,,,,,,,,,,,,,,,,,,,,,,,,,,,,,,,,,,,,,,,,,,,,,,,,,,,,,,,,,,,,,,,,,,,,,,,,,,,,,,,,,,,,,,,,,,,,0.7,0.9,5.5,2.1,26.1,57.1,,,,,,,583,1261,1120,3992,2379,2693,3597,1731,2288,1805,1230,826,1811,1190,673,361,280,104,,,,,,,,,,,,,,,,,,,1470,3107,2474,1863,648,361,,,,,,,,,,,,,,,,,,,,,,,,,,,,,,,,,,,,,,,,,,,,,,,,,,,,,,,,,,,,,,,,,,,,,,,,,,,,,,,,,,,,,,,,,,
ACSSF,2019m1,nc,000,0019,0000098,,,,,,,,,,,,,,,,,,,,,,,,,,,,,,,,,,,,,,,,,,,,,,,,,,,,,,,,,,,,,,,,,,,,,,,,,,,,,,,,,,,,,,,,,,,,,,,,,1.0,1.1,4.2,5.7,13.2,46.8,,,,,,,395,1279,1313,2204,1709,1759,2053,1155,1167,1705,1015,1177,804,664,384,237,150,181,,,,,,,,,,,,,,,,,,,2225,2503,1299,833,687,231,2024,2289,1533,1111,232,23,,,,,,,,,,,,,,,,,,,,,,,,,,,,,,,,,,,,,,,,,,,,,,,,,,,,,,,,,,,,,,,,,,,,,,,,,,,,,,,,,,,,
ACSSF,2019m1,nc,000,0019,0000099,,,,,,,,,,,,,,,,,,,,,,,,,,,,,,,,,,,,,,,,,,,,,,,,,,,,,,,,,,,,,,,,,,,,,,,,,,,,,,,,,,,,,,,,,,,,,,,,,1.1,2.3,11.4,5.1,4.3,37.1,,,,,,,1367,1906,1852,3482,2605,2454,1737,841,1083,3091,1659,1861,1133,1025,375,613,309,316,,,,,,,,,,,,,,,,,,,2294,3245,1635,2185,538,216,2571,3286,530,1898,1001,613,,,,,,,,,,,,,,,,,,,,,,,,,,,,,,,,,,,,,,,,,,,,,,,,,,,,,,,,,,,,,,,,,,,,,,,,,,,,,,,,,,,,
ACSSF,2019m1,nc,000,0019,0000100,,,,,,,,,,,,,,,,,,,,,,,,,,,,,,,,,,,,,,,,,,,,,,,,,,,,,,,,,,,,,,,,,,,,,,,,,,,,,,,,,,,,,,,,,,,,,,,,,1.7,1.2,12.1,7.2,25.0,16.4,,,,,,,1471,1881,1365,2774,2193,1736,1982,1175,1169,1223,866,653,796,529,373,316,316,216,,,,,,,,,,,,,,,,,,,1629,2579,1688,560,697,316,1715,2206,970,1081,354,216,,,,,,,,,,,,,,,,,,,,,,,,,,,,,,,,,,,,,,,,,,,,,,,,,,,,,,,,,,,,,,,,,,,,,,,,,,,,,,,,,,,,
ACSSF,2019m1,nc,000,0019,0000101,,,,,,,,,,,,,,,,,,,,,,,,,,,,,,,,,,,,,,,,,,,,,,,,,,,,,,,,,,,,,,,,,,,,,,,,,,,,,,,,,,,,,,,,,,,,,,,,,1.9,1.5,7.3,3.1,5.3,.,,,,,,,2006,1846,1625,3690,2543,2249,1553,902,791,1829,1318,785,2028,884,1334,216,216,216,,,,,,,,,,,,,,,,,,,1866,3296,1622,1218,1634,216,1820,1968,546,380,812,216,,,,,,,,,,,,,,,,,,,,,,,,,,,,,,,,,,,,,,,,,,,,,,,,,,,,,,,,,,,,,,,,,,,,,,,,,,,,,,,,,,,,
ACSSF,2019m1,nc,000,0019,0000102,,,,,,,,,,,,,,,,,,,,,,,,,,,,,,,,,,,,,,,,,,,,,,,,,,,,,,,,,,,,,,,,,,,,,,,,,,,,,,,,,,,,,,,,,,,,,,,,,1.6,1.5,9.7,8.9,45.1,.,,,,,,,1625,1929,1887,2632,2141,2180,1215,628,774,1843,1166,830,503,332,296,174,216,174,,,,,,,,,,,,,,,,,,,2998,3065,991,1440,484,216,2493,2383,561,988,104,174,,,,,,,,,,,,,,,,,,,,,,,,,,,,,,,,,,,,,,,,,,,,,,,,,,,,,,,,,,,,,,,,,,,,,,,,,,,,,,,,,,,,
ACSSF,2019m1,nc,000,0019,0000103,,,,,,,,,,,,,,,,,,,,,,,,,,,,,,,,,,,,,,,,,,,,,,,,,,,,,,,,,,,,,,,,,,,,,,,,,,,,,,,,,,,,,,,,,,,,,,,,,0.7,1.7,5.0,8.1,3.4,53.8,,,,,,,730,1413,1264,3849,2147,2422,2412,1480,1324,2473,1404,1721,1352,1092,389,323,273,184,,,,,,,,,,,,,,,,,,,1023,1941,883,1022,479,250,1550,3246,2267,1752,278,206,,,,,,,,,,,,,,,,,,,,,,,,,,,,,,,,,,,,,,,,,,,,,,,,,,,,,,,,,,,,,,,,,,,,,,,,,,,,,,,,,,,,
ACSSF,2019m1,nc,000,0019,0000104,,,,,,,,,,,,,,,,,,,,,,,,,,,,,,,,,,,,,,,,,,,,,,,,,,,,,,,,,,,,,,,,,,,,,,,,,,,,,,,,,,,,,,,,,,,,,,,,,1.3,1.7,8.9,9.2,17.4,11.7,,,,,,,2011,1774,1928,2623,2217,2359,2400,1075,1713,2113,1212,1275,328,243,187,325,312,56,,,,,,,,,,,,,,,,,,,2311,2692,2046,982,332,324,1823,2406,1383,1811,80,216,,,,,,,,,,,,,,,,,,,,,,,,,,,,,,,,,,,,,,,,,,,,,,,,,,,,,,,,,,,,,,,,,,,,,,,,,,,,,,,,,,,,
ACSSF,2019m1,nc,000,0019,0000105,,,,,,,,,,,,,,,,,,,,,,,,,,,,,,,,,,,,,,,,,,,,,,,,,,,,,,,,,,,,,,,,,,,,,,,,,,,,,,,,,,,,,,,,,,,,,,,,,0.7,1.4,6.4,1.9,7.0,36.2,,,,,,,734,1153,1136,5440,3025,3436,3458,1198,2485,2720,1644,1707,2576,1588,1137,559,426,299,,,,,,,,,,,,,,,,,,,3690,5221,1701,2032,2518,573,,,,,,,,,,,,,,,,,,,,,,,,,,,,,,,,,,,,,,,,,,,,,,,,,,,,,,,,,,,,,,,,,,,,,,,,,,,,,,,,,,,,,,,,,,
ACSSF,2019m1,nc,000,0019,0000106,,,,,,,,,,,,,,,,,,,,,,,,,,,,,,,,,,,,,,,,,,,,,,,,,,,,,,,,,,,,,,,,,,,,,,,,,,,,,,,,,,,,,,,,,,,,,,,,,1.3,1.3,2.0,0.6,3.7,5.0,,,,,,,9393,5691,5781,8127,4744,5020,4863,3168,2589,2341,1398,1540,2180,870,1986,913,463,852,,,,,,,,,,,,,,,,,,,6445,5686,2797,1224,1135,304,5710,5723,3485,1871,1605,161,,,,,,,1844,1155,807,160,1123,708,,,,,,,,,,,,,,,,,,,,,,,,,,,,,,,,,,,,,,,,,,,,,,,,,,,,,,,,,,,,,,,,,,,,,,,,
ACSSF,2019m1,nc,000,0019,0000107,,,,,,,,,,,,,,,,,,,,,,,,,,,,,,,,,,,,,,,,,,,,,,,,,,,,,,,,,,,,,,,,,,,,,,,,,,,,,,,,,,,,,,,,,,,,,,,,,1.9,2.6,2.4,5.1,7.1,0.9,,,,,,,9222,5130,5809,9095,5071,5729,2708,1454,1633,1370,869,743,1423,647,981,396,100,306,,,,,,,,,,,,,,,,,,,7103,6945,1628,754,1057,201,5577,4831,1911,1052,745,216,,,,,,,,,,,,,,,,,,,,,,,,,,,,,,,,,,,,,,,,,,,,,,,,,,,,,,,,,,,,,,,,,,,,,,,,,,,,,,,,,,,,
ACSSF,2019m1,nc,000,0019,0000108,,,,,,,,,,,,,,,,,,,,,,,,,,,,,,,,,,,,,,,,,,,,,,,,,,,,,,,,,,,,,,,,,,,,,,,,,,,,,,,,,,,,,,,,,,,,,,,,,2.5,3.3,10.4,6.2,10.2,42.2,,,,,,,9620,5970,5108,9323,5321,5165,4158,2612,2399,1308,844,599,1728,1148,858,299,188,150,,,,,,,,,,,,,,,,,,,7727,7863,2593,1024,1348,299,,,,,,,,,,,,,,,,,,,,,,,,,,,,,,,,,,,,,,,,,,,,,,,,,,,,,,,,,,,,,,,,,,,,,,,,,,,,,,,,,,,,,,,,,,
ACSSF,2019m1,nc,000,0019,0000109,,,,,,,,,,,,,,,,,,,,,,,,,,,,,,,,,,,,,,,,,,,,,,,,,,,,,,,,,,,,,,,,,,,,,,,,,,,,,,,,,,,,,,,,,,,,,,,,,2.9,2.1,2.4,4.3,16.4,5.3,,,,,,,10750,6631,5782,9874,5754,5830,5169,2935,2998,2685,1313,1945,1039,388,952,1263,677,827,,,,,,,,,,,,,,,,,,,7195,6539,2840,1007,712,1117,8942,8378,3975,2369,951,155,,,,,,,,,,,,,,,,,,,,,,,,,,,,,,,,,,,,,,,,,,,,,,,,,,,,,,,,,,,,,,,,,,,,,,,,,,,,,,,,,,,,
ACSSF,2019m1,nc,000,0019,0000110,,,,,,,,,,,,,,,,,,,,,,,,,,,,,,,,,,,,,,,,,,,,,,,,,,,,,,,,,,,,,,,,,,,,,,,,,,,,,,,,,,,,,,,,,,,,,,,,,2.3,2.6,1.9,12.9,6.7,.,,,,,,,7081,4199,4732,6724,4122,3912,4911,2192,3272,1821,1560,1297,2467,1292,1309,75,216,75,,,,,,,,,,,,,,,,,,,7621,7237,3425,1569,2046,216,6258,5323,2340,1247,1571,216,,,,,,,,,,,,,,,,,,,,,,,,,,,,,,,,,,,,,,,,,,,,,,,,,,,,,,,,,,,,,,,,,,,,,,,,,,,,,,,,,,,,
ACSSF,2019m1,nc,000,0019,0000111,,,,,,,,,,,,,,,,,,,,,,,,,,,,,,,,,,,,,,,,,,,,,,,,,,,,,,,,,,,,,,,,,,,,,,,,,,,,,,,,,,,,,,,,,,,,,,,,,0.9,1.9,5.8,1.0,4.0,2.7,,,,,,,6873,3878,4311,7702,4599,3980,2530,1368,1415,2248,1400,1290,2275,1224,1434,2150,1112,1111,,,,,,,,,,,,,,,,,,,6864,6765,1700,746,1258,330,3005,2566,1023,1117,863,410,,,,,,,3867,3199,1344,417,1867,2011,,,,,,,,,,,,,,,,,,,,,,,,,,,,,,,,,,,,,,,,,,,,,,,,,,,,,,,,,,,,,,,,,,,,,,,,
ACSSF,2019m1,nc,000,0019,0000112,,,,,,,,,,,,,,,,,,,,,,,,,,,,,,,,,,,,,,,,,,,,,,,,,,,,,,,,,,,,,,,,,,,,,,,,,,,,,,,,,,,,,,,,,,,,,,,,,2.2,2.0,2.1,3.2,4.8,15.9,,,,,,,6226,3657,4046,6081,3488,3597,2424,1586,1276,1581,859,1244,1775,1197,976,484,347,217,,,,,,,,,,,,,,,,,,,5396,5035,2382,1154,1003,175,3217,2969,827,466,859,216,,,,,,,2940,2876,896,216,795,454,,,,,,,,,,,,,,,,,,,,,,,,,,,,,,,,,,,,,,,,,,,,,,,,,,,,,,,,,,,,,,,,,,,,,,,,
ACSSF,2019m1,nc,000,0019,0000113,,,,,,,,,,,,,,,,,,,,,,,,,,,,,,,,,,,,,,,,,,,,,,,,,,,,,,,,,,,,,,,,,,,,,,,,,,,,,,,,,,,,,,,,,,,,,,,,,1.6,2.0,3.1,0.6,4.1,45.7,,,,,,,4701,3743,3807,5768,4148,3674,3155,1549,1932,961,604,679,2112,1252,1135,572,294,297,,,,,,,,,,,,,,,,,,,5766,6154,2683,928,1749,168,,,,,,,,,,,,,3038,2629,990,216,811,288,,,,,,,,,,,,,,,,,,,,,,,,,,,,,,,,,,,,,,,,,,,,,,,,,,,,,,,,,,,,,,,,,,,,,,,,
ACSSF,2019m1,nc,000,0019,0000114,,,,,,,,,,,,,,,,,,,,,,,,,,,,,,,,,,,,,,,,,,,,,,,,,,,,,,,,,,,,,,,,,,,,,,,,,,,,,,,,,,,,,,,,,,,,,,,,,1.0,1.2,2.4,2.4,3.1,1.6,,,,,,,7618,4624,4652,7418,4637,4359,4771,1867,3308,2113,1296,1552,2098,1252,1174,1684,1225,588,,,,,,,,,,,,,,,,,,,5970,4737,3557,1249,1606,1614,6525,6694,3207,1666,588,25,,,,,,,1755,1946,455,493,401,337,,,,,,,,,,,,,,,,,,,,,,,,,,,,,,,,,,,,,,,,,,,,,,,,,,,,,,,,,,,,,,,,,,,,,,,,
ACSSF,2019m1,nc,000,0019,0000115,,,,,,,,,,,,,,,,,,,,,,,,,,,,,,,,,,,,,,,,,,,,,,,,,,,,,,,,,,,,,,,,,,,,,,,,,,,,,,,,,,,,,,,,,,,,,,,,,1.3,2.3,4.7,5.6,3.6,11.6,,,,,,,7575,4569,4696,7950,4765,4882,4503,2349,2574,1091,788,641,2218,1684,806,1465,873,944,,,,,,,,,,,,,,,,,,,5714,5377,1507,695,1181,1370,5680,6134,3349,897,1934,215,,,,,,,,,,,,,,,,,,,,,,,,,,,,,,,,,,,,,,,,,,,,,,,,,,,,,,,,,,,,,,,,,,,,,,,,,,,,,,,,,,,,
ACSSF,2019m1,nc,000,0019,0000116,,,,,,,,,,,,,,,,,,,,,,,,,,,,,,,,,,,,,,,,,,,,,,,,,,,,,,,,,,,,,,,,,,,,,,,,,,,,,,,,,,,,,,,,,,,,,,,,,0.6,1.8,1.4,1.0,2.9,3.5,,,,,,,362,959,935,4103,2173,3028,3171,1310,2577,2673,1602,1569,1919,1120,1099,1060,807,466,,,,,,,,,,,,,,,,,,,1033,3802,3004,2146,1782,787,1421,1401,1179,966,284,148,,,,,,,632,1276,248,699,350,746,,,,,,,,,,,,,,,,,,,,,,,,,,,,,,,,,,,,,,,,,,,,,,,,,,,,,,,,,,,,,,,,,,,,,,,,
ACSSF,2019m1,nc,000,0019,0000117,,,,,,,,,,,,,,,,,,,,,,,,,,,,,,,,,,,,,,,,,,,,,,,,,,,,,,,,,,,,,,,,,,,,,,,,,,,,,,,,,,,,,,,,,,,,,,,,,1.5,1.4,5.7,4.7,38.4,42.6,,,,,,,616,1575,1511,3472,2506,2288,1679,1003,831,2625,1590,1243,888,524,685,394,180,283,,,,,,,,,,,,,,,,,,,3444,4614,1579,2552,775,283,2552,2672,336,273,370,216,,,,,,,,,,,,,,,,,,,,,,,,,,,,,,,,,,,,,,,,,,,,,,,,,,,,,,,,,,,,,,,,,,,,,,,,,,,,,,,,,,,,
ACSSF,2019m1,nc,000,0019,0000118,,,,,,,,,,,,,,,,,,,,,,,,,,,,,,,,,,,,,,,,,,,,,,,,,,,,,,,,,,,,,,,,,,,,,,,,,,,,,,,,,,,,,,,,,,,,,,,,,0.6,1.6,4.0,1.7,11.4,17.2,,,,,,,828,959,1067,4609,2535,2869,3039,1437,2034,3266,2051,1415,1202,615,813,361,230,255,,,,,,,,,,,,,,,,,,,2984,4126,2562,2801,1211,230,2027,2138,1310,671,64,150,,,,,,,,,,,,,,,,,,,,,,,,,,,,,,,,,,,,,,,,,,,,,,,,,,,,,,,,,,,,,,,,,,,,,,,,,,,,,,,,,,,,
ACSSF,2019m1,nc,000,0019,0000119,,,,,,,,,,,,,,,,,,,,,,,,,,,,,,,,,,,,,,,,,,,,,,,,,,,,,,,,,,,,,,,,,,,,,,,,,,,,,,,,,,,,,,,,,,,,,,,,,2.4,2.8,3.9,0.8,7.2,9.2,,,,,,,7841,4196,4898,7283,3759,4871,4570,2571,2508,1263,824,738,1348,805,739,623,265,502,,,,,,,,,,,,,,,,,,,5210,4974,1699,1129,815,271,6276,6278,2961,478,484,486,,,,,,,,,,,,,,,,,,,,,,,,,,,,,,,,,,,,,,,,,,,,,,,,,,,,,,,,,,,,,,,,,,,,,,,,,,,,,,,,,,,,
ACSSF,2019m1,nc,000,0019,0000120,,,,,,,,,,,,,,,,,,,,,,,,,,,,,,,,,,,,,,,,,,,,,,,,,,,,,,,,,,,,,,,,,,,,,,,,,,,,,,,,,,,,,,,,,,,,,,,,,2.0,1.7,2.6,2.2,1.4,11.8,,,,,,,8252,4134,5374,8115,4337,4834,2907,1201,2376,1277,615,1088,1578,1081,761,682,473,361,,,,,,,,,,,,,,,,,,,4880,4766,1179,625,755,270,6185,5726,2604,838,1446,522,,,,,,,,,,,,,,,,,,,,,,,,,,,,,,,,,,,,,,,,,,,,,,,,,,,,,,,,,,,,,,,,,,,,,,,,,,,,,,,,,,,,
ACSSF,2019m1,nc,000,0019,0000121,,,,,,,,,,,,,,,,,,,,,,,,,,,,,,,,,,,,,,,,,,,,,,,,,,,,,,,,,,,,,,,,,,,,,,,,,,,,,,,,,,,,,,,,,,,,,,,,,1.7,2.6,7.3,13.5,3.3,.,,,,,,,9177,4799,5722,8842,4858,5586,2279,1345,1254,2209,896,1557,1107,811,586,274,274,216,,,,,,,,,,,,,,,,,,,5610,5456,1722,1500,1008,216,,,,,,,,,,,,,,,,,,,,,,,,,,,,,,,,,,,,,,,,,,,,,,,,,,,,,,,,,,,,,,,,,,,,,,,,,,,,,,,,,,,,,,,,,,
ACSSF,2019m1,nc,000,0019,0000122,,,,,,,,,,,,,,,,,,,,,,,,,,,,,,,,,,,,,,,,,,,,,,,,,,,,,,,,,,,,,,,,,,,,,,,,,,,,,,,,,,,,,,,,,,,,,,,,,1.8,2.2,2.3,2.4,5.1,4.3,,,,,,,5408,3905,3570,6973,4334,4185,4233,2624,2208,1809,1188,848,1269,742,726,863,510,473,,,,,,,,,,,,,,,,,,,5642,5364,2678,776,1029,676,4934,4721,2913,1333,595,115,,,,,,,,,,,,,,,,,,,,,,,,,,,,,,,,,,,,,,,,,,,,,,,,,,,,,,,,,,,,,,,,,,,,,,,,,,,,,,,,,,,,
ACSSF,2019m1,nc,000,0019,0000123,,,,,,,,,,,,,,,,,,,,,,,,,,,,,,,,,,,,,,,,,,,,,,,,,,,,,,,,,,,,,,,,,,,,,,,,,,,,,,,,,,,,,,,,,,,,,,,,,1.9,3.7,7.6,11.4,6.1,6.0,,,,,,,5904,3752,3722,5923,3446,3816,2074,1193,1259,1114,549,782,2251,1196,1239,257,195,171,,,,,,,,,,,,,,,,,,,5146,4596,1070,775,1253,147,4196,4305,1645,793,1840,216,,,,,,,,,,,,,,,,,,,,,,,,,,,,,,,,,,,,,,,,,,,,,,,,,,,,,,,,,,,,,,,,,,,,,,,,,,,,,,,,,,,,
ACSSF,2019m1,nc,000,0019,0000124,,,,,,,,,,,,,,,,,,,,,,,,,,,,,,,,,,,,,,,,,,,,,,,,,,,,,,,,,,,,,,,,,,,,,,,,,,,,,,,,,,,,,,,,,,,,,,,,,1.7,1.4,5.0,9.2,3.8,26.0,,,,,,,6899,4787,3885,7308,4605,4305,4441,1592,3567,1822,1008,953,803,567,523,466,126,447,,,,,,,,,,,,,,,,,,,7232,7418,1596,1537,671,63,5123,4782,3855,578,352,216,,,,,,,,,,,,,,,,,,,,,,,,,,,,,,,,,,,,,,,,,,,,,,,,,,,,,,,,,,,,,,,,,,,,,,,,,,,,,,,,,,,,
ACSSF,2019m1,nc,000,0019,0000125,,,,,,,,,,,,,,,,,,,,,,,,,,,,,,,,,,,,,,,,,,,,,,,,,,,,,,,,,,,,,,,,,,,,,,,,,,,,,,,,,,,,,,,,,,,,,,,,,1.9,1.8,5.7,8.8,22.7,42.7,,,,,,,4246,3423,2789,5397,3563,3311,3390,2123,1520,1370,852,792,1116,835,615,629,427,237,,,,,,,,,,,,,,,,,,,4842,5793,2940,1163,1027,586,,,,,,,,,,,,,,,,,,,,,,,,,,,,,,,,,,,,,,,,,,,,,,,,,,,,,,,,,,,,,,,,,,,,,,,,,,,,,,,,,,,,,,,,,,
ACSSF,2019m1,nc,000,0019,0000126,,,,,,,,,,,,,,,,,,,,,,,,,,,,,,,,,,,,,,,,,,,,,,,,,,,,,,,,,,,,,,,,,,,,,,,,,,,,,,,,,,,,,,,,,,,,,,,,,1.5,2.1,5.8,20.2,26.7,.,,,,,,,3727,2290,2243,3980,2433,2370,2419,1734,854,870,563,475,1017,792,290,216,216,216,,,,,,,,,,,,,,,,,,,3672,3986,2305,863,987,216,,,,,,,,,,,,,,,,,,,,,,,,,,,,,,,,,,,,,,,,,,,,,,,,,,,,,,,,,,,,,,,,,,,,,,,,,,,,,,,,,,,,,,,,,,
ACSSF,2019m1,nc,000,0019,0000127,,,,,,,,,,,,,,,,,,,,,,,,,,,,,,,,,,,,,,,,,,,,,,,,,,,,,,,,,,,,,,,,,,,,,,,,,,,,,,,,,,,,,,,,,,,,,,,,,1.0,1.4,3.6,10.6,6.2,.,,,,,,,267,1188,1184,4054,2289,2337,1963,854,1354,2395,1208,1544,1180,836,491,216,216,216,,,,,,,,,,,,,,,,,,,914,3355,1714,1922,1114,216,,,,,,,,,,,,,,,,,,,,,,,,,,,,,,,,,,,,,,,,,,,,,,,,,,,,,,,,,,,,,,,,,,,,,,,,,,,,,,,,,,,,,,,,,,
ACSSF,2019m1,nc,000,0019,0000128,,,,,,,,,,,,,,,,,,,,,,,,,,,,,,,,,,,,,,,,,,,,,,,,,,,,,,,,,,,,,,,,,,,,,,,,,,,,,,,,,,,,,,,,,,,,,,,,,0.8,0.9,10.0,8.1,15.8,25.7,,,,,,,691,1253,1537,3134,2097,2061,3169,1902,1538,1568,1349,647,944,574,653,435,271,335,,,,,,,,,,,,,,,,,,,1506,3080,2346,1033,876,207,,,,,,,,,,,,,,,,,,,,,,,,,,,,,,,,,,,,,,,,,,,,,,,,,,,,,,,,,,,,,,,,,,,,,,,,,,,,,,,,,,,,,,,,,,
ACSSF,2019m1,nc,000,0019,0000129,,,,,,,,,,,,,,,,,,,,,,,,,,,,,,,,,,,,,,,,,,,,,,,,,,,,,,,,,,,,,,,,,,,,,,,,,,,,,,,,,,,,,,,,,,,,,,,,,1.3,1.9,7.1,15.4,3.4,27.9,,,,,,,4961,3266,3199,6048,3847,3426,2260,1416,1376,2019,592,1839,1648,959,897,1207,558,680,,,,,,,,,,,,,,,,,,,5201,5685,1850,2014,1654,1195,,,,,,,,,,,,,,,,,,,,,,,,,,,,,,,,,,,,,,,,,,,,,,,,,,,,,,,,,,,,,,,,,,,,,,,,,,,,,,,,,,,,,,,,,,
ACSSF,2019m1,nc,000,0019,0000130,,,,,,,,,,,,,,,,,,,,,,,,,,,,,,,,,,,,,,,,,,,,,,,,,,,,,,,,,,,,,,,,,,,,,,,,,,,,,,,,,,,,,,,,,,,,,,,,,2.0,1.9,3.1,13.9,6.3,0.9,,,,,,,4934,2846,3144,5259,3113,3175,1721,1060,1037,938,711,458,934,504,545,305,60,298,,,,,,,,,,,,,,,,,,,5415,5710,1162,958,934,216,,,,,,,,,,,,,,,,,,,,,,,,,,,,,,,,,,,,,,,,,,,,,,,,,,,,,,,,,,,,,,,,,,,,,,,,,,,,,,,,,,,,,,,,,,
ACSSF,2019m1,nc,000,0019,0000131,,,,,,,,,,,,,,,,,,,,,,,,,,,,,,,,,,,,,,,,,,,,,,,,,,,,,,,,,,,,,,,,,,,,,,,,,,,,,,,,,,,,,,,,,,,,,,,,,2.1,1.7,3.3,13.3,28.7,11.0,,,,,,,3080,1733,2236,3917,2364,2629,1834,875,1492,1409,946,810,1367,715,858,229,216,66,,,,,,,,,,,,,,,,,,,3183,3636,1640,1391,1266,229,,,,,,,,,,,,,,,,,,,,,,,,,,,,,,,,,,,,,,,,,,,,,,,,,,,,,,,,,,,,,,,,,,,,,,,,,,,,,,,,,,,,,,,,,,
ACSSF,2019m1,nc,000,0019,0000132,,,,,,,,,,,,,,,,,,,,,,,,,,,,,,,,,,,,,,,,,,,,,,,,,,,,,,,,,,,,,,,,,,,,,,,,,,,,,,,,,,,,,,,,,,,,,,,,,1.2,1.8,8.5,1.8,13.1,155.5,,,,,,,3116,2176,1850,4283,2908,2206,2503,1506,1410,1527,928,1076,1832,1078,966,105,84,66,,,,,,,,,,,,,,,,,,,2825,4183,2502,1443,1750,91,,,,,,,,,,,,,,,,,,,,,,,,,,,,,,,,,,,,,,,,,,,,,,,,,,,,,,,,,,,,,,,,,,,,,,,,,,,,,,,,,,,,,,,,,,
ACSSF,2019m1,nc,000,0019,0000133,,,,,,,,,,,,,,,,,,,,,,,,,,,,,,,,,,,,,,,,,,,,,,,,,,,,,,,,,,,,,,,,,,,,,,,,,,,,,,,,,,,,,,,,,,,,,,,,,0.9,1.0,7.7,3.2,19.1,3.5,,,,,,,394,1247,1209,3414,2331,2382,2195,1504,1160,2870,1405,2180,1463,762,912,990,405,600,,,,,,,,,,,,,,,,,,,2550,3894,2189,2702,1379,975,1275,1351,95,359,469,216,,,,,,,,,,,,,,,,,,,,,,,,,,,,,,,,,,,,,,,,,,,,,,,,,,,,,,,,,,,,,,,,,,,,,,,,,,,,,,,,,,,,
ACSSF,2019m1,nc,000,0019,0000134,,,,,,,,,,,,,,,,,,,,,,,,,,,,,,,,,,,,,,,,,,,,,,,,,,,,,,,,,,,,,,,,,,,,,,,,,,,,,,,,,,,,,,,,,,,,,,,,,2.2,1.2,4.4,8.3,28.0,64.6,,,,,,,4529,2484,3288,5085,3026,3186,2423,1394,1487,1432,963,861,1685,920,933,258,216,258,,,,,,,,,,,,,,,,,,,3846,4606,2144,819,1504,258,3168,2825,1262,1176,290,216,,,,,,,,,,,,,,,,,,,,,,,,,,,,,,,,,,,,,,,,,,,,,,,,,,,,,,,,,,,,,,,,,,,,,,,,,,,,,,,,,,,,
ACSSF,2019m1,nc,000,0019,0000135,,,,,,,,,,,,,,,,,,,,,,,,,,,,,,,,,,,,,,,,,,,,,,,,,,,,,,,,,,,,,,,,,,,,,,,,,,,,,,,,,,,,,,,,,,,,,,,,,1.3,2.4,14.3,5.7,6.9,63.4,,,,,,,4505,2360,3230,5323,2660,3629,1986,1249,1243,1967,1263,1042,1367,758,826,176,117,132,,,,,,,,,,,,,,,,,,,3907,4661,1820,1839,1200,176,,,,,,,,,,,,,,,,,,,,,,,,,,,,,,,,,,,,,,,,,,,,,,,,,,,,,,,,,,,,,,,,,,,,,,,,,,,,,,,,,,,,,,,,,,
ACSSF,2019m1,nc,000,0019,0000136,,,,,,,,,,,,,,,,,,,,,,,,,,,,,,,,,,,,,,,,,,,,,,,,,,,,,,,,,,,,,,,,,,,,,,,,,,,,,,,,,,,,,,,,,,,,,,,,,0.7,1.7,3.8,6.1,14.6,19.9,,,,,,,1248,1418,1125,3689,2464,2161,3008,1866,1410,1821,1341,925,844,586,453,532,168,391,,,,,,,,,,,,,,,,,,,2180,4050,2750,1693,778,532,1319,1672,688,644,78,216,,,,,,,,,,,,,,,,,,,,,,,,,,,,,,,,,,,,,,,,,,,,,,,,,,,,,,,,,,,,,,,,,,,,,,,,,,,,,,,,,,,,
ACSSF,2019m1,nc,000,0019,0000137,,,,,,,,,,,,,,,,,,,,,,,,,,,,,,,,,,,,,,,,,,,,,,,,,,,,,,,,,,,,,,,,,,,,,,,,,,,,,,,,,,,,,,,,,,,,,,,,,1.3,1.1,6.7,5.0,6.4,21.9,,,,,,,3869,2607,2338,6107,3658,3052,3283,2466,1156,1998,1242,1074,1740,1257,818,617,350,284,,,,,,,,,,,,,,,,,,,3938,4996,3275,1818,1075,200,2704,2626,387,542,216,216,,,,,,,,,,,,,,,,,,,,,,,,,,,,,,,,,,,,,,,,,,,,,,,,,,,,,,,,,,,,,,,,,,,,,,,,,,,,,,,,,,,,
ACSSF,2019m1,nc,000,0019,0000138,,,,,,,,,,,,,,,,,,,,,,,,,,,,,,,,,,,,,,,,,,,,,,,,,,,,,,,,,,,,,,,,,,,,,,,,,,,,,,,,,,,,,,,,,,,,,,,,,2.3,2.5,7.2,2.1,2.7,.,,,,,,,3988,2712,2474,4152,2551,2745,2433,1428,1184,1876,925,1093,1352,989,566,75,75,216,,,,,,,,,,,,,,,,,,,3922,3883,1957,867,1345,75,2553,2160,1016,1633,251,216,,,,,,,,,,,,,,,,,,,,,,,,,,,,,,,,,,,,,,,,,,,,,,,,,,,,,,,,,,,,,,,,,,,,,,,,,,,,,,,,,,,,
ACSSF,2019m1,nc,000,0019,0000139,,,,,,,,,,,,,,,,,,,,,,,,,,,,,,,,,,,,,,,,,,,,,,,,,,,,,,,,,,,,,,,,,,,,,,,,,,,,,,,,,,,,,,,,,,,,,,,,,1.4,2.0,5.2,8.4,21.0,.,,,,,,,3984,2624,2683,5112,2685,3525,3104,1502,1967,1650,814,1103,1430,518,1019,216,216,216,,,,,,,,,,,,,,,,,,,4304,4525,2401,1211,944,216,3001,3468,1272,919,821,216,,,,,,,,,,,,,,,,,,,,,,,,,,,,,,,,,,,,,,,,,,,,,,,,,,,,,,,,,,,,,,,,,,,,,,,,,,,,,,,,,,,,
ACSSF,2019m1,nc,000,0019,0000140,,,,,,,,,,,,,,,,,,,,,,,,,,,,,,,,,,,,,,,,,,,,,,,,,,,,,,,,,,,,,,,,,,,,,,,,,,,,,,,,,,,,,,,,,,,,,,,,,1.2,1.6,1.7,1.6,1.3,12.4,,,,,,,7048,4278,4594,7293,3901,4755,3355,2060,1809,2392,1529,1499,1648,984,1074,930,708,549,,,,,,,,,,,,,,,,,,,3727,3489,1771,1189,1165,102,5797,5589,1911,1480,953,395,,,,,,,2557,2410,848,88,316,72,,,,,,,,,,,,,,,,,,,,,,,,,,,,,,,,,,,,,,,,,,,,,,,,,,,,,,,,,,,,,,,,,,,,,,,,
ACSSF,2019m1,nc,000,0019,0000141,,,,,,,,,,,,,,,,,,,,,,,,,,,,,,,,,,,,,,,,,,,,,,,,,,,,,,,,,,,,,,,,,,,,,,,,,,,,,,,,,,,,,,,,,,,,,,,,,1.8,2.0,2.6,15.5,6.6,0.6,,,,,,,9374,5171,5973,8906,5284,5261,2870,1588,1903,491,313,349,1411,711,921,931,650,355,,,,,,,,,,,,,,,,,,,2836,2550,728,233,512,216,8868,8528,2038,388,1234,907,,,,,,,,,,,,,,,,,,,,,,,,,,,,,,,,,,,,,,,,,,,,,,,,,,,,,,,,,,,,,,,,,,,,,,,,,,,,,,,,,,,,
ACSSF,2019m1,nc,000,0019,0000142,,,,,,,,,,,,,,,,,,,,,,,,,,,,,,,,,,,,,,,,,,,,,,,,,,,,,,,,,,,,,,,,,,,,,,,,,,,,,,,,,,,,,,,,,,,,,,,,,2.5,1.7,3.0,1.1,16.4,4.9,,,,,,,10023,5015,7235,9206,4488,6649,3017,1849,1690,1294,733,815,1804,1140,1093,1274,422,1077,,,,,,,,,,,,,,,,,,,3938,3942,876,908,430,906,7814,6811,2148,738,1622,136,,,,,,,3093,3001,472,276,747,261,,,,,,,,,,,,,,,,,,,,,,,,,,,,,,,,,,,,,,,,,,,,,,,,,,,,,,,,,,,,,,,,,,,,,,,,
ACSSF,2019m1,nc,000,0019,0000143,,,,,,,,,,,,,,,,,,,,,,,,,,,,,,,,,,,,,,,,,,,,,,,,,,,,,,,,,,,,,,,,,,,,,,,,,,,,,,,,,,,,,,,,,,,,,,,,,2.2,1.8,2.9,14.4,2.0,19.6,,,,,,,8504,4813,4947,7663,4293,4297,3161,1883,1823,547,346,349,3461,1871,2018,2253,865,1628,,,,,,,,,,,,,,,,,,,7811,7033,2754,525,2931,1652,3173,3075,797,216,760,216,,,,,,,2537,2391,623,216,807,481,,,,,,,,,,,,,,,,,,,,,,,,,,,,,,,,,,,,,,,,,,,,,,,,,,,,,,,,,,,,,,,,,,,,,,,,
ACSSF,2019m1,nc,000,0019,0000144,,,,,,,,,,,,,,,,,,,,,,,,,,,,,,,,,,,,,,,,,,,,,,,,,,,,,,,,,,,,,,,,,,,,,,,,,,,,,,,,,,,,,,,,,,,,,,,,,1.6,2.4,2.4,3.2,1.3,7.3,,,,,,,8862,5113,5503,8152,4373,4856,3475,2468,1764,2763,908,1952,3133,1957,1480,1163,1045,304,,,,,,,,,,,,,,,,,,,6800,6654,2212,350,2446,1116,6085,4872,3115,2726,1237,204,,,,,,,1680,1364,422,216,711,72,,,,,,,,,,,,,,,,,,,,,,,,,,,,,,,,,,,,,,,,,,,,,,,,,,,,,,,,,,,,,,,,,,,,,,,,
ACSSF,2019m1,nc,000,0019,0000145,,,,,,,,,,,,,,,,,,,,,,,,,,,,,,,,,,,,,,,,,,,,,,,,,,,,,,,,,,,,,,,,,,,,,,,,,,,,,,,,,,,,,,,,,,,,,,,,,1.6,1.5,5.0,7.3,11.0,31.7,,,,,,,7022,4619,4484,7469,4714,4627,2947,1351,1861,1343,910,726,1498,671,1025,765,457,411,,,,,,,,,,,,,,,,,,,5256,5705,2737,1139,1243,447,6394,6076,931,675,893,394,,,,,,,,,,,,,,,,,,,,,,,,,,,,,,,,,,,,,,,,,,,,,,,,,,,,,,,,,,,,,,,,,,,,,,,,,,,,,,,,,,,,
ACSSF,2019m1,nc,000,0019,0000146,,,,,,,,,,,,,,,,,,,,,,,,,,,,,,,,,,,,,,,,,,,,,,,,,,,,,,,,,,,,,,,,,,,,,,,,,,,,,,,,,,,,,,,,,,,,,,,,,1.6,2.2,2.5,2.0,25.2,7.2,,,,,,,7311,4456,4494,8093,4488,5064,3287,1882,1770,893,454,562,1669,843,914,696,659,196,,,,,,,,,,,,,,,,,,,4837,5070,1518,761,1155,125,6767,7149,2488,266,411,184,,,,,,,,,,,,,,,,,,,,,,,,,,,,,,,,,,,,,,,,,,,,,,,,,,,,,,,,,,,,,,,,,,,,,,,,,,,,,,,,,,,,
ACSSF,2019m1,nc,000,0019,0000147,,,,,,,,,,,,,,,,,,,,,,,,,,,,,,,,,,,,,,,,,,,,,,,,,,,,,,,,,,,,,,,,,,,,,,,,,,,,,,,,,,,,,,,,,,,,,,,,,1.8,1.5,2.4,4.9,3.8,27.4,,,,,,,9841,5735,5888,9225,4696,5730,3545,2828,1191,1437,611,1004,2215,1217,1225,672,381,397,,,,,,,,,,,,,,,,,,,6465,6543,2419,967,1959,216,7857,7395,2039,782,794,197,,,,,,,3320,2888,951,126,676,597,,,,,,,,,,,,,,,,,,,,,,,,,,,,,,,,,,,,,,,,,,,,,,,,,,,,,,,,,,,,,,,,,,,,,,,,
ACSSF,2019m1,nc,000,0019,0000148,,,,,,,,,,,,,,,,,,,,,,,,,,,,,,,,,,,,,,,,,,,,,,,,,,,,,,,,,,,,,,,,,,,,,,,,,,,,,,,,,,,,,,,,,,,,,,,,,1.4,1.3,7.1,11.5,13.6,13.9,,,,,,,5656,3607,3190,7611,4927,3715,3992,1933,2244,1613,893,1220,1314,574,811,265,217,81,,,,,,,,,,,,,,,,,,,5552,5662,2839,1387,1141,216,3630,3860,847,786,540,216,,,,,,,,,,,,,,,,,,,,,,,,,,,,,,,,,,,,,,,,,,,,,,,,,,,,,,,,,,,,,,,,,,,,,,,,,,,,,,,,,,,,
ACSSF,2019m1,nc,000,0019,0000149,,,,,,,,,,,,,,,,,,,,,,,,,,,,,,,,,,,,,,,,,,,,,,,,,,,,,,,,,,,,,,,,,,,,,,,,,,,,,,,,,,,,,,,,,,,,,,,,,2.1,2.7,5.3,5.6,13.4,.,,,,,,,5643,3343,3168,6098,3796,3195,2115,1158,1643,2122,1147,1200,1008,639,590,216,216,216,,,,,,,,,,,,,,,,,,,4254,4493,1057,1691,848,216,4314,4826,1438,1771,172,216,,,,,,,,,,,,,,,,,,,,,,,,,,,,,,,,,,,,,,,,,,,,,,,,,,,,,,,,,,,,,,,,,,,,,,,,,,,,,,,,,,,,
ACSSF,2019m1,nc,000,0019,0000150,,,,,,,,,,,,,,,,,,,,,,,,,,,,,,,,,,,,,,,,,,,,,,,,,,,,,,,,,,,,,,,,,,,,,,,,,,,,,,,,,,,,,,,,,,,,,,,,,1.0,1.3,2.4,2.7,16.2,47.4,,,,,,,921,1182,919,3917,2118,2410,2555,1373,1406,2760,1122,2168,1091,594,599,496,359,179,,,,,,,,,,,,,,,,,,,1613,3126,2308,1739,903,490,1513,1902,905,2063,280,111,,,,,,,,,,,,,,,,,,,,,,,,,,,,,,,,,,,,,,,,,,,,,,,,,,,,,,,,,,,,,,,,,,,,,,,,,,,,,,,,,,,,
ACSSF,2019m1,nc,000,0019,0000151,,,,,,,,,,,,,,,,,,,,,,,,,,,,,,,,,,,,,,,,,,,,,,,,,,,,,,,,,,,,,,,,,,,,,,,,,,,,,,,,,,,,,,,,,,,,,,,,,0.7,0.9,4.8,8.0,10.2,6.4,,,,,,,938,1067,970,3007,1824,2214,2485,1182,1594,1041,780,596,915,671,523,444,163,316,,,,,,,,,,,,,,,,,,,1207,2627,1722,946,909,444,,,,,,,,,,,,,,,,,,,,,,,,,,,,,,,,,,,,,,,,,,,,,,,,,,,,,,,,,,,,,,,,,,,,,,,,,,,,,,,,,,,,,,,,,,
ACSSF,2019m1,nc,000,0019,0000152,,,,,,,,,,,,,,,,,,,,,,,,,,,,,,,,,,,,,,,,,,,,,,,,,,,,,,,,,,,,,,,,,,,,,,,,,,,,,,,,,,,,,,,,,,,,,,,,,0.8,1.0,3.2,21.6,30.6,.,,,,,,,531,858,869,3899,2180,2476,4052,2064,2376,1906,1071,1203,546,392,237,124,124,216,,,,,,,,,,,,,,,,,,,2673,3686,3200,1645,439,124,1906,1528,2190,547,216,216,,,,,,,,,,,,,,,,,,,,,,,,,,,,,,,,,,,,,,,,,,,,,,,,,,,,,,,,,,,,,,,,,,,,,,,,,,,,,,,,,,,,
ACSSF,2019m1,nc,000,0019,0000153,,,,,,,,,,,,,,,,,,,,,,,,,,,,,,,,,,,,,,,,,,,,,,,,,,,,,,,,,,,,,,,,,,,,,,,,,,,,,,,,,,,,,,,,,,,,,,,,,1.5,1.8,11.8,16.2,20.3,8.8,,,,,,,747,1464,1457,3966,2637,2356,3346,2011,1602,1126,881,622,1644,1137,652,488,404,196,,,,,,,,,,,,,,,,,,,1567,3818,2991,1057,1631,488,1301,1356,635,498,124,216,,,,,,,,,,,,,,,,,,,,,,,,,,,,,,,,,,,,,,,,,,,,,,,,,,,,,,,,,,,,,,,,,,,,,,,,,,,,,,,,,,,,
ACSSF,2019m1,nc,000,0019,0000154,,,,,,,,,,,,,,,,,,,,,,,,,,,,,,,,,,,,,,,,,,,,,,,,,,,,,,,,,,,,,,,,,,,,,,,,,,,,,,,,,,,,,,,,,,,,,,,,,0.3,0.8,3.9,1.2,6.9,3.9,,,,,,,728,982,837,4246,2399,2370,2094,1340,1086,2408,1427,1300,1712,631,1196,429,213,356,,,,,,,,,,,,,,,,,,,2325,4031,1371,2112,1418,219,1775,2494,1371,825,143,335,,,,,,,,,,,,,,,,,,,,,,,,,,,,,,,,,,,,,,,,,,,,,,,,,,,,,,,,,,,,,,,,,,,,,,,,,,,,,,,,,,,,
ACSSF,2019m1,nc,000,0019,0000155,,,,,,,,,,,,,,,,,,,,,,,,,,,,,,,,,,,,,,,,,,,,,,,,,,,,,,,,,,,,,,,,,,,,,,,,,,,,,,,,,,,,,,,,,,,,,,,,,0.7,2.4,10.5,10.6,6.7,7.8,,,,,,,868,989,1073,2736,1888,1712,2293,1329,1197,1105,904,454,561,491,231,809,349,471,,,,,,,,,,,,,,,,,,,2350,2599,1122,852,474,802,1753,1993,1811,510,187,216,,,,,,,,,,,,,,,,,,,,,,,,,,,,,,,,,,,,,,,,,,,,,,,,,,,,,,,,,,,,,,,,,,,,,,,,,,,,,,,,,,,,
ACSSF,2019m1,nc,000,0019,0000156,,,,,,,,,,,,,,,,,,,,,,,,,,,,,,,,,,,,,,,,,,,,,,,,,,,,,,,,,,,,,,,,,,,,,,,,,,,,,,,,,,,,,,,,,,,,,,,,,2.0,1.5,5.5,7.4,8.8,21.0,,,,,,,914,1117,1180,3645,1869,2561,3097,1341,2025,1826,965,1069,1643,905,1296,281,189,240,,,,,,,,,,,,,,,,,,,1149,3003,2228,1393,1562,306,1063,2769,1812,1090,681,112,,,,,,,,,,,,,,,,,,,,,,,,,,,,,,,,,,,,,,,,,,,,,,,,,,,,,,,,,,,,,,,,,,,,,,,,,,,,,,,,,,,,
ACSSF,2019m1,nc,000,0019,0000157,,,,,,,,,,,,,,,,,,,,,,,,,,,,,,,,,,,,,,,,,,,,,,,,,,,,,,,,,,,,,,,,,,,,,,,,,,,,,,,,,,,,,,,,,,,,,,,,,2.6,3.2,1.0,11.8,16.5,.,,,,,,,6699,4065,3653,6747,3811,3858,3525,1902,2039,1637,1003,994,755,398,392,116,102,61,,,,,,,,,,,,,,,,,,,6799,6708,3081,1484,733,61,2743,2999,1586,467,5,216,,,,,,,,,,,,,,,,,,,,,,,,,,,,,,,,,,,,,,,,,,,,,,,,,,,,,,,,,,,,,,,,,,,,,,,,,,,,,,,,,,,,
ACSSF,2019m1,nc,000,0019,0000158,,,,,,,,,,,,,,,,,,,,,,,,,,,,,,,,,,,,,,,,,,,,,,,,,,,,,,,,,,,,,,,,,,,,,,,,,,,,,,,,,,,,,,,,,,,,,,,,,0.6,1.8,2.8,0.9,17.1,1.7,,,,,,,841,1642,1697,4781,2861,3434,3405,2080,2379,3966,2694,2115,2241,984,1563,753,446,631,,,,,,,,,,,,,,,,,,,1794,4047,3025,1911,1259,131,2407,4164,1601,2832,1014,619,,,,,,,,,,,,,,,,,,,,,,,,,,,,,,,,,,,,,,,,,,,,,,,,,,,,,,,,,,,,,,,,,,,,,,,,,,,,,,,,,,,,
ACSSF,2019m1,nc,000,0019,0000159,,,,,,,,,,,,,,,,,,,,,,,,,,,,,,,,,,,,,,,,,,,,,,,,,,,,,,,,,,,,,,,,,,,,,,,,,,,,,,,,,,,,,,,,,,,,,,,,,1.3,2.2,7.4,29.5,2.2,13.4,,,,,,,685,1498,1408,3006,1949,2057,2536,1520,1299,979,745,491,1731,1017,993,757,682,139,,,,,,,,,,,,,,,,,,,1127,2786,1773,775,1713,462,767,1681,1704,485,394,89,,,,,,,,,,,,,,,,,,,,,,,,,,,,,,,,,,,,,,,,,,,,,,,,,,,,,,,,,,,,,,,,,,,,,,,,,,,,,,,,,,,,
ACSSF,2019m1,nc,000,0019,0000160,,,,,,,,,,,,,,,,,,,,,,,,,,,,,,,,,,,,,,,,,,,,,,,,,,,,,,,,,,,,,,,,,,,,,,,,,,,,,,,,,,,,,,,,,,,,,,,,,0.9,1.2,10.4,6.0,22.5,.,,,,,,,1558,1430,1176,2893,1872,1981,1816,1036,974,1392,680,1026,927,422,698,76,216,76,,,,,,,,,,,,,,,,,,,1809,2842,1622,1117,815,216,1557,1774,417,772,317,216,,,,,,,,,,,,,,,,,,,,,,,,,,,,,,,,,,,,,,,,,,,,,,,,,,,,,,,,,,,,,,,,,,,,,,,,,,,,,,,,,,,,
ACSSF,2019m1,nc,000,0019,0000161,,,,,,,,,,,,,,,,,,,,,,,,,,,,,,,,,,,,,,,,,,,,,,,,,,,,,,,,,,,,,,,,,,,,,,,,,,,,,,,,,,,,,,,,,,,,,,,,,0.8,2.1,1.1,8.8,0.6,6.2,,,,,,,6532,3842,3799,7360,4896,4096,5279,3055,2595,2002,1416,797,4456,2955,2139,875,724,273,,,,,,,,,,,,,,,,,,,7040,6558,4878,1866,4142,690,2695,2918,1721,748,758,216,,,,,,,,,,,,,,,,,,,,,,,,,,,,,,,,,,,,,,,,,,,,,,,,,,,,,,,,,,,,,,,,,,,,,,,,,,,,,,,,,,,,
ACSSF,2019m1,nc,000,0019,0000162,,,,,,,,,,,,,,,,,,,,,,,,,,,,,,,,,,,,,,,,,,,,,,,,,,,,,,,,,,,,,,,,,,,,,,,,,,,,,,,,,,,,,,,,,,,,,,,,,1.8,2.1,9.9,2.2,18.9,.,,,,,,,4626,2701,3129,4830,2676,3452,2869,1540,1635,1408,964,729,1912,861,1126,33,33,216,,,,,,,,,,,,,,,,,,,4716,5031,2427,1131,1885,33,1889,1797,760,323,216,216,,,,,,,,,,,,,,,,,,,,,,,,,,,,,,,,,,,,,,,,,,,,,,,,,,,,,,,,,,,,,,,,,,,,,,,,,,,,,,,,,,,,
ACSSF,2019m1,nc,000,0019,0000163,,,,,,,,,,,,,,,,,,,,,,,,,,,,,,,,,,,,,,,,,,,,,,,,,,,,,,,,,,,,,,,,,,,,,,,,,,,,,,,,,,,,,,,,,,,,,,,,,1.4,2.3,1.5,1.0,9.9,30.4,,,,,,,4843,2815,3053,5671,3602,3047,2705,1739,1736,3221,2047,1826,1952,974,1203,162,114,131,,,,,,,,,,,,,,,,,,,4450,4790,2437,2073,1796,114,2492,2687,1016,1558,74,216,,,,,,,,,,,,,,,,,,,,,,,,,,,,,,,,,,,,,,,,,,,,,,,,,,,,,,,,,,,,,,,,,,,,,,,,,,,,,,,,,,,,
ACSSF,2019m1,nc,000,0019,0000164,,,,,,,,,,,,,,,,,,,,,,,,,,,,,,,,,,,,,,,,,,,,,,,,,,,,,,,,,,,,,,,,,,,,,,,,,,,,,,,,,,,,,,,,,,,,,,,,,0.4,0.9,8.3,12.4,8.3,33.8,,,,,,,488,1009,1132,3841,1955,2714,1946,867,1268,2618,1582,1325,2197,862,1619,288,174,127,,,,,,,,,,,,,,,,,,,1639,3711,1713,1629,2205,271,,,,,,,,,,,,,,,,,,,,,,,,,,,,,,,,,,,,,,,,,,,,,,,,,,,,,,,,,,,,,,,,,,,,,,,,,,,,,,,,,,,,,,,,,,
ACSSF,2019m1,nc,000,0019,0000165,,,,,,,,,,,,,,,,,,,,,,,,,,,,,,,,,,,,,,,,,,,,,,,,,,,,,,,,,,,,,,,,,,,,,,,,,,,,,,,,,,,,,,,,,,,,,,,,,1.6,1.8,7.9,9.0,13.7,28.1,,,,,,,2268,1529,1823,3236,1926,2320,2528,1159,1764,1035,663,570,1534,535,1067,329,223,141,,,,,,,,,,,,,,,,,,,1394,2448,1974,387,1527,114,2374,2314,689,817,41,216,,,,,,,,,,,,,,,,,,,,,,,,,,,,,,,,,,,,,,,,,,,,,,,,,,,,,,,,,,,,,,,,,,,,,,,,,,,,,,,,,,,,
ACSSF,2019m1,nc,000,0019,0000166,,,,,,,,,,,,,,,,,,,,,,,,,,,,,,,,,,,,,,,,,,,,,,,,,,,,,,,,,,,,,,,,,,,,,,,,,,,,,,,,,,,,,,,,,,,,,,,,,1.0,2.4,1.8,6.5,3.3,8.8,,,,,,,4546,2722,2990,4383,2667,2981,2926,1366,2066,1317,635,751,1364,749,891,810,469,426,,,,,,,,,,,,,,,,,,,3512,3376,1059,1144,1010,473,3971,3311,2308,553,749,629,,,,,,,,,,,,,,,,,,,,,,,,,,,,,,,,,,,,,,,,,,,,,,,,,,,,,,,,,,,,,,,,,,,,,,,,,,,,,,,,,,,,
ACSSF,2019m1,nc,000,0019,0000167,,,,,,,,,,,,,,,,,,,,,,,,,,,,,,,,,,,,,,,,,,,,,,,,,,,,,,,,,,,,,,,,,,,,,,,,,,,,,,,,,,,,,,,,,,,,,,,,,1.5,2.3,1.7,5.2,1.0,2.0,,,,,,,5003,3261,2792,4173,3004,2481,2081,1153,1457,1212,504,984,2141,1756,1016,1234,770,570,,,,,,,,,,,,,,,,,,,3996,3691,1324,782,1863,1241,3886,3521,1118,779,794,194,,,,,,,,,,,,,,,,,,,1291,1074,649,216,390,26,,,,,,,,,,,,,,,,,,,,,,,,,,,,,,,,,,,,,,,,,,,,,,,,,,,,,,,,,,,,
ACSSF,2019m1,nc,000,0019,0000168,,,,,,,,,,,,,,,,,,,,,,,,,,,,,,,,,,,,,,,,,,,,,,,,,,,,,,,,,,,,,,,,,,,,,,,,,,,,,,,,,,,,,,,,,,,,,,,,,1.5,2.4,2.1,2.7,3.2,25.8,,,,,,,6163,3612,3308,5889,3366,3263,2864,1776,1483,1558,968,731,2493,1307,1460,373,176,240,,,,,,,,,,,,,,,,,,,4367,4034,1786,546,2189,371,3701,4036,1798,1428,1085,156,,,,,,,,,,,,,,,,,,,,,,,,,,,,,,,,,,,,,,,,,,,,,,,,,,,,,,,,,,,,,,,,,,,,,,,,,,,,,,,,,,,,
ACSSF,2019m1,nc,000,0019,0000169,,,,,,,,,,,,,,,,,,,,,,,,,,,,,,,,,,,,,,,,,,,,,,,,,,,,,,,,,,,,,,,,,,,,,,,,,,,,,,,,,,,,,,,,,,,,,,,,,1.1,1.2,5.3,7.2,25.0,.,,,,,,,2252,1489,1496,2683,1717,1705,1367,747,826,798,484,448,499,302,307,221,216,221,,,,,,,,,,,,,,,,,,,2007,2127,639,388,261,207,1542,1677,581,538,243,216,1731,1829,755,246,216,216,,,,,,,,,,,,,,,,,,,,,,,,,,,,,,,,,,,,,,,,,,,,,,,,,,,,,,,,,,,,,,,,,,,,,,,,,,,,,,
ACSSF,2019m1,nc,000,0019,0000170,,,,,,,,,,,,,,,,,,,,,,,,,,,,,,,,,,,,,,,,,,,,,,,,,,,,,,,,,,,,,,,,,,,,,,,,,,,,,,,,,,,,,,,,,,,,,,,,,1.0,1.6,3.4,3.2,7.3,12.9,,,,,,,703,1592,1534,3765,2588,2302,2840,1603,1510,2196,1352,1263,1506,765,1240,111,42,86,,,,,,,,,,,,,,,,,,,1460,2611,2100,1366,932,78,2063,2904,1980,1683,1258,216,925,1170,731,243,341,216,,,,,,,,,,,,,,,,,,,,,,,,,,,,,,,,,,,,,,,,,,,,,,,,,,,,,,,,,,,,,,,,,,,,,,,,,,,,,,
ACSSF,2019m1,nc,000,0019,0000171,,,,,,,,,,,,,,,,,,,,,,,,,,,,,,,,,,,,,,,,,,,,,,,,,,,,,,,,,,,,,,,,,,,,,,,,,,,,,,,,,,,,,,,,,,,,,,,,,2.1,2.1,2.6,11.2,13.5,.,,,,,,,4814,3283,3039,5523,3534,3302,2965,1857,1545,1771,1389,810,1526,835,818,70,70,216,,,,,,,,,,,,,,,,,,,4867,4676,1496,983,645,70,3005,3073,2550,1499,232,216,,,,,,,,,,,,,,,,,,,,,,,,,,,,,,,,,,,,,,,,,,,,,,,,,,,,,,,,,,,,,,,,,,,,,,,,,,,,,,,,,,,,
ACSSF,2019m1,nc,000,0019,0000172,,,,,,,,,,,,,,,,,,,,,,,,,,,,,,,,,,,,,,,,,,,,,,,,,,,,,,,,,,,,,,,,,,,,,,,,,,,,,,,,,,,,,,,,,,,,,,,,,1.1,1.2,5.1,9.9,3.8,23.8,,,,,,,4786,3219,2725,5772,3145,3505,2230,1089,1425,3590,2143,1709,2276,1403,1071,249,216,249,,,,,,,,,,,,,,,,,,,4971,5557,2002,2859,2225,231,,,,,,,,,,,,,,,,,,,,,,,,,,,,,,,,,,,,,,,,,,,,,,,,,,,,,,,,,,,,,,,,,,,,,,,,,,,,,,,,,,,,,,,,,,
ACSSF,2019m1,nc,000,0019,0000173,,,,,,,,,,,,,,,,,,,,,,,,,,,,,,,,,,,,,,,,,,,,,,,,,,,,,,,,,,,,,,,,,,,,,,,,,,,,,,,,,,,,,,,,,,,,,,,,,0.5,0.9,1.4,2.8,1.9,6.7,,,,,,,3672,2783,1568,5891,3168,3878,4241,2116,2866,2479,1387,1484,3170,1768,1842,915,498,526,,,,,,,,,,,,,,,,,,,3775,4508,2316,1509,2612,592,3140,4071,3008,1701,1325,646,,,,,,,,,,,,,,,,,,,2492,2429,719,361,270,216,,,,,,,,,,,,,,,,,,,,,,,,,,,,,,,,,,,,,,,,,,,,,,,,,,,,,,,,,,,,
ACSSF,2019m1,nc,000,0019,0000174,,,,,,,,,,,,,,,,,,,,,,,,,,,,,,,,,,,,,,,,,,,,,,,,,,,,,,,,,,,,,,,,,,,,,,,,,,,,,,,,,,,,,,,,,,,,,,,,,0.6,1.8,2.8,0.9,17.1,1.7,,,,,,,841,1642,1697,4781,2861,3434,3405,2080,2379,3966,2694,2115,2241,984,1563,753,446,631,,,,,,,,,,,,,,,,,,,1794,4047,3025,1911,1259,131,2407,4164,1601,2832,1014,619,,,,,,,,,,,,,,,,,,,,,,,,,,,,,,,,,,,,,,,,,,,,,,,,,,,,,,,,,,,,,,,,,,,,,,,,,,,,,,,,,,,,
ACSSF,2019m1,nc,000,0019,0000175,,,,,,,,,,,,,,,,,,,,,,,,,,,,,,,,,,,,,,,,,,,,,,,,,,,,,,,,,,,,,,,,,,,,,,,,,,,,,,,,,,,,,,,,,,,,,,,,,0.6,1.6,4.0,1.6,11.4,17.2,,,,,,,809,949,1067,4609,2535,2869,3045,1442,2034,3265,2050,1414,1202,615,813,361,230,255,,,,,,,,,,,,,,,,,,,2985,4126,2568,2801,1211,230,2027,2138,1310,671,64,150,,,,,,,,,,,,,,,,,,,,,,,,,,,,,,,,,,,,,,,,,,,,,,,,,,,,,,,,,,,,,,,,,,,,,,,,,,,,,,,,,,,,
ACSSF,2019m1,nc,000,0019,0000176,,,,,,,,,,,,,,,,,,,,,,,,,,,,,,,,,,,,,,,,,,,,,,,,,,,,,,,,,,,,,,,,,,,,,,,,,,,,,,,,,,,,,,,,,,,,,,,,,0.4,0.9,8.3,12.4,8.3,33.8,,,,,,,488,1009,1132,3841,1955,2714,1946,867,1268,2618,1582,1325,2197,862,1619,288,174,127,,,,,,,,,,,,,,,,,,,1639,3711,1713,1629,2205,271,,,,,,,,,,,,,,,,,,,,,,,,,,,,,,,,,,,,,,,,,,,,,,,,,,,,,,,,,,,,,,,,,,,,,,,,,,,,,,,,,,,,,,,,,,
ACSSF,2019m1,nc,000,0019,0000177,,,,,,,,,,,,,,,,,,,,,,,,,,,,,,,,,,,,,,,,,,,,,,,,,,,,,,,,,,,,,,,,,,,,,,,,,,,,,,,,,,,,,,,,,,,,,,,,,1.5,0.9,5.9,7.7,4.8,40.8,,,,,,,3912,2903,2564,5156,3298,3418,3045,1892,1609,2013,871,1783,1713,1017,847,1252,553,748,,,,,,,,,,,,,,,,,,,3844,4950,2280,2017,1729,1190,,,,,,,,,,,,,,,,,,,,,,,,,,,,,,,,,,,,,,,,,,,,,,,,,,,,,,,,,,,,,,,,,,,,,,,,,,,,,,,,,,,,,,,,,,
ACSSF,2019m1,nc,000,0019,0000178,,,,,,,,,,,,,,,,,,,,,,,,,,,,,,,,,,,,,,,,,,,,,,,,,,,,,,,,,,,,,,,,,,,,,,,,,,,,,,,,,,,,,,,,,,,,,,,,,0.8,0.8,6.2,5.4,17.2,62.0,,,,,,,443,798,874,2487,1616,1459,2598,1576,1226,1045,620,640,967,574,681,250,250,216,,,,,,,,,,,,,,,,,,,1046,2113,1645,944,893,181,,,,,,,,,,,,,,,,,,,,,,,,,,,,,,,,,,,,,,,,,,,,,,,,,,,,,,,,,,,,,,,,,,,,,,,,,,,,,,,,,,,,,,,,,,
ACSSF,2019m1,nc,000,0019,0000179,,,,,,,,,,,,,,,,,,,,,,,,,,,,,,,,,,,,,,,,,,,,,,,,,,,,,,,,,,,,,,,,,,,,,,,,,,,,,,,,,,,,,,,,,,,,,,,,,1.3,1.2,6.5,4.4,8.6,.,,,,,,,3283,2473,2792,5161,3469,3232,4231,1928,2684,2514,1320,1722,1469,754,848,216,216,216,,,,,,,,,,,,,,,,,,,5249,5126,3013,2035,1181,216,4411,4679,1518,1597,540,216,,,,,,,,,,,,,,,,,,,,,,,,,,,,,,,,,,,,,,,,,,,,,,,,,,,,,,,,,,,,,,,,,,,,,,,,,,,,,,,,,,,,
ACSSF,2019m1,nc,000,0019,0000180,,,,,,,,,,,,,,,,,,,,,,,,,,,,,,,,,,,,,,,,,,,,,,,,,,,,,,,,,,,,,,,,,,,,,,,,,,,,,,,,,,,,,,,,,,,,,,,,,0.7,1.7,10.2,16.5,6.7,.,,,,,,,215,883,884,3677,1999,2126,1784,845,1144,1997,935,1324,991,591,464,216,216,216,,,,,,,,,,,,,,,,,,,892,3012,1726,1497,908,216,,,,,,,,,,,,,,,,,,,,,,,,,,,,,,,,,,,,,,,,,,,,,,,,,,,,,,,,,,,,,,,,,,,,,,,,,,,,,,,,,,,,,,,,,,
ACSSF,2019m1,nc,000,0019,0000181,,,,,,,,,,,,,,,,,,,,,,,,,,,,,,,,,,,,,,,,,,,,,,,,,,,,,,,,,,,,,,,,,,,,,,,,,,,,,,,,,,,,,,,,,,,,,,,,,0.5,1.3,9.6,6.8,22.5,.,,,,,,,405,610,542,2108,1217,1333,1693,1034,831,1192,480,970,867,416,604,216,216,216,,,,,,,,,,,,,,,,,,,744,2020,1547,982,736,216,,,,,,,,,,,,,,,,,,,,,,,,,,,,,,,,,,,,,,,,,,,,,,,,,,,,,,,,,,,,,,,,,,,,,,,,,,,,,,,,,,,,,,,,,,
ACSSF,2019m1,nc,000,0019,0000182,,,,,,,,,,,,,,,,,,,,,,,,,,,,,,,,,,,,,,,,,,,,,,,,,,,,,,,,,,,,,,,,,,,,,,,,,,,,,,,,,,,,,,,,,,,,,,,,,1.2,2.1,4.9,9.3,34.5,23.3,,,,,,,4121,2627,2481,4507,3013,2606,2817,1748,1265,1197,782,701,622,462,415,457,117,343,,,,,,,,,,,,,,,,,,,3862,4406,2595,1125,622,457,,,,,,,,,,,,,,,,,,,,,,,,,,,,,,,,,,,,,,,,,,,,,,,,,,,,,,,,,,,,,,,,,,,,,,,,,,,,,,,,,,,,,,,,,,
ACSSF,2019m1,nc,000,0019,0000183,,,,,,,,,,,,,,,,,,,,,,,,,,,,,,,,,,,,,,,,,,,,,,,,,,,,,,,,,,,,,,,,,,,,,,,,,,,,,,,,,,,,,,,,,,,,,,,,,1.0,3.9,0.5,0.7,3.3,3.7,,,,,,,3253,1849,2653,3840,2249,2441,2802,1155,2351,2104,1339,1167,1316,612,918,1024,761,466,,,,,,,,,,,,,,,,,,,3121,3492,2671,1515,1143,787,1746,1626,922,707,245,68,,,,,,,1118,1430,248,730,350,746,,,,,,,,,,,,,,,,,,,,,,,,,,,,,,,,,,,,,,,,,,,,,,,,,,,,,,,,,,,,,,,,,,,,,,,,
ACSSF,2019m1,nc,000,0019,0000184,,,,,,,,,,,,,,,,,,,,,,,,,,,,,,,,,,,,,,,,,,,,,,,,,,,,,,,,,,,,,,,,,,,,,,,,,,,,,,,,,,,,,,,,,,,,,,,,,1.0,1.5,7.8,19.5,7.7,8.7,,,,,,,493,1294,1342,2665,1753,1970,917,476,538,2285,1320,1102,542,499,251,379,180,257,,,,,,,,,,,,,,,,,,,3000,3713,837,2276,493,257,,,,,,,,,,,,,,,,,,,,,,,,,,,,,,,,,,,,,,,,,,,,,,,,,,,,,,,,,,,,,,,,,,,,,,,,,,,,,,,,,,,,,,,,,,
ACSSF,2019m1,nc,000,0019,0000185,,,,,,,,,,,,,,,,,,,,,,,,,,,,,,,,,,,,,,,,,,,,,,,,,,,,,,,,,,,,,,,,,,,,,,,,,,,,,,,,,,,,,,,,,,,,,,,,,1.9,2.0,5.5,5.5,9.9,.,,,,,,,448,667,516,2480,1657,1402,1358,995,1032,1443,1106,667,1420,590,923,14,216,14,,,,,,,,,,,,,,,,,,,1068,1875,1204,1194,1130,14,1879,2678,895,861,216,216,,,,,,,,,,,,,,,,,,,,,,,,,,,,,,,,,,,,,,,,,,,,,,,,,,,,,,,,,,,,,,,,,,,,,,,,,,,,,,,,,,,,
ACSSF,2019m1,nc,000,0019,0000186,,,,,,,,,,,,,,,,,,,,,,,,,,,,,,,,,,,,,,,,,,,,,,,,,,,,,,,,,,,,,,,,,,,,,,,,,,,,,,,,,,,,,,,,,,,,,,,,,1.6,1.3,4.8,8.6,16.5,.,,,,,,,4572,2195,2882,4663,2364,2870,2433,1099,1537,950,687,554,853,592,462,166,84,147,,,,,,,,,,,,,,,,,,,3851,4353,1654,936,853,166,,,,,,,,,,,,,,,,,,,,,,,,,,,,,,,,,,,,,,,,,,,,,,,,,,,,,,,,,,,,,,,,,,,,,,,,,,,,,,,,,,,,,,,,,,
ACSSF,2019m1,nc,000,0019,0000187,,,,,,,,,,,,,,,,,,,,,,,,,,,,,,,,,,,,,,,,,,,,,,,,,,,,,,,,,,,,,,,,,,,,,,,,,,,,,,,,,,,,,,,,,,,,,,,,,0.3,0.9,2.1,2.6,2.0,3.8,,,,,,,816,954,966,7576,4445,4307,6322,2855,4050,2296,1488,1688,2925,2078,1292,2113,1401,1075,,,,,,,,,,,,,,,,,,,3611,4883,3651,1426,1927,1963,2446,5857,4584,1781,1994,213,,,,,,,1592,1722,500,515,430,345,,,,,,,,,,,,,,,,,,,,,,,,,,,,,,,,,,,,,,,,,,,,,,,,,,,,,,,,,,,,,,,,,,,,,,,,
ACSSF,2019m1,nc,000,0019,0000188,,,,,,,,,,,,,,,,,,,,,,,,,,,,,,,,,,,,,,,,,,,,,,,,,,,,,,,,,,,,,,,,,,,,,,,,,,,,,,,,,,,,,,,,,,,,,,,,,0.5,0.6,3.3,7.9,2.0,40.6,,,,,,,1336,984,1034,6360,3372,4386,5380,2766,3590,2615,1366,1656,2708,1528,1619,761,457,503,,,,,,,,,,,,,,,,,,,3190,5905,3613,1980,1779,603,3526,5232,4292,1048,1910,216,,,,,,,788,1013,567,333,349,413,,,,,,,,,,,,,,,,,,,,,,,,,,,,,,,,,,,,,,,,,,,,,,,,,,,,,,,,,,,,,,,,,,,,,,,,
ACSSF,2019m1,nc,000,0019,0000189,,,,,,,,,,,,,,,,,,,,,,,,,,,,,,,,,,,,,,,,,,,,,,,,,,,,,,,,,,,,,,,,,,,,,,,,,,,,,,,,,,,,,,,,,,,,,,,,,1.2,2.7,10.9,5.2,5.4,.,,,,,,,68,1117,1108,2940,1984,1856,1732,822,1026,2566,1450,1325,769,692,230,75,75,216,,,,,,,,,,,,,,,,,,,1810,3003,1581,1992,465,216,,,,,,,,,,,,,,,,,,,,,,,,,,,,,,,,,,,,,,,,,,,,,,,,,,,,,,,,,,,,,,,,,,,,,,,,,,,,,,,,,,,,,,,,,,
ACSSF,2019m1,nc,000,0019,0000190,,,,,,,,,,,,,,,,,,,,,,,,,,,,,,,,,,,,,,,,,,,,,,,,,,,,,,,,,,,,,,,,,,,,,,,,,,,,,,,,,,,,,,,,,,,,,,,,,0.6,1.4,4.6,3.0,5.6,.,,,,,,,736,1071,1164,4874,2491,3352,3736,1921,2282,2793,1290,1782,1992,1131,1120,75,75,216,,,,,,,,,,,,,,,,,,,1920,3400,2893,1587,1671,75,1492,2904,1508,2107,856,216,,,,,,,,,,,,,,,,,,,,,,,,,,,,,,,,,,,,,,,,,,,,,,,,,,,,,,,,,,,,,,,,,,,,,,,,,,,,,,,,,,,,
ACSSF,2019m1,nc,000,0019,0000191,,,,,,,,,,,,,,,,,,,,,,,,,,,,,,,,,,,,,,,,,,,,,,,,,,,,,,,,,,,,,,,,,,,,,,,,,,,,,,,,,,,,,,,,,,,,,,,,,0.5,0.7,2.0,2.4,1.4,9.5,,,,,,,1197,1283,1238,8539,5009,4745,7251,3770,4391,3315,1624,2183,2604,1676,1335,1251,790,678,,,,,,,,,,,,,,,,,,,3940,4987,3817,2244,1676,761,4003,7245,4914,2288,1711,728,,,,,,,1277,1567,782,147,551,439,,,,,,,,,,,,,,,,,,,,,,,,,,,,,,,,,,,,,,,,,,,,,,,,,,,,,,,,,,,,,,,,,,,,,,,,
ACSSF,2019m1,nc,000,0019,0000192,,,,,,,,,,,,,,,,,,,,,,,,,,,,,,,,,,,,,,,,,,,,,,,,,,,,,,,,,,,,,,,,,,,,,,,,,,,,,,,,,,,,,,,,,,,,,,,,,0.3,0.8,3.9,1.2,6.9,3.9,,,,,,,728,982,837,4246,2399,2370,2094,1340,1086,2408,1427,1300,1712,631,1196,429,213,356,,,,,,,,,,,,,,,,,,,2325,4031,1371,2112,1418,219,1775,2494,1371,825,143,335,,,,,,,,,,,,,,,,,,,,,,,,,,,,,,,,,,,,,,,,,,,,,,,,,,,,,,,,,,,,,,,,,,,,,,,,,,,,,,,,,,,,
ACSSF,2019m1,nc,000,0019,0000193,,,,,,,,,,,,,,,,,,,,,,,,,,,,,,,,,,,,,,,,,,,,,,,,,,,,,,,,,,,,,,,,,,,,,,,,,,,,,,,,,,,,,,,,,,,,,,,,,0.6,1.3,10.5,4.5,21.0,.,,,,,,,321,1016,988,3002,1879,2228,1478,877,928,2819,1380,2156,1190,641,742,133,42,129,,,,,,,,,,,,,,,,,,,2324,3720,1473,2657,1087,42,,,,,,,,,,,,,,,,,,,,,,,,,,,,,,,,,,,,,,,,,,,,,,,,,,,,,,,,,,,,,,,,,,,,,,,,,,,,,,,,,,,,,,,,,,
ACSSF,2019m1,nc,000,0019,0000194,,,,,,,,,,,,,,,,,,,,,,,,,,,,,,,,,,,,,,,,,,,,,,,,,,,,,,,,,,,,,,,,,,,,,,,,,,,,,,,,,,,,,,,,,,,,,,,,,1.1,1.6,5.9,7.2,7.1,21.7,,,,,,,2639,1879,2004,5765,3483,3009,3705,2831,1207,1921,1234,954,1236,626,764,615,346,284,,,,,,,,,,,,,,,,,,,3412,4884,3690,1829,937,192,2435,2430,363,364,216,216,,,,,,,,,,,,,,,,,,,,,,,,,,,,,,,,,,,,,,,,,,,,,,,,,,,,,,,,,,,,,,,,,,,,,,,,,,,,,,,,,,,,
ACSSF,2019m1,nc,000,0019,0000195,,,,,,,,,,,,,,,,,,,,,,,,,,,,,,,,,,,,,,,,,,,,,,,,,,,,,,,,,,,,,,,,,,,,,,,,,,,,,,,,,,,,,,,,,,,,,,,,,0.7,1.4,6.4,1.9,7.0,36.2,,,,,,,734,1153,1136,5440,3025,3436,3458,1198,2485,2720,1644,1707,2576,1588,1137,559,426,299,,,,,,,,,,,,,,,,,,,3690,5221,1701,2032,2518,573,,,,,,,,,,,,,,,,,,,,,,,,,,,,,,,,,,,,,,,,,,,,,,,,,,,,,,,,,,,,,,,,,,,,,,,,,,,,,,,,,,,,,,,,,,
ACSSF,2019m1,nc,000,0019,0000196,,,,,,,,,,,,,,,,,,,,,,,,,,,,,,,,,,,,,,,,,,,,,,,,,,,,,,,,,,,,,,,,,,,,,,,,,,,,,,,,,,,,,,,,,,,,,,,,,1.0,1.2,19.6,12.6,24.1,.,,,,,,,490,715,747,2311,1439,1459,1644,900,1192,1139,738,731,651,568,192,177,117,132,,,,,,,,,,,,,,,,,,,732,2315,1462,1068,651,177,,,,,,,,,,,,,,,,,,,,,,,,,,,,,,,,,,,,,,,,,,,,,,,,,,,,,,,,,,,,,,,,,,,,,,,,,,,,,,,,,,,,,,,,,,
ACSSF,2019m1,nc,000,0019,0000197,,,,,,,,,,,,,,,,,,,,,,,,,,,,,,,,,,,,,,,,,,,,,,,,,,,,,,,,,,,,,,,,,,,,,,,,,,,,,,,,,,,,,,,,,,,,,,,,,0.2,0.5,0.7,1.2,0.9,3.0,,,,,,,2507,1954,1761,12618,7074,7419,9002,5889,4730,4732,2591,2943,6219,3535,3448,3235,1814,2008,,,,,,,,,,,,,,,,,,,7421,10667,6407,2427,4949,2274,4479,7412,6343,3481,2932,1103,,,,,,,2628,3165,1723,298,1514,870,,,,,,,7702,6729,2848,149,1097,1362,,,,,,,,,,,,,,,,,,,,,,,,,,,,,,,,,,,,,,,,,,,,,,,,,,,,,,,,,,,,
ACSSF,2019m1,nc,000,0019,0000198,,,,,,,,,,,,,,,,,,,,,,,,,,,,,,,,,,,,,,,,,,,,,,,,,,,,,,,,,,,,,,,,,,,,,,,,,,,,,,,,,,,,,,,,,,,,,,,,,1.5,2.6,13.3,12.7,17.4,8.8,,,,,,,498,882,837,3764,2292,1909,3309,1966,1605,1014,700,607,1639,1137,658,488,404,196,,,,,,,,,,,,,,,,,,,1377,3746,2946,1013,1626,488,896,1133,636,448,124,216,,,,,,,,,,,,,,,,,,,,,,,,,,,,,,,,,,,,,,,,,,,,,,,,,,,,,,,,,,,,,,,,,,,,,,,,,,,,,,,,,,,,
ACSSF,2019m1,nc,000,0019,0000199,,,,,,,,,,,,,,,,,,,,,,,,,,,,,,,,,,,,,,,,,,,,,,,,,,,,,,,,,,,,,,,,,,,,,,,,,,,,,,,,,,,,,,,,,,,,,,,,,1.3,2.0,6.1,9.1,6.6,.,,,,,,,2104,1932,1606,3709,2387,2101,2438,1430,1331,2393,1315,1715,1297,1062,350,311,250,184,,,,,,,,,,,,,,,,,,,1053,1869,887,911,383,250,2243,3162,1900,1750,269,184,,,,,,,,,,,,,,,,,,,,,,,,,,,,,,,,,,,,,,,,,,,,,,,,,,,,,,,,,,,,,,,,,,,,,,,,,,,,,,,,,,,,
ACSSF,2019m1,nc,000,0019,0000200,,,,,,,,,,,,,,,,,,,,,,,,,,,,,,,,,,,,,,,,,,,,,,,,,,,,,,,,,,,,,,,,,,,,,,,,,,,,,,,,,,,,,,,,,,,,,,,,,1.3,2.2,7.4,29.5,2.2,13.4,,,,,,,685,1498,1408,3006,1949,2057,2536,1520,1299,979,745,491,1731,1017,993,757,682,139,,,,,,,,,,,,,,,,,,,1127,2786,1773,775,1713,462,767,1681,1704,485,394,89,,,,,,,,,,,,,,,,,,,,,,,,,,,,,,,,,,,,,,,,,,,,,,,,,,,,,,,,,,,,,,,,,,,,,,,,,,,,,,,,,,,,
ACSSF,2019m1,nc,000,0019,0000201,,,,,,,,,,,,,,,,,,,,,,,,,,,,,,,,,,,,,,,,,,,,,,,,,,,,,,,,,,,,,,,,,,,,,,,,,,,,,,,,,,,,,,,,,,,,,,,,,0.5,1.6,1.5,2.0,7.6,30.4,,,,,,,964,1041,1048,5121,3007,3189,3502,2167,2136,3305,2076,1924,2506,1201,1476,162,114,131,,,,,,,,,,,,,,,,,,,2343,4987,3203,2109,2365,114,1832,2298,1155,1588,74,216,,,,,,,,,,,,,,,,,,,2031,1244,344,1182,350,68,,,,,,,,,,,,,,,,,,,,,,,,,,,,,,,,,,,,,,,,,,,,,,,,,,,,,,,,,,,,
ACSSF,2019m1,nc,000,0019,0000202,,,,,,,,,,,,,,,,,,,,,,,,,,,,,,,,,,,,,,,,,,,,,,,,,,,,,,,,,,,,,,,,,,,,,,,,,,,,,,,,,,,,,,,,,,,,,,,,,0.7,1.4,2.1,6.8,2.5,14.1,,,,,,,3524,3257,1909,7145,4407,4041,5434,3104,2867,1907,1299,754,4166,2504,1957,642,511,172,,,,,,,,,,,,,,,,,,,4206,6467,5280,1786,3967,642,2465,2609,1336,860,677,216,,,,,,,,,,,,,,,,,,,,,,,,,,,,,,,,,,,,,,,,,,,,,,,,,,,,,,,,,,,,,,,,,,,,,,,,,,,,,,,,,,,,
ACSSF,2019m1,nc,000,0019,0000203,,,,,,,,,,,,,,,,,,,,,,,,,,,,,,,,,,,,,,,,,,,,,,,,,,,,,,,,,,,,,,,,,,,,,,,,,,,,,,,,,,,,,,,,,,,,,,,,,2.1,1.1,3.4,17.5,39.4,.,,,,,,,2796,1707,1919,4025,2426,2431,3348,1922,1696,1854,999,1207,521,381,208,124,124,216,,,,,,,,,,,,,,,,,,,3459,3997,2947,1629,417,124,,,,,,,,,,,,,,,,,,,,,,,,,,,,,,,,,,,,,,,,,,,,,,,,,,,,,,,,,,,,,,,,,,,,,,,,,,,,,,,,,,,,,,,,,,
ACSSF,2019m1,nc,000,0019,0000204,,,,,,,,,,,,,,,,,,,,,,,,,,,,,,,,,,,,,,,,,,,,,,,,,,,,,,,,,,,,,,,,,,,,,,,,,,,,,,,,,,,,,,,,,,,,,,,,,0.4,0.5,4.1,2.9,24.7,23.1,,,,,,,467,714,703,1765,1217,1249,1541,771,980,1058,638,523,493,294,307,265,142,221,,,,,,,,,,,,,,,,,,,1607,1778,656,387,261,207,496,1084,724,839,246,216,890,1242,860,313,216,142,,,,,,,,,,,,,,,,,,,,,,,,,,,,,,,,,,,,,,,,,,,,,,,,,,,,,,,,,,,,,,,,,,,,,,,,,,,,,,
ACSSF,2019m1,nc,000,0019,0000205,,,,,,,,,,,,,,,,,,,,,,,,,,,,,,,,,,,,,,,,,,,,,,,,,,,,,,,,,,,,,,,,,,,,,,,,,,,,,,,,,,,,,,,,,,,,,,,,,0.7,1.7,7.2,6.2,40.1,0.7,,,,,,,370,603,481,4092,2072,2575,3456,1493,2261,1557,1126,558,1767,1145,671,300,202,104,,,,,,,,,,,,,,,,,,,1294,2989,2234,1564,589,300,,,,,,,,,,,,,,,,,,,,,,,,,,,,,,,,,,,,,,,,,,,,,,,,,,,,,,,,,,,,,,,,,,,,,,,,,,,,,,,,,,,,,,,,,,
ACSSF,2019m1,nc,000,0019,0000206,,,,,,,,,,,,,,,,,,,,,,,,,,,,,,,,,,,,,,,,,,,,,,,,,,,,,,,,,,,,,,,,,,,,,,,,,,,,,,,,,,,,,,,,,,,,,,,,,1.2,1.3,2.2,4.2,20.5,47.4,,,,,,,3000,2255,1524,4337,2594,2385,2561,1362,1406,2408,939,2189,1072,580,586,496,359,179,,,,,,,,,,,,,,,,,,,2797,3808,2308,1588,903,490,1930,1961,861,2189,250,111,,,,,,,,,,,,,,,,,,,,,,,,,,,,,,,,,,,,,,,,,,,,,,,,,,,,,,,,,,,,,,,,,,,,,,,,,,,,,,,,,,,,
ACSSF,2019m1,nc,000,0019,0000207,,,,,,,,,,,,,,,,,,,,,,,,,,,,,,,,,,,,,,,,,,,,,,,,,,,,,,,,,,,,,,,,,,,,,,,,,,,,,,,,,,,,,,,,,,,,,,,,,1.2,1.0,10.4,10.3,48.8,64.6,,,,,,,474,823,816,2819,1565,1746,2227,1321,1129,765,448,483,1304,792,694,258,216,258,,,,,,,,,,,,,,,,,,,640,2304,2020,557,1165,258,,,,,,,,,,,,,,,,,,,,,,,,,,,,,,,,,,,,,,,,,,,,,,,,,,,,,,,,,,,,,,,,,,,,,,,,,,,,,,,,,,,,,,,,,,
ACSSF,2019m1,nc,000,0019,0000208,,,,,,,,,,,,,,,,,,,,,,,,,,,,,,,,,,,,,,,,,,,,,,,,,,,,,,,,,,,,,,,,,,,,,,,,,,,,,,,,,,,,,,,,,,,,,,,,,0.7,0.8,3.7,9.2,4.8,29.3,,,,,,,633,792,930,5704,3185,3166,3568,1899,2127,3812,2467,1708,2306,1394,1195,258,70,249,,,,,,,,,,,,,,,,,,,2997,4619,2259,2952,2247,241,1560,2621,2529,1889,232,82,,,,,,,,,,,,,,,,,,,,,,,,,,,,,,,,,,,,,,,,,,,,,,,,,,,,,,,,,,,,,,,,,,,,,,,,,,,,,,,,,,,,
ACSSF,2019m1,nc,000,0019,0000209,,,,,,,,,,,,,,,,,,,,,,,,,,,,,,,,,,,,,,,,,,,,,,,,,,,,,,,,,,,,,,,,,,,,,,,,,,,,,,,,,,,,,,,,,,,,,,,,,0.3,0.4,1.0,0.8,2.0,5.5,,,,,,,2099,1519,1477,10903,6613,6994,9527,5614,5963,5976,3672,3614,5930,3163,3679,3077,1696,1646,,,,,,,,,,,,,,,,,,,6482,10961,7434,2955,3969,1281,4797,8137,6915,4174,3498,460,,,,,,,1695,3855,2390,571,2440,2345,,,,,,,6265,6108,1603,670,256,688,,,,,,,,,,,,,,,,,,,,,,,,,,,,,,,,,,,,,,,,,,,,,,,,,,,,,,,,,,,,
ACSSF,2019m1,nc,000,0019,0000210,,,,,,,,,,,,,,,,,,,,,,,,,,,,,,,,,,,,,,,,,,,,,,,,,,,,,,,,,,,,,,,,,,,,,,,,,,,,,,,,,,,,,,,,,,,,,,,,,2.0,1.4,5.5,7.4,8.8,21.0,,,,,,,945,1138,1176,3672,1887,2568,3097,1341,2025,1826,965,1069,1643,905,1296,281,189,240,,,,,,,,,,,,,,,,,,,1164,3009,2228,1393,1562,306,1063,2769,1812,1090,681,112,,,,,,,,,,,,,,,,,,,,,,,,,,,,,,,,,,,,,,,,,,,,,,,,,,,,,,,,,,,,,,,,,,,,,,,,,,,,,,,,,,,,
ACSSF,2019m1,nc,000,0019,0000211,,,,,,,,,,,,,,,,,,,,,,,,,,,,,,,,,,,,,,,,,,,,,,,,,,,,,,,,,,,,,,,,,,,,,,,,,,,,,,,,,,,,,,,,,,,,,,,,,1.0,1.5,18.1,21.0,35.2,35.6,,,,,,,399,844,889,1436,904,1344,1247,645,736,532,240,376,376,288,143,271,144,236,,,,,,,,,,,,,,,,,,,1115,1785,1218,436,333,271,,,,,,,,,,,,,,,,,,,,,,,,,,,,,,,,,,,,,,,,,,,,,,,,,,,,,,,,,,,,,,,,,,,,,,,,,,,,,,,,,,,,,,,,,,
ACSSF,2019m1,nc,000,0019,0000212,,,,,,,,,,,,,,,,,,,,,,,,,,,,,,,,,,,,,,,,,,,,,,,,,,,,,,,,,,,,,,,,,,,,,,,,,,,,,,,,,,,,,,,,,,,,,,,,,1.5,1.6,7.7,1.3,35.9,11.7,,,,,,,407,1209,1179,2324,1740,2192,1712,802,1329,1965,971,1245,287,194,187,325,312,56,,,,,,,,,,,,,,,,,,,1702,1956,1081,832,289,324,745,1981,1332,1740,39,216,,,,,,,,,,,,,,,,,,,,,,,,,,,,,,,,,,,,,,,,,,,,,,,,,,,,,,,,,,,,,,,,,,,,,,,,,,,,,,,,,,,,
