ACSSF,2019m1,nc,000,0053,0000001,4784,2614,671,1893,1371,1583,4114,6911,3856,1452,2198,1677,2500,5439,2128,1480,372,740,705,297,1194,16125,7574,2136,5605,2807,2927,10994,16427,10725,2931,5917,3400,3808,8674,4949,11677,5826,6553,6379,10255,12027,3734,7367,3922,4754,4657,5151,7127
ACSSF,2019m1,nc,000,0053,0000002,4314,2238,541,1562,983,1285,3627,7863,4069,1430,2200,1687,2417,5721,1306,667,372,266,144,279,976,15025,7045,1899,5090,2411,2636,10036,14379,8965,2453,5497,2680,3121,7889,26556,13965,4823,8385,5771,8089,21579,10827,8289,3325,5058,4124,4464,7786
ACSSF,2019m1,nc,000,0053,0000003,4635,2226,507,1428,1084,972,3438,5967,1973,672,861,890,799,4690,,,,,,,,8449,4198,811,2504,1716,1274,5587,6891,4519,1434,2607,1732,1822,4249,26817,13515,3813,8047,5005,6885,20672,10855,6841,1687,4172,2939,2567,7384
ACSSF,2019m1,nc,000,0053,0000004,4830,2668,675,1814,1360,1588,4193,6558,3890,1453,2191,1657,2523,5142,2139,1480,372,740,705,297,1191,15694,7306,2109,5341,2803,2748,10904,16283,10782,2898,6059,3394,3821,8425,5525,11644,5809,6134,5936,10006,12388,4310,7268,3704,4545,4510,4820,6655
ACSSF,2019m1,nc,000,0053,0000005,3808,2264,363,1575,877,1406,3186,6339,3845,1475,2187,1644,2550,5000,1998,1425,345,728,705,225,1036,14872,7196,2034,5080,2764,2604,10036,15087,10055,2545,5671,3222,3604,7886,5094,10005,5095,5578,5207,8798,10744,3592,6466,3540,4150,4171,4678,5891
ACSSF,2019m1,nc,000,0053,0000006,2809,1598,304,850,392,1138,2347,6535,3611,1079,1841,1369,2280,5254,,,,,,,,12568,5868,1562,3792,2049,2122,8393,10592,6076,2064,3649,2155,1806,6058,16906,7172,3270,5438,4046,6108,15200,12057,8220,2593,4582,3357,3702,7316
ACSSF,2019m1,nc,000,0053,0000007,3350,1727,125,1324,839,804,2685,5693,2639,902,1179,1152,1573,4477,,,,,,,,9599,4864,1317,3260,2097,1743,6129,9973,7060,1591,3895,2355,3025,5062,16689,10613,4292,6299,5643,7561,15729,12084,7120,2550,4703,3728,3075,8972
ACSSF,2019m1,nc,000,0053,0000008,2270,1345,614,783,858,823,1999,2004,943,181,737,454,499,1382,,,,,,,,4053,2423,239,1824,1096,813,3172,3524,2457,916,1228,1169,916,2165,3681,4668,2486,2663,2342,3657,4695,1771,2505,1055,2312,1433,1307,2225
ACSSF,2019m1,nc,000,0053,0000009,1969,1092,82,596,454,272,1405,1170,583,129,462,154,455,863,,,,,,,,3003,1273,239,1025,125,592,2214,1931,1315,485,821,730,503,1154,9131,4163,1130,2503,1261,2258,7500,3788,2330,643,1303,892,1175,2969
ACSSF,2019m1,nc,000,0053,0000010,2550,1554,601,928,826,755,1902,1716,729,130,579,421,297,1189,,,,,,,,3939,2123,9,1503,1087,495,2845,2866,1921,740,1063,923,763,1903,9755,5143,2189,3022,2345,3418,8287,3964,2580,895,2227,1103,951,3499
ACSSF,2019m1,nc,000,0053,0000011,1257,675,161,423,253,304,873,1645,841,58,208,263,690,1235,,,,,,,,3128,1515,322,842,550,651,2087,2179,1206,258,1060,347,273,1469,3648,3342,1008,1943,2233,2022,3846,1795,1677,959,1334,874,1158,2129
ACSSF,2019m1,nc,000,0053,0000012,2415,1386,612,900,896,832,1919,2577,1321,186,790,514,873,1818,,,,,,,,4812,3005,417,2084,1161,994,3658,4392,2725,967,1607,1259,959,2946,2521,5494,2701,3040,3141,4176,5360,1838,2926,1513,2578,1749,1735,3112
ACSSF,2019m1,nc,000,0053,0000013,,,,,,,,400,246,123,112,216,185,380,,,,,,,,2922,1350,102,867,611,240,1787,1986,1395,497,1157,326,216,923,536,1196,784,654,682,1183,1271,295,602,358,523,689,584,599
ACSSF,2019m1,nc,000,0053,0000014,,,,,,,,,,,,,,,,,,,,,,,,,,,,,2250,1033,375,579,216,498,1516,469,1409,546,746,541,1087,1385,211,594,339,328,280,592,622
ACSSF,2019m1,nc,000,0053,0000015,,,,,,,,,,,,,,,,,,,,,,2026,1020,271,552,695,201,1255,1411,783,219,506,647,170,990,744,2126,1010,1272,992,1893,2038,423,1268,388,900,882,781,1313
ACSSF,2019m1,nc,000,0053,0000016,,,,,,,,358,215,163,133,76,136,278,,,,,,,,2609,1177,360,837,461,323,1598,,,,,,,,514,1155,355,626,838,914,1115,304,335,257,522,160,330,443
ACSSF,2019m1,nc,000,0053,0000017,,,,,,,,1009,933,231,589,438,548,764,,,,,,,,,,,,,,,3368,2224,390,1320,772,700,1471,1458,1914,910,890,1041,1365,1893,511,970,692,738,733,732,883
ACSSF,2019m1,nc,000,0053,0000018,,,,,,,,,,,,,,,,,,,,,,,,,,,,,,,,,,,,447,1076,528,498,886,758,982,197,607,216,430,361,384,530
ACSSF,2019m1,nc,000,0053,0000019,,,,,,,,,,,,,,,,,,,,,,,,,,,,,,,,,,,,432,905,470,374,622,744,893,216,369,318,402,300,291,369
ACSSF,2019m1,nc,000,0053,0000020,,,,,,,,356,569,287,324,229,484,713,,,,,,,,2462,1334,77,924,670,561,1610,1667,906,166,471,697,246,1178,1008,1785,977,922,556,1210,1663,537,923,255,790,679,584,815
ACSSF,2019m1,nc,000,0053,0000021,,,,,,,,,,,,,,,,,,,,,,2847,1188,274,753,432,216,1817,,,,,,,,1843,972,458,780,791,676,1412,417,554,156,441,380,228,413
ACSSF,2019m1,nc,000,0053,0000022,,,,,,,,,,,,,,,,,,,,,,,,,,,,,,,,,,,,546,1011,624,702,443,891,1177,2,450,119,229,330,366,450
ACSSF,2019m1,nc,000,0053,0000023,179,119,12,8,80,88,151,,,,,,,,,,,,,,,,,,,,,,,,,,,,,630,1537,827,575,647,1156,1346,474,773,449,348,132,591,590
ACSSF,2019m1,nc,000,0053,0000024,697,544,58,317,204,457,576,842,811,303,573,232,363,678,,,,,,,,2459,1397,323,867,363,711,1469,2960,2060,458,1534,739,527,1594,726,1763,964,850,678,1695,1750,511,1105,604,613,399,1112,1121
ACSSF,2019m1,nc,000,0053,0000025,,,,,,,,,,,,,,,,,,,,,,,,,,,,,812,752,173,283,423,239,481,1008,1739,825,794,783,1221,2053,319,455,302,610,625,312,333
ACSSF,2019m1,nc,000,0053,0000026,,,,,,,,1566,908,344,232,338,719,1142,,,,,,,,3410,1887,658,1103,338,946,1804,2290,1236,859,637,488,599,1856,580,1668,842,610,304,1501,1639,828,1257,781,675,488,927,1284
ACSSF,2019m1,nc,000,0053,0000027,,,,,,,,747,570,218,322,218,343,495,,,,,,,,2535,1243,287,691,465,603,1492,3021,1917,439,1185,704,656,1461,804,1829,968,1039,835,1739,1955,750,1409,806,1033,737,916,1428
ACSSF,2019m1,nc,000,0053,0000028,,,,,,,,,,,,,,,,,,,,,,,,,,,,,,,,,,,,384,878,482,454,563,752,718,,,,,,,
ACSSF,2019m1,nc,000,0053,0000029,,,,,,,,554,256,252,276,210,168,452,,,,,,,,,,,,,,,1299,860,236,508,465,308,966,716,1178,770,758,576,947,1279,283,659,587,597,638,466,822
ACSSF,2019m1,nc,000,0053,0000030,,,,,,,,1296,1289,483,888,422,763,984,,,,,,,,3512,1447,329,983,672,517,2698,4757,2874,460,1696,978,1128,2399,1422,2571,1151,1108,1358,2024,2455,827,1453,1038,1019,1012,944,1528
ACSSF,2019m1,nc,000,0053,0000031,,,,,,,,,,,,,,,,,,,,,,2217,1107,429,606,676,242,1417,1116,970,300,723,204,190,505,689,1147,738,802,531,928,1221,523,1153,584,719,856,743,1152
ACSSF,2019m1,nc,000,0053,0000032,,,,,,,,,,,,,,,,,,,,,,,,,,,,,,,,,,,,453,1245,650,450,646,1129,1260,334,969,387,810,443,692,760
ACSSF,2019m1,nc,000,0053,0000033,,,,,,,,462,399,146,236,175,265,342,,,,,,,,1876,1049,216,599,214,562,1143,2130,1057,235,711,349,372,1510,588,1478,786,936,911,1387,1531,619,916,484,625,554,615,608
ACSSF,2019m1,nc,000,0053,0000034,,,,,,,,,,,,,,,,,,,,,,3445,1353,476,899,289,254,2614,1244,946,544,453,398,196,777,754,1636,740,974,916,1614,1703,515,1164,496,574,744,734,1276
ACSSF,2019m1,nc,000,0053,0000035,,,,,,,,,,,,,,,,,,,,,,,,,,,,,,,,,,,,540,1394,700,602,565,997,1222,569,676,313,399,286,343,343
ACSSF,2019m1,nc,000,0053,0000036,,,,,,,,2438,1858,675,855,633,1605,2099,,,,,,,,7553,3563,936,2563,1253,797,4782,5257,2994,1095,2037,1286,840,3264,1760,3624,1612,1433,1247,3283,3542,1171,1816,1517,1408,1346,1520,1796
ACSSF,2019m1,nc,000,0053,0000037,,,,,,,,,,,,,,,,,,,,,,1234,958,216,513,395,335,478,,,,,,,,877,1430,728,807,534,1106,1743,626,643,166,644,200,331,580
ACSSF,2019m1,nc,000,0053,0000038,,,,,,,,,,,,,,,,,,,,,,,,,,,,,,,,,,,,213,949,507,524,606,862,957,,,,,,,
ACSSF,2019m1,nc,000,0053,0000039,,,,,,,,,,,,,,,,,,,,,,1781,897,216,711,332,199,1219,1981,1600,287,676,321,822,1183,727,2036,840,961,928,1932,2035,563,945,216,562,316,638,754
ACSSF,2019m1,nc,000,0053,0000040,,,,,,,,,,,,,,,,,,,,,,,,,,,,,2416,1860,689,898,356,1014,2178,1062,3034,1510,1338,1002,2496,2782,480,1959,341,268,343,1942,2001
ACSSF,2019m1,nc,000,0053,0000041,,,,,,,,637,1139,330,393,423,689,881,,,,,,,,,,,,,,,1161,968,387,815,247,609,408,482,1768,626,652,716,1600,1679,237,588,686,546,846,599,574
ACSSF,2019m1,nc,000,0053,0000042,,,,,,,,,,,,,,,,,,,,,,1907,1050,624,889,225,359,1423,2209,1401,216,1063,615,426,1318,834,2439,710,830,537,2411,2343,336,704,622,666,304,483,750
ACSSF,2019m1,nc,000,0053,0000043,,,,,,,,,,,,,,,,,,,,,,2597,1263,416,770,437,320,1594,1172,905,288,422,605,304,608,679,1682,792,730,608,990,1676,364,593,513,621,511,518,657
ACSSF,2019m1,nc,000,0053,0000044,846,841,393,466,554,713,1070,,,,,,,,,,,,,,,1407,771,216,638,252,248,867,,,,,,,,447,531,245,278,228,474,733,310,345,258,269,270,252,374
ACSSF,2019m1,nc,000,0053,0000045,,,,,,,,,,,,,,,,,,,,,,,,,,,,,,,,,,,,319,981,625,609,838,767,972,106,491,150,482,554,124,480
ACSSF,2019m1,nc,000,0053,0000046,,,,,,,,,,,,,,,,,,,,,,,,,,,,,1470,1016,421,418,347,443,742,771,1958,970,831,859,1580,1777,107,372,478,457,522,179,386
ACSSF,2019m1,nc,000,0053,0000047,,,,,,,,,,,,,,,,,,,,,,,,,,,,,,,,,,,,512,1249,758,704,208,1196,1380,,,,,,,
ACSSF,2019m1,nc,000,0053,0000048,,,,,,,,,,,,,,,,,,,,,,,,,,,,,,,,,,,,425,886,508,440,216,811,996,111,320,219,550,379,182,336
ACSSF,2019m1,nc,000,0053,0000049,,,,,,,,732,642,326,461,190,459,644,,,,,,,,2563,1243,289,1085,249,240,1530,1903,1018,282,490,700,274,1184,775,1673,794,733,928,1516,1478,414,964,590,524,418,701,831
ACSSF,2019m1,nc,000,0053,0000050,,,,,,,,1606,1454,641,895,881,1045,1521,,,,,,,,6136,3002,713,1908,1340,904,4220,4517,3340,1167,2022,665,1098,2298,1455,3637,2257,1923,1629,3556,3693,1374,1925,1343,1162,1319,1530,1956
ACSSF,2019m1,nc,000,0053,0000051,,,,,,,,,,,,,,,,,,,,,,,,,,,,,1098,716,167,219,373,516,712,657,1317,552,475,570,1169,1270,418,491,194,347,586,302,643
ACSSF,2019m1,nc,000,0053,0000052,,,,,,,,,,,,,,,,,,,,,,,,,,,,,,,,,,,,283,772,639,528,152,680,732,,,,,,,
ACSSF,2019m1,nc,000,0053,0000053,,,,,,,,,,,,,,,,,,,,,,,,,,,,,,,,,,,,390,903,553,467,452,1007,1072,267,1114,173,855,452,239,1157
ACSSF,2019m1,nc,000,0053,0000054,,,,,,,,,,,,,,,,,,,,,,,,,,,,,,,,,,,,3277,1821,731,1118,830,987,3509,2393,1082,334,741,405,626,1777
ACSSF,2019m1,nc,000,0053,0000055,,,,,,,,3402,1618,488,921,799,592,2490,,,,,,,,2206,1066,53,723,331,346,1611,,,,,,,,4912,2637,630,1715,1381,1098,3873,3056,1404,350,708,563,498,2252
ACSSF,2019m1,nc,000,0053,0000056,,,,,,,,3178,2004,686,888,597,1604,2466,,,,,,,,7557,3595,909,2577,1241,806,4723,5073,2688,1055,1956,961,709,3168,6159,3822,1458,2173,1615,2884,5776,5087,2820,1448,1905,1447,1499,3548
ACSSF,2019m1,nc,000,0053,0000057,,,,,,,,,,,,,,,,,,,,,,,,,,,,,,,,,,,,4486,2336,576,1352,1003,1284,3597,2958,1194,227,1006,731,245,2498
ACSSF,2019m1,nc,000,0053,0000058,,,,,,,,1366,884,300,232,338,707,1060,,,,,,,,3254,1778,609,1058,338,946,1755,2118,1239,859,637,488,576,1613,3208,1988,812,907,477,1499,3330,2902,1872,711,1330,489,927,2096
ACSSF,2019m1,nc,000,0053,0000059,,,,,,,,1338,763,281,638,216,284,929,,,,,,,,1969,1173,248,659,327,574,1235,2256,1392,458,863,461,505,1403,3371,2078,605,1104,727,1457,3006,2218,1296,588,763,516,941,1679
ACSSF,2019m1,nc,000,0053,0000060,,,,,,,,,,,,,,,,,,,,,,,,,,,,,1064,691,125,460,413,285,740,2813,1603,344,1253,711,591,2304,1750,1162,80,780,520,444,1288
ACSSF,2019m1,nc,000,0053,0000061,,,,,,,,2134,1210,386,590,597,613,1580,,,,,,,,3066,1314,315,955,264,452,2264,3677,2096,435,1592,275,607,2009,5301,2286,632,1184,983,1608,4633,3796,2341,782,1602,946,693,2221
ACSSF,2019m1,nc,000,0053,0000062,,,,,,,,,,,,,,,,,,,,,,,,,,,,,1972,1282,156,1036,472,426,1211,2868,2318,596,649,396,2116,2993,,,,,,,
ACSSF,2019m1,nc,000,0053,0000063,,,,,,,,2074,1063,365,693,430,408,1253,,,,,,,,,,,,,,,1843,1516,85,523,944,473,789,4293,1766,435,898,786,1050,3258,3321,2125,531,1101,1208,442,1741
ACSSF,2019m1,nc,000,0053,0000064,,,,,,,,,,,,,,,,,,,,,,,,,,,,,,,,,,,,3416,2319,445,1606,538,1163,2968,2798,3023,233,994,436,1894,2162
ACSSF,2019m1,nc,000,0053,0000065,,,,,,,,3421,1558,314,1005,256,946,2602,,,,,,,,6308,2642,701,1904,626,756,4475,2426,1379,331,999,448,385,1767,8753,4359,1884,2220,1784,3333,6817,6612,3335,905,2255,1239,1174,4315
ACSSF,2019m1,nc,000,0053,0000066,,,,,,,,,,,,,,,,,,,,,,1376,839,216,633,332,151,831,1215,620,216,472,110,308,849,2789,2225,669,1119,980,1888,3070,2131,1295,216,884,401,422,1314
ACSSF,2019m1,nc,000,0053,0000067,,,,,,,,1137,561,201,324,186,339,873,,,,,,,,2482,1086,275,380,459,499,1516,2813,1812,404,1149,677,597,1314,4033,2170,720,1604,841,1402,3653,2584,1649,754,884,906,840,1913
ACSSF,2019m1,nc,000,0053,0000068,,,,,,,,,,,,,,,,,,,,,,,,,,,,,,,,,,,,3277,1821,731,1118,830,987,3509,2393,1082,334,741,405,626,1777
ACSSF,2019m1,nc,000,0053,0000069,,,,,,,,3178,2004,686,888,597,1604,2466,,,,,,,,7557,3595,909,2577,1241,806,4723,5073,2688,1055,1956,961,709,3168,6159,3822,1458,2173,1615,2884,5776,5087,2820,1448,1905,1447,1499,3548
ACSSF,2019m1,nc,000,0053,0000070,,,,,,,,,,,,,,,,,,,,,,,,,,,,,,,,,,,,4486,2336,576,1352,1003,1284,3597,2958,1194,227,1006,731,245,2498
ACSSF,2019m1,nc,000,0053,0000071,,,,,,,,,,,,,,,,,,,,,,,,,,,,,1064,691,125,460,413,285,740,2813,1603,344,1253,711,591,2304,1750,1162,80,780,520,444,1288
ACSSF,2019m1,nc,000,0053,0000072,,,,,,,,1538,884,300,232,338,707,1156,,,,,,,,3254,1778,609,1058,338,946,1755,2118,1239,859,637,488,576,1613,3181,1988,812,907,477,1499,3313,2902,1872,711,1330,489,927,2096
ACSSF,2019m1,nc,000,0053,0000073,,,,,,,,1338,763,281,638,216,284,929,,,,,,,,1969,1173,248,659,327,574,1235,2256,1392,458,863,461,505,1403,3371,2078,605,1104,727,1457,3006,2218,1296,588,763,516,941,1679
ACSSF,2019m1,nc,000,0053,0000074,,,,,,,,2134,1210,386,590,597,613,1580,,,,,,,,3066,1314,315,955,264,452,2264,3677,2096,435,1592,275,607,2009,5301,2286,632,1184,983,1608,4633,3796,2341,782,1602,946,693,2221
ACSSF,2019m1,nc,000,0053,0000075,,,,,,,,2074,1063,365,693,430,408,1253,,,,,,,,,,,,,,,1815,1511,85,523,926,473,753,4157,1682,375,885,742,1032,3207,3321,2125,531,1101,1208,442,1741
ACSSF,2019m1,nc,000,0053,0000076,,,,,,,,,,,,,,,,,,,,,,,,,,,,,1972,1282,156,1036,472,426,1211,2868,2318,596,649,396,2116,2993,,,,,,,
ACSSF,2019m1,nc,000,0053,0000077,,,,,,,,,,,,,,,,,,,,,,,,,,,,,,,,,,,,3416,2319,445,1606,538,1163,2968,2798,3023,233,994,436,1894,2162
ACSSF,2019m1,nc,000,0053,0000078,,,,,,,,3402,1618,488,921,799,592,2490,,,,,,,,2206,1066,53,723,331,346,1611,,,,,,,,4871,2634,617,1715,1381,1098,3816,3050,1404,350,708,563,498,2243
ACSSF,2019m1,nc,000,0053,0000079,,,,,,,,3370,1541,270,1005,256,946,2569,,,,,,,,6308,2642,701,1904,626,756,4475,2322,1379,331,999,448,385,1619,8741,4359,1884,2220,1784,3333,6779,6612,3335,905,2255,1239,1174,4315
ACSSF,2019m1,nc,000,0053,0000080,,,,,,,,,,,,,,,,,,,,,,1376,839,216,633,332,151,831,1215,620,216,472,110,308,849,2789,2225,669,1119,980,1888,3070,2131,1295,216,884,401,422,1314
ACSSF,2019m1,nc,000,0053,0000081,,,,,,,,1137,561,201,324,186,339,873,,,,,,,,2482,1086,275,380,459,499,1516,2813,1812,404,1149,677,597,1314,4033,2170,720,1604,841,1402,3653,2584,1649,754,884,906,840,1913
ACSSF,2019m1,nc,000,0053,0000082,684,492,76,256,249,79,440,3437,1090,371,334,362,756,2814,,,,,,,,3874,2237,381,1512,864,1013,2596,3810,2235,894,1481,658,987,2232,5360,3460,1289,2225,1411,2821,4790,3191,2280,720,1743,945,1078,2722
ACSSF,2019m1,nc,000,0053,0000083,,,,,,,,3687,1404,377,626,711,820,3032,,,,,,,,5551,2643,711,1868,975,677,3535,3797,3231,736,2103,959,1141,1977,10374,5261,2219,3039,2327,3193,9078,6398,3402,1375,2205,2024,1591,4690
ACSSF,2019m1,nc,000,0053,0000084,859,198,37,62,119,123,808,1981,1154,582,235,364,587,1504,,,,,,,,2858,1360,624,879,407,531,1965,3738,2679,1085,1430,881,1099,2703,4494,5075,2198,2272,1623,4373,4867,2082,2948,985,1484,743,2240,2909
ACSSF,2019m1,nc,000,0053,0000085,,,,,,,,4419,2078,754,1087,1006,1287,3901,,,,,,,,6827,3038,936,1995,1181,964,4713,3839,2541,1188,1410,715,865,2211,8649,4875,1670,2461,2311,3604,7733,6516,3569,1558,2145,1654,1639,3839
ACSSF,2019m1,nc,000,0053,0000086,,,,,,,,1463,884,234,386,346,641,1006,,,,,,,,2979,1611,287,910,805,802,1923,3246,2238,726,1415,1059,859,1881,2174,3339,1576,1791,1533,2890,3686,771,1965,1022,1365,1037,1279,2040
ACSSF,2019m1,nc,000,0053,0000087,,,,,,,,2898,1095,212,593,328,551,2104,,,,,,,,5222,2432,548,1644,954,747,3470,4503,2639,664,2064,892,932,2567,5892,3929,1843,2062,2382,2824,5730,3098,2150,811,1840,1371,1182,2574
ACSSF,2019m1,nc,000,0053,0000088,1090,691,75,243,446,314,801,1351,638,216,413,246,345,1313,,,,,,,,3548,2067,516,1172,666,654,2343,3759,2363,493,1130,649,1128,2527,6350,4581,1653,2204,1951,3227,5537,3215,2438,920,1319,1042,1592,2906
ACSSF,2019m1,nc,000,0053,0000089,1998,695,58,335,338,447,1985,1819,1411,419,912,616,857,1343,,,,,,,,5561,2819,471,1547,1037,1439,3646,5297,3486,707,2133,1108,1241,2529,4958,4383,1578,2546,1954,3163,4577,2470,2380,1108,1492,1152,1531,2596
ACSSF,2019m1,nc,000,0053,0000090,1582,1046,407,728,639,819,1484,3423,1428,427,1126,642,519,2434,,,,,,,,4545,2530,460,1557,799,674,2457,3054,1755,588,1237,771,610,2188,8480,5131,1883,2432,2920,2289,6415,4047,2635,813,1305,1001,1419,2289
ACSSF,2019m1,nc,000,0053,0000091,,,,,,,,2018,1146,433,675,403,571,1237,,,,,,,,3370,1735,77,1364,693,773,2289,2779,1518,468,985,945,434,1977,6384,3519,1758,2151,1534,2559,6078,2958,2080,838,1618,1200,951,2283
ACSSF,2019m1,nc,000,0053,0000092,1586,1003,272,646,446,567,1127,1302,408,163,207,308,210,1275,,,,,,,,4641,2160,430,1461,952,453,2880,2150,1537,331,956,847,805,1337,5990,3987,1307,2064,2195,2801,6329,2810,1895,559,1610,989,1297,2386
ACSSF,2019m1,nc,000,0053,0000093,,,,,,,,3876,2190,617,974,627,1618,2591,,,,,,,,7663,3574,855,2612,1276,576,4818,4710,2808,1019,1868,1273,760,2903,7066,4559,1192,1810,1633,3052,5665,3892,2365,1449,1629,1492,1268,2770
ACSSF,2019m1,nc,000,0053,0000094,1258,791,199,432,226,85,981,2398,1402,473,819,564,808,1853,,,,,,,,3098,1524,390,894,674,653,2294,3922,2567,512,1503,1102,984,2508,6682,4145,1644,2208,2071,3077,6571,4046,2700,1325,1770,1353,1187,3051
ACSSF,2019m1,nc,000,0053,0000095,,,,,,,,,,,,,,,,,,,,,,,,,,,,,695,542,195,298,214,369,487,1470,1673,382,910,771,1438,2191,576,885,110,427,279,569,764
ACSSF,2019m1,nc,000,0053,0000096,,,,,,,,,,,,,,,,,,,,,,,,,,,,,,,,,,,,1376,1276,796,772,302,1105,1725,469,1004,524,589,803,215,873
ACSSF,2019m1,nc,000,0053,0000097,,,,,,,,,,,,,,,,,,,,,,,,,,,,,1223,744,39,554,337,162,989,429,1389,796,1049,1138,1144,1366,106,589,150,514,569,162,582
ACSSF,2019m1,nc,000,0053,0000098,,,,,,,,,,,,,,,,,,,,,,2020,1236,216,354,748,349,1136,,,,,,,,1446,1377,541,845,1257,1040,1611,441,653,304,764,754,420,515
ACSSF,2019m1,nc,000,0053,0000099,,,,,,,,,,,,,,,,,,,,,,,,,,,,,1616,1088,204,975,291,81,1136,1255,1428,780,951,782,1012,1504,773,668,386,792,322,505,660
ACSSF,2019m1,nc,000,0053,0000100,330,171,32,90,110,79,304,,,,,,,,,,,,,,,,,,,,,,,,,,,,,1570,841,525,678,610,609,1447,691,391,216,289,41,251,535
ACSSF,2019m1,nc,000,0053,0000101,,,,,,,,,,,,,,,,,,,,,,,,,,,,,1232,982,343,631,373,216,817,2091,1283,762,800,573,812,2047,827,494,298,318,237,209,682
ACSSF,2019m1,nc,000,0053,0000102,,,,,,,,,,,,,,,,,,,,,,,,,,,,,,,,,,,,2611,1192,605,831,567,804,2377,,,,,,,
ACSSF,2019m1,nc,000,0053,0000103,,,,,,,,,,,,,,,,,,,,,,,,,,,,,1708,1099,210,378,657,567,878,299,1060,541,622,681,966,1053,490,775,118,898,621,133,632
ACSSF,2019m1,nc,000,0053,0000104,,,,,,,,,,,,,,,,,,,,,,,,,,,,,,,,,,,,1582,1066,558,523,602,1021,1748,850,1084,173,897,452,239,1340
ACSSF,2019m1,nc,000,0053,0000105,,,,,,,,,,,,,,,,,,,,,,3445,1353,476,899,289,254,2614,1244,946,544,453,398,196,777,754,1636,740,974,916,1614,1703,515,1164,496,574,744,734,1276
ACSSF,2019m1,nc,000,0053,0000106,,,,,,,,,,,,,,,,,,,,,,,,,,,,,1035,787,164,478,339,310,517,5330,3398,602,777,778,3043,3565,3559,1696,413,848,918,470,2314
ACSSF,2019m1,nc,000,0053,0000107,,,,,,,,1849,921,198,674,256,211,1062,,,,,,,,4993,2287,612,1568,749,219,3057,1305,849,175,488,297,210,798,6715,2698,805,1635,1222,958,5122,4834,2258,737,1577,722,288,3063
ACSSF,2019m1,nc,000,0053,0000108,,,,,,,,,,,,,,,,,,,,,,,,,,,,,,,,,,,,7095,3801,1510,2007,1488,991,4974,5148,2336,331,1873,582,1206,3416
ACSSF,2019m1,nc,000,0053,0000109,,,,,,,,,,,,,,,,,,,,,,4251,1761,202,694,989,452,3552,,,,,,,,5693,2369,629,1428,962,818,4507,5672,2404,476,1576,1155,631,4180
ACSSF,2019m1,nc,000,0053,0000110,,,,,,,,,,,,,,,,,,,,,,,,,,,,,923,438,59,293,55,280,660,6669,2958,899,1571,1275,1874,5495,4056,2080,814,1022,406,793,2862
ACSSF,2019m1,nc,000,0053,0000111,,,,,,,,3692,1372,458,954,490,630,2780,,,,,,,,,,,,,,,2125,1482,739,472,173,437,776,6313,3461,1750,1557,1302,1058,4126,2256,1192,772,651,424,109,1301
ACSSF,2019m1,nc,000,0053,0000112,,,,,,,,2831,1270,208,590,499,748,2210,,,,,,,,2619,1100,53,615,331,578,1989,,,,,,,,4739,2477,573,1656,1137,1242,3910,3100,1095,179,640,470,632,2425
ACSSF,2019m1,nc,000,0053,0000113,,,,,,,,2961,1341,343,688,719,520,2174,,,,,,,,,,,,,,,1017,888,300,565,337,414,618,5637,2910,973,1965,1193,957,3847,4056,2623,827,1185,758,510,1955
ACSSF,2019m1,nc,000,0053,0000114,,,,,,,,1751,828,300,140,317,713,1561,,,,,,,,,,,,,,,1714,979,363,540,388,405,1632,3698,2078,795,988,511,1558,3305,4210,2168,567,1431,614,703,2553
ACSSF,2019m1,nc,000,0053,0000115,,,,,,,,,,,,,,,,,,,,,,2512,1345,339,885,338,233,1459,,,,,,,,3713,1598,315,1070,534,1013,3027,4240,2082,606,1321,928,606,2852
ACSSF,2019m1,nc,000,0053,0000116,,,,,,,,637,1139,330,393,423,689,881,,,,,,,,,,,,,,,1161,968,387,815,247,609,408,483,1768,626,652,716,1600,1678,237,588,686,546,846,599,574
ACSSF,2019m1,nc,000,0053,0000117,,,,,,,,,,,,,,,,,,,,,,2944,1301,328,771,432,429,1893,1426,652,191,486,163,82,1073,1896,1313,681,855,962,1186,1862,502,956,416,851,764,668,950
ACSSF,2019m1,nc,000,0053,0000118,,,,,,,,400,246,123,112,216,185,380,,,,,,,,2922,1350,102,867,611,240,1787,1986,1395,497,1157,326,216,923,538,1196,784,654,682,1183,1281,295,602,358,523,689,584,599
ACSSF,2019m1,nc,000,0053,0000119,,,,,,,,1903,750,127,332,257,454,1391,,,,,,,,,,,,,,,2766,1572,389,1205,170,286,1511,4956,2042,592,1320,911,1265,3921,2749,1642,202,1372,369,606,1606
ACSSF,2019m1,nc,000,0053,0000120,,,,,,,,2129,962,321,314,623,416,1776,,,,,,,,2037,995,315,418,264,274,1417,2138,1254,93,954,216,555,1217,3615,1503,360,590,564,1222,2916,3530,1960,756,1326,845,441,2144
ACSSF,2019m1,nc,000,0053,0000121,,,,,,,,1916,979,325,486,270,481,1099,,,,,,,,,,,,,,,,,,,,,,5202,2321,678,1485,1126,1082,4605,,,,,,,
ACSSF,2019m1,nc,000,0053,0000122,,,,,,,,2086,984,201,656,430,278,1289,,,,,,,,,,,,,,,1851,1522,148,550,934,497,771,5215,2334,766,1033,998,1138,3929,3777,2228,754,1184,1190,520,2486
ACSSF,2019m1,nc,000,0053,0000123,,,,,,,,,,,,,,,,,,,,,,,,,,,,,,,,,,,,4326,2463,519,1335,612,1330,2821,3156,1548,401,1186,424,219,1888
ACSSF,2019m1,nc,000,0053,0000124,,,,,,,,1135,519,201,273,94,290,811,,,,,,,,2007,928,216,380,372,470,1203,2805,1782,402,1045,677,650,1315,5746,2781,407,2192,647,1254,4171,4469,2227,826,1274,1009,797,2856
ACSSF,2019m1,nc,000,0053,0000125,,,,,,,,,,,,,,,,,,,,,,,,,,,,,,,,,,,,4445,2651,783,1446,1046,1529,3812,2331,1455,267,891,661,466,1322
ACSSF,2019m1,nc,000,0053,0000126,,,,,,,,,,,,,,,,,,,,,,,,,,,,,,,,,,,,3461,2032,845,924,1290,1193,2472,495,642,255,640,222,469,708
ACSSF,2019m1,nc,000,0053,0000127,,,,,,,,,,,,,,,,,,,,,,995,559,216,341,343,333,770,,,,,,,,513,1342,796,648,921,832,1260,197,653,216,493,361,476,589
ACSSF,2019m1,nc,000,0053,0000128,,,,,,,,416,215,163,133,76,136,347,,,,,,,,2760,1183,360,863,461,323,1757,,,,,,,,747,1458,500,995,1075,1071,1486,383,460,319,632,244,330,532
ACSSF,2019m1,nc,000,0053,0000129,,,,,,,,,,,,,,,,,,,,,,,,,,,,,1086,616,106,344,487,170,758,5146,2048,864,1273,1024,1162,4630,2851,1292,334,862,604,490,2130
ACSSF,2019m1,nc,000,0053,0000130,,,,,,,,,,,,,,,,,,,,,,,,,,,,,858,620,201,331,442,15,455,5068,2255,781,1476,1158,1450,4625,2636,1423,277,991,766,626,1602
ACSSF,2019m1,nc,000,0053,0000131,1245,766,299,559,376,332,917,,,,,,,,,,,,,,,,,,,,,,1158,523,216,438,202,158,775,2756,1905,556,1043,775,1021,2468,1060,472,216,514,210,119,1074
ACSSF,2019m1,nc,000,0053,0000132,,,,,,,,,,,,,,,,,,,,,,,,,,,,,,,,,,,,2786,2307,631,1268,701,1361,2408,1031,373,216,306,172,315,914
ACSSF,2019m1,nc,000,0053,0000133,,,,,,,,,,,,,,,,,,,,,,,,,,,,,,,,,,,,1090,1543,729,564,752,1099,1705,684,1170,387,1062,443,899,1065
ACSSF,2019m1,nc,000,0053,0000134,,,,,,,,,,,,,,,,,,,,,,,,,,,,,,,,,,,,4008,2066,943,1074,675,1409,3747,1278,877,295,589,353,440,743
ACSSF,2019m1,nc,000,0053,0000135,,,,,,,,,,,,,,,,,,,,,,,,,,,,,,,,,,,,3844,2132,849,1181,850,1382,3476,1444,897,332,654,314,342,827
ACSSF,2019m1,nc,000,0053,0000136,,,,,,,,356,569,287,324,229,484,713,,,,,,,,2462,1334,77,924,670,561,1610,1667,906,166,471,697,246,1178,1088,1788,977,922,579,1210,1699,563,923,255,790,679,584,820
ACSSF,2019m1,nc,000,0053,0000137,,,,,,,,620,357,146,236,174,189,398,,,,,,,,1906,1049,216,599,214,562,1169,2015,1057,235,711,349,372,1359,3456,1735,664,1190,876,1196,2868,763,916,484,625,554,615,633
ACSSF,2019m1,nc,000,0053,0000138,,,,,,,,,,,,,,,,,,,,,,,,,,,,,,,,,,,,3797,1800,736,1218,671,782,3135,1717,826,264,395,471,111,1158
ACSSF,2019m1,nc,000,0053,0000139,,,,,,,,825,267,252,243,210,216,723,,,,,,,,,,,,,,,1131,700,125,458,413,308,814,3831,1649,396,1272,728,821,3164,1720,1059,593,743,520,449,1286
ACSSF,2019m1,nc,000,0053,0000140,,,,,,,,2421,1492,171,144,367,1246,1757,,,,,,,,3596,1673,274,1298,417,247,2329,1445,757,385,400,77,403,948,3690,1482,514,674,589,1011,3344,3740,1817,528,1301,423,426,2566
ACSSF,2019m1,nc,000,0053,0000141,,,,,,,,1915,826,127,252,374,515,1391,,,,,,,,3779,1482,325,928,769,116,2563,1644,828,269,585,115,300,981,2528,814,187,389,324,398,2110,3849,1428,411,940,762,251,2704
ACSSF,2019m1,nc,000,0053,0000142,,,,,,,,3046,1458,425,590,336,1122,2246,,,,,,,,5680,2695,427,1994,810,435,3652,2225,1658,561,1491,725,344,991,2937,1454,292,337,273,1311,2809,5503,2660,625,2014,850,598,3705
ACSSF,2019m1,nc,000,0053,0000143,,,,,,,,2406,949,270,966,227,165,1709,,,,,,,,,,,,,,,2489,1249,454,972,258,259,1629,6722,3100,1443,2045,1149,1217,5246,3817,2609,603,994,721,1152,1544
ACSSF,2019m1,nc,000,0053,0000144,,,,,,,,,,,,,,,,,,,,,,,,,,,,,,,,,,,,4397,2337,371,1545,506,1390,3834,4864,2041,757,1151,719,682,3539
ACSSF,2019m1,nc,000,0053,0000145,,,,,,,,1204,443,113,232,224,198,937,,,,,,,,,,,,,,,1076,785,449,305,408,327,595,5574,2872,688,1584,1152,1629,4375,4435,1929,329,1203,772,415,3438
ACSSF,2019m1,nc,000,0053,0000146,,,,,,,,2500,1102,128,514,578,421,1747,,,,,,,,3848,1760,383,1226,471,188,2304,,,,,,,,4258,2367,520,1247,1056,1535,3524,4628,2222,472,1249,1291,461,2781
ACSSF,2019m1,nc,000,0053,0000147,,,,,,,,3194,1243,480,782,460,385,2441,,,,,,,,2093,956,504,631,202,216,1446,1376,1034,575,254,660,316,1077,5756,2660,858,1467,1049,1228,4538,4314,2102,695,1404,643,348,2840
ACSSF,2019m1,nc,000,0053,0000148,,,,,,,,1336,844,175,574,410,548,1112,,,,,,,,,,,,,,,2719,1695,316,851,462,700,1303,4162,2448,730,1214,1212,1330,3515,1928,1478,180,1174,755,674,1623
ACSSF,2019m1,nc,000,0053,0000149,,,,,,,,1315,779,176,497,345,161,812,,,,,,,,,,,,,,,1909,1211,234,947,577,269,1008,3692,1827,933,961,1130,1090,3169,1879,1480,690,928,360,318,1290
ACSSF,2019m1,nc,000,0053,0000150,,,,,,,,,,,,,,,,,,,,,,,,,,,,,1470,1016,421,418,347,443,742,782,1958,970,831,859,1580,1777,107,372,478,457,522,179,386
ACSSF,2019m1,nc,000,0053,0000151,,,,,,,,,,,,,,,,,,,,,,,,,,,,,812,752,173,283,423,239,481,1008,1739,825,794,783,1221,2053,319,455,302,610,625,312,333
ACSSF,2019m1,nc,000,0053,0000152,,,,,,,,,,,,,,,,,,,,,,2597,1263,416,770,437,320,1594,1172,905,288,422,605,304,608,679,1682,792,730,608,990,1676,364,593,513,621,511,518,657
ACSSF,2019m1,nc,000,0053,0000153,,,,,,,,,,,,,,,,,,,,,,1492,1014,122,544,397,339,754,,,,,,,,900,1531,762,956,599,1163,1803,789,686,440,721,434,333,711
ACSSF,2019m1,nc,000,0053,0000154,,,,,,,,,,,,,,,,,,,,,,2217,1107,429,606,676,242,1417,1116,970,300,723,204,190,505,689,1147,738,802,531,928,1221,523,1153,584,719,856,743,1152
ACSSF,2019m1,nc,000,0053,0000155,,,,,,,,,,,,,,,,,,,,,,2140,981,211,673,312,371,1526,,,,,,,,384,1116,667,686,611,979,1155,541,1089,731,827,487,1041,1339
ACSSF,2019m1,nc,000,0053,0000156,,,,,,,,,,,,,,,,,,,,,,,,,,,,,1098,716,167,219,373,516,712,663,1317,552,475,570,1169,1278,418,491,194,347,586,302,643
ACSSF,2019m1,nc,000,0053,0000157,,,,,,,,,,,,,,,,,,,,,,,,,,,,,2033,1225,510,511,548,769,1267,6035,3279,824,1626,745,2092,4096,2418,1100,433,759,149,454,1670
ACSSF,2019m1,nc,000,0053,0000158,,,,,,,,,,,,,,,,,,,,,,1907,1050,624,889,225,359,1423,2209,1401,216,1063,615,426,1318,834,2439,710,830,537,2411,2343,336,704,622,666,304,483,750
ACSSF,2019m1,nc,000,0053,0000159,179,119,12,8,80,88,151,,,,,,,,,,,,,,,,,,,,,,,,,,,,,630,1537,827,575,647,1156,1346,474,773,449,348,132,591,590
ACSSF,2019m1,nc,000,0053,0000160,,,,,,,,,,,,,,,,,,,,,,,,,,,,,753,648,403,300,145,303,518,1494,1284,603,717,746,950,1663,354,624,318,569,376,486,645
ACSSF,2019m1,nc,000,0053,0000161,,,,,,,,,,,,,,,,,,,,,,,,,,,,,2314,1720,545,985,253,763,2054,6029,2915,1324,1687,827,2072,4735,1949,2397,233,681,343,1879,2249
ACSSF,2019m1,nc,000,0053,0000162,,,,,,,,,,,,,,,,,,,,,,932,699,216,268,379,223,622,1775,1566,216,464,432,834,763,4174,2263,687,1428,1424,1440,3032,2002,1055,211,509,590,476,1347
ACSSF,2019m1,nc,000,0053,0000163,,,,,,,,,,,,,,,,,,,,,,1789,893,216,711,332,151,1195,1333,695,287,509,125,308,1024,4101,2896,737,1606,1103,1959,3104,2103,1165,216,723,409,434,1477
ACSSF,2019m1,nc,000,0053,0000164,,,,,,,,,,,,,,,,,,,,,,,,,,,,,2250,1033,375,579,216,498,1516,469,1409,546,746,541,1087,1385,211,594,339,328,280,592,622
ACSSF,2019m1,nc,000,0053,0000165,1556,869,98,523,356,378,986,,,,,,,,,,,,,,,1564,845,235,492,373,82,863,,,,,,,,1052,1726,443,818,1717,952,2076,1148,771,198,458,367,247,736
ACSSF,2019m1,nc,000,0053,0000166,,,,,,,,,,,,,,,,,,,,,,,,,,,,,1780,1191,323,743,413,494,1079,2874,1593,385,992,633,1012,2318,2360,1144,504,638,447,490,1665
ACSSF,2019m1,nc,000,0053,0000167,,,,,,,,,,,,,,,,,,,,,,,,,,,,,1347,1048,116,675,507,264,664,3575,1857,581,1110,887,1187,2651,2344,1290,152,853,416,714,1552
ACSSF,2019m1,nc,000,0053,0000168,,,,,,,,,,,,,,,,,,,,,,1455,751,220,620,140,192,916,1912,1252,319,1038,308,88,1065,3422,1963,710,1007,670,706,2733,2449,1316,435,836,308,683,1559
ACSSF,2019m1,nc,000,0053,0000169,1611,989,397,561,640,645,1439,,,,,,,,,,,,,,,1398,711,216,578,252,225,889,,,,,,,,1137,614,245,373,170,456,1100,939,560,258,505,222,222,546
ACSSF,2019m1,nc,000,0053,0000170,942,629,151,397,361,457,930,,,,,,,,,,,,,,,1277,888,85,648,403,324,787,2241,1359,252,535,648,726,1136,711,1373,592,739,810,952,1101,302,645,300,326,477,565,709
ACSSF,2019m1,nc,000,0053,0000171,,,,,,,,,,,,,,,,,,,,,,,,,,,,,1364,526,131,292,278,169,1013,4474,1966,604,1190,795,1566,3462,2616,1321,570,970,486,358,1687
ACSSF,2019m1,nc,000,0053,0000172,,,,,,,,792,626,326,461,190,423,658,,,,,,,,,,,,,,,1055,807,249,417,589,210,493,4192,1550,817,1165,1044,1043,3805,2637,1467,335,1120,528,610,1639
ACSSF,2019m1,nc,000,0053,0000173,697,544,58,317,204,457,576,844,816,303,573,232,362,652,,,,,,,,2436,1335,323,867,363,549,1392,2916,2070,444,1531,739,554,1527,2828,1893,957,849,652,1657,2699,1269,1106,596,629,372,980,1101
ACSSF,2019m1,nc,000,0053,0000174,,,,,,,,,,,,,,,,,,,,,,1907,1050,624,889,225,359,1423,2209,1401,216,1063,615,426,1318,834,2439,710,830,537,2411,2343,336,704,622,666,304,483,750
ACSSF,2019m1,nc,000,0053,0000175,,,,,,,,400,246,123,112,216,185,380,,,,,,,,2922,1350,102,867,611,240,1787,1986,1395,497,1157,326,216,923,536,1196,784,654,682,1183,1271,295,602,358,523,689,584,599
ACSSF,2019m1,nc,000,0053,0000176,,,,,,,,,,,,,,,,,,,,,,,,,,,,,2250,1033,375,579,216,498,1516,469,1409,546,746,541,1087,1385,211,594,339,328,280,592,622
ACSSF,2019m1,nc,000,0053,0000177,,,,,,,,,,,,,,,,,,,,,,2029,1016,271,552,695,191,1252,1244,734,219,442,506,114,856,3214,2069,964,1377,1155,1533,3109,1209,1292,388,825,869,782,1431
ACSSF,2019m1,nc,000,0053,0000178,,,,,,,,358,215,163,133,76,136,278,,,,,,,,2609,1177,360,837,461,323,1598,,,,,,,,514,1155,355,626,838,914,1115,304,335,257,522,160,330,443
ACSSF,2019m1,nc,000,0053,0000179,,,,,,,,1009,923,231,589,438,538,767,,,,,,,,,,,,,,,3337,2224,390,1320,772,700,1432,3112,2086,913,1004,1061,1345,2966,2021,1056,692,791,733,651,1913
ACSSF,2019m1,nc,000,0053,0000180,,,,,,,,,,,,,,,,,,,,,,,,,,,,,,,,,,,,447,1076,528,498,886,758,982,197,607,216,430,361,384,530
ACSSF,2019m1,nc,000,0053,0000181,,,,,,,,,,,,,,,,,,,,,,,,,,,,,,,,,,,,432,905,470,374,622,744,893,216,369,318,402,300,291,369
ACSSF,2019m1,nc,000,0053,0000182,,,,,,,,1087,678,287,369,208,472,895,,,,,,,,,,,,,,,,,,,,,,3415,1778,972,947,803,811,2902,2021,1047,242,815,466,427,1401
ACSSF,2019m1,nc,000,0053,0000183,,,,,,,,1091,1129,330,393,420,659,1288,,,,,,,,,,,,,,,1173,983,38,785,247,609,396,2810,2062,387,1018,498,1727,2734,2143,1500,679,758,491,475,1025
ACSSF,2019m1,nc,000,0053,0000184,,,,,,,,,,,,,,,,,,,,,,2847,1188,274,753,432,216,1817,,,,,,,,1843,972,458,780,791,676,1412,417,554,156,441,380,228,413
ACSSF,2019m1,nc,000,0053,0000185,,,,,,,,,,,,,,,,,,,,,,,,,,,,,,,,,,,,546,1011,624,702,443,891,1177,2,450,119,229,330,366,450
ACSSF,2019m1,nc,000,0053,0000186,,,,,,,,,,,,,,,,,,,,,,,,,,,,,,,,,,,,3290,2137,764,1182,792,1217,3099,2042,1119,302,632,633,312,1373
ACSSF,2019m1,nc,000,0053,0000187,,,,,,,,1566,908,344,232,338,719,1142,,,,,,,,3410,1887,658,1103,338,946,1804,2290,1236,859,637,488,599,1856,580,1668,842,610,304,1501,1639,828,1257,781,675,488,927,1284
ACSSF,2019m1,nc,000,0053,0000188,,,,,,,,747,570,218,322,218,343,495,,,,,,,,2535,1243,287,691,465,603,1492,3021,1917,439,1185,704,656,1461,804,1829,968,1039,835,1739,1955,750,1409,806,1033,737,916,1428
ACSSF,2019m1,nc,000,0053,0000189,,,,,,,,,,,,,,,,,,,,,,,,,,,,,,,,,,,,384,878,482,454,563,752,718,,,,,,,
ACSSF,2019m1,nc,000,0053,0000190,,,,,,,,554,256,252,276,210,168,452,,,,,,,,,,,,,,,1299,860,236,508,465,308,966,716,1178,770,758,576,947,1279,283,659,587,597,638,466,822
ACSSF,2019m1,nc,000,0053,0000191,,,,,,,,1296,1289,483,888,422,763,984,,,,,,,,3512,1447,329,983,672,517,2698,4757,2874,460,1696,978,1128,2399,1422,2571,1151,1108,1358,2024,2455,827,1453,1038,1019,1012,944,1528
ACSSF,2019m1,nc,000,0053,0000192,,,,,,,,,,,,,,,,,,,,,,2217,1107,429,606,676,242,1417,1116,970,300,723,204,190,505,689,1147,738,802,531,928,1221,523,1153,584,719,856,743,1152
ACSSF,2019m1,nc,000,0053,0000193,,,,,,,,,,,,,,,,,,,,,,,,,,,,,,,,,,,,453,1245,650,450,646,1129,1260,334,969,387,810,443,692,760
ACSSF,2019m1,nc,000,0053,0000194,,,,,,,,462,399,146,236,175,265,342,,,,,,,,,,,,,,,1680,988,235,699,259,357,981,2257,1601,612,1059,1016,1115,2212,1746,1147,484,544,526,691,1114
ACSSF,2019m1,nc,000,0053,0000195,,,,,,,,,,,,,,,,,,,,,,3445,1353,476,899,289,254,2614,1244,946,544,453,398,196,777,754,1636,740,974,916,1614,1703,515,1164,496,574,744,734,1276
ACSSF,2019m1,nc,000,0053,0000196,,,,,,,,,,,,,,,,,,,,,,,,,,,,,,,,,,,,540,1394,700,602,565,997,1222,569,676,313,399,286,343,343
ACSSF,2019m1,nc,000,0053,0000197,,,,,,,,2438,1858,675,855,633,1605,2099,,,,,,,,7553,3563,936,2563,1253,797,4782,5257,2994,1095,2037,1286,840,3264,1760,3624,1612,1433,1247,3283,3542,1171,1816,1517,1408,1346,1520,1796
ACSSF,2019m1,nc,000,0053,0000198,,,,,,,,,,,,,,,,,,,,,,1234,958,216,513,395,335,478,,,,,,,,877,1430,728,807,534,1106,1743,626,643,166,644,200,331,580
ACSSF,2019m1,nc,000,0053,0000199,,,,,,,,,,,,,,,,,,,,,,,,,,,,,1612,1092,210,294,651,567,749,623,1074,507,591,625,862,957,,,,,,,
ACSSF,2019m1,nc,000,0053,0000200,179,119,12,8,80,88,151,,,,,,,,,,,,,,,,,,,,,,,,,,,,,630,1537,827,575,647,1156,1346,474,773,449,348,132,591,590
ACSSF,2019m1,nc,000,0053,0000201,,,,,,,,,,,,,,,,,,,,,,1781,897,216,711,332,199,1219,1981,1600,287,676,321,822,1183,727,2036,840,961,928,1932,2035,563,945,216,562,316,638,754
ACSSF,2019m1,nc,000,0053,0000202,,,,,,,,,,,,,,,,,,,,,,,,,,,,,2280,1701,680,894,356,837,2126,3141,3058,1359,1603,1013,2322,3278,1497,2357,311,339,377,1977,1961
ACSSF,2019m1,nc,000,0053,0000203,,,,,,,,,,,,,,,,,,,,,,,,,,,,,1015,751,162,420,594,128,614,2667,1706,760,850,514,949,2955,2148,939,411,913,190,440,1446
ACSSF,2019m1,nc,000,0053,0000204,846,841,393,466,554,713,1070,,,,,,,,,,,,,,,1407,771,216,638,252,248,867,,,,,,,,447,531,245,278,228,474,733,310,345,258,269,270,252,374
ACSSF,2019m1,nc,000,0053,0000205,,,,,,,,,,,,,,,,,,,,,,,,,,,,,,,,,,,,319,981,625,609,838,767,972,106,491,150,482,554,124,480
ACSSF,2019m1,nc,000,0053,0000206,,,,,,,,,,,,,,,,,,,,,,,,,,,,,1382,937,421,258,347,442,696,2004,2125,833,1157,859,1521,1903,1524,559,478,509,468,179,1205
ACSSF,2019m1,nc,000,0053,0000207,,,,,,,,,,,,,,,,,,,,,,,,,,,,,,,,,,,,512,1249,758,704,208,1196,1380,,,,,,,
ACSSF,2019m1,nc,000,0053,0000208,,,,,,,,732,642,326,461,190,459,644,,,,,,,,2563,1243,289,1085,249,240,1530,1903,1018,282,490,700,274,1184,775,1673,794,733,928,1516,1478,414,964,590,524,418,701,831
ACSSF,2019m1,nc,000,0053,0000209,,,,,,,,1606,1454,641,895,881,1045,1521,,,,,,,,6136,3002,713,1908,1340,904,4220,4517,3340,1167,2022,665,1098,2298,1455,3637,2257,1923,1629,3556,3693,1374,1925,1343,1162,1319,1530,1956
ACSSF,2019m1,nc,000,0053,0000210,,,,,,,,,,,,,,,,,,,,,,,,,,,,,1098,716,167,219,373,516,712,657,1317,552,475,570,1169,1270,418,491,194,347,586,302,643
ACSSF,2019m1,nc,000,0053,0000211,,,,,,,,,,,,,,,,,,,,,,,,,,,,,,,,,,,,283,772,639,528,152,680,732,,,,,,,
ACSSF,2019m1,nc,000,0053,0000212,,,,,,,,,,,,,,,,,,,,,,,,,,,,,,,,,,,,390,903,553,467,452,1007,1072,267,1114,173,855,452,239,1157
