ACSSF,2019m1,nc,000,0006,0000001,48680,190,333,216,27621,6440,2236,216,1979,2245,1792,1298,1875,2669,2306,564,186,389,1163,216,487,1894,3519,1575,364,1156,216,617,399,519,1426,882,869,3388,2207,13727,120,12071,887,5514,2555,10596,216,2204,891,1581,322,1852,9764,218,6640,300,927,187,1426,193,136,1827,2416,305,3384,1466,3789,3610,3694,7476,6806,495,618,964,355,216,13345,229,2136,1661,2349,1274,2477,166,1678,1766,808,2872,1132,184,8804,5940,2097,1534,1705,3137,2454,4221,198,199,189,217,1999,216,1805,2987,652,916,1056,216,837,33288,48680,27621,6440,3519,1426,869,3388,13727,12071,5514,2555,10596,2204,1581,9764,6640,927,2416,3384,1466,3610,7476,6806,964,13345,2097,1534,3137,2454,4221,33201
ACSSF,2019m1,nc,000,0006,0000002,42475,190,333,216,19641,5704,1742,216,1979,1562,1777,741,1329,2669,1872,421,186,201,987,216,449,1889,2622,1576,352,958,216,488,352,155,1022,804,740,2239,1900,11244,117,10581,669,5087,1693,8607,216,2187,887,1334,322,1834,7890,186,5433,295,898,187,1426,138,216,1508,1910,295,2682,1005,3728,2994,3514,5509,4977,490,438,885,331,216,13161,229,2033,1638,2314,1253,2340,166,1678,1766,619,2821,1132,184,8557,5943,1514,1079,1702,2995,1894,4024,186,199,158,159,1988,216,1555,2753,437,916,1038,216,836,32526,42475,19641,5704,2622,1022,740,2239,11244,10581,5087,1693,8607,2187,1334,7890,5433,898,1910,2682,1005,2994,5509,4977,885,13161,1514,1079,2995,1894,4024,32862
ACSSF,2019m1,nc,000,0006,0000003,,,,,,,,,,,,,,,,,,,,,,,,,,,,,,,,,,,,,,,,,,,,,,,,,,,,,,,,,,,,,,,,,,,,,,,,,,,,,,,,,,,,,,,,,,,,,,,,,,,,,,,,,,,,,28422,20139,2647,2267,863,594,2250,9924,5957,1792,1507,5917,832,827,5766,4282,249,1138,1999,1070,1375,4863,3565,411,2621,1155,1069,718,1548,1091,21687
ACSSF,2019m1,nc,000,0006,0000004,43612,190,333,216,25830,6302,2236,216,1979,2033,1778,1298,1875,2669,2304,564,186,388,1155,216,447,1892,3494,1576,364,1136,216,604,399,519,1384,873,864,2716,2202,13438,120,11812,853,5433,2573,10483,216,2203,891,1516,322,1852,9567,218,6657,300,919,187,1426,193,136,1868,2262,305,3304,1468,3787,3598,3647,7365,6779,495,618,915,355,216,13110,229,2126,1661,2349,1274,2440,166,1678,1766,805,2872,1132,184,8622,5940,1981,1520,1705,3146,2423,4287,186,199,158,217,1999,216,1801,2958,449,916,1075,216,837,31607,43612,25830,6302,3494,1384,864,2716,13438,11812,5433,2573,10483,2203,1516,9567,6657,919,2262,3304,1468,3598,7365,6779,915,13110,1981,1520,3146,2423,4287,31489
ACSSF,2019m1,nc,000,0006,0000005,40110,190,296,216,21199,6234,2182,216,1979,2026,1778,1298,1864,2612,2303,553,186,381,1028,216,448,1891,3323,1576,331,996,216,408,360,519,1362,841,871,2681,2135,11977,117,11933,859,5316,2403,10294,216,2208,891,1407,322,1829,9106,214,6301,279,898,35,1426,138,136,1857,2208,299,3274,1312,3731,3579,3669,6234,5603,486,464,868,355,216,12576,229,2037,1661,2345,1274,2428,166,1678,1766,805,2872,1134,184,8389,5938,1945,1487,1582,3089,2432,4183,186,199,158,217,1999,216,1755,2823,426,916,1061,216,778,28879,40110,21199,6234,3323,1362,871,2681,11977,11933,5316,2403,10294,2208,1407,9106,6301,898,2208,3274,1312,3579,6234,5603,868,12576,1945,1487,3089,2432,4183,28758
ACSSF,2019m1,nc,000,0006,0000006,23845,179,173,216,11480,4557,1648,216,1970,1433,1653,734,1040,2518,1348,300,216,193,908,216,355,1483,2150,618,261,573,216,234,278,71,883,309,534,1609,927,6651,71,5334,414,4520,688,5503,216,1583,796,928,52,1770,4443,166,3427,243,802,216,1425,59,216,1155,1398,193,1866,692,2801,1169,771,3997,3054,450,423,656,276,216,10860,142,2009,1631,1827,1134,2160,166,1625,1766,485,2773,1111,184,7761,4583,1043,781,1548,2087,883,3506,144,199,158,159,1982,216,1391,1991,340,916,1043,216,688,22805,23845,11480,4557,2150,883,534,1609,6651,5334,4520,688,5503,1583,928,4443,3427,802,1398,1866,692,1169,3997,3054,656,10860,1043,781,2087,883,3506,22924
ACSSF,2019m1,nc,000,0006,0000007,30148,72,247,216,16947,3495,1124,216,118,1347,520,1057,1309,681,1566,505,186,357,564,216,285,1468,2817,1468,191,823,216,354,328,513,1005,716,746,1937,1878,10784,91,9586,848,2465,2256,8467,216,1645,381,1095,317,421,8873,125,5002,135,374,35,169,124,136,1497,1542,230,3019,1064,2584,3373,3473,5091,4290,193,175,561,245,216,6583,172,687,294,1511,616,1083,216,579,216,662,725,254,216,4410,3587,1665,1125,506,2266,2219,2039,112,10,216,144,244,216,663,2011,224,216,187,216,378,22650,30148,16947,3495,2817,1005,746,1937,10784,9586,2465,2256,8467,1645,1095,8873,5002,374,1542,3019,1064,3373,5091,4290,561,6583,1665,1125,2266,2219,2039,22717
ACSSF,2019m1,nc,000,0006,0000008,,,,,,,,,,,,,,,,,,,,,,,,,,,,,,,,,,,,,,,,,,,,,,,,,,,,,,,,,,,,,,,,,,,,,,,,,,,,,,,,,,,,,,,,,,,,,,,,,,,,,,,,,,,,,15878,13394,564,1121,407,122,655,4190,2648,777,864,3110,168,456,2980,1988,111,538,957,641,549,3410,2696,180,1977,334,266,214,536,1020,11438
ACSSF,2019m1,nc,000,0006,0000009,,,,,,,,,,,,,,,,,,,,,,,,,,,,,,,,,,,,,,,,,,,,,,,,,,,,,,,,,,,,,,,,,,,,,,,,,,,,,,,,,,,,,,,,,,,,,,,,,,,,,,,,,,,,,10922,4758,514,559,320,51,182,2034,1393,372,457,2384,140,389,1770,680,216,443,593,297,488,977,1151,126,1665,165,216,73,207,784,7907
ACSSF,2019m1,nc,000,0006,0000010,,,,,,,,,,,,,,,,,,,,,,,,,,,,,,,,,,,,,,,,,,,,,,,,,,,,,,,,,,,,,,,,,,,,,,,,,,,,,,,,,,,,,,,,,,,,,,,,,,,,,,,,,,,,,15085,13178,222,1093,258,111,584,4171,2421,636,697,2146,87,240,2501,1727,111,256,691,574,338,3092,2616,144,1448,286,266,200,464,650,11357
ACSSF,2019m1,nc,000,0006,0000011,,,,,,,,,,,,,,,,,,,,,,,,,,,,,,,,,,,,,,,,,,,,,,,,,,,,,,,,,,,,,,,,,,,,,,,,,,,,,,,,,,,,,,,,,,,,,,,,,,,,,,,,,,,,,11753,8841,815,829,145,113,1430,3224,1618,673,234,1725,160,268,2110,1060,80,656,556,81,211,1615,1049,287,1162,460,301,104,204,468,7188
ACSSF,2019m1,nc,000,0006,0000012,,,,,,,,,,,,,,,,,,,,,,,,,,,,,,,,,,,,,,,,,,,,,,,,,,,,,,,,,,,,,,,,,,,,,,,,,,,,,,,,,,,,,,,,,,,,,,,,,,,,,,,,,,,,,20605,17184,998,1391,438,165,1549,5352,3019,1096,891,3407,226,527,3402,2207,168,838,993,635,618,3658,2870,335,2528,577,402,213,585,1138,12794
ACSSF,2019m1,nc,000,0006,0000013,,,,,,,,,,,,,,,,,,,,,,,,,,,,,,,,,,,,,,,,,,,,,,,,,,,,,,,,,,,,,,,,,,,,,,,,,,,,,,,,,,,,,,,,,,,,,,,,,,,,,,,,,,,,,5799,2216,73,306,216,216,163,1753,930,242,165,1009,295,154,1075,644,216,89,379,216,176,638,600,87,1750,135,216,216,209,187,4840
ACSSF,2019m1,nc,000,0006,0000014,,,,,,,,,,,,,,,,,,,,,,,,,,,,,,,,,,,,,,,,,,,,,,,,,,,,,,,,,,,,,,,,,,,,,,,,,,,,,,,,,,,,,,,,,,,,,,,,,,,,,,,,,,,,,3946,2976,820,516,134,167,336,1809,1039,571,195,1026,216,216,1605,1205,145,492,448,150,232,851,469,217,216,191,101,119,143,175,2489
ACSSF,2019m1,nc,000,0006,0000015,,,,,,,,,,,,,,,,,,,,,,,,,,,,,,,,,,,,,,,,,,,,,,,,,,,,,,,,,,,,,,,,,,,,,,,,,,,,,,,,,,,,,,,,,,,,,,,,,,,,,,,,,,,,,6719,3302,131,440,199,197,176,5020,1534,1192,88,1929,684,104,1724,1359,216,298,479,137,2285,1208,1362,107,185,164,216,1290,306,181,4199
ACSSF,2019m1,nc,000,0006,0000016,,,,,,,,,,,,,,,,,,,,,,,,,,,,,,,,,,,,,,,,,,,,,,,,,,,,,,,,,,,,,,,,,,,,,,,,,,,,,,,,,,,,,,,,,,,,,,,,,,,,,,,,,,,,,,,,,,,,,,,,,,,,,,,,,,,,,,,,,,,
ACSSF,2019m1,nc,000,0006,0000017,,,,,,,,,,,,,,,,,,,,,,,,,,,,,,,,,,,,,,,,,,,,,,,,,,,,,,,,,,,,,,,,,,,,,,,,,,,,,,,,,,,,,,,,,,,,,,,,,,,,,,,,,,,,,7535,6019,1585,819,104,104,350,1301,1325,459,184,1735,147,216,1377,763,216,185,538,104,216,789,384,150,1591,253,216,1011,69,689,5300
ACSSF,2019m1,nc,000,0006,0000018,,,,,,,,,,,,,,,,,,,,,,,,,,,,,,,,,,,,,,,,,,,,,,,,,,,,,,,,,,,,,,,,,,,,,,,,,,,,,,,,,,,,,,,,,,,,,,,,,,,,,,,,,,,,,,,,,,,,,,,,,,,,,,,,,,,,,,,,,,,
ACSSF,2019m1,nc,000,0006,0000019,,,,,,,,,,,,,,,,,,,,,,,,,,,,,,,,,,,,,,,,,,,,,,,,,,,,,,,,,,,,,,,,,,,,,,,,,,,,,,,,,,,,,,,,,,,,,,,,,,,,,,,,,,,,,,,,,,,,,,,,,,,,,,,,,,,,,,,,,,,
ACSSF,2019m1,nc,000,0006,0000020,,,,,,,,,,,,,,,,,,,,,,,,,,,,,,,,,,,,,,,,,,,,,,,,,,,,,,,,,,,,,,,,,,,,,,,,,,,,,,,,,,,,,,,,,,,,,,,,,,,,,,,,,,,,,,,,,,,,,,,,,,,,,,,,,,,,,,,,,,,
ACSSF,2019m1,nc,000,0006,0000021,,,,,,,,,,,,,,,,,,,,,,,,,,,,,,,,,,,,,,,,,,,,,,,,,,,,,,,,,,,,,,,,,,,,,,,,,,,,,,,,,,,,,,,,,,,,,,,,,,,,,,,,,,,,,,,,,,,,,,,,,,,,,,,,,,,,,,,,,,,
ACSSF,2019m1,nc,000,0006,0000022,,,,,,,,,,,,,,,,,,,,,,,,,,,,,,,,,,,,,,,,,,,,,,,,,,,,,,,,,,,,,,,,,,,,,,,,,,,,,,,,,,,,,,,,,,,,,,,,,,,,,,,,,,,,,,,,,,,,,,,,,,,,,,,,,,,,,,,,,,,
ACSSF,2019m1,nc,000,0006,0000023,,,,,,,,,,,,,,,,,,,,,,,,,,,,,,,,,,,,,,,,,,,,,,,,,,,,,,,,,,,,,,,,,,,,,,,,,,,,,,,,,,,,,,,,,,,,,,,,,,,,,,,,,,,,,,,,,,,,,,,,,,,,,,,,,,,,,,,,,,,
ACSSF,2019m1,nc,000,0006,0000024,,,,,,,,,,,,,,,,,,,,,,,,,,,,,,,,,,,,,,,,,,,,,,,,,,,,,,,,,,,,,,,,,,,,,,,,,,,,,,,,,,,,,,,,,,,,,,,,,,,,,,,,,,,,,6295,2319,598,514,112,298,234,1903,2034,455,241,1840,221,215,1728,1137,216,993,302,98,348,755,578,216,885,471,191,171,107,1303,4996
ACSSF,2019m1,nc,000,0006,0000025,,,,,,,,,,,,,,,,,,,,,,,,,,,,,,,,,,,,,,,,,,,,,,,,,,,,,,,,,,,,,,,,,,,,,,,,,,,,,,,,,,,,,,,,,,,,,,,,,,,,,,,,,,,,,,,,,,,,,,,,,,,,,,,,,,,,,,,,,,,
ACSSF,2019m1,nc,000,0006,0000026,,,,,,,,,,,,,,,,,,,,,,,,,,,,,,,,,,,,,,,,,,,,,,,,,,,,,,,,,,,,,,,,,,,,,,,,,,,,,,,,,,,,,,,,,,,,,,,,,,,,,,,,,,,,,7944,2237,1770,698,258,107,321,1379,1383,422,362,2096,293,216,1733,727,187,251,500,440,144,667,614,177,3250,357,278,321,276,775,7520
ACSSF,2019m1,nc,000,0006,0000027,,,,,,,,,,,,,,,,,,,,,,,,,,,,,,,,,,,,,,,,,,,,,,,,,,,,,,,,,,,,,,,,,,,,,,,,,,,,,,,,,,,,,,,,,,,,,,,,,,,,,,,,,,,,,8761,2553,646,815,161,112,451,2492,1334,427,365,2173,439,128,1385,873,262,213,383,178,442,771,1177,86,1087,238,272,238,1239,250,6835
ACSSF,2019m1,nc,000,0006,0000028,,,,,,,,,,,,,,,,,,,,,,,,,,,,,,,,,,,,,,,,,,,,,,,,,,,,,,,,,,,,,,,,,,,,,,,,,,,,,,,,,,,,,,,,,,,,,,,,,,,,,,,,,,,,,,,,,,,,,,,,,,,,,,,,,,,,,,,,,,,
ACSSF,2019m1,nc,000,0006,0000029,,,,,,,,,,,,,,,,,,,,,,,,,,,,,,,,,,,,,,,,,,,,,,,,,,,,,,,,,,,,,,,,,,,,,,,,,,,,,,,,,,,,,,,,,,,,,,,,,,,,,,,,,,,,,4614,4139,49,441,216,216,1036,1247,1736,432,128,1337,488,95,1691,502,216,152,990,216,129,1457,645,216,2671,113,216,216,208,355,4329
ACSSF,2019m1,nc,000,0006,0000030,,,,,,,,,,,,,,,,,,,,,,,,,,,,,,,,,,,,,,,,,,,,,,,,,,,,,,,,,,,,,,,,,,,,,,,,,,,,,,,,,,,,,,,,,,,,,,,,,,,,,,,,,,,,,8619,6304,2084,678,110,205,318,2518,2036,358,177,2301,401,591,1435,1230,473,245,399,216,176,2661,1032,130,6044,436,181,216,233,2382,9041
ACSSF,2019m1,nc,000,0006,0000031,,,,,,,,,,,,,,,,,,,,,,,,,,,,,,,,,,,,,,,,,,,,,,,,,,,,,,,,,,,,,,,,,,,,,,,,,,,,,,,,,,,,,,,,,,,,,,,,,,,,,,,,,,,,,,,,,,,,,,,,,,,,,,,,,,,,,,,,,,,
ACSSF,2019m1,nc,000,0006,0000032,,,,,,,,,,,,,,,,,,,,,,,,,,,,,,,,,,,,,,,,,,,,,,,,,,,,,,,,,,,,,,,,,,,,,,,,,,,,,,,,,,,,,,,,,,,,,,,,,,,,,,,,,,,,,4184,2568,182,609,164,216,364,2166,739,598,164,1527,216,399,2764,625,88,239,368,133,269,801,944,94,379,130,171,216,318,216,2693
ACSSF,2019m1,nc,000,0006,0000033,,,,,,,,,,,,,,,,,,,,,,,,,,,,,,,,,,,,,,,,,,,,,,,,,,,,,,,,,,,,,,,,,,,,,,,,,,,,,,,,,,,,,,,,,,,,,,,,,,,,,,,,,,,,,5830,2805,599,357,216,115,197,1192,1317,413,484,1778,427,162,1717,1975,216,257,1059,155,107,579,642,83,397,143,230,143,259,295,3658
ACSSF,2019m1,nc,000,0006,0000034,,,,,,,,,,,,,,,,,,,,,,,,,,,,,,,,,,,,,,,,,,,,,,,,,,,,,,,,,,,,,,,,,,,,,,,,,,,,,,,,,,,,,,,,,,,,,,,,,,,,,,,,,,,,,,,,,,,,,,,,,,,,,,,,,,,,,,,,,,,
ACSSF,2019m1,nc,000,0006,0000035,,,,,,,,,,,,,,,,,,,,,,,,,,,,,,,,,,,,,,,,,,,,,,,,,,,,,,,,,,,,,,,,,,,,,,,,,,,,,,,,,,,,,,,,,,,,,,,,,,,,,,,,,,,,,,,,,,,,,,,,,,,,,,,,,,,,,,,,,,,
ACSSF,2019m1,nc,000,0006,0000036,,,,,,,,,,,,,,,,,,,,,,,,,,,,,,,,,,,,,,,,,,,,,,,,,,,,,,,,,,,,,,,,,,,,,,,,,,,,,,,,,,,,,,,,,,,,,,,,,,,,,,,,,,,,,13535,6043,3119,1151,592,233,1028,2898,3604,822,986,3083,1365,395,3390,2003,126,506,1475,397,1266,2382,1671,576,6219,529,550,1840,604,1988,12489
ACSSF,2019m1,nc,000,0006,0000037,,,,,,,,,,,,,,,,,,,,,,,,,,,,,,,,,,,,,,,,,,,,,,,,,,,,,,,,,,,,,,,,,,,,,,,,,,,,,,,,,,,,,,,,,,,,,,,,,,,,,,,,,,,,,,,,,,,,,,,,,,,,,,,,,,,,,,,,,,,
ACSSF,2019m1,nc,000,0006,0000038,,,,,,,,,,,,,,,,,,,,,,,,,,,,,,,,,,,,,,,,,,,,,,,,,,,,,,,,,,,,,,,,,,,,,,,,,,,,,,,,,,,,,,,,,,,,,,,,,,,,,,,,,,,,,,,,,,,,,,,,,,,,,,,,,,,,,,,,,,,
ACSSF,2019m1,nc,000,0006,0000039,,,,,,,,,,,,,,,,,,,,,,,,,,,,,,,,,,,,,,,,,,,,,,,,,,,,,,,,,,,,,,,,,,,,,,,,,,,,,,,,,,,,,,,,,,,,,,,,,,,,,,,,,,,,,6464,2980,449,746,469,144,381,2333,1551,427,159,1323,102,331,1251,1309,141,397,577,140,87,888,647,79,1140,192,123,260,149,143,4676
ACSSF,2019m1,nc,000,0006,0000040,,,,,,,,,,,,,,,,,,,,,,,,,,,,,,,,,,,,,,,,,,,,,,,,,,,,,,,,,,,,,,,,,,,,,,,,,,,,,,,,,,,,,,,,,,,,,,,,,,,,,,,,,,,,,6734,2312,499,212,216,181,193,2857,1018,437,299,2096,216,216,2441,1050,216,390,547,163,307,513,731,85,376,886,216,89,135,210,5784
ACSSF,2019m1,nc,000,0006,0000041,,,,,,,,,,,,,,,,,,,,,,,,,,,,,,,,,,,,,,,,,,,,,,,,,,,,,,,,,,,,,,,,,,,,,,,,,,,,,,,,,,,,,,,,,,,,,,,,,,,,,,,,,,,,,4799,1767,548,418,90,216,379,1447,1082,91,229,1244,234,224,989,923,174,484,763,216,137,795,931,216,234,167,130,293,472,283,4087
ACSSF,2019m1,nc,000,0006,0000042,,,,,,,,,,,,,,,,,,,,,,,,,,,,,,,,,,,,,,,,,,,,,,,,,,,,,,,,,,,,,,,,,,,,,,,,,,,,,,,,,,,,,,,,,,,,,,,,,,,,,,,,,,,,,,,,,,,,,,,,,,,,,,,,,,,,,,,,,,,
ACSSF,2019m1,nc,000,0006,0000043,,,,,,,,,,,,,,,,,,,,,,,,,,,,,,,,,,,,,,,,,,,,,,,,,,,,,,,,,,,,,,,,,,,,,,,,,,,,,,,,,,,,,,,,,,,,,,,,,,,,,,,,,,,,,,,,,,,,,,,,,,,,,,,,,,,,,,,,,,,
ACSSF,2019m1,nc,000,0006,0000044,,,,,,,,,,,,,,,,,,,,,,,,,,,,,,,,,,,,,,,,,,,,,,,,,,,,,,,,,,,,,,,,,,,,,,,,,,,,,,,,,,,,,,,,,,,,,,,,,,,,,,,,,,,,,,,,,,,,,,,,,,,,,,,,,,,,,,,,,,,
ACSSF,2019m1,nc,000,0006,0000045,,,,,,,,,,,,,,,,,,,,,,,,,,,,,,,,,,,,,,,,,,,,,,,,,,,,,,,,,,,,,,,,,,,,,,,,,,,,,,,,,,,,,,,,,,,,,,,,,,,,,,,,,,,,,,,,,,,,,,,,,,,,,,,,,,,,,,,,,,,
ACSSF,2019m1,nc,000,0006,0000046,,,,,,,,,,,,,,,,,,,,,,,,,,,,,,,,,,,,,,,,,,,,,,,,,,,,,,,,,,,,,,,,,,,,,,,,,,,,,,,,,,,,,,,,,,,,,,,,,,,,,,,,,,,,,,,,,,,,,,,,,,,,,,,,,,,,,,,,,,,
ACSSF,2019m1,nc,000,0006,0000047,,,,,,,,,,,,,,,,,,,,,,,,,,,,,,,,,,,,,,,,,,,,,,,,,,,,,,,,,,,,,,,,,,,,,,,,,,,,,,,,,,,,,,,,,,,,,,,,,,,,,,,,,,,,,,,,,,,,,,,,,,,,,,,,,,,,,,,,,,,
ACSSF,2019m1,nc,000,0006,0000048,,,,,,,,,,,,,,,,,,,,,,,,,,,,,,,,,,,,,,,,,,,,,,,,,,,,,,,,,,,,,,,,,,,,,,,,,,,,,,,,,,,,,,,,,,,,,,,,,,,,,,,,,,,,,,,,,,,,,,,,,,,,,,,,,,,,,,,,,,,
ACSSF,2019m1,nc,000,0006,0000049,,,,,,,,,,,,,,,,,,,,,,,,,,,,,,,,,,,,,,,,,,,,,,,,,,,,,,,,,,,,,,,,,,,,,,,,,,,,,,,,,,,,,,,,,,,,,,,,,,,,,,,,,,,,,6498,2776,639,721,70,146,149,1762,1715,340,263,1259,779,315,1709,1104,214,244,571,226,392,1174,603,174,800,471,441,1597,211,178,5388
ACSSF,2019m1,nc,000,0006,0000050,,,,,,,,,,,,,,,,,,,,,,,,,,,,,,,,,,,,,,,,,,,,,,,,,,,,,,,,,,,,,,,,,,,,,,,,,,,,,,,,,,,,,,,,,,,,,,,,,,,,,,,,,,,,,19472,6633,1781,1661,651,260,1230,5611,4332,4316,507,3693,580,622,2647,2441,336,594,1378,539,614,1675,1573,440,6119,567,355,547,656,1595,14077
ACSSF,2019m1,nc,000,0006,0000051,,,,,,,,,,,,,,,,,,,,,,,,,,,,,,,,,,,,,,,,,,,,,,,,,,,,,,,,,,,,,,,,,,,,,,,,,,,,,,,,,,,,,,,,,,,,,,,,,,,,,,,,,,,,,,,,,,,,,,,,,,,,,,,,,,,,,,,,,,,
ACSSF,2019m1,nc,000,0006,0000052,,,,,,,,,,,,,,,,,,,,,,,,,,,,,,,,,,,,,,,,,,,,,,,,,,,,,,,,,,,,,,,,,,,,,,,,,,,,,,,,,,,,,,,,,,,,,,,,,,,,,,,,,,,,,,,,,,,,,,,,,,,,,,,,,,,,,,,,,,,
ACSSF,2019m1,nc,000,0006,0000053,,,,,,,,,,,,,,,,,,,,,,,,,,,,,,,,,,,,,,,,,,,,,,,,,,,,,,,,,,,,,,,,,,,,,,,,,,,,,,,,,,,,,,,,,,,,,,,,,,,,,,,,,,,,,,,,,,,,,,,,,,,,,,,,,,,,,,,,,,,
ACSSF,2019m1,nc,000,0006,0000054,,,,,,,,,,,,,,,,,,,,,,,,,,,,,,,,,,,,,,,,,,,,,,,,,,,,,,,,,,,,,,,,,,,,,,,,,,,,,,,,,,,,,,,,,,,,,,,,,,,,,,,,,,,,,4189,1238,29,226,44,197,133,2639,1107,655,216,525,95,216,902,922,216,161,200,72,104,741,982,216,139,141,216,736,214,59,3748
ACSSF,2019m1,nc,000,0006,0000055,,,,,,,,,,,,,,,,,,,,,,,,,,,,,,,,,,,,,,,,,,,,,,,,,,,,,,,,,,,,,,,,,,,,,,,,,,,,,,,,,,,,,,,,,,,,,,,,,,,,,,,,,,,,,5471,1849,533,482,186,69,216,1619,1214,252,269,1245,203,176,1119,950,255,316,233,87,577,434,674,161,1024,175,243,495,141,541,4977
ACSSF,2019m1,nc,000,0006,0000056,,,,,,,,,,,,,,,,,,,,,,,,,,,,,,,,,,,,,,,,,,,,,,,,,,,,,,,,,,,,,,,,,,,,,,,,,,,,,,,,,,,,,,,,,,,,,,,,,,,,,,,,,,,,,11148,5448,2666,1161,582,147,772,2621,2004,798,294,2858,1376,286,2939,1590,126,386,967,387,818,2083,1093,569,6081,421,550,1807,577,1294,11713
ACSSF,2019m1,nc,000,0006,0000057,,,,,,,,,,,,,,,,,,,,,,,,,,,,,,,,,,,,,,,,,,,,,,,,,,,,,,,,,,,,,,,,,,,,,,,,,,,,,,,,,,,,,,,,,,,,,,,,,,,,,,,,,,,,,,,,,,,,,,,,,,,,,,,,,,,,,,,,,,,
ACSSF,2019m1,nc,000,0006,0000058,,,,,,,,,,,,,,,,,,,,,,,,,,,,,,,,,,,,,,,,,,,,,,,,,,,,,,,,,,,,,,,,,,,,,,,,,,,,,,,,,,,,,,,,,,,,,,,,,,,,,,,,,,,,,7287,1656,1750,543,258,107,321,1315,1495,356,362,2059,77,216,1687,657,187,251,290,239,55,603,559,177,2972,334,278,321,276,684,7335
ACSSF,2019m1,nc,000,0006,0000059,,,,,,,,,,,,,,,,,,,,,,,,,,,,,,,,,,,,,,,,,,,,,,,,,,,,,,,,,,,,,,,,,,,,,,,,,,,,,,,,,,,,,,,,,,,,,,,,,,,,,,,,,,,,,4399,1680,621,319,112,298,141,1477,1066,320,175,1105,107,179,966,854,216,993,276,98,315,623,455,216,525,410,133,171,216,1179,4463
ACSSF,2019m1,nc,000,0006,0000060,,,,,,,,,,,,,,,,,,,,,,,,,,,,,,,,,,,,,,,,,,,,,,,,,,,,,,,,,,,,,,,,,,,,,,,,,,,,,,,,,,,,,,,,,,,,,,,,,,,,,,,,,,,,,,,,,,,,,,,,,,,,,,,,,,,,,,,,,,,
ACSSF,2019m1,nc,000,0006,0000061,,,,,,,,,,,,,,,,,,,,,,,,,,,,,,,,,,,,,,,,,,,,,,,,,,,,,,,,,,,,,,,,,,,,,,,,,,,,,,,,,,,,,,,,,,,,,,,,,,,,,,,,,,,,,6202,3981,1341,524,216,178,206,1574,1425,224,145,1278,374,575,1095,1011,455,217,276,216,110,1434,785,101,5235,126,216,216,193,2070,7763
ACSSF,2019m1,nc,000,0006,0000062,,,,,,,,,,,,,,,,,,,,,,,,,,,,,,,,,,,,,,,,,,,,,,,,,,,,,,,,,,,,,,,,,,,,,,,,,,,,,,,,,,,,,,,,,,,,,,,,,,,,,,,,,,,,,,,,,,,,,,,,,,,,,,,,,,,,,,,,,,,
ACSSF,2019m1,nc,000,0006,0000063,,,,,,,,,,,,,,,,,,,,,,,,,,,,,,,,,,,,,,,,,,,,,,,,,,,,,,,,,,,,,,,,,,,,,,,,,,,,,,,,,,,,,,,,,,,,,,,,,,,,,,,,,,,,,,,,,,,,,,,,,,,,,,,,,,,,,,,,,,,
ACSSF,2019m1,nc,000,0006,0000064,,,,,,,,,,,,,,,,,,,,,,,,,,,,,,,,,,,,,,,,,,,,,,,,,,,,,,,,,,,,,,,,,,,,,,,,,,,,,,,,,,,,,,,,,,,,,,,,,,,,,,,,,,,,,,,,,,,,,,,,,,,,,,,,,,,,,,,,,,,
ACSSF,2019m1,nc,000,0006,0000065,,,,,,,,,,,,,,,,,,,,,,,,,,,,,,,,,,,,,,,,,,,,,,,,,,,,,,,,,,,,,,,,,,,,,,,,,,,,,,,,,,,,,,,,,,,,,,,,,,,,,,,,,,,,,11297,3463,1243,1295,287,198,1068,2734,2624,4167,213,1855,364,484,1782,1431,208,323,694,429,93,1016,867,246,5035,303,157,191,229,1457,10886
ACSSF,2019m1,nc,000,0006,0000066,,,,,,,,,,,,,,,,,,,,,,,,,,,,,,,,,,,,,,,,,,,,,,,,,,,,,,,,,,,,,,,,,,,,,,,,,,,,,,,,,,,,,,,,,,,,,,,,,,,,,,,,,,,,,4397,2309,107,471,469,216,228,1179,1200,348,164,802,41,211,801,683,141,357,392,140,216,383,417,79,910,165,123,216,149,124,3781
ACSSF,2019m1,nc,000,0006,0000067,,,,,,,,,,,,,,,,,,,,,,,,,,,,,,,,,,,,,,,,,,,,,,,,,,,,,,,,,,,,,,,,,,,,,,,,,,,,,,,,,,,,,,,,,,,,,,,,,,,,,,,,,,,,,6808,1547,196,647,161,89,406,1828,1049,284,204,849,243,128,945,703,127,191,290,155,422,446,827,12,1000,187,248,81,706,235,6182
ACSSF,2019m1,nc,000,0006,0000068,,,,,,,,,,,,,,,,,,,,,,,,,,,,,,,,,,,,,,,,,,,,,,,,,,,,,,,,,,,,,,,,,,,,,,,,,,,,,,,,,,,,,,,,,,,,,,,,,,,,,,,,,,,,,4189,1238,29,226,44,197,133,2639,1107,655,216,525,95,216,902,922,216,161,200,72,104,741,982,216,139,141,216,736,214,59,3748
ACSSF,2019m1,nc,000,0006,0000069,,,,,,,,,,,,,,,,,,,,,,,,,,,,,,,,,,,,,,,,,,,,,,,,,,,,,,,,,,,,,,,,,,,,,,,,,,,,,,,,,,,,,,,,,,,,,,,,,,,,,,,,,,,,,11148,5448,2666,1161,582,147,772,2621,2004,798,294,2858,1376,286,2939,1590,126,386,967,387,818,2083,1093,569,6081,421,550,1807,577,1294,11713
ACSSF,2019m1,nc,000,0006,0000070,,,,,,,,,,,,,,,,,,,,,,,,,,,,,,,,,,,,,,,,,,,,,,,,,,,,,,,,,,,,,,,,,,,,,,,,,,,,,,,,,,,,,,,,,,,,,,,,,,,,,,,,,,,,,,,,,,,,,,,,,,,,,,,,,,,,,,,,,,,
ACSSF,2019m1,nc,000,0006,0000071,,,,,,,,,,,,,,,,,,,,,,,,,,,,,,,,,,,,,,,,,,,,,,,,,,,,,,,,,,,,,,,,,,,,,,,,,,,,,,,,,,,,,,,,,,,,,,,,,,,,,,,,,,,,,,,,,,,,,,,,,,,,,,,,,,,,,,,,,,,
ACSSF,2019m1,nc,000,0006,0000072,,,,,,,,,,,,,,,,,,,,,,,,,,,,,,,,,,,,,,,,,,,,,,,,,,,,,,,,,,,,,,,,,,,,,,,,,,,,,,,,,,,,,,,,,,,,,,,,,,,,,,,,,,,,,7170,1656,1750,543,258,107,321,1303,1495,356,362,2059,77,216,1687,657,187,251,290,239,55,603,559,177,2972,334,278,321,276,684,7207
ACSSF,2019m1,nc,000,0006,0000073,,,,,,,,,,,,,,,,,,,,,,,,,,,,,,,,,,,,,,,,,,,,,,,,,,,,,,,,,,,,,,,,,,,,,,,,,,,,,,,,,,,,,,,,,,,,,,,,,,,,,,,,,,,,,4399,1680,621,319,112,298,141,1477,1066,320,175,1105,107,179,966,854,216,993,276,98,315,623,455,216,525,410,133,171,216,1179,4463
ACSSF,2019m1,nc,000,0006,0000074,,,,,,,,,,,,,,,,,,,,,,,,,,,,,,,,,,,,,,,,,,,,,,,,,,,,,,,,,,,,,,,,,,,,,,,,,,,,,,,,,,,,,,,,,,,,,,,,,,,,,,,,,,,,,6202,3981,1341,524,216,178,206,1574,1425,224,145,1278,374,575,1095,1011,455,217,276,216,110,1434,785,101,5235,126,216,216,193,2070,7763
ACSSF,2019m1,nc,000,0006,0000075,,,,,,,,,,,,,,,,,,,,,,,,,,,,,,,,,,,,,,,,,,,,,,,,,,,,,,,,,,,,,,,,,,,,,,,,,,,,,,,,,,,,,,,,,,,,,,,,,,,,,,,,,,,,,,,,,,,,,,,,,,,,,,,,,,,,,,,,,,,
ACSSF,2019m1,nc,000,0006,0000076,,,,,,,,,,,,,,,,,,,,,,,,,,,,,,,,,,,,,,,,,,,,,,,,,,,,,,,,,,,,,,,,,,,,,,,,,,,,,,,,,,,,,,,,,,,,,,,,,,,,,,,,,,,,,,,,,,,,,,,,,,,,,,,,,,,,,,,,,,,
ACSSF,2019m1,nc,000,0006,0000077,,,,,,,,,,,,,,,,,,,,,,,,,,,,,,,,,,,,,,,,,,,,,,,,,,,,,,,,,,,,,,,,,,,,,,,,,,,,,,,,,,,,,,,,,,,,,,,,,,,,,,,,,,,,,,,,,,,,,,,,,,,,,,,,,,,,,,,,,,,
ACSSF,2019m1,nc,000,0006,0000078,,,,,,,,,,,,,,,,,,,,,,,,,,,,,,,,,,,,,,,,,,,,,,,,,,,,,,,,,,,,,,,,,,,,,,,,,,,,,,,,,,,,,,,,,,,,,,,,,,,,,,,,,,,,,5545,1849,533,482,186,69,216,1609,1214,252,258,1255,182,176,1119,959,255,316,226,87,556,434,674,161,1024,161,202,495,141,541,4959
ACSSF,2019m1,nc,000,0006,0000079,,,,,,,,,,,,,,,,,,,,,,,,,,,,,,,,,,,,,,,,,,,,,,,,,,,,,,,,,,,,,,,,,,,,,,,,,,,,,,,,,,,,,,,,,,,,,,,,,,,,,,,,,,,,,11272,3463,1243,1295,287,198,1068,2734,2624,4167,213,1855,233,484,1782,1431,208,323,694,429,93,1016,867,246,5035,303,157,191,229,1457,10928
ACSSF,2019m1,nc,000,0006,0000080,,,,,,,,,,,,,,,,,,,,,,,,,,,,,,,,,,,,,,,,,,,,,,,,,,,,,,,,,,,,,,,,,,,,,,,,,,,,,,,,,,,,,,,,,,,,,,,,,,,,,,,,,,,,,4397,2309,107,471,469,216,228,1179,1200,348,164,802,41,211,801,683,141,357,392,140,216,383,417,79,910,165,123,216,149,124,3781
ACSSF,2019m1,nc,000,0006,0000081,,,,,,,,,,,,,,,,,,,,,,,,,,,,,,,,,,,,,,,,,,,,,,,,,,,,,,,,,,,,,,,,,,,,,,,,,,,,,,,,,,,,,,,,,,,,,,,,,,,,,,,,,,,,,6808,1547,196,647,161,89,406,1828,1049,284,204,849,243,128,945,703,127,191,290,155,422,446,827,12,1000,187,248,81,706,235,6182
ACSSF,2019m1,nc,000,0006,0000082,,,,,,,,,,,,,,,,,,,,,,,,,,,,,,,,,,,,,,,,,,,,,,,,,,,,,,,,,,,,,,,,,,,,,,,,,,,,,,,,,,,,,,,,,,,,,,,,,,,,,,,,,,,,,12413,5495,1716,970,353,118,407,2554,2381,486,215,2358,83,54,1996,1103,245,317,959,709,246,965,967,163,3464,350,331,339,335,1429,12838
ACSSF,2019m1,nc,000,0006,0000083,,,,,,,,,,,,,,,,,,,,,,,,,,,,,,,,,,,,,,,,,,,,,,,,,,,,,,,,,,,,,,,,,,,,,,,,,,,,,,,,,,,,,,,,,,,,,,,,,,,,,,,,,,,,,16688,7947,1400,1209,715,541,488,5327,5935,1256,482,2686,830,374,2752,1896,61,676,1076,305,628,1887,1336,279,4653,517,300,570,905,919,11060
ACSSF,2019m1,nc,000,0006,0000084,,,,,,,,,,,,,,,,,,,,,,,,,,,,,,,,,,,,,,,,,,,,,,,,,,,,,,,,,,,,,,,,,,,,,,,,,,,,,,,,,,,,,,,,,,,,,,,,,,,,,,,,,,,,,10233,5097,1176,808,284,187,405,5790,2670,1295,672,3099,95,395,4122,1754,70,507,982,644,440,1598,1690,205,2254,986,148,298,309,217,9531
ACSSF,2019m1,nc,000,0006,0000085,,,,,,,,,,,,,,,,,,,,,,,,,,,,,,,,,,,,,,,,,,,,,,,,,,,,,,,,,,,,,,,,,,,,,,,,,,,,,,,,,,,,,,,,,,,,,,,,,,,,,,,,,,,,,15607,4537,2026,1495,360,220,1196,3754,3414,4262,449,3024,462,552,2558,2118,425,604,1466,438,585,1715,1561,316,5549,448,284,601,521,1498,13058
ACSSF,2019m1,nc,000,0006,0000086,,,,,,,,,,,,,,,,,,,,,,,,,,,,,,,,,,,,,,,,,,,,,,,,,,,,,,,,,,,,,,,,,,,,,,,,,,,,,,,,,,,,,,,,,,,,,,,,,,,,,,,,,,,,,12846,7495,734,993,213,175,715,5074,2055,630,512,2748,420,202,2297,1605,272,400,523,305,472,2208,1731,86,1102,299,328,252,1304,263,8763
ACSSF,2019m1,nc,000,0006,0000087,,,,,,,,,,,,,,,,,,,,,,,,,,,,,,,,,,,,,,,,,,,,,,,,,,,,,,,,,,,,,,,,,,,,,,,,,,,,,,,,,,,,,,,,,,,,,,,,,,,,,,,,,,,,,15257,7051,303,991,359,288,486,3925,2906,601,605,3188,444,600,2897,1559,123,309,766,331,303,2643,1623,150,4280,216,230,216,872,2003,12487
ACSSF,2019m1,nc,000,0006,0000088,,,,,,,,,,,,,,,,,,,,,,,,,,,,,,,,,,,,,,,,,,,,,,,,,,,,,,,,,,,,,,,,,,,,,,,,,,,,,,,,,,,,,,,,,,,,,,,,,,,,,,,,,,,,,13009,7596,1315,1026,487,241,604,3646,2159,675,442,2371,102,681,2332,2733,196,1050,1058,383,283,1580,1311,238,1633,530,165,488,393,720,11203
ACSSF,2019m1,nc,000,0006,0000089,,,,,,,,,,,,,,,,,,,,,,,,,,,,,,,,,,,,,,,,,,,,,,,,,,,,,,,,,,,,,,,,,,,,,,,,,,,,,,,,,,,,,,,,,,,,,,,,,,,,,,,,,,,,,11363,7557,1768,1056,392,315,873,3564,2762,751,595,2870,518,319,2484,1824,216,1158,958,186,360,2497,2218,209,1830,520,191,1026,262,1085,9960
ACSSF,2019m1,nc,000,0006,0000090,,,,,,,,,,,,,,,,,,,,,,,,,,,,,,,,,,,,,,,,,,,,,,,,,,,,,,,,,,,,,,,,,,,,,,,,,,,,,,,,,,,,,,,,,,,,,,,,,,,,,,,,,,,,,13753,6781,2419,1219,506,147,765,3355,2707,739,490,2943,1308,322,2696,1645,236,469,1323,398,1180,2744,1375,461,1419,605,620,2365,624,1759,11232
ACSSF,2019m1,nc,000,0006,0000091,,,,,,,,,,,,,,,,,,,,,,,,,,,,,,,,,,,,,,,,,,,,,,,,,,,,,,,,,,,,,,,,,,,,,,,,,,,,,,,,,,,,,,,,,,,,,,,,,,,,,,,,,,,,,11636,9764,133,1006,108,197,2003,4733,2750,945,563,4767,508,373,3851,1399,53,502,1130,175,1136,2365,2378,216,3093,230,750,859,713,471,7474
ACSSF,2019m1,nc,000,0006,0000092,,,,,,,,,,,,,,,,,,,,,,,,,,,,,,,,,,,,,,,,,,,,,,,,,,,,,,,,,,,,,,,,,,,,,,,,,,,,,,,,,,,,,,,,,,,,,,,,,,,,,,,,,,,,,10955,8703,1110,1028,329,216,494,6085,2423,1665,593,2885,702,458,3522,1901,88,736,719,335,2336,2060,1597,248,801,577,340,1061,977,371,7960
ACSSF,2019m1,nc,000,0006,0000093,,,,,,,,,,,,,,,,,,,,,,,,,,,,,,,,,,,,,,,,,,,,,,,,,,,,,,,,,,,,,,,,,,,,,,,,,,,,,,,,,,,,,,,,,,,,,,,,,,,,,,,,,,,,,11268,5606,1930,785,309,233,611,2144,3193,744,903,2504,767,381,2500,1722,96,379,1072,213,867,1574,1433,351,6011,493,272,836,230,1428,11689
ACSSF,2019m1,nc,000,0006,0000094,,,,,,,,,,,,,,,,,,,,,,,,,,,,,,,,,,,,,,,,,,,,,,,,,,,,,,,,,,,,,,,,,,,,,,,,,,,,,,,,,,,,,,,,,,,,,,,,,,,,,,,,,,,,,11672,5574,2218,916,36,226,364,2469,2585,600,1024,3108,558,238,2928,2255,473,564,1365,205,236,2195,1400,292,4378,567,697,457,315,1382,11585
ACSSF,2019m1,nc,000,0006,0000095,,,,,,,,,,,,,,,,,,,,,,,,,,,,,,,,,,,,,,,,,,,,,,,,,,,,,,,,,,,,,,,,,,,,,,,,,,,,,,,,,,,,,,,,,,,,,,,,,,,,,,,,,,,,,4287,3467,213,402,11,113,349,1692,946,479,286,1404,93,155,1001,235,80,245,152,96,11,1554,952,216,197,199,125,80,196,53,2196
ACSSF,2019m1,nc,000,0006,0000096,,,,,,,,,,,,,,,,,,,,,,,,,,,,,,,,,,,,,,,,,,,,,,,,,,,,,,,,,,,,,,,,,,,,,,,,,,,,,,,,,,,,,,,,,,,,,,,,,,,,,,,,,,,,,,,,,,,,,,,,,,,,,,,,,,,,,,,,,,,
ACSSF,2019m1,nc,000,0006,0000097,,,,,,,,,,,,,,,,,,,,,,,,,,,,,,,,,,,,,,,,,,,,,,,,,,,,,,,,,,,,,,,,,,,,,,,,,,,,,,,,,,,,,,,,,,,,,,,,,,,,,,,,,,,,,,,,,,,,,,,,,,,,,,,,,,,,,,,,,,,
ACSSF,2019m1,nc,000,0006,0000098,,,,,,,,,,,,,,,,,,,,,,,,,,,,,,,,,,,,,,,,,,,,,,,,,,,,,,,,,,,,,,,,,,,,,,,,,,,,,,,,,,,,,,,,,,,,,,,,,,,,,,,,,,,,,,,,,,,,,,,,,,,,,,,,,,,,,,,,,,,
ACSSF,2019m1,nc,000,0006,0000099,,,,,,,,,,,,,,,,,,,,,,,,,,,,,,,,,,,,,,,,,,,,,,,,,,,,,,,,,,,,,,,,,,,,,,,,,,,,,,,,,,,,,,,,,,,,,,,,,,,,,,,,,,,,,,,,,,,,,,,,,,,,,,,,,,,,,,,,,,,
ACSSF,2019m1,nc,000,0006,0000100,,,,,,,,,,,,,,,,,,,,,,,,,,,,,,,,,,,,,,,,,,,,,,,,,,,,,,,,,,,,,,,,,,,,,,,,,,,,,,,,,,,,,,,,,,,,,,,,,,,,,,,,,,,,,,,,,,,,,,,,,,,,,,,,,,,,,,,,,,,
ACSSF,2019m1,nc,000,0006,0000101,,,,,,,,,,,,,,,,,,,,,,,,,,,,,,,,,,,,,,,,,,,,,,,,,,,,,,,,,,,,,,,,,,,,,,,,,,,,,,,,,,,,,,,,,,,,,,,,,,,,,,,,,,,,,,,,,,,,,,,,,,,,,,,,,,,,,,,,,,,
ACSSF,2019m1,nc,000,0006,0000102,,,,,,,,,,,,,,,,,,,,,,,,,,,,,,,,,,,,,,,,,,,,,,,,,,,,,,,,,,,,,,,,,,,,,,,,,,,,,,,,,,,,,,,,,,,,,,,,,,,,,,,,,,,,,,,,,,,,,,,,,,,,,,,,,,,,,,,,,,,
ACSSF,2019m1,nc,000,0006,0000103,,,,,,,,,,,,,,,,,,,,,,,,,,,,,,,,,,,,,,,,,,,,,,,,,,,,,,,,,,,,,,,,,,,,,,,,,,,,,,,,,,,,,,,,,,,,,,,,,,,,,,,,,,,,,,,,,,,,,,,,,,,,,,,,,,,,,,,,,,,
ACSSF,2019m1,nc,000,0006,0000104,,,,,,,,,,,,,,,,,,,,,,,,,,,,,,,,,,,,,,,,,,,,,,,,,,,,,,,,,,,,,,,,,,,,,,,,,,,,,,,,,,,,,,,,,,,,,,,,,,,,,,,,,,,,,,,,,,,,,,,,,,,,,,,,,,,,,,,,,,,
ACSSF,2019m1,nc,000,0006,0000105,,,,,,,,,,,,,,,,,,,,,,,,,,,,,,,,,,,,,,,,,,,,,,,,,,,,,,,,,,,,,,,,,,,,,,,,,,,,,,,,,,,,,,,,,,,,,,,,,,,,,,,,,,,,,,,,,,,,,,,,,,,,,,,,,,,,,,,,,,,
ACSSF,2019m1,nc,000,0006,0000106,,,,,,,,,,,,,,,,,,,,,,,,,,,,,,,,,,,,,,,,,,,,,,,,,,,,,,,,,,,,,,,,,,,,,,,,,,,,,,,,,,,,,,,,,,,,,,,,,,,,,,,,,,,,,,,,,,,,,,,,,,,,,,,,,,,,,,,,,,,
ACSSF,2019m1,nc,000,0006,0000107,,,,,,,,,,,,,,,,,,,,,,,,,,,,,,,,,,,,,,,,,,,,,,,,,,,,,,,,,,,,,,,,,,,,,,,,,,,,,,,,,,,,,,,,,,,,,,,,,,,,,,,,,,,,,,,,,,,,,,,,,,,,,,,,,,,,,,,,,,,
ACSSF,2019m1,nc,000,0006,0000108,,,,,,,,,,,,,,,,,,,,,,,,,,,,,,,,,,,,,,,,,,,,,,,,,,,,,,,,,,,,,,,,,,,,,,,,,,,,,,,,,,,,,,,,,,,,,,,,,,,,,,,,,,,,,8951,1895,437,685,171,216,90,4048,1472,572,139,1939,204,520,808,959,148,252,343,153,102,623,344,232,3553,104,66,216,290,1099,6478
ACSSF,2019m1,nc,000,0006,0000109,,,,,,,,,,,,,,,,,,,,,,,,,,,,,,,,,,,,,,,,,,,,,,,,,,,,,,,,,,,,,,,,,,,,,,,,,,,,,,,,,,,,,,,,,,,,,,,,,,,,,,,,,,,,,,,,,,,,,,,,,,,,,,,,,,,,,,,,,,,
ACSSF,2019m1,nc,000,0006,0000110,,,,,,,,,,,,,,,,,,,,,,,,,,,,,,,,,,,,,,,,,,,,,,,,,,,,,,,,,,,,,,,,,,,,,,,,,,,,,,,,,,,,,,,,,,,,,,,,,,,,,,,,,,,,,6590,2828,518,358,417,118,242,1511,1907,488,192,1084,286,128,1109,750,216,216,551,205,113,746,856,59,617,82,216,142,165,96,6383
ACSSF,2019m1,nc,000,0006,0000111,,,,,,,,,,,,,,,,,,,,,,,,,,,,,,,,,,,,,,,,,,,,,,,,,,,,,,,,,,,,,,,,,,,,,,,,,,,,,,,,,,,,,,,,,,,,,,,,,,,,,,,,,,,,,,,,,,,,,,,,,,,,,,,,,,,,,,,,,,,
ACSSF,2019m1,nc,000,0006,0000112,,,,,,,,,,,,,,,,,,,,,,,,,,,,,,,,,,,,,,,,,,,,,,,,,,,,,,,,,,,,,,,,,,,,,,,,,,,,,,,,,,,,,,,,,,,,,,,,,,,,,,,,,,,,,6557,1837,522,504,186,216,146,1453,1450,252,148,1474,141,176,950,1024,255,235,164,87,408,464,670,105,989,153,188,216,124,605,5100
ACSSF,2019m1,nc,000,0006,0000113,,,,,,,,,,,,,,,,,,,,,,,,,,,,,,,,,,,,,,,,,,,,,,,,,,,,,,,,,,,,,,,,,,,,,,,,,,,,,,,,,,,,,,,,,,,,,,,,,,,,,,,,,,,,,5455,2114,890,438,216,69,318,1181,1783,256,290,1205,338,138,1098,718,216,441,849,94,249,726,373,121,1302,282,189,164,88,104,5376
ACSSF,2019m1,nc,000,0006,0000114,,,,,,,,,,,,,,,,,,,,,,,,,,,,,,,,,,,,,,,,,,,,,,,,,,,,,,,,,,,,,,,,,,,,,,,,,,,,,,,,,,,,,,,,,,,,,,,,,,,,,,,,,,,,,8561,1391,1509,480,233,107,304,1119,1459,385,323,826,293,216,1584,538,177,151,444,130,216,551,569,133,2352,179,278,317,216,796,7230
ACSSF,2019m1,nc,000,0006,0000115,,,,,,,,,,,,,,,,,,,,,,,,,,,,,,,,,,,,,,,,,,,,,,,,,,,,,,,,,,,,,,,,,,,,,,,,,,,,,,,,,,,,,,,,,,,,,,,,,,,,,,,,,,,,,,,,,,,,,,,,,,,,,,,,,,,,,,,,,,,
ACSSF,2019m1,nc,000,0006,0000116,,,,,,,,,,,,,,,,,,,,,,,,,,,,,,,,,,,,,,,,,,,,,,,,,,,,,,,,,,,,,,,,,,,,,,,,,,,,,,,,,,,,,,,,,,,,,,,,,,,,,,,,,,,,,4799,1767,548,418,90,216,379,1447,1082,91,229,1244,234,224,990,923,174,484,763,216,137,795,931,216,234,167,130,293,472,283,4087
ACSSF,2019m1,nc,000,0006,0000117,,,,,,,,,,,,,,,,,,,,,,,,,,,,,,,,,,,,,,,,,,,,,,,,,,,,,,,,,,,,,,,,,,,,,,,,,,,,,,,,,,,,,,,,,,,,,,,,,,,,,,,,,,,,,,,,,,,,,,,,,,,,,,,,,,,,,,,,,,,
ACSSF,2019m1,nc,000,0006,0000118,,,,,,,,,,,,,,,,,,,,,,,,,,,,,,,,,,,,,,,,,,,,,,,,,,,,,,,,,,,,,,,,,,,,,,,,,,,,,,,,,,,,,,,,,,,,,,,,,,,,,,,,,,,,,5797,2216,73,306,216,216,163,1753,930,242,165,1009,295,154,1077,644,216,89,379,216,176,638,600,87,1750,135,216,216,209,187,4840
ACSSF,2019m1,nc,000,0006,0000119,,,,,,,,,,,,,,,,,,,,,,,,,,,,,,,,,,,,,,,,,,,,,,,,,,,,,,,,,,,,,,,,,,,,,,,,,,,,,,,,,,,,,,,,,,,,,,,,,,,,,,,,,,,,,8013,3741,1147,513,216,166,216,1488,1321,157,145,1185,250,530,807,935,455,235,282,216,97,644,491,216,2585,115,216,216,166,624,7120
ACSSF,2019m1,nc,000,0006,0000120,,,,,,,,,,,,,,,,,,,,,,,,,,,,,,,,,,,,,,,,,,,,,,,,,,,,,,,,,,,,,,,,,,,,,,,,,,,,,,,,,,,,,,,,,,,,,,,,,,,,,,,,,,,,,,,,,,,,,,,,,,,,,,,,,,,,,,,,,,,
ACSSF,2019m1,nc,000,0006,0000121,,,,,,,,,,,,,,,,,,,,,,,,,,,,,,,,,,,,,,,,,,,,,,,,,,,,,,,,,,,,,,,,,,,,,,,,,,,,,,,,,,,,,,,,,,,,,,,,,,,,,,,,,,,,,,,,,,,,,,,,,,,,,,,,,,,,,,,,,,,
ACSSF,2019m1,nc,000,0006,0000122,,,,,,,,,,,,,,,,,,,,,,,,,,,,,,,,,,,,,,,,,,,,,,,,,,,,,,,,,,,,,,,,,,,,,,,,,,,,,,,,,,,,,,,,,,,,,,,,,,,,,,,,,,,,,,,,,,,,,,,,,,,,,,,,,,,,,,,,,,,
ACSSF,2019m1,nc,000,0006,0000123,,,,,,,,,,,,,,,,,,,,,,,,,,,,,,,,,,,,,,,,,,,,,,,,,,,,,,,,,,,,,,,,,,,,,,,,,,,,,,,,,,,,,,,,,,,,,,,,,,,,,,,,,,,,,,,,,,,,,,,,,,,,,,,,,,,,,,,,,,,
ACSSF,2019m1,nc,000,0006,0000124,,,,,,,,,,,,,,,,,,,,,,,,,,,,,,,,,,,,,,,,,,,,,,,,,,,,,,,,,,,,,,,,,,,,,,,,,,,,,,,,,,,,,,,,,,,,,,,,,,,,,,,,,,,,,,,,,,,,,,,,,,,,,,,,,,,,,,,,,,,
ACSSF,2019m1,nc,000,0006,0000125,,,,,,,,,,,,,,,,,,,,,,,,,,,,,,,,,,,,,,,,,,,,,,,,,,,,,,,,,,,,,,,,,,,,,,,,,,,,,,,,,,,,,,,,,,,,,,,,,,,,,,,,,,,,,5608,2409,534,591,216,83,445,1688,816,368,289,2096,374,216,946,670,227,99,193,95,236,583,645,84,303,153,181,221,1059,80,4395
ACSSF,2019m1,nc,000,0006,0000126,,,,,,,,,,,,,,,,,,,,,,,,,,,,,,,,,,,,,,,,,,,,,,,,,,,,,,,,,,,,,,,,,,,,,,,,,,,,,,,,,,,,,,,,,,,,,,,,,,,,,,,,,,,,,,,,,,,,,,,,,,,,,,,,,,,,,,,,,,,
ACSSF,2019m1,nc,000,0006,0000127,,,,,,,,,,,,,,,,,,,,,,,,,,,,,,,,,,,,,,,,,,,,,,,,,,,,,,,,,,,,,,,,,,,,,,,,,,,,,,,,,,,,,,,,,,,,,,,,,,,,,,,,,,,,,,,,,,,,,,,,,,,,,,,,,,,,,,,,,,,
ACSSF,2019m1,nc,000,0006,0000128,,,,,,,,,,,,,,,,,,,,,,,,,,,,,,,,,,,,,,,,,,,,,,,,,,,,,,,,,,,,,,,,,,,,,,,,,,,,,,,,,,,,,,,,,,,,,,,,,,,,,,,,,,,,,,,,,,,,,,,,,,,,,,,,,,,,,,,,,,,
ACSSF,2019m1,nc,000,0006,0000129,,,,,,,,,,,,,,,,,,,,,,,,,,,,,,,,,,,,,,,,,,,,,,,,,,,,,,,,,,,,,,,,,,,,,,,,,,,,,,,,,,,,,,,,,,,,,,,,,,,,,,,,,,,,,6103,1843,29,260,115,197,136,3678,1304,666,216,872,119,216,1233,1103,216,266,345,137,104,835,1285,216,139,152,216,763,240,155,4161
ACSSF,2019m1,nc,000,0006,0000130,,,,,,,,,,,,,,,,,,,,,,,,,,,,,,,,,,,,,,,,,,,,,,,,,,,,,,,,,,,,,,,,,,,,,,,,,,,,,,,,,,,,,,,,,,,,,,,,,,,,,,,,,,,,,,,,,,,,,,,,,,,,,,,,,,,,,,,,,,,
ACSSF,2019m1,nc,000,0006,0000131,,,,,,,,,,,,,,,,,,,,,,,,,,,,,,,,,,,,,,,,,,,,,,,,,,,,,,,,,,,,,,,,,,,,,,,,,,,,,,,,,,,,,,,,,,,,,,,,,,,,,,,,,,,,,,,,,,,,,,,,,,,,,,,,,,,,,,,,,,,
ACSSF,2019m1,nc,000,0006,0000132,,,,,,,,,,,,,,,,,,,,,,,,,,,,,,,,,,,,,,,,,,,,,,,,,,,,,,,,,,,,,,,,,,,,,,,,,,,,,,,,,,,,,,,,,,,,,,,,,,,,,,,,,,,,,,,,,,,,,,,,,,,,,,,,,,,,,,,,,,,
ACSSF,2019m1,nc,000,0006,0000133,,,,,,,,,,,,,,,,,,,,,,,,,,,,,,,,,,,,,,,,,,,,,,,,,,,,,,,,,,,,,,,,,,,,,,,,,,,,,,,,,,,,,,,,,,,,,,,,,,,,,,,,,,,,,4477,3484,182,621,164,216,385,2243,828,607,277,1606,216,399,2799,665,88,250,389,133,291,862,994,94,379,130,171,216,318,216,3284
ACSSF,2019m1,nc,000,0006,0000134,,,,,,,,,,,,,,,,,,,,,,,,,,,,,,,,,,,,,,,,,,,,,,,,,,,,,,,,,,,,,,,,,,,,,,,,,,,,,,,,,,,,,,,,,,,,,,,,,,,,,,,,,,,,,,,,,,,,,,,,,,,,,,,,,,,,,,,,,,,
ACSSF,2019m1,nc,000,0006,0000135,,,,,,,,,,,,,,,,,,,,,,,,,,,,,,,,,,,,,,,,,,,,,,,,,,,,,,,,,,,,,,,,,,,,,,,,,,,,,,,,,,,,,,,,,,,,,,,,,,,,,,,,,,,,,6163,3652,216,234,216,216,133,1156,984,351,431,2474,223,99,2479,643,216,174,427,70,79,1059,389,216,1601,85,694,226,552,216,4138
ACSSF,2019m1,nc,000,0006,0000136,,,,,,,,,,,,,,,,,,,,,,,,,,,,,,,,,,,,,,,,,,,,,,,,,,,,,,,,,,,,,,,,,,,,,,,,,,,,,,,,,,,,,,,,,,,,,,,,,,,,,,,,,,,,,,,,,,,,,,,,,,,,,,,,,,,,,,,,,,,
ACSSF,2019m1,nc,000,0006,0000137,,,,,,,,,,,,,,,,,,,,,,,,,,,,,,,,,,,,,,,,,,,,,,,,,,,,,,,,,,,,,,,,,,,,,,,,,,,,,,,,,,,,,,,,,,,,,,,,,,,,,,,,,,,,,5075,2620,599,352,216,115,197,1063,1204,413,175,1716,427,162,1596,945,216,246,1062,155,107,440,591,83,397,51,230,100,259,295,3117
ACSSF,2019m1,nc,000,0006,0000138,,,,,,,,,,,,,,,,,,,,,,,,,,,,,,,,,,,,,,,,,,,,,,,,,,,,,,,,,,,,,,,,,,,,,,,,,,,,,,,,,,,,,,,,,,,,,,,,,,,,,,,,,,,,,,,,,,,,,,,,,,,,,,,,,,,,,,,,,,,
ACSSF,2019m1,nc,000,0006,0000139,,,,,,,,,,,,,,,,,,,,,,,,,,,,,,,,,,,,,,,,,,,,,,,,,,,,,,,,,,,,,,,,,,,,,,,,,,,,,,,,,,,,,,,,,,,,,,,,,,,,,,,,,,,,,,,,,,,,,,,,,,,,,,,,,,,,,,,,,,,
ACSSF,2019m1,nc,000,0006,0000140,,,,,,,,,,,,,,,,,,,,,,,,,,,,,,,,,,,,,,,,,,,,,,,,,,,,,,,,,,,,,,,,,,,,,,,,,,,,,,,,,,,,,,,,,,,,,,,,,,,,,,,,,,,,,6836,1121,170,222,69,147,98,1144,507,264,139,935,129,80,727,509,216,117,244,216,604,676,369,250,1723,173,82,216,65,459,6746
ACSSF,2019m1,nc,000,0006,0000141,,,,,,,,,,,,,,,,,,,,,,,,,,,,,,,,,,,,,,,,,,,,,,,,,,,,,,,,,,,,,,,,,,,,,,,,,,,,,,,,,,,,,,,,,,,,,,,,,,,,,,,,,,,,,,,,,,,,,,,,,,,,,,,,,,,,,,,,,,,
ACSSF,2019m1,nc,000,0006,0000142,,,,,,,,,,,,,,,,,,,,,,,,,,,,,,,,,,,,,,,,,,,,,,,,,,,,,,,,,,,,,,,,,,,,,,,,,,,,,,,,,,,,,,,,,,,,,,,,,,,,,,,,,,,,,,,,,,,,,,,,,,,,,,,,,,,,,,,,,,,
ACSSF,2019m1,nc,000,0006,0000143,,,,,,,,,,,,,,,,,,,,,,,,,,,,,,,,,,,,,,,,,,,,,,,,,,,,,,,,,,,,,,,,,,,,,,,,,,,,,,,,,,,,,,,,,,,,,,,,,,,,,,,,,,,,,7354,1888,2048,868,81,216,517,1848,1022,365,146,1751,1340,216,1785,1140,79,232,592,355,242,1538,513,239,527,216,487,1398,574,781,5901
ACSSF,2019m1,nc,000,0006,0000144,,,,,,,,,,,,,,,,,,,,,,,,,,,,,,,,,,,,,,,,,,,,,,,,,,,,,,,,,,,,,,,,,,,,,,,,,,,,,,,,,,,,,,,,,,,,,,,,,,,,,,,,,,,,,,,,,,,,,,,,,,,,,,,,,,,,,,,,,,,
ACSSF,2019m1,nc,000,0006,0000145,,,,,,,,,,,,,,,,,,,,,,,,,,,,,,,,,,,,,,,,,,,,,,,,,,,,,,,,,,,,,,,,,,,,,,,,,,,,,,,,,,,,,,,,,,,,,,,,,,,,,,,,,,,,,7460,3824,587,318,216,180,339,1171,2468,184,872,1293,80,357,1372,1076,88,167,768,216,300,819,1061,131,1159,278,216,78,98,1148,6704
ACSSF,2019m1,nc,000,0006,0000146,,,,,,,,,,,,,,,,,,,,,,,,,,,,,,,,,,,,,,,,,,,,,,,,,,,,,,,,,,,,,,,,,,,,,,,,,,,,,,,,,,,,,,,,,,,,,,,,,,,,,,,,,,,,,7187,2532,1593,196,128,216,67,738,1079,294,200,1146,121,216,1179,521,216,189,725,121,928,1020,334,216,3724,118,216,488,164,557,7489
ACSSF,2019m1,nc,000,0006,0000147,,,,,,,,,,,,,,,,,,,,,,,,,,,,,,,,,,,,,,,,,,,,,,,,,,,,,,,,,,,,,,,,,,,,,,,,,,,,,,,,,,,,,,,,,,,,,,,,,,,,,,,,,,,,,8839,1523,223,277,567,216,569,827,594,285,171,1641,69,225,687,561,216,215,652,102,679,1138,350,260,2224,358,216,838,115,1042,8240
ACSSF,2019m1,nc,000,0006,0000148,,,,,,,,,,,,,,,,,,,,,,,,,,,,,,,,,,,,,,,,,,,,,,,,,,,,,,,,,,,,,,,,,,,,,,,,,,,,,,,,,,,,,,,,,,,,,,,,,,,,,,,,,,,,,,,,,,,,,,,,,,,,,,,,,,,,,,,,,,,
ACSSF,2019m1,nc,000,0006,0000149,,,,,,,,,,,,,,,,,,,,,,,,,,,,,,,,,,,,,,,,,,,,,,,,,,,,,,,,,,,,,,,,,,,,,,,,,,,,,,,,,,,,,,,,,,,,,,,,,,,,,,,,,,,,,,,,,,,,,,,,,,,,,,,,,,,,,,,,,,,
ACSSF,2019m1,nc,000,0006,0000150,,,,,,,,,,,,,,,,,,,,,,,,,,,,,,,,,,,,,,,,,,,,,,,,,,,,,,,,,,,,,,,,,,,,,,,,,,,,,,,,,,,,,,,,,,,,,,,,,,,,,,,,,,,,,,,,,,,,,,,,,,,,,,,,,,,,,,,,,,,
ACSSF,2019m1,nc,000,0006,0000151,,,,,,,,,,,,,,,,,,,,,,,,,,,,,,,,,,,,,,,,,,,,,,,,,,,,,,,,,,,,,,,,,,,,,,,,,,,,,,,,,,,,,,,,,,,,,,,,,,,,,,,,,,,,,,,,,,,,,,,,,,,,,,,,,,,,,,,,,,,
ACSSF,2019m1,nc,000,0006,0000152,,,,,,,,,,,,,,,,,,,,,,,,,,,,,,,,,,,,,,,,,,,,,,,,,,,,,,,,,,,,,,,,,,,,,,,,,,,,,,,,,,,,,,,,,,,,,,,,,,,,,,,,,,,,,,,,,,,,,,,,,,,,,,,,,,,,,,,,,,,
ACSSF,2019m1,nc,000,0006,0000153,,,,,,,,,,,,,,,,,,,,,,,,,,,,,,,,,,,,,,,,,,,,,,,,,,,,,,,,,,,,,,,,,,,,,,,,,,,,,,,,,,,,,,,,,,,,,,,,,,,,,,,,,,,,,,,,,,,,,,,,,,,,,,,,,,,,,,,,,,,
ACSSF,2019m1,nc,000,0006,0000154,,,,,,,,,,,,,,,,,,,,,,,,,,,,,,,,,,,,,,,,,,,,,,,,,,,,,,,,,,,,,,,,,,,,,,,,,,,,,,,,,,,,,,,,,,,,,,,,,,,,,,,,,,,,,,,,,,,,,,,,,,,,,,,,,,,,,,,,,,,
ACSSF,2019m1,nc,000,0006,0000155,,,,,,,,,,,,,,,,,,,,,,,,,,,,,,,,,,,,,,,,,,,,,,,,,,,,,,,,,,,,,,,,,,,,,,,,,,,,,,,,,,,,,,,,,,,,,,,,,,,,,,,,,,,,,,,,,,,,,,,,,,,,,,,,,,,,,,,,,,,
ACSSF,2019m1,nc,000,0006,0000156,,,,,,,,,,,,,,,,,,,,,,,,,,,,,,,,,,,,,,,,,,,,,,,,,,,,,,,,,,,,,,,,,,,,,,,,,,,,,,,,,,,,,,,,,,,,,,,,,,,,,,,,,,,,,,,,,,,,,,,,,,,,,,,,,,,,,,,,,,,
ACSSF,2019m1,nc,000,0006,0000157,,,,,,,,,,,,,,,,,,,,,,,,,,,,,,,,,,,,,,,,,,,,,,,,,,,,,,,,,,,,,,,,,,,,,,,,,,,,,,,,,,,,,,,,,,,,,,,,,,,,,,,,,,,,,,,,,,,,,,,,,,,,,,,,,,,,,,,,,,,
ACSSF,2019m1,nc,000,0006,0000158,,,,,,,,,,,,,,,,,,,,,,,,,,,,,,,,,,,,,,,,,,,,,,,,,,,,,,,,,,,,,,,,,,,,,,,,,,,,,,,,,,,,,,,,,,,,,,,,,,,,,,,,,,,,,,,,,,,,,,,,,,,,,,,,,,,,,,,,,,,
ACSSF,2019m1,nc,000,0006,0000159,,,,,,,,,,,,,,,,,,,,,,,,,,,,,,,,,,,,,,,,,,,,,,,,,,,,,,,,,,,,,,,,,,,,,,,,,,,,,,,,,,,,,,,,,,,,,,,,,,,,,,,,,,,,,,,,,,,,,,,,,,,,,,,,,,,,,,,,,,,
ACSSF,2019m1,nc,000,0006,0000160,,,,,,,,,,,,,,,,,,,,,,,,,,,,,,,,,,,,,,,,,,,,,,,,,,,,,,,,,,,,,,,,,,,,,,,,,,,,,,,,,,,,,,,,,,,,,,,,,,,,,,,,,,,,,3358,1811,216,497,84,10,288,2217,840,185,579,804,45,18,1275,697,21,167,333,97,69,667,642,30,226,150,50,107,154,50,3307
ACSSF,2019m1,nc,000,0006,0000161,,,,,,,,,,,,,,,,,,,,,,,,,,,,,,,,,,,,,,,,,,,,,,,,,,,,,,,,,,,,,,,,,,,,,,,,,,,,,,,,,,,,,,,,,,,,,,,,,,,,,,,,,,,,,6642,1622,499,212,216,181,193,2461,922,342,295,2102,216,216,2053,935,216,390,405,163,307,502,649,85,366,216,216,89,135,210,5801
ACSSF,2019m1,nc,000,0006,0000162,,,,,,,,,,,,,,,,,,,,,,,,,,,,,,,,,,,,,,,,,,,,,,,,,,,,,,,,,,,,,,,,,,,,,,,,,,,,,,,,,,,,,,,,,,,,,,,,,,,,,,,,,,,,,,,,,,,,,,,,,,,,,,,,,,,,,,,,,,,
ACSSF,2019m1,nc,000,0006,0000163,,,,,,,,,,,,,,,,,,,,,,,,,,,,,,,,,,,,,,,,,,,,,,,,,,,,,,,,,,,,,,,,,,,,,,,,,,,,,,,,,,,,,,,,,,,,,,,,,,,,,,,,,,,,,5975,2687,146,647,469,144,381,2074,1262,406,159,1021,102,331,1021,1260,141,395,427,140,216,611,510,79,1002,192,123,216,149,124,4365
ACSSF,2019m1,nc,000,0006,0000164,,,,,,,,,,,,,,,,,,,,,,,,,,,,,,,,,,,,,,,,,,,,,,,,,,,,,,,,,,,,,,,,,,,,,,,,,,,,,,,,,,,,,,,,,,,,,,,,,,,,,,,,,,,,,3946,2976,820,516,134,167,336,1809,1039,571,195,1026,216,216,1605,1205,145,492,448,150,232,851,469,217,216,191,101,119,143,175,2489
ACSSF,2019m1,nc,000,0006,0000165,,,,,,,,,,,,,,,,,,,,,,,,,,,,,,,,,,,,,,,,,,,,,,,,,,,,,,,,,,,,,,,,,,,,,,,,,,,,,,,,,,,,,,,,,,,,,,,,,,,,,,,,,,,,,,,,,,,,,,,,,,,,,,,,,,,,,,,,,,,
ACSSF,2019m1,nc,000,0006,0000166,,,,,,,,,,,,,,,,,,,,,,,,,,,,,,,,,,,,,,,,,,,,,,,,,,,,,,,,,,,,,,,,,,,,,,,,,,,,,,,,,,,,,,,,,,,,,,,,,,,,,,,,,,,,,,,,,,,,,,,,,,,,,,,,,,,,,,,,,,,
ACSSF,2019m1,nc,000,0006,0000167,,,,,,,,,,,,,,,,,,,,,,,,,,,,,,,,,,,,,,,,,,,,,,,,,,,,,,,,,,,,,,,,,,,,,,,,,,,,,,,,,,,,,,,,,,,,,,,,,,,,,,,,,,,,,,,,,,,,,,,,,,,,,,,,,,,,,,,,,,,
ACSSF,2019m1,nc,000,0006,0000168,,,,,,,,,,,,,,,,,,,,,,,,,,,,,,,,,,,,,,,,,,,,,,,,,,,,,,,,,,,,,,,,,,,,,,,,,,,,,,,,,,,,,,,,,,,,,,,,,,,,,,,,,,,,,,,,,,,,,,,,,,,,,,,,,,,,,,,,,,,
ACSSF,2019m1,nc,000,0006,0000169,,,,,,,,,,,,,,,,,,,,,,,,,,,,,,,,,,,,,,,,,,,,,,,,,,,,,,,,,,,,,,,,,,,,,,,,,,,,,,,,,,,,,,,,,,,,,,,,,,,,,,,,,,,,,,,,,,,,,,,,,,,,,,,,,,,,,,,,,,,
ACSSF,2019m1,nc,000,0006,0000170,,,,,,,,,,,,,,,,,,,,,,,,,,,,,,,,,,,,,,,,,,,,,,,,,,,,,,,,,,,,,,,,,,,,,,,,,,,,,,,,,,,,,,,,,,,,,,,,,,,,,,,,,,,,,,,,,,,,,,,,,,,,,,,,,,,,,,,,,,,
ACSSF,2019m1,nc,000,0006,0000171,,,,,,,,,,,,,,,,,,,,,,,,,,,,,,,,,,,,,,,,,,,,,,,,,,,,,,,,,,,,,,,,,,,,,,,,,,,,,,,,,,,,,,,,,,,,,,,,,,,,,,,,,,,,,,,,,,,,,,,,,,,,,,,,,,,,,,,,,,,
ACSSF,2019m1,nc,000,0006,0000172,,,,,,,,,,,,,,,,,,,,,,,,,,,,,,,,,,,,,,,,,,,,,,,,,,,,,,,,,,,,,,,,,,,,,,,,,,,,,,,,,,,,,,,,,,,,,,,,,,,,,,,,,,,,,4692,2136,639,521,70,68,154,1432,1483,255,147,1030,155,55,1547,968,164,241,545,184,382,1116,353,174,781,406,387,1585,197,178,3628
ACSSF,2019m1,nc,000,0006,0000173,,,,,,,,,,,,,,,,,,,,,,,,,,,,,,,,,,,,,,,,,,,,,,,,,,,,,,,,,,,,,,,,,,,,,,,,,,,,,,,,,,,,,,,,,,,,,,,,,,,,,,,,,,,,,6401,2317,598,514,112,113,234,1889,1967,374,175,1753,221,215,1615,1091,216,161,298,98,219,711,572,216,885,471,191,171,107,1317,4943
ACSSF,2019m1,nc,000,0006,0000174,,,,,,,,,,,,,,,,,,,,,,,,,,,,,,,,,,,,,,,,,,,,,,,,,,,,,,,,,,,,,,,,,,,,,,,,,,,,,,,,,,,,,,,,,,,,,,,,,,,,,,,,,,,,,,,,,,,,,,,,,,,,,,,,,,,,,,,,,,,
ACSSF,2019m1,nc,000,0006,0000175,,,,,,,,,,,,,,,,,,,,,,,,,,,,,,,,,,,,,,,,,,,,,,,,,,,,,,,,,,,,,,,,,,,,,,,,,,,,,,,,,,,,,,,,,,,,,,,,,,,,,,,,,,,,,5799,2216,73,306,216,216,163,1753,930,242,165,1009,295,154,1075,644,216,89,379,216,176,638,600,87,1750,135,216,216,209,187,4840
ACSSF,2019m1,nc,000,0006,0000176,,,,,,,,,,,,,,,,,,,,,,,,,,,,,,,,,,,,,,,,,,,,,,,,,,,,,,,,,,,,,,,,,,,,,,,,,,,,,,,,,,,,,,,,,,,,,,,,,,,,,,,,,,,,,3946,2976,820,516,134,167,336,1809,1039,571,195,1026,216,216,1605,1205,145,492,448,150,232,851,469,217,216,191,101,119,143,175,2489
ACSSF,2019m1,nc,000,0006,0000177,,,,,,,,,,,,,,,,,,,,,,,,,,,,,,,,,,,,,,,,,,,,,,,,,,,,,,,,,,,,,,,,,,,,,,,,,,,,,,,,,,,,,,,,,,,,,,,,,,,,,,,,,,,,,6806,3245,131,428,196,197,117,4823,1501,1085,88,1960,679,104,1637,1157,216,269,482,120,2284,1027,1344,107,147,110,216,1288,209,181,4118
ACSSF,2019m1,nc,000,0006,0000178,,,,,,,,,,,,,,,,,,,,,,,,,,,,,,,,,,,,,,,,,,,,,,,,,,,,,,,,,,,,,,,,,,,,,,,,,,,,,,,,,,,,,,,,,,,,,,,,,,,,,,,,,,,,,,,,,,,,,,,,,,,,,,,,,,,,,,,,,,,
ACSSF,2019m1,nc,000,0006,0000179,,,,,,,,,,,,,,,,,,,,,,,,,,,,,,,,,,,,,,,,,,,,,,,,,,,,,,,,,,,,,,,,,,,,,,,,,,,,,,,,,,,,,,,,,,,,,,,,,,,,,,,,,,,,,7111,5576,1585,810,104,104,350,1158,1342,437,184,1748,147,216,1413,718,216,185,508,36,216,754,277,150,1587,253,216,1011,69,689,5147
ACSSF,2019m1,nc,000,0006,0000180,,,,,,,,,,,,,,,,,,,,,,,,,,,,,,,,,,,,,,,,,,,,,,,,,,,,,,,,,,,,,,,,,,,,,,,,,,,,,,,,,,,,,,,,,,,,,,,,,,,,,,,,,,,,,,,,,,,,,,,,,,,,,,,,,,,,,,,,,,,
ACSSF,2019m1,nc,000,0006,0000181,,,,,,,,,,,,,,,,,,,,,,,,,,,,,,,,,,,,,,,,,,,,,,,,,,,,,,,,,,,,,,,,,,,,,,,,,,,,,,,,,,,,,,,,,,,,,,,,,,,,,,,,,,,,,,,,,,,,,,,,,,,,,,,,,,,,,,,,,,,
ACSSF,2019m1,nc,000,0006,0000182,,,,,,,,,,,,,,,,,,,,,,,,,,,,,,,,,,,,,,,,,,,,,,,,,,,,,,,,,,,,,,,,,,,,,,,,,,,,,,,,,,,,,,,,,,,,,,,,,,,,,,,,,,,,,,,,,,,,,,,,,,,,,,,,,,,,,,,,,,,
ACSSF,2019m1,nc,000,0006,0000183,,,,,,,,,,,,,,,,,,,,,,,,,,,,,,,,,,,,,,,,,,,,,,,,,,,,,,,,,,,,,,,,,,,,,,,,,,,,,,,,,,,,,,,,,,,,,,,,,,,,,,,,,,,,,3693,1121,548,280,89,216,319,1135,415,91,229,1101,234,224,840,847,141,324,774,216,137,499,944,216,222,120,59,293,81,283,3343
ACSSF,2019m1,nc,000,0006,0000184,,,,,,,,,,,,,,,,,,,,,,,,,,,,,,,,,,,,,,,,,,,,,,,,,,,,,,,,,,,,,,,,,,,,,,,,,,,,,,,,,,,,,,,,,,,,,,,,,,,,,,,,,,,,,,,,,,,,,,,,,,,,,,,,,,,,,,,,,,,
ACSSF,2019m1,nc,000,0006,0000185,,,,,,,,,,,,,,,,,,,,,,,,,,,,,,,,,,,,,,,,,,,,,,,,,,,,,,,,,,,,,,,,,,,,,,,,,,,,,,,,,,,,,,,,,,,,,,,,,,,,,,,,,,,,,,,,,,,,,,,,,,,,,,,,,,,,,,,,,,,
ACSSF,2019m1,nc,000,0006,0000186,,,,,,,,,,,,,,,,,,,,,,,,,,,,,,,,,,,,,,,,,,,,,,,,,,,,,,,,,,,,,,,,,,,,,,,,,,,,,,,,,,,,,,,,,,,,,,,,,,,,,,,,,,,,,,,,,,,,,,,,,,,,,,,,,,,,,,,,,,,
ACSSF,2019m1,nc,000,0006,0000187,,,,,,,,,,,,,,,,,,,,,,,,,,,,,,,,,,,,,,,,,,,,,,,,,,,,,,,,,,,,,,,,,,,,,,,,,,,,,,,,,,,,,,,,,,,,,,,,,,,,,,,,,,,,,7944,2237,1770,698,258,107,321,1379,1383,422,362,2096,293,216,1733,727,187,251,500,440,144,667,614,177,3250,357,278,321,276,775,7520
ACSSF,2019m1,nc,000,0006,0000188,,,,,,,,,,,,,,,,,,,,,,,,,,,,,,,,,,,,,,,,,,,,,,,,,,,,,,,,,,,,,,,,,,,,,,,,,,,,,,,,,,,,,,,,,,,,,,,,,,,,,,,,,,,,,8761,2553,646,815,161,112,451,2492,1334,427,365,2173,439,128,1385,873,262,213,383,178,442,771,1177,86,1087,238,272,238,1239,250,6835
ACSSF,2019m1,nc,000,0006,0000189,,,,,,,,,,,,,,,,,,,,,,,,,,,,,,,,,,,,,,,,,,,,,,,,,,,,,,,,,,,,,,,,,,,,,,,,,,,,,,,,,,,,,,,,,,,,,,,,,,,,,,,,,,,,,,,,,,,,,,,,,,,,,,,,,,,,,,,,,,,
ACSSF,2019m1,nc,000,0006,0000190,,,,,,,,,,,,,,,,,,,,,,,,,,,,,,,,,,,,,,,,,,,,,,,,,,,,,,,,,,,,,,,,,,,,,,,,,,,,,,,,,,,,,,,,,,,,,,,,,,,,,,,,,,,,,4614,4139,49,441,216,216,1036,1247,1736,432,128,1337,488,95,1691,502,216,152,990,216,129,1457,645,216,2671,113,216,216,208,355,4329
ACSSF,2019m1,nc,000,0006,0000191,,,,,,,,,,,,,,,,,,,,,,,,,,,,,,,,,,,,,,,,,,,,,,,,,,,,,,,,,,,,,,,,,,,,,,,,,,,,,,,,,,,,,,,,,,,,,,,,,,,,,,,,,,,,,8619,6304,2084,678,110,205,318,2518,2036,358,177,2301,401,591,1435,1230,473,245,399,216,176,2661,1032,130,6044,436,181,216,233,2382,9041
ACSSF,2019m1,nc,000,0006,0000192,,,,,,,,,,,,,,,,,,,,,,,,,,,,,,,,,,,,,,,,,,,,,,,,,,,,,,,,,,,,,,,,,,,,,,,,,,,,,,,,,,,,,,,,,,,,,,,,,,,,,,,,,,,,,,,,,,,,,,,,,,,,,,,,,,,,,,,,,,,
ACSSF,2019m1,nc,000,0006,0000193,,,,,,,,,,,,,,,,,,,,,,,,,,,,,,,,,,,,,,,,,,,,,,,,,,,,,,,,,,,,,,,,,,,,,,,,,,,,,,,,,,,,,,,,,,,,,,,,,,,,,,,,,,,,,4184,2568,182,609,164,216,364,2166,739,598,164,1527,216,399,2764,625,88,239,368,133,269,801,944,94,379,130,171,216,318,216,2693
ACSSF,2019m1,nc,000,0006,0000194,,,,,,,,,,,,,,,,,,,,,,,,,,,,,,,,,,,,,,,,,,,,,,,,,,,,,,,,,,,,,,,,,,,,,,,,,,,,,,,,,,,,,,,,,,,,,,,,,,,,,,,,,,,,,5663,2597,599,229,216,55,177,1007,1248,395,483,1578,98,115,1633,1936,216,200,1059,155,107,558,610,83,153,143,230,143,259,216,3749
ACSSF,2019m1,nc,000,0006,0000195,,,,,,,,,,,,,,,,,,,,,,,,,,,,,,,,,,,,,,,,,,,,,,,,,,,,,,,,,,,,,,,,,,,,,,,,,,,,,,,,,,,,,,,,,,,,,,,,,,,,,,,,,,,,,,,,,,,,,,,,,,,,,,,,,,,,,,,,,,,
ACSSF,2019m1,nc,000,0006,0000196,,,,,,,,,,,,,,,,,,,,,,,,,,,,,,,,,,,,,,,,,,,,,,,,,,,,,,,,,,,,,,,,,,,,,,,,,,,,,,,,,,,,,,,,,,,,,,,,,,,,,,,,,,,,,,,,,,,,,,,,,,,,,,,,,,,,,,,,,,,
ACSSF,2019m1,nc,000,0006,0000197,,,,,,,,,,,,,,,,,,,,,,,,,,,,,,,,,,,,,,,,,,,,,,,,,,,,,,,,,,,,,,,,,,,,,,,,,,,,,,,,,,,,,,,,,,,,,,,,,,,,,,,,,,,,,13535,6043,3119,1151,592,233,1028,2898,3604,822,986,3083,1365,395,3390,2003,126,506,1475,397,1266,2382,1671,576,6219,529,550,1840,604,1988,12489
ACSSF,2019m1,nc,000,0006,0000198,,,,,,,,,,,,,,,,,,,,,,,,,,,,,,,,,,,,,,,,,,,,,,,,,,,,,,,,,,,,,,,,,,,,,,,,,,,,,,,,,,,,,,,,,,,,,,,,,,,,,,,,,,,,,,,,,,,,,,,,,,,,,,,,,,,,,,,,,,,
ACSSF,2019m1,nc,000,0006,0000199,,,,,,,,,,,,,,,,,,,,,,,,,,,,,,,,,,,,,,,,,,,,,,,,,,,,,,,,,,,,,,,,,,,,,,,,,,,,,,,,,,,,,,,,,,,,,,,,,,,,,,,,,,,,,,,,,,,,,,,,,,,,,,,,,,,,,,,,,,,
ACSSF,2019m1,nc,000,0006,0000200,,,,,,,,,,,,,,,,,,,,,,,,,,,,,,,,,,,,,,,,,,,,,,,,,,,,,,,,,,,,,,,,,,,,,,,,,,,,,,,,,,,,,,,,,,,,,,,,,,,,,,,,,,,,,,,,,,,,,,,,,,,,,,,,,,,,,,,,,,,
ACSSF,2019m1,nc,000,0006,0000201,,,,,,,,,,,,,,,,,,,,,,,,,,,,,,,,,,,,,,,,,,,,,,,,,,,,,,,,,,,,,,,,,,,,,,,,,,,,,,,,,,,,,,,,,,,,,,,,,,,,,,,,,,,,,6464,2980,449,746,469,144,381,2333,1551,427,159,1323,102,331,1251,1309,141,397,577,140,87,888,647,79,1140,192,123,260,149,143,4676
ACSSF,2019m1,nc,000,0006,0000202,,,,,,,,,,,,,,,,,,,,,,,,,,,,,,,,,,,,,,,,,,,,,,,,,,,,,,,,,,,,,,,,,,,,,,,,,,,,,,,,,,,,,,,,,,,,,,,,,,,,,,,,,,,,,,,,,,,,,,,,,,,,,,,,,,,,,,,,,,,
ACSSF,2019m1,nc,000,0006,0000203,,,,,,,,,,,,,,,,,,,,,,,,,,,,,,,,,,,,,,,,,,,,,,,,,,,,,,,,,,,,,,,,,,,,,,,,,,,,,,,,,,,,,,,,,,,,,,,,,,,,,,,,,,,,,,,,,,,,,,,,,,,,,,,,,,,,,,,,,,,
ACSSF,2019m1,nc,000,0006,0000204,,,,,,,,,,,,,,,,,,,,,,,,,,,,,,,,,,,,,,,,,,,,,,,,,,,,,,,,,,,,,,,,,,,,,,,,,,,,,,,,,,,,,,,,,,,,,,,,,,,,,,,,,,,,,,,,,,,,,,,,,,,,,,,,,,,,,,,,,,,
ACSSF,2019m1,nc,000,0006,0000205,,,,,,,,,,,,,,,,,,,,,,,,,,,,,,,,,,,,,,,,,,,,,,,,,,,,,,,,,,,,,,,,,,,,,,,,,,,,,,,,,,,,,,,,,,,,,,,,,,,,,,,,,,,,,,,,,,,,,,,,,,,,,,,,,,,,,,,,,,,
ACSSF,2019m1,nc,000,0006,0000206,,,,,,,,,,,,,,,,,,,,,,,,,,,,,,,,,,,,,,,,,,,,,,,,,,,,,,,,,,,,,,,,,,,,,,,,,,,,,,,,,,,,,,,,,,,,,,,,,,,,,,,,,,,,,,,,,,,,,,,,,,,,,,,,,,,,,,,,,,,
ACSSF,2019m1,nc,000,0006,0000207,,,,,,,,,,,,,,,,,,,,,,,,,,,,,,,,,,,,,,,,,,,,,,,,,,,,,,,,,,,,,,,,,,,,,,,,,,,,,,,,,,,,,,,,,,,,,,,,,,,,,,,,,,,,,,,,,,,,,,,,,,,,,,,,,,,,,,,,,,,
ACSSF,2019m1,nc,000,0006,0000208,,,,,,,,,,,,,,,,,,,,,,,,,,,,,,,,,,,,,,,,,,,,,,,,,,,,,,,,,,,,,,,,,,,,,,,,,,,,,,,,,,,,,,,,,,,,,,,,,,,,,,,,,,,,,6498,2776,639,721,70,146,149,1762,1715,340,263,1259,779,315,1709,1104,214,244,571,226,392,1174,603,174,800,471,441,1597,211,178,5388
ACSSF,2019m1,nc,000,0006,0000209,,,,,,,,,,,,,,,,,,,,,,,,,,,,,,,,,,,,,,,,,,,,,,,,,,,,,,,,,,,,,,,,,,,,,,,,,,,,,,,,,,,,,,,,,,,,,,,,,,,,,,,,,,,,,19472,6633,1781,1661,651,260,1230,5611,4332,4316,507,3693,580,622,2647,2441,336,594,1378,539,614,1675,1573,440,6119,567,355,547,656,1595,14077
ACSSF,2019m1,nc,000,0006,0000210,,,,,,,,,,,,,,,,,,,,,,,,,,,,,,,,,,,,,,,,,,,,,,,,,,,,,,,,,,,,,,,,,,,,,,,,,,,,,,,,,,,,,,,,,,,,,,,,,,,,,,,,,,,,,,,,,,,,,,,,,,,,,,,,,,,,,,,,,,,
ACSSF,2019m1,nc,000,0006,0000211,,,,,,,,,,,,,,,,,,,,,,,,,,,,,,,,,,,,,,,,,,,,,,,,,,,,,,,,,,,,,,,,,,,,,,,,,,,,,,,,,,,,,,,,,,,,,,,,,,,,,,,,,,,,,,,,,,,,,,,,,,,,,,,,,,,,,,,,,,,
ACSSF,2019m1,nc,000,0006,0000212,,,,,,,,,,,,,,,,,,,,,,,,,,,,,,,,,,,,,,,,,,,,,,,,,,,,,,,,,,,,,,,,,,,,,,,,,,,,,,,,,,,,,,,,,,,,,,,,,,,,,,,,,,,,,,,,,,,,,,,,,,,,,,,,,,,,,,,,,,,
